# pp
8.752824038174409265e-09
5.323842948166468767e-09
3.679490860732042624e-09
2.733743419644924498e-09
2.127639561861203125e-09
1.711178017398246226e-09
1.410364506580674101e-09
1.184861190067501565e-09
1.010638723845142276e-09
8.730554993001980620e-10
7.620654149071143198e-10
6.710711336417025667e-10
5.955058556478434988e-10
5.319901880560590333e-10
4.780392371996850480e-10
4.318086199463424846e-10
3.918860698362814628e-10
3.571379526690548805e-10
3.266810852370668383e-10
2.998448903758976898e-10
2.760898781698249560e-10
2.549540665464522021e-10
2.360585085414515444e-10
2.190992321929196321e-10
2.038247698391897050e-10
1.900212068328065959e-10
1.775058582490855014e-10
1.661163896161162706e-10
1.557168477811449115e-10
1.462023630955617176e-10
1.374827739110555808e-10
1.294722167683805364e-10
1.220951249702554323e-10
1.152874323657830158e-10
1.089934447049438562e-10
1.031637951243361116e-10
9.775479399034046916e-11
9.272722923300272529e-11
8.804632139424535456e-11
8.368131744534195054e-11
7.960503187814455860e-11
7.579326677360858565e-11
7.222439138326863611e-11
6.887901622088524387e-11
6.573964096966806580e-11
6.279021949817645239e-11
6.001621575206228211e-11
5.740449720049302065e-11
5.494317285428134555e-11
5.262140719898349160e-11
5.042917516694053397e-11
4.835731467607448493e-11
4.639747760389589199e-11
4.454204351948924998e-11
4.278401622068339749e-11
4.111688165703852237e-11
3.953464469504153119e-11
3.803180422825637135e-11
3.660330472316013267e-11
3.524451317207710990e-11
3.395123553887573958e-11
3.271961480073446056e-11
3.154608101306274878e-11
3.042732569280762833e-11
2.936025514498934331e-11
2.834190437592379023e-11
2.736949871568517620e-11
2.644046055201960400e-11
2.555239267184113039e-11
2.470304838438554556e-11
2.389027670078434410e-11
2.311205988354528211e-11
2.236651706225113316e-11
2.165189325763061514e-11
2.096656040039131268e-11
2.030903894011200399e-11
1.967795295963233998e-11
1.907201170141722192e-11
1.849000327772329350e-11
1.793078521013727676e-11
1.739326876180934009e-11
1.687642641185603723e-11
1.637929113796713816e-11
1.590095217770576196e-11
1.544054745418816228e-11
1.499724963244958004e-11
1.457027496125092285e-11
1.415888392265804387e-11
1.376237827451738856e-11
1.338009663593807094e-11
1.301140720398740172e-11
1.265571095807723182e-11
1.231244119671016970e-11
1.198106147728412828e-11
1.166106370709258595e-11
1.135196637299187212e-11
1.105331289836160031e-11
1.076467011702186125e-11
1.048562685470475111e-11
1.021579260951847790e-11
9.954796323600866656e-12
9.702285238843186953e-12
9.457923830184062006e-12
9.221392810532223512e-12
8.992388201883546787e-12
8.770620467656629305e-12
8.555813701687619083e-12
8.347704869702856173e-12
8.146043099431619548e-12
7.950587994267172267e-12
7.761106091595455222e-12
7.577373585785370210e-12
7.399176811864378907e-12
7.226311705189526695e-12
7.058583294207093304e-12
6.895805224013776494e-12
6.737799308608301651e-12
6.584395109883257046e-12
6.435429541554487477e-12
6.290746496360615763e-12
6.150196494989349184e-12
6.013636355301077554e-12
5.880928880525015396e-12
5.751942565199348116e-12
5.626551317715309989e-12
5.504634198406787277e-12
5.386075172202041029e-12
5.270762874923367142e-12
5.158590392384535400e-12
5.049454759270992618e-12
4.943255920261484706e-12
4.839897478942602265e-12
4.739286816285766831e-12
4.641334917424541404e-12
4.545956207543649671e-12
4.453068396339011309e-12
4.362592330543936952e-12
4.274451854049615851e-12
4.188573675178781977e-12
4.104887240699969921e-12
4.023324616196193259e-12
3.943820372426585241e-12
3.866311477342325437e-12
3.790737193439553479e-12
3.717038980151724775e-12
3.645160401002371265e-12
3.575047035256389421e-12
3.506646393824021301e-12
3.439907839186653979e-12
3.374782512731617964e-12
3.311223272516838105e-12
3.249184612560531942e-12
3.188622593163368883e-12
3.129494777988758808e-12
3.071760174039707053e-12
3.015379174381882774e-12
2.960313503471157959e-12
2.906526164952086798e-12
2.853981391801376259e-12
2.802644598697538382e-12
2.752482336504643771e-12
2.703462248764352471e-12
2.655553030096292528e-12
2.608724386412416957e-12
2.562946996856127602e-12
2.518192477381857700e-12
2.474433345895398841e-12
2.431642988879552312e-12
2.389795629433737030e-12
2.348866296660032248e-12
2.308830796331691500e-12
2.269665682783551347e-12
2.231348231966963004e-12
2.193856415614850028e-12
2.157168840281950896e-12
2.121264618298695661e-12
2.086123459055621121e-12
2.051725683737395831e-12
2.018052203929950364e-12
1.985084501082543982e-12
1.952804606786288043e-12
1.921195083832560988e-12
1.890239008016564825e-12
1.859919950653030807e-12
1.830221961772651537e-12
1.801129553969418791e-12
1.772627686870449081e-12
1.744701752201295457e-12
1.717337559421017107e-12
1.690521321902551623e-12
1.664239643635052976e-12
1.638479506426022075e-12
1.613228257582063897e-12
1.588473598048123410e-12
1.564203570985984689e-12
1.540406550773730451e-12
1.517071232408676697e-12
1.494186621297144151e-12
1.471742023415156182e-12
1.449727073890389766e-12
1.428131839041374074e-12
1.406946688240334407e-12
1.386162246903894177e-12
1.365769388609037959e-12
1.345759227486447235e-12
1.326123110880201422e-12
1.306852612263347306e-12
1.287939524399278045e-12
1.269375852739325745e-12
1.251153809047367061e-12
1.233265805242656640e-12
1.215704447452469813e-12
1.198462530266505851e-12
1.181533031185343040e-12
1.164909105255559086e-12
1.148584079884456552e-12
1.132551449827616534e-12
1.116804872342797629e-12
1.101338162503958976e-12
1.086145288669458577e-12
1.071220368098706303e-12
1.056557662711803632e-12
1.042151574986915418e-12
1.027996643990338522e-12
1.014087541534434261e-12
1.000419068458794014e-12
9.869861510301815764e-13
9.737838374569871237e-13
9.608072945140946363e-13
9.480518042742209629e-13
9.355127609419521014e-13
9.231856677868418313e-13
9.110661341720892882e-13
8.991498726754379880e-13
8.874326962990821910e-13
8.759105157654774677e-13
8.645793368960889439e-13
8.534352580702062270e-13
8.424744677610810396e-13
8.316932421467367847e-13
8.210879427929084231e-13
8.106550144056571702e-13
8.003909826513115562e-13
7.902924520414609094e-13
7.803561038808190092e-13
7.705786942758600689e-13
7.609570522021982740e-13
7.514880776287668209e-13
7.421687396969166178e-13
7.329960956708014052e-13
7.239673500600637723e-13
7.150797885492499273e-13
7.063307554413035346e-13
6.977176521969667019e-13
6.892379360157079170e-13
6.808891585690991531e-13
6.726687640995916024e-13
6.645744509896189209e-13
6.566039606289593734e-13
6.487549307229251550e-13
6.410250540514190800e-13
6.334122161185618600e-13
6.259143414813787020e-13
6.185292601385006982e-13
6.112548519787112624e-13
6.040891722778241652e-13
5.970303118206519819e-13
5.900762750451637548e-13
5.832251116455479087e-13
5.764750311351246287e-13
5.698242753552730971e-13
5.632710071999156133e-13
5.568134306707217304e-13
5.504498955882882285e-13
5.441787812418065628e-13
5.379983946500476428e-13
5.319070802199223772e-13
5.259033155684159855e-13
5.199856052068643367e-13
5.141523874097971762e-13
5.084021344998060799e-13
5.027334406375190701e-13
4.971449245571515680e-13
4.916351442157808763e-13
4.862026886148996414e-13
4.808462583231586450e-13
4.755645763876674325e-13
4.703563100253669370e-13
4.652201547926930485e-13
4.601549085242212331e-13
4.551593896390232300e-13
4.502323652143573259e-13
4.453726282277175679e-13
4.405790655225015912e-13
4.358505828122667384e-13
4.311860385463178296e-13
4.265843148715631682e-13
4.220443801726526282e-13
4.175652201506912486e-13
4.131457852663381035e-13
4.087850805045677995e-13
4.044821972800966751e-13
4.002362416380834168e-13
3.960462782019989696e-13
3.919113902841371037e-13
3.878307330279490894e-13
3.838034750475840666e-13
3.798287467335935063e-13
3.759056956454698827e-13
3.720335355552228547e-13
3.682114926497445774e-13
3.644387578101266520e-13
3.607145377061154240e-13
3.570381000993930663e-13
3.534087242042238030e-13
3.498256565939964686e-13
3.462881583757760986e-13
3.427955470767365656e-13
3.393471507985917215e-13
3.359422674387124160e-13
3.325802082857978643e-13
3.292603367816484120e-13
3.259820261405754845e-13
3.227446216025704971e-13
3.195474807579705620e-13
3.163900094488238837e-13
3.132716225563180999e-13
3.101917090304203981e-13
3.071496692218039189e-13
3.041449481620503540e-13
3.011769992506016987e-13
2.982452518294035286e-13
2.953491457738780207e-13
2.924881623688063460e-13
2.896617906517697975e-13
2.868694973229434249e-13
2.841107588231917435e-13
2.813850900023726296e-13
2.786920128990444155e-13
2.760310287949522017e-13
2.734016479870658946e-13
2.708034164269953963e-13
2.682358867371964705e-13
2.656985922371181786e-13
2.631910745969218415e-13
2.607129086104670805e-13
2.582636752666172177e-13
2.558429375896881361e-13
2.534502663454407874e-13
2.510852670233039796e-13
2.487475664027955304e-13
2.464367779742666454e-13
2.441525218905544352e-13
2.418944464485090634e-13
2.396622048014673242e-13
2.374554340217173600e-13
2.352737773728972625e-13
2.331169043296492681e-13
2.309844888926852402e-13
2.288761900715345854e-13
2.267916726336171562e-13
2.247306257744537050e-13
2.226927429106778481e-13
2.206777034741724666e-13
2.186851922555655205e-13
2.167149168277947537e-13
2.147665887032163957e-13
2.128399063395391976e-13
2.109345731853544633e-13
2.090503139511268578e-13
2.071868570263203911e-13
2.053439186059695506e-13
2.035212195366754923e-13
2.017185005211823915e-13
1.999355057002907072e-13
1.981719678165516984e-13
1.964276239508423038e-13
1.947022297395030418e-13
1.929955440338341610e-13
1.913073150243406172e-13
1.896372949504509789e-13
1.879852534026689674e-13
1.863509629797270504e-13
1.847341863031203734e-13
1.831346897756802698e-13
1.815522560352573787e-13
1.799866705362227399e-13
1.784377093897664265e-13
1.769051522408068114e-13
1.753887939343242125e-13
1.738884319539122052e-13
1.724038550285397217e-13
1.709348551916120927e-13
1.694812387161540493e-13
1.680428143485853602e-13
1.666193826274064462e-13
1.652107471830659726e-13
1.638167249937088587e-13
1.624371353573340776e-13
1.610717910488858756e-13
1.597205123981019084e-13
1.583831333026164467e-13
1.570594897002670284e-13
1.557494101675183472e-13
1.544527258610009058e-13
1.531692795559766982e-13
1.518989159449028568e-13
1.506414728084886883e-13
1.493967903472266916e-13
1.481647282087705909e-13
1.469451136974028558e-13
1.457378105680060000e-13
1.445426838012519899e-13
1.433595675141071047e-13
1.421883306203539890e-13
1.410288276555233398e-13
1.398809152871083865e-13
1.387444673642860527e-13
1.376193291540823180e-13
1.365053781340252490e-13
1.354024928763053306e-13
1.343105246569927876e-13
1.332293555252291443e-13
1.321588548125731362e-13
1.310988937331242173e-13
1.300493587127402588e-13
1.290101108667394404e-13
1.279810398331216535e-13
1.269620362291002351e-13
1.259529664817221574e-13
1.249537242883696298e-13
1.239641920748316600e-13
1.229842539327416193e-13
1.220138074485052693e-13
1.210527277503798100e-13
1.201009152742745485e-13
1.191582713334567388e-13
1.182246757613419258e-13
1.173000326053872161e-13
1.163842359034207308e-13
1.154771811703890079e-13
1.145787759160430820e-13
1.136889076845383741e-13
1.128074865184132086e-13
1.119344232475230837e-13
1.110696095922769456e-13
1.102129588143287199e-13
1.093643752695372259e-13
1.085237646261249891e-13
1.076910437987683306e-13
1.068661141593388799e-13
1.060488976283132241e-13
1.052393167751238186e-13
1.044372770797912601e-13
1.036427031643090611e-13
1.028555116567459741e-13
1.020756202985282145e-13
1.013029563062630972e-13
1.005374309767297221e-13
9.977897343359746653e-14
9.902751338604623221e-14
9.828296528589474233e-14
9.754526067651269170e-14
9.681432396424238413e-14
9.609008054914188691e-14
9.537246429993007817e-14
9.466139485688591991e-14
9.395680779493912123e-14
9.325863921803119297e-14
9.256681158495855245e-14
9.188126264159124795e-14
9.120192375087873546e-14
9.052872716427932648e-14
8.986161271516382346e-14
8.920050749865859690e-14
8.854535287726167061e-14
8.789609069208339256e-14
8.725265056054287182e-14
8.661497579605964918e-14
8.598300399403283402e-14
8.535667354566730729e-14
8.473592964137157786e-14
8.412070604870063534e-14
8.351094933075028246e-14
8.290660648419549269e-14
8.230761353760562621e-14
8.171391881002562789e-14
8.112546548980735194e-14
8.054219747926145459e-14
7.996406478775051213e-14
7.939100716499623315e-14
7.882297585457940492e-14
7.825992249335671574e-14
7.770178886116097230e-14
7.714852778442376920e-14
7.660008747862449154e-14
7.605641680080101056e-14
7.551747010186813701e-14
7.498319250357754325e-14
7.445353964570978881e-14
7.392846822929513696e-14
7.340792624529123161e-14
7.289187161186095582e-14
7.238025808059307905e-14
7.187303996434700469e-14
7.137017650981004019e-14
7.087161863333797885e-14
7.037732655289289405e-14
6.988726079597362262e-14
6.940137387767905602e-14
6.891962726281146770e-14
6.844197866058345744e-14
6.796839029044620258e-14
6.749880885388845416e-14
6.703321337483156465e-14
6.657155153401030744e-14
6.611378730641883331e-14
6.565989245967260856e-14
6.520980897990922445e-14
6.476350956538679584e-14
6.432096680850872965e-14
6.388212462952073145e-14
6.344695651877318489e-14
6.301542890072770082e-14
6.258749469903444809e-14
6.216313496413378332e-14
6.174230347351495044e-14
6.132496818604686119e-14
6.091109730651744630e-14
6.050064635464647253e-14
6.009359727593314614e-14
5.968990639053816279e-14
5.928954334271642281e-14
5.889248416178831264e-14
5.849868049474152670e-14
5.810810913266250892e-14
5.772074679227534504e-14
5.733654669210826569e-14
5.695548628455764976e-14
5.657753723618983854e-14
5.620266013582538005e-14
5.583083865424360396e-14
5.546203408074782527e-14
5.509621934447445916e-14
5.473336758011697882e-14
5.437344149667922532e-14
5.401642552527564262e-14
5.366228303274986440e-14
5.331098834030536888e-14
5.296252121448478901e-14
5.261684209083349751e-14
5.227393227174404029e-14
5.193377299214320576e-14
5.159632611138515406e-14
5.126157343924752907e-14
5.092949200730107848e-14
5.060004969494543445e-14
5.027323340776291040e-14
4.994901157339711667e-14
4.962736220870345884e-14
4.930826348881130221e-14
4.899168496194312933e-14
4.867761410996261688e-14
4.836602099699360374e-14
4.805688472599738600e-14
4.775018874084954561e-14
4.744589986990177472e-14
4.714400204942296925e-14
4.684447916777898938e-14
4.654729906996439065e-14
4.625244612084115284e-14
4.595990073214275240e-14
4.566963572938761388e-14
4.538163971182632780e-14
4.509588595996652148e-14
4.481235570568772095e-14
4.453103031470455787e-14
4.425188399109749248e-14
4.397490582940032968e-14
4.370007046251890471e-14
4.342736002969199842e-14
4.315676028154502387e-14
4.288824315655972232e-14
4.262179481512226577e-14
4.235740138410660764e-14
4.209503564198336924e-14
4.183468411246053375e-14
4.157633003281294316e-14
4.131995032200126791e-14
4.106553503874884571e-14
4.081306148137044972e-14
4.056251357290611924e-14
4.031387534996174211e-14
4.006712487578594296e-14
3.982225263562339900e-14
3.957923705079639959e-14
3.933806280564085519e-14
3.909871760287242169e-14
3.886117760978808569e-14
3.862543078909465830e-14
3.839146475258693758e-14
3.815925587786507723e-14
3.792879203861203907e-14
3.770005836994473575e-14
3.747303472676455777e-14
3.724771196601769051e-14
3.702407027267130123e-14
3.680209538245031225e-14
3.658177313376173830e-14
3.636308436608583076e-14
3.614602033437929301e-14
3.593056219004644757e-14
3.571669633942361702e-14
3.550441172841139772e-14
3.529368763136775922e-14
3.508451329282027282e-14
3.487687794748650063e-14
3.467076146762806160e-14
3.446615337750798717e-14
3.426304090366460181e-14
3.406140683517003937e-14
3.386124320813438398e-14
3.366253308893902170e-14
3.346526420991819258e-14
3.326942439088084618e-14
3.307499724503112859e-14
3.288197515112494128e-14
3.269034198478226635e-14
3.250008604470506685e-14
3.231119777036098328e-14
3.212365945319717312e-14
3.193746178415726558e-14
3.175259544897044355e-14
3.156904323969776542e-14
3.138679608605526658e-14
3.120584298173022529e-14
3.102616917575060823e-14
3.084776772116583579e-14
3.067062410090475547e-14
3.049472773620811171e-14
3.032006812304554346e-14
3.014663120316266044e-14
2.997441032510155580e-14
2.980339165222551842e-14
2.963356508580941560e-14
2.946492059814806289e-14
2.929744823235187750e-14
2.913113469198426961e-14
2.896597364120389733e-14
2.880194908661288560e-14
2.863906033262786165e-14
2.847729379331662233e-14
2.831664590571630452e-14
2.815710980200097699e-14
2.799867230270596312e-14
2.784132994684123680e-14
2.768507917769583113e-14
2.752990711207134661e-14
2.737580724633067179e-14
2.722277612534939052e-14
2.707080124696960758e-14
2.691988220752891009e-14
2.677000669164623233e-14
2.662117134403742324e-14
2.647336698867534264e-14
2.632658743636997348e-14
2.618082652905754758e-14
2.603607813993056878e-14
2.589233341871541278e-14
2.574958911114642685e-14
2.560783648361103825e-14
2.546706961490133476e-14
2.532728261375827807e-14
2.518846699814377499e-14
2.505061960964792355e-14
2.491373207726321262e-14
2.477779870561227662e-14
2.464281382803015385e-14
2.450877180666798697e-14
2.437566456276932829e-14
2.424348903457807933e-14
2.411223482695687524e-14
2.398190135539772001e-14
2.385247837557324008e-14
2.372396291215742425e-14
2.359634959590376027e-14
2.346962847311040498e-14
2.334379664821181110e-14
2.321885116228907200e-14
2.309478227594621709e-14
2.297158488729550314e-14
2.284925611668061211e-14
2.272778649781047466e-14
2.260717537815326549e-14
2.248741342682189169e-14
2.236849784495121852e-14
2.225042158974082574e-14
2.213317979770656490e-14
2.201676762978396910e-14
2.190117963155856896e-14
2.178640581316505166e-14
2.167243967802695795e-14
2.155927076602362239e-14
2.144689071765091814e-14
2.133529123910367987e-14
2.122446217999330233e-14
2.111439733473477450e-14
2.100508671768922259e-14
2.089652234631223715e-14
2.078869630063432328e-14
2.068160072288573101e-14
2.057522600065888856e-14
2.046956624973303775e-14
2.036461023047992656e-14
2.026035396144623411e-14
2.015678638878270456e-14
2.005390184927346225e-14
1.995169295541551044e-14
1.985014897421709451e-14
1.974926441440864636e-14
1.964903377809776983e-14
1.954944659626820948e-14
1.945049585834426692e-14
1.935217623325207467e-14
1.925447755403198177e-14
1.915739620802267670e-14
1.906092219503923963e-14
1.896505038367623216e-14
1.886977253296965829e-14
1.877508204899471689e-14
1.868097238910292225e-14
1.858743706160820053e-14
1.849446812887934783e-14
1.840206072389780330e-14
1.831020703592236883e-14
1.821890081337236236e-14
1.812813585324746299e-14
1.803790457060725711e-14
1.794820231467702577e-14
1.785902162140061795e-14
1.777035651655308345e-14
1.768220107222904311e-14
1.759454940655529096e-14
1.750739432851714334e-14
1.742073142656951126e-14
1.733455229331954523e-14
1.724885393684250880e-14
1.716362808581915193e-14
1.707887049284198628e-14
1.699457626790681756e-14
1.691074058463005484e-14
1.682736314077250386e-14
1.674444358990037291e-14
1.666197782593830727e-14
1.657996428871930221e-14
1.649840263616141502e-14
1.641728886548662225e-14
1.633662384360773396e-14
1.625640361361582658e-14
1.617662782823008952e-14
1.609729377139654750e-14
1.601839992390172668e-14
1.593994476790158419e-14
1.586192678704998202e-14
1.578434334282085361e-14
1.570719406576172370e-14
1.563047634029388677e-14
1.555418868600911704e-14
1.547832962403059494e-14
1.540289660168436486e-14
1.532788923773930530e-14
1.525330500158323069e-14
1.517914244898133713e-14
1.510540013726194234e-14
1.503207662542972500e-14
1.495916945381976209e-14
1.488667822328571480e-14
1.481459949259283656e-14
1.474293386867128925e-14
1.467167794865794386e-14
1.460083133121684872e-14
1.453039261408943536e-14
1.446035847653980761e-14
1.439072852201927301e-14
1.432150232245100669e-14
1.425267661212603863e-14
1.418425004725883071e-14
1.411622220528672101e-14
1.404858989836620496e-14
1.398135361927124716e-14
1.391451021523941981e-14
1.384805926296847863e-14
1.378199854831814438e-14
1.371632676281106872e-14
1.365104259972273962e-14
1.358614475417176335e-14
1.352163107173580025e-14
1.345750111738583848e-14
1.339375275496929030e-14
1.333038445381718617e-14
1.326739367003550086e-14
1.320477680446923442e-14
1.314253192095918687e-14
1.308065546793479515e-14
1.301914473341347086e-14
1.295799702191999759e-14
1.289720965442888250e-14
1.283677919248656654e-14
1.277670377858364169e-14
1.271697925668876853e-14
1.265760456406513316e-14
1.259857560201424638e-14
1.253989056986436505e-14
1.248154691971180704e-14
1.242354065589667591e-14
1.236587074933112856e-14
1.230853325922043410e-14
1.225152573514880332e-14
1.219484715692259628e-14
1.213849366460549528e-14
1.208246285207875319e-14
1.202675094697849378e-14
1.197135834517571171e-14
1.191627993359668079e-14
1.186151474447677585e-14
1.180706044359589437e-14
1.175291338595969868e-14
1.169907129836981102e-14
1.164553322467527797e-14
1.159229559400472758e-14
1.153935617401032086e-14
1.148671274576282962e-14
1.143436310370268760e-14
1.138230505559037114e-14
1.133053518134232472e-14
1.127905257644564408e-14
1.122785508803959968e-14
1.117693936517935133e-14
1.112630331055405839e-14
1.107594603104561578e-14
1.102586306120954455e-14
1.097605471502809181e-14
1.092651775337214639e-14
1.087725014112057038e-14
1.082824871086750030e-14
1.077951261482894915e-14
1.073103985422797039e-14
1.068282732516149222e-14
1.063487418811729433e-14
1.058717746104454873e-14
1.053973561906836825e-14
1.049254722486475865e-14
1.044561192138764754e-14
1.039892612993426368e-14
1.035248951592675577e-14
1.030630066973802652e-14
1.026035714901798716e-14
1.021465861407151827e-14
1.016920367576416935e-14
1.012398993672214712e-14
1.007901604565398873e-14
1.003428165687122927e-14
9.989783425775343543e-15
9.945521027509914552e-15
9.901494112267982932e-15
9.857699401826357488e-15
9.814136566971004065e-15
9.770804301438681276e-15
9.727700359938750290e-15
9.684823471235003191e-15
9.642173300783418206e-15
9.599747644105758590e-15
9.557545248153165524e-15
9.515565774921157390e-15
9.473806158137526926e-15
9.432266078908751006e-15
9.390944308110810977e-15
9.349839622586565808e-15
9.308949930894757537e-15
9.268274909595684461e-15
9.227812492469110871e-15
9.187561499963094198e-15
9.147521605580530328e-15
9.107690780357400678e-15
9.068067861641151197e-15
9.028650864340466069e-15
8.989440299310188013e-15
8.950433370834438093e-15
8.911629766320760683e-15
8.873028350714207882e-15
8.834627197831577820e-15
8.796425201995348829e-15
8.758422047228200403e-15
8.720615841743822048e-15
8.683005495605936567e-15
8.645589924062130516e-15
8.608368047538267495e-15
8.571338791632440735e-15
8.534500337851890810e-15
8.497852376320917008e-15
8.461393815820609523e-15
8.425122831832100469e-15
8.389038354280265238e-15
8.353140039517212273e-15
8.317425379867950193e-15
8.281894757903491795e-15
8.246546403115244571e-15
8.211379271388068466e-15
8.176391629331881381e-15
8.141583147971148636e-15
8.106952798441571372e-15
8.072498878135936205e-15
8.038221057449879027e-15
8.004117653989396619e-15
7.970187674176766719e-15
7.936430129247830042e-15
7.902844689029707781e-15
7.869429061902829467e-15
7.836182932209079268e-15
7.803105330355815665e-15
7.770194657039349111e-15
7.737450596130601194e-15
7.704872192200957922e-15
7.672457874139223798e-15
7.640206709813036964e-15
7.608118382828809212e-15
7.576190742998233520e-15
7.544423487453218373e-15
7.512816299744010244e-15
7.481367070151317777e-15
7.450075495587503156e-15
7.418940675179736128e-15
7.387961132170557133e-15
7.357135987359068230e-15
7.326464937546623093e-15
7.295946531712975555e-15
7.265579903336249789e-15
7.235364749368677011e-15
7.205299088935256214e-15
7.175382631449459904e-15
7.145614527043868928e-15
7.115993929993902866e-15
7.086519459574596427e-15
7.057190825322343997e-15
7.028006662491317596e-15
6.998966153350621333e-15
6.970069007667345657e-15
6.941313884313519898e-15
6.912699977351220929e-15
6.884225981603513006e-15
6.855892172684564526e-15
6.827696789681140724e-15
6.799639608130679165e-15
6.771719894706480178e-15
6.743936425484254436e-15
6.716288484617640302e-15
6.688775846358917585e-15
6.661397307371783896e-15
6.634152161513228821e-15
6.607039705837858068e-15
6.580059240593776406e-15
6.553210069218227632e-15
6.526491032072503147e-15
6.499901911901986460e-15
6.473442021602215312e-15
6.447110220923196733e-15
6.420905838880892340e-15
6.394828657312173467e-15
6.368877108386716331e-15
6.343051426595449227e-15
6.317350503198524795e-15
6.291773682260559225e-15
6.266319876801568638e-15
6.240988877036552378e-15
6.215780035886260175e-15
6.190692284389343566e-15
6.165725412266878728e-15
6.140878362401536359e-15
6.116150508369232524e-15
6.091541226551377163e-15
6.067050306168069293e-15
6.042676306233467332e-15
6.018419024473924304e-15
5.994277848452162255e-15
5.970251769911023599e-15
5.946340586185154842e-15
5.922543693109377614e-15
5.898860099024152783e-15
5.875289213507902934e-15
5.851830833583208300e-15
5.828483601764181452e-15
5.805247323036941629e-15
5.782121794275140014e-15
5.759105681943896652e-15
5.736198790791978313e-15
5.713400548724884453e-15
5.690710019849279966e-15
5.668126644913618822e-15
5.645650228459224985e-15
5.623279851909779560e-15
5.601014973823629875e-15
5.578855411056766090e-15
5.556799918814117139e-15
5.534848321133342958e-15
5.513000088079998771e-15
5.491254692066660346e-15
5.469611266062705208e-15
5.448069633664368816e-15
5.426628937157221971e-15
5.405288665211491402e-15
5.384048641183220992e-15
5.362908021142570920e-15
5.341866300462879954e-15
5.320922651064099215e-15
5.300077226295341592e-15
5.279328879021277574e-15
5.258677439046417203e-15
5.238122412708312887e-15
5.217662993866873804e-15
5.197298699685209496e-15
5.177029359802080074e-15
5.156854180927823689e-15
5.136772686522032525e-15
5.116784402120375566e-15
5.096888855331382407e-15
5.077085575833107954e-15
5.057374095369683521e-15
5.037753355912546854e-15
5.018223493181900325e-15
4.998784045006599223e-15
4.979434551267659742e-15
4.960173977916173007e-15
4.941002452681783898e-15
4.921919521488850519e-15
4.902923603501098552e-15
4.884015953311271230e-15
4.865194997800275926e-15
4.846460302158684156e-15
4.827811433426510811e-15
4.809248506166920989e-15
4.790769996098870959e-15
4.772376563542902400e-15
4.754067772095424368e-15
4.735842124951058743e-15
4.717699738654791953e-15
4.699640193197234263e-15
4.681663070394997517e-15
4.663767953887437935e-15
4.645954429133282153e-15
4.628221574948304967e-15
4.610569506618750846e-15
4.592997825839358933e-15
4.575506136028106619e-15
4.558093545460926724e-15
4.540760164443128119e-15
4.523505111171109875e-15
4.506328492638739212e-15
4.489229436854517209e-15
4.472208047588418791e-15
4.455262985093331708e-15
4.438394833760975464e-15
4.421603212015811096e-15
4.404886803814108021e-15
4.388246179440936801e-15
4.371680038363331411e-15
4.355188941634952750e-15
4.338771604041565360e-15
4.322428577577381112e-15
4.306159042090960158e-15
4.289962190883919825e-15
4.273838118613912607e-15
4.257786468565653614e-15
4.241806447274279721e-15
4.225898580488673848e-15
4.210061642331378340e-15
4.194295290634113608e-15
4.178599611576708686e-15
4.162973833257331297e-15
4.147418039157648222e-15
4.131931465826617961e-15
4.116514194119346789e-15
4.101165055676265648e-15
4.085884547420113251e-15
4.070672330401164872e-15
4.055527256577297752e-15
4.040449811041794606e-15
4.025438859052166660e-15
4.010494480469956189e-15
3.995616746155092564e-15
3.980804541011699408e-15
3.966058331040235283e-15
3.951377014043181606e-15
3.936760278918056409e-15
3.922208580572313604e-15
3.907720835808462689e-15
3.893297114851564090e-15
3.878936729344145454e-15
3.864639747220019920e-15
3.850405487537551168e-15
3.836234016712637225e-15
3.822125030261851090e-15
3.808077499244545580e-15
3.794091858229011753e-15
3.780167448619854434e-15
3.766303978584472486e-15
3.752501511550742630e-15
3.738759399496157048e-15
3.725077004621851561e-15
3.711454741282888917e-15
3.697891626652987351e-15
3.684388068576210445e-15
3.670943095399744105e-15
3.657557108574366572e-15
3.644229147486916949e-15
3.630958938552593605e-15
3.617746873802340169e-15
3.604592008890249508e-15
3.591494401647333565e-15
3.578453450664404459e-15
3.565469211847289068e-15
3.552541090152050315e-15
3.539669139610166580e-15
3.526852771476607594e-15
3.514091722046480670e-15
3.501385728679684552e-15
3.488734841764443716e-15
3.476138484915283039e-15
3.463596398717489241e-15
3.451108324813783556e-15
3.438674005902478167e-15
3.426293185735587280e-15
3.413965909571852925e-15
3.401691320483329575e-15
3.389469170986000385e-15
3.377299804322161712e-15
3.365182377852060292e-15
3.353116938294207511e-15
3.341103236681814774e-15
3.329141025085540240e-15
3.317229484923850626e-15
3.305369233175126930e-15
3.293559455029288746e-15
3.281799911882406927e-15
3.270090644922848748e-15
3.258431135171379016e-15
3.246821146915615354e-15
3.235260445391618909e-15
3.223749068808667530e-15
3.212286508920861768e-15
3.200872535044193390e-15
3.189506922258650171e-15
3.178189447747579439e-15
3.166919889582120869e-15
3.155698026719682007e-15
3.144523639002378693e-15
3.133396248199876488e-15
3.122315898041702273e-15
3.111282370981717980e-15
3.100295450352230674e-15
3.089354667676312726e-15
3.078460063805076022e-15
3.067611424663958571e-15
3.056808040858634493e-15
3.046050448870565934e-15
3.035337942500712056e-15
3.024670315585095218e-15
3.014047362763118066e-15
3.003469120128413965e-15
2.992934901160912762e-15
2.982444982768315549e-15
2.971999158475126278e-15
2.961596752906037394e-15
2.951237803268154697e-15
2.940922109817290432e-15
2.930649473601722055e-15
2.920419696460720612e-15
2.910232581023057426e-15
2.900087704199483059e-15
2.889985099423980023e-15
2.879924571656922293e-15
2.869905926642197454e-15
2.859928749794257718e-15
2.849993072182361438e-15
2.840098483395940508e-15
2.830245013354384382e-15
2.820432255780723359e-15
2.810660239474458258e-15
2.800928348963143945e-15
2.791236827790397598e-15
2.781585488547697140e-15
2.771973725607074690e-15
2.762401777071393486e-15
2.752869043766697894e-15
2.743375760229722600e-15
2.733921333668301636e-15
2.724505995114288691e-15
2.715129360215500352e-15
2.705791050170054294e-15
2.696491091124704987e-15
2.687229306608308523e-15
2.678005323527939361e-15
2.668819362819596704e-15
2.659670856573963214e-15
2.650559634647249298e-15
2.641485720305541444e-15
2.632448749671528809e-15
2.623448745065552261e-15
2.614485346223306780e-15
2.605558574544272236e-15
2.596667886189950955e-15
2.587813491013905469e-15
2.578995220810229147e-15
2.570212540306948879e-15
2.561465654726403890e-15
2.552754034414418669e-15
2.544077700894263900e-15
2.535436672055931505e-15
2.526830426556159090e-15
2.518259162122755449e-15
2.509722362876762388e-15
2.501219872740737144e-15
2.492751885076607647e-15
2.484317892069110459e-15
2.475917911844142413e-15
2.467551616307316205e-15
2.459219022775543919e-15
2.450919806366903104e-15
2.442653983610759576e-15
2.434421400258698620e-15
2.426221569717414959e-15
2.418054675793277208e-15
2.409920401491101183e-15
2.401818597844376344e-15
2.393749279124760431e-15
2.385712132974482360e-15
2.377706851378500423e-15
2.369733610191120184e-15
2.361791942665227026e-15
2.353882022086785913e-15
2.346003386531784114e-15
2.338156206760814856e-15
2.330340025620637020e-15
2.322554702540616263e-15
2.314800404554804762e-15
2.307076681552181468e-15
2.299383546362998660e-15
2.291720707039931945e-15
2.284088175748264484e-15
2.276485663361457439e-15
2.268913182681958895e-15
2.261370453782314918e-15
2.253857348544971293e-15
2.246373739323296945e-15
2.238919643923926048e-15
2.231494789005447384e-15
2.224099048345364807e-15
2.216732296188948291e-15
2.209394407248445066e-15
2.202085256702268669e-15
2.194804860301429274e-15
2.187552813145061921e-15
2.180328994189006670e-15
2.173133558298573383e-15
2.165966106698947921e-15
2.158826655855946650e-15
2.151715084172613774e-15
2.144631270511331820e-15
2.137574826413914115e-15
2.130546035592755017e-15
2.123544511235016737e-15
2.116570136254014682e-15
2.109622924886491216e-15
2.102702628528296313e-15
2.095809131384009708e-15
2.088942318082500371e-15
2.082102201655384426e-15
2.075288538162750950e-15
2.068501213515543799e-15
2.061740114045952637e-15
2.055005126506654838e-15
2.048296138070041223e-15
2.041613036327431927e-15
2.034955709288279260e-15
2.028323923019794528e-15
2.021717690090443756e-15
2.015136899746377284e-15
2.008581441648694175e-15
2.002051086218815799e-15
1.995545844930792259e-15
1.989065608672945247e-15
1.982610033408425870e-15
1.976179248798886533e-15
1.969773146940299917e-15
1.963391620337734866e-15
1.957034331747821699e-15
1.950701407197607989e-15
1.944392512775642958e-15
1.938107772723465617e-15
1.931847081530819452e-15
1.925610110272693956e-15
1.919396758160127662e-15
1.913207146195680717e-15
1.907041170677962946e-15
1.900898509343062332e-15
1.894779062903649640e-15
1.888682948981608198e-15
1.882609850054379007e-15
1.876559882093884436e-15
1.870532730705098814e-15
1.864528298399692961e-15
1.858546488038491480e-15
1.852587412350405611e-15
1.846650554705916243e-15
1.840736444145825216e-15
1.834844359827705339e-15
1.828974414741721626e-15
1.823126717701728600e-15
1.817300765203331686e-15
1.811496869499598828e-15
1.805714732757171264e-15
1.799954261335278046e-15
1.794215163583882142e-15
1.788497744327812987e-15
1.782801711512733266e-15
1.777126972861874853e-15
1.771473242366216268e-15
1.765840817623619795e-15
1.760229220270967756e-15
1.754638744366186826e-15
1.749068916409439279e-15
1.743519838100562380e-15
1.737991231660191145e-15
1.732483384191128734e-15
1.726995831741900548e-15
1.721528673203494749e-15
1.716081819955230703e-15
1.710655000883518876e-15
1.705248312825874455e-15
1.699861487277271537e-15
1.694494619727177392e-15
1.689147623169305563e-15
1.683820232971216963e-15
1.678512542648602728e-15
1.673224290112487046e-15
1.667955567582685638e-15
1.662706115488163165e-15
1.657476024773140555e-15
1.652265038359247051e-15
1.647073074558421302e-15
1.641900223339486326e-15
1.636746235842392128e-15
1.631611036673471294e-15
1.626494718433955172e-15
1.621397036708342405e-15
1.616317916882655977e-15
1.611257449665596677e-15
1.606215229932649193e-15
1.601191513098491429e-15
1.596186060508564553e-15
1.591198798829368400e-15
1.586229654979146072e-15
1.581278556127485162e-15
1.576345588713637922e-15
1.571430361527235611e-15
1.566532962357155725e-15
1.561653475875941692e-15
1.556791516671165465e-15
1.551947170747487341e-15
1.547120367022199094e-15
1.542311034660531282e-15
1.537519103075200047e-15
1.532744501925945832e-15
1.527987161119067553e-15
1.523246860803172838e-15
1.518523682961844927e-15
1.513817558224280275e-15
1.509128269819521095e-15
1.504456044932688193e-15
1.499800520403932617e-15
1.495161630142581210e-15
1.490539597401226757e-15
1.485934064356851492e-15
1.481344965592120790e-15
1.476772378204374789e-15
1.472216234968219926e-15
1.467676328086338112e-15
1.463152593025341967e-15
1.458645104807757201e-15
1.454153797141257693e-15
1.449678466082823612e-15
1.445219047977210969e-15
1.440775615834444754e-15
1.436347968546882250e-15
1.431936043107687240e-15
1.427539911050995377e-15
1.423159374063413403e-15
1.418794369783187031e-15
1.414444836058802285e-15
1.410110842504173663e-15
1.405792194664277869e-15
1.401488832024057175e-15
1.397200694470627965e-15
1.392927722092758201e-15
1.388669983357518768e-15
1.384427161737971423e-15
1.380199453623409246e-15
1.375986545544168215e-15
1.371788506105217621e-15
1.367605401492797177e-15
1.363436922763644696e-15
1.359283260758969068e-15
1.355144109513889333e-15
1.351019535364460933e-15
1.346909480595288564e-15
1.342813887688467264e-15
1.338732699323206321e-15
1.334665738540412309e-15
1.330613069479962756e-15
1.326574635399556995e-15
1.322550379752556318e-15
1.318540128796654911e-15
1.314543944970954475e-15
1.310561772303112168e-15
1.306593439420772933e-15
1.302639007517858808e-15
1.298698421193111759e-15
1.294771511410414134e-15
1.290858224900346121e-15
1.286958621232745604e-15
1.283072645756060343e-15
1.279200132491041435e-15
1.275341028875658979e-15
1.271495392903435393e-15
1.267663170666782111e-15
1.263844089923434241e-15
1.260038317894651893e-15
1.256245801222188924e-15
1.252466271530813477e-15
1.248699893232445100e-15
1.244946507002886761e-15
1.241206061839771372e-15
1.237478612342956132e-15
1.233764001344277777e-15
1.230062178355695880e-15
1.226373093056974535e-15
1.222696695295394421e-15
1.219032935085461714e-15
1.215381762608613247e-15
1.211743229965756785e-15
1.208117084073969918e-15
1.204503379991144377e-15
1.200902171299899646e-15
1.197313210571400883e-15
1.193736552199455214e-15
1.190172150001394093e-15
1.186619957945348614e-15
1.183079930149993520e-15
1.179551923656331303e-15
1.176036087828126881e-15
1.172532183261638445e-15
1.169040261894968054e-15
1.165560278587553522e-15
1.162092093537164079e-15
1.158635757662550907e-15
1.155191226261470943e-15
1.151758361387644694e-15
1.148337212962466105e-15
1.144927736719815048e-15
1.141529796543693773e-15
1.138143441379618290e-15
1.134768536315140155e-15
1.131405129654341728e-15
1.128053087677245306e-15
1.124712458055738150e-15
1.121383108251332153e-15
1.118064996481606363e-15
1.114758169483469980e-15
1.111462496466652822e-15
1.108178023558382683e-15
1.104904621122915518e-15
1.101642248043043248e-15
1.098390949544239865e-15
1.095150511913937251e-15
1.091921066425994086e-15
1.088702486274147295e-15
1.085494815509213002e-15
1.082297844346286201e-15
1.079111701194192416e-15
1.075936178199262857e-15
1.072771402360775931e-15
1.069617250181764711e-15
1.066473681972867247e-15
1.063340576539980667e-15
1.060218058115088114e-15
1.057106005352888508e-15
1.054004379071891507e-15
1.050913060183616441e-15
1.047832170220243173e-15
1.044761510701997621e-15
1.041701123186516203e-15
1.038651048621747817e-15
1.035611014405449039e-15
1.032581218869725898e-15
1.029561469269386258e-15
1.026551806842382629e-15
1.023552194861036665e-15
1.020562596715405932e-15
1.017582900100350533e-15
1.014613145196144308e-15
1.011653220666689418e-15
1.008703166171569500e-15
1.005762945674398233e-15
1.002832449279330519e-15
9.999116422670582606e-16
9.970005632777353303e-16
9.940991767280886309e-16
9.912073746086075170e-16
9.883251226282746198e-16
9.854524584363410353e-16
9.825892754130442077e-16
9.797356107226129802e-16
9.768913586633035317e-16
9.740564854730393937e-16
9.712309574928296802e-16
9.684148109316581535e-16
9.656079418936869334e-16
9.628103170337878415e-16
9.600219031093132253e-16
9.572427354006849864e-16
9.544726436967146387e-16
9.517117315747370775e-16
9.489598977850970532e-16
9.462171096005616101e-16
9.434833343954299105e-16
9.407585396453742786e-16
9.380426929272808514e-16
9.353357619190854947e-16
9.326377143996093266e-16
9.299485182483944363e-16
9.272681414455327020e-16
9.245964875151273127e-16
9.219336540615944440e-16
9.192794805606054968e-16
9.166339999441797454e-16
9.139971806876857239e-16
9.113689913660339849e-16
9.087493379385245686e-16
9.061382524960360599e-16
9.035357039062225325e-16
9.009416612507629262e-16
8.983560326499516036e-16
8.957788500634336300e-16
8.932100225002186810e-16
8.906495815101417371e-16
8.880974972179258541e-16
8.855536797820635581e-16
8.830181003772927906e-16
8.804907897507908441e-16
8.779717183942991982e-16
8.754607979724757011e-16
8.729580000077552467e-16
8.704633544667146804e-16
8.679767741241569683e-16
8.654982885644265609e-16
8.630278112958060400e-16
8.605653142702272956e-16
8.581107695234041759e-16
8.556642058866556135e-16
8.532254818694161340e-16
8.507947390892429277e-16
8.483717805930737076e-16
8.459566352802861833e-16
8.435493310688579061e-16
8.411497295634339428e-16
8.387579139656880084e-16
8.363738016903477053e-16
8.339973656125268512e-16
8.316285246114340730e-16
8.292673601392763958e-16
8.269137909824505943e-16
8.245677903448412849e-16
8.222292784493906317e-16
8.198983350397417030e-16
8.175748276873174962e-16
8.152588352964883139e-16
8.129502265985769118e-16
8.106490278456568060e-16
8.083551612291921846e-16
8.060687040005654335e-16
8.037895271745525520e-16
8.015176563385668772e-16
7.992530655818016425e-16
7.969956786969455765e-16
7.947455207838860175e-16
7.925025162639641199e-16
7.902666899163887560e-16
7.880380162233099209e-16
7.858164205407835477e-16
7.836019271770202303e-16
7.813944622704851081e-16
7.791940506536297409e-16
7.770006199044037557e-16
7.748141947072583487e-16
7.726347032349857832e-16
7.704621222445475243e-16
7.682964759532998723e-16
7.661376934150612777e-16
7.639857515898714434e-16
7.618406742374459760e-16
7.597023912813922882e-16
7.575708798839747731e-16
7.554461633565201044e-16
7.533281266129234448e-16
7.512168389670488504e-16
7.491122317653633728e-16
7.470142825030207475e-16
7.449229687408111917e-16
7.428382681050707834e-16
7.407602028914566382e-16
7.386886614423699669e-16
7.366236663921472695e-16
7.345652396143839754e-16
7.325132708858038718e-16
7.304677824149294571e-16
7.284287522842254536e-16
7.263961586409249240e-16
7.243699796969256340e-16
7.223501937286869092e-16
7.203367790771259983e-16
7.183296293795217969e-16
7.163288930327609086e-16
7.143343794219484786e-16
7.123462355065575798e-16
7.103642723573554986e-16
7.083885526810745639e-16
7.064190552610118094e-16
7.044556768745583385e-16
7.024985609489386696e-16
7.005475226928270560e-16
6.986026232071787695e-16
6.966638415866280136e-16
6.947310767889669812e-16
6.928044688030379000e-16
6.908838368770834766e-16
6.889691614511004496e-16
6.870605804926002085e-16
6.851579156252182731e-16
6.832612254725484486e-16
6.813704119591062700e-16
6.794856103767094070e-16
6.776065683513971701e-16
6.757334973710273543e-16
6.738662235157507440e-16
6.720048034294466637e-16
6.701491413124970221e-16
6.682992932265538724e-16
6.664551641796360028e-16
6.646168096577979794e-16
6.627842096547070277e-16
6.609572703787570627e-16
6.591360464674063378e-16
6.573204449185632447e-16
6.555105198102822863e-16
6.537061789228752426e-16
6.519074757813383648e-16
6.501143189413412088e-16
6.483267613810885833e-16
6.465447124246283733e-16
6.447682245095624607e-16
6.429972077214012143e-16
6.412316437246095933e-16
6.394715841549220330e-16
6.377169402248532596e-16
6.359677630446937295e-16
6.342239645714581716e-16
6.324855267331329956e-16
6.307524998605920941e-16
6.290247970127671001e-16
6.273024002738500251e-16
6.255853592084478190e-16
6.238735879626613630e-16
6.221670687761529536e-16
6.204657839387423399e-16
6.187697820118828824e-16
6.170789785671710794e-16
6.153933560489168054e-16
6.137129622820728621e-16
6.120377138918214127e-16
6.103675934761795123e-16
6.087025836827808062e-16
6.070426672088019683e-16
6.053878906761666496e-16
6.037381088435490132e-16
6.020934320228843629e-16
6.004537792377245302e-16
5.988191334360400591e-16
5.971894776148701211e-16
5.955648569956829698e-16
5.939451300440849067e-16
5.923303425038872505e-16
5.907205396342924303e-16
5.891155825773136960e-16
5.875155778989028375e-16
5.859204484526512879e-16
5.843301182259724697e-16
5.827446922838336941e-16
5.811640944318721512e-16
5.795882495934240836e-16
5.780172613557761629e-16
5.764509955413814811e-16
5.748895547651541765e-16
5.733328059927295596e-16
5.717808508767191438e-16
5.702335575153740601e-16
5.686909689861457096e-16
5.671530700112454049e-16
5.656198453564771091e-16
5.640912798311642694e-16
5.625673582880773405e-16
5.610480656233602231e-16
5.595333306721085391e-16
5.580231950189058998e-16
5.565176436859389222e-16
5.550166617384955125e-16
5.535202342848866700e-16
5.520282916039254337e-16
5.505408742477891864e-16
5.490579674498617393e-16
5.475795023387114777e-16
5.461055727675177426e-16
5.446360560395067962e-16
5.431709917026371736e-16
5.417103120024301489e-16
5.402540560908053174e-16
5.388022094918509045e-16
5.373547052752338517e-16
5.359116342740108816e-16
5.344728253393174444e-16
5.330384209563527089e-16
5.316083030127498107e-16
5.301824579620444308e-16
5.287609234184155010e-16
5.273436852316712242e-16
5.259306786160977883e-16
5.245219406268861044e-16
5.231174070021026317e-16
5.217171144283010162e-16
5.203210489562148974e-16
5.189291471026861513e-16
5.175413956020919424e-16
5.161578301639603865e-16
5.147783877696899971e-16
5.134031037243178971e-16
5.120319155179038588e-16
5.106648581054344865e-16
5.093018694812405044e-16
5.079429842540812127e-16
5.065881409182072267e-16
5.052373262908880313e-16
5.038905744671108354e-16
5.025478246814575213e-16
5.012090638612162573e-16
4.998743255959917953e-16
4.985435498511878620e-16
4.972167236635917458e-16
4.958938801256649991e-16
4.945749599242501861e-16
4.932599502051009377e-16
4.919488835716281369e-16
4.906417014228541273e-16
4.893383910129541744e-16
4.880389396311883297e-16
4.867433346018496619e-16
4.854516077289964957e-16
4.841637015765502404e-16
4.828796035763313267e-16
4.815993011949660101e-16
4.803228256130971413e-16
4.790500768191514584e-16
4.777811295550516237e-16
4.765159277495145784e-16
4.752544590450379894e-16
4.739967111185798274e-16
4.727426716815047246e-16
4.714923284795254016e-16
4.702457114837739813e-16
4.690027239441511241e-16
4.677634379109647844e-16
4.665277574307424689e-16
4.652957538970445236e-16
4.640673321459431057e-16
4.628425218094230605e-16
4.616213518403123543e-16
4.604037282458766301e-16
4.591897208064351722e-16
4.579792363013830846e-16
4.567723438770103500e-16
4.555689510779906711e-16
4.543690865331714751e-16
4.531727385962888016e-16
4.519798960528586496e-16
4.507905478191189615e-16
4.496046828419385573e-16
4.484222510573522649e-16
4.472433197234482828e-16
4.460677999615777115e-16
4.448957198796865565e-16
4.437270685746930181e-16
4.425618351738463578e-16
4.413999707853497240e-16
4.402415029715868732e-16
4.390864209481966631e-16
4.379347139609483953e-16
4.367863712856856084e-16
4.356413449846809812e-16
4.344996619551495220e-16
4.333613115606039884e-16
4.322262464253217330e-16
4.310944930549783883e-16
4.299660409003289099e-16
4.288408431406381605e-16
4.277189258962645863e-16
4.266002787047704815e-16
4.254848552934803929e-16
4.243726814035503864e-16
4.232637466589072481e-16
4.221580053280956370e-16
4.210554827790791261e-16
4.199561336367641253e-16
4.188599830229117544e-16
4.177669859158342633e-16
4.166771671936976518e-16
4.155904821852901801e-16
4.145069555277594931e-16
4.134265770993692680e-16
4.123493027501868539e-16
4.112751228486301646e-16
4.102040615574267350e-16
4.091360752394484181e-16
4.080711878239598076e-16
4.070093560128337006e-16
4.059505703021123441e-16
4.048948542744950499e-16
4.038421980566142097e-16
4.027925262363785635e-16
4.017459277627261446e-16
4.007022949076408693e-16
3.996616834725310079e-16
3.986240514855642369e-16
3.975893896391158862e-16
3.965577205914685748e-16
3.955290028239987047e-16
3.945032587718403102e-16
3.934804156761010883e-16
3.924605275836322475e-16
3.914435536143385129e-16
3.904294846074353611e-16
3.894183424611127840e-16
3.884100867677618232e-16
3.874047084409698877e-16
3.864021984184386810e-16
3.854025476619485544e-16
3.844057775467212136e-16
3.834118484385700056e-16
3.824207513730326920e-16
3.814324774095681562e-16
3.804470176315197223e-16
3.794643631460775355e-16
3.784845050842415847e-16
3.775074641111165686e-16
3.765331722612316710e-16
3.755616796352711722e-16
3.745929188083323747e-16
3.736269394373751606e-16
3.726636746334411904e-16
3.717031736140571540e-16
3.707453986804880419e-16
3.697903126384870293e-16
3.688379640543822917e-16
3.678883156612682804e-16
3.669413306900981921e-16
3.659970570654045647e-16
3.650554299965783101e-16
3.641164691513981484e-16
3.631801937548138081e-16
3.622465397847376095e-16
3.613155266280564503e-16
3.603871458606691346e-16
3.594613890814846515e-16
3.585382207648158621e-16
3.576176869632031822e-16
3.566997251608046691e-16
3.557843541941925281e-16
3.548715657751826982e-16
3.539613516383557702e-16
3.530537035410132548e-16
3.521485868933055380e-16
3.512460200859050937e-16
3.503459949425451349e-16
3.494484773223115626e-16
3.485534856364976746e-16
3.476610121135947064e-16
3.467710490031038233e-16
3.458835629592816833e-16
3.449985721012200601e-16
3.441160687397932014e-16
3.432360199063187333e-16
3.423584434624237052e-16
3.414833317800508484e-16
3.406106522630535553e-16
3.397404225195455547e-16
3.388726101987914154e-16
3.380072327416002872e-16
3.371442826205496902e-16
3.362837278500332947e-16
3.354255856237928116e-16
3.345698241967569903e-16
3.337164605996115704e-16
3.328654633259023638e-16
3.320168492449280233e-16
3.311705870869485922e-16
3.303266935615257362e-16
3.294851376337480073e-16
3.286459358550714485e-16
3.278090574235415974e-16
3.269744953382787865e-16
3.261422659159585720e-16
3.253123386999517826e-16
3.244847298528345818e-16
3.236594091463343442e-16
3.228363925904975755e-16
3.220156273564571962e-16
3.211971750508656908e-16
3.203809603349557304e-16
3.195670217442472692e-16
3.187553297234672053e-16
3.179458998330882915e-16
3.171386804656687862e-16
3.163337094903729559e-16
3.155309798833684856e-16
3.147304406365339924e-16
3.139321291277771715e-16
3.131360165665679323e-16
3.123420962715059065e-16
3.115503832238845369e-16
3.107608273971404698e-16
3.099734653649456455e-16
3.091882688696580875e-16
3.084052313162218033e-16
3.076243673638615501e-16
3.068456280890654577e-16
3.060690494494777240e-16
3.052945829271622047e-16
3.045222641688664080e-16
3.037520658124434370e-16
3.029839815487940523e-16
3.022180050848998952e-16
3.014541301437987856e-16
3.006923504645610567e-16
2.999326598022639173e-16
2.991750519279678836e-16
2.984195206286913889e-16
2.976660798249242329e-16
2.969146830190450070e-16
2.961653442450933331e-16
2.954180573536664311e-16
2.946728162111930228e-16
2.939296146999078906e-16
2.931884467178260427e-16
2.924493061787163355e-16
2.917121675358955035e-16
2.909770637655267874e-16
2.902439499540441069e-16
2.895128587945208175e-16
2.887837457177191578e-16
2.880566240496835320e-16
2.873314878127192592e-16
2.866083310446805509e-16
2.858871289420983011e-16
2.851678945825058100e-16
2.844506407546024516e-16
2.837353054411212155e-16
2.830219388723319224e-16
2.823104979919080770e-16
2.816009955739417161e-16
2.808934257777646293e-16
2.801877827780223687e-16
2.794840425792543105e-16
2.787822177180349529e-16
2.780823024138314454e-16
2.773842729339766442e-16
2.766881416397730720e-16
2.759939027952863267e-16
2.753015329276012912e-16
2.746110442253655094e-16
2.739224133868535829e-16
2.732356524867360656e-16
2.725507558625990112e-16
2.718677004674889693e-16
2.711864982257482506e-16
2.705071263484671529e-16
2.698295967385656802e-16
2.691538867909814676e-16
2.684800082977206266e-16
2.678079558045738120e-16
2.671377069531638458e-16
2.664692565206149913e-16
2.658026160803984280e-16
2.651377635171077637e-16
2.644747102965688812e-16
2.638134344640927321e-16
2.631539473789261959e-16
2.624962272458628530e-16
2.618402689323114564e-16
2.611860836392018482e-16
2.605336498078398918e-16
2.598829785351958385e-16
2.592340484190203265e-16
2.585868543905112749e-16
2.579413913932364846e-16
2.572976703184936521e-16
2.566556859445745550e-16
2.560154014457035781e-16
2.553768434971675128e-16
2.547399912336824372e-16
2.541048396742804106e-16
2.534713994097158450e-16
2.528396343028123239e-16
2.522095704670458766e-16
2.515812027867369547e-16
2.509544955315770218e-16
2.503294744843877062e-16
2.497061041828698502e-16
2.490844101913959881e-16
2.484643723865728459e-16
2.478460009239825276e-16
2.472292608716990520e-16
2.466141624690459045e-16
2.460007157302943168e-16
2.453889008925066087e-16
2.447786984397849290e-16
2.441701330831396456e-16
2.435631852721847467e-16
2.429578502457824836e-16
2.423541232546989691e-16
2.417519995615849496e-16
2.411514744409566747e-16
2.405525431791771621e-16
2.399552010744363771e-16
2.393594434805613629e-16
2.387652659381404535e-16
2.381726640424221552e-16
2.375816333993841233e-16
2.369921696257176812e-16
2.364042683488118949e-16
2.358178974624300930e-16
2.352331082130463047e-16
2.346498684061535773e-16
2.340681462934640307e-16
2.334879924999776064e-16
2.329093479871607968e-16
2.323322629701936966e-16
2.317566788608942692e-16
2.311826185841133624e-16
2.306100778719845003e-16
2.300390524671650057e-16
2.294695381228196316e-16
2.289015306026031074e-16
2.283350256806429321e-16
2.277699928838507459e-16
2.272064544706583536e-16
2.266444322975701679e-16
2.260838699724140873e-16
2.255247894749375733e-16
2.249671866404649464e-16
2.244110316677892588e-16
2.238563718070196308e-16
2.233031517301913913e-16
2.227513929595890484e-16
2.222010913809020426e-16
2.216522428900969962e-16
2.211048183420917392e-16
2.205588389002878539e-16
2.200143253462282014e-16
2.194711990473308218e-16
2.189295305177123042e-16
2.183892908573279077e-16
2.178504515618558186e-16
2.173130332689201742e-16
2.167770076836420764e-16
2.162424194562492443e-16
2.157092161257309652e-16
2.151774179865671625e-16
2.146470210631621315e-16
2.141179975788672881e-16
2.135903675745182600e-16
2.130641271034241922e-16
2.125392486945569925e-16
2.120157755813297579e-16
2.114936568588298487e-16
2.109728888414431065e-16
2.104535141825236153e-16
2.099354594201057547e-16
2.094187901262700857e-16
2.089034562987352315e-16
2.083894770973630179e-16
2.078768486114042268e-16
2.073655443037843184e-16
2.068555830957135677e-16
2.063469611054284401e-16
2.058396520869700280e-16
2.053336747260676854e-16
2.048290029685928928e-16
2.043256553446679258e-16
2.038236280201510567e-16
2.033228952264047462e-16
2.028234752632565420e-16
2.023253425501957879e-16
2.018285369256344276e-16
2.013329895303486415e-16
2.008387401361114960e-16
2.003457849745677763e-16
1.998540989296858100e-16
1.993636997750380198e-16
1.988745837705175111e-16
1.983867260746738178e-16
1.979001232111825842e-16
1.974147926598735458e-16
1.969307307173909886e-16
1.964479129027778567e-16
1.959663357723208601e-16
1.954860165172701174e-16
1.950069514707704100e-16
1.945291165068119558e-16
1.940525082141105757e-16
1.935771638118315585e-16
1.931030187350786180e-16
1.926301101416205658e-16
1.921584344188761836e-16
1.916879479623684747e-16
1.912187074111490580e-16
1.907506692549302635e-16
1.902838301467234527e-16
1.898182064420527958e-16
1.893537749626735386e-16
1.888905323850481518e-16
1.884284948621274633e-16
1.879676588611915746e-16
1.875080015389478958e-16
1.870495196458328256e-16
1.865922292803900221e-16
1.861361080990482403e-16
1.856811530846008861e-16
1.852273801786840285e-16
1.847747672794763965e-16
1.843233113900898646e-16
1.838730282555271836e-16
1.834238960129454926e-16
1.829759302779815278e-16
1.825291093458779843e-16
1.820834302537367317e-16
1.816389084248209380e-16
1.811955223887970229e-16
1.807532692028826118e-16
1.803121459306999189e-16
1.798721677426258133e-16
1.794333134764413138e-16
1.789955981781547331e-16
1.785590008382624507e-16
1.781235185539821716e-16
1.776891484288905344e-16
1.772559052626572709e-16
1.768237683468813230e-16
1.763927348049970782e-16
1.759628017667675117e-16
1.755339837897905505e-16
1.751062431070616092e-16
1.746796289334997241e-16
1.742540863595153165e-16
1.738296470599575811e-16
1.734062738226850984e-16
1.729839980728045474e-16
1.725628167969083647e-16
1.721426931935095433e-16
1.717236583178028954e-16
1.713056756388694138e-16
1.708887759673497083e-16
1.704729396832658388e-16
1.700581805858180712e-16
1.696444626796726526e-16
1.692318162932460047e-16
1.688202220865935568e-16
1.684096773052150008e-16
1.680001792007879189e-16
1.675917250311604127e-16
1.671843282041269363e-16
1.667779536410742775e-16
1.663726308451670104e-16
1.659683249949195571e-16
1.655650653462973871e-16
1.651628330952052298e-16
1.647616254499721939e-16
1.643614553458260026e-16
1.639622885035540975e-16
1.635641379309869659e-16
1.631670164048268620e-16
1.627708900214147808e-16
1.623757870545979478e-16
1.619816738486576473e-16
1.615885784559859331e-16
1.611964674668811849e-16
1.608053687141201305e-16
1.604152641681682301e-16
1.600261511147397022e-16
1.596380268458750108e-16
1.592508736946550865e-16
1.588647189527670028e-16
1.584795449091982361e-16
1.580953488811983360e-16
1.577121281922942620e-16
1.573298654871108206e-16
1.569485875273908276e-16
1.565682769146943593e-16
1.561889309975617493e-16
1.558105326656659565e-16
1.554331082646541176e-16
1.550566406419392473e-16
1.546811128685767225e-16
1.543065509826456878e-16
1.539329238186194945e-16
1.535602430701236850e-16
1.531885202229510744e-16
1.528177244510447386e-16
1.524478673056673765e-16
1.520789462026890439e-16
1.517109585641002477e-16
1.513439018180016170e-16
1.509777596248920040e-16
1.506125570241758198e-16
1.502482639661198272e-16
1.498849052954291350e-16
1.495224511805271296e-16
1.491609127558312404e-16
1.488002874913162384e-16
1.484405728629871695e-16
1.480817529871496995e-16
1.477238521333641087e-16
1.473668411139177401e-16
1.470107307939541494e-16
1.466555187033192486e-16
1.463011893581700112e-16
1.459477667054292630e-16
1.455952222280760089e-16
1.452435667169514890e-16
1.448927978510657213e-16
1.445429133148350588e-16
1.441938979725507519e-16
1.438457624408338388e-16
1.434985044196941844e-16
1.431521216145150047e-16
1.428065991011827000e-16
1.424619599127136440e-16
1.421181640069977092e-16
1.417752468732564707e-16
1.414331936553805022e-16
1.410919896895006525e-16
1.407516452110878325e-16
1.404121456586950902e-16
1.400735011847566050e-16
1.397357095462508677e-16
1.393987685054368067e-16
1.390626637039934093e-16
1.387274051309311512e-16
1.383929905637572968e-16
1.380594057943958765e-16
1.377266606909689678e-16
1.373947530461627027e-16
1.370636806578833765e-16
1.367334295159765968e-16
1.364039975606196739e-16
1.360753944616780891e-16
1.357476180368063092e-16
1.354206661088369579e-16
1.350945249105475278e-16
1.347692039565111279e-16
1.344446895753263855e-16
1.341209912046492663e-16
1.337981066920475717e-16
1.334760225087854234e-16
1.331547366394406011e-16
1.328342696668620688e-16
1.325145968219815394e-16
1.321957161026850485e-16
1.318776366827529375e-16
1.315603453135957267e-16
1.312438621840489391e-16
1.309281519182469592e-16
1.306132346728874124e-16
1.302991083489816269e-16
1.299857599211737073e-16
1.296731982782016303e-16
1.293614104562781467e-16
1.290504052667137465e-16
1.287401698356375433e-16
1.284307129033307198e-16
1.281220216851810153e-16
1.278141048510391001e-16
1.275069497048986794e-16
1.272005648467731842e-16
1.268949376686146309e-16
1.265900767011870848e-16
1.262859694237582728e-16
1.259826138867521695e-16
1.256800185179230378e-16
1.253781709260941432e-16
1.250770794712184113e-16
1.247767318478531268e-16
1.244771363487200270e-16
1.241782807534844797e-16
1.238801631426345651e-16
1.235827917088818369e-16
1.232861644290360135e-16
1.229902592173941506e-16
1.226950942760585731e-16
1.224006675957748680e-16
1.221069573258292070e-16
1.218139814594093143e-16
1.215217380011278425e-16
1.212302151465562903e-16
1.209394110184859707e-16
1.206493334855368416e-16
1.203599611590936951e-16
1.200713212922674931e-16
1.197833829065146709e-16
1.194961634502835104e-16
1.192096514010572561e-16
1.189238544392793092e-16
1.186387516281377327e-16
1.183543601500304177e-16
1.180706780643384846e-16
1.177876846563679838e-16
1.175053969118761667e-16
1.172238129037599295e-16
1.169429121369591129e-16
1.166627114029520796e-16
1.163831995697760887e-16
1.161043748299877835e-16
1.158262353800774865e-16
1.155487885376698243e-16
1.152720233362425075e-16
1.149959380504514973e-16
1.147205309718365726e-16
1.144458093797960831e-16
1.141717625230657186e-16
1.138983887044635280e-16
1.136256862304296153e-16
1.133536534110214556e-16
1.130822973807652380e-16
1.128115987829304424e-16
1.125415735480637007e-16
1.122722111801618427e-16
1.120035187000849279e-16
1.117354770232346488e-16
1.114681018385003786e-16
1.112013741956523613e-16
1.109353096640113121e-16
1.106698979613448521e-16
1.104051374379164163e-16
1.101410264475476583e-16
1.098775717890104424e-16
1.096147549095963204e-16
1.093525826461252246e-16
1.090910617158424755e-16
1.088301820800804182e-16
1.085699421142581774e-16
1.083103319391758248e-16
1.080513664837090545e-16
1.077930358454388284e-16
1.075353384138450017e-16
1.072782725819101077e-16
1.070218448547372298e-16
1.067660373854927902e-16
1.065108567159346888e-16
1.062563012530060411e-16
1.060023773981848169e-16
1.057490675541394873e-16
1.054963781585107248e-16
1.052443155361801389e-16
1.049928622745332695e-16
1.047420247342498643e-16
1.044918013465097303e-16
1.042421983355387837e-16
1.039931985318460935e-16
1.037448081949753841e-16
1.034970334747499599e-16
1.032498573816758710e-16
1.030032861005381578e-16
1.027573180865007598e-16
1.025119517981331167e-16
1.022671856837790463e-16
1.020230181407637736e-16
1.017794475564256183e-16
1.015364648380193714e-16
1.012940833748393308e-16
1.010522940541557906e-16
1.008110878753650100e-16
1.005704780759399396e-16
1.003304482866656543e-16
1.000910043225608603e-16
9.985214459973076260e-17
9.961386753788826137e-17
9.937617156034729589e-17
9.913904787741209117e-17
9.890250937894777461e-17
9.866654009178461043e-17
9.843114566988659950e-17
9.819632455418457213e-17
9.796207518917424572e-17
9.772839602291036991e-17
9.749527847143156379e-17
9.726272807640262193e-17
9.703075028094808710e-17
9.679932259284222456e-17
9.656846443171609376e-17
9.633816728183764536e-17
9.610842273153396504e-17
9.587923619079467653e-17
9.565060613885483609e-17
9.542253105844792551e-17
9.519500265065226640e-17
9.496802623937396064e-17
9.474160031752469392e-17
9.451571666963955076e-17
9.429038724352057912e-17
9.406559714284624205e-17
9.384135158596296970e-17
9.361764246740956626e-17
9.339448155527305463e-17
9.317185415926957199e-17
9.294975887076921150e-17
9.272820732484861650e-17
9.250718498372835092e-17
9.228669044796664209e-17
9.206673522118819778e-17
9.184730491646466715e-17
9.162840454715952562e-17
9.141002627600953097e-17
9.119217507627815244e-17
9.097484949777329873e-17
9.075804185335357259e-17
9.054175741394588010e-17
9.032599516649238436e-17
9.011074785603855210e-17
8.989602076227372214e-17
8.968180667879256067e-17
8.946811702035929070e-17
8.925493225324827301e-17
8.904226990556564475e-17
8.883011669058681224e-17
8.861847167632863740e-17
8.840733999856068784e-17
8.819672066273624085e-17
8.798660665350645324e-17
8.777700304626473297e-17
8.756790287252815509e-17
8.735931116776224099e-17
8.715122101002090569e-17
8.694363739516287506e-17
8.673655934146749120e-17
8.652997999630116834e-17
8.632390429682945816e-17
8.611832543614088180e-17
8.591324250278822410e-17
8.570866037571330873e-17
8.550457808403042068e-17
8.530098891131148696e-17
8.509789195237384639e-17
8.489529200977487029e-17
8.469318811982384676e-17
8.449157365530837221e-17
8.429044771730050334e-17
8.408981503319891338e-17
8.388967464648387025e-17
8.369001443327761212e-17
8.349085025478726558e-17
8.329216446588433045e-17
8.309396728623055060e-17
8.289625776812258970e-17
8.269902948042610282e-17
8.250228153813458183e-17
8.230601850380940668e-17
8.211023401023051950e-17
8.191493258416175381e-17
8.172010790069195471e-17
8.152575908247582165e-17
8.133189060301256023e-17
8.113849620018827562e-17
8.094557500120250445e-17
8.075313142693400336e-17
8.056115528484354551e-17
8.036963102387489973e-17
8.017852338974091656e-17
7.998782344094508282e-17
7.979749089923343539e-17
7.960751168623282581e-17
7.941785616831978452e-17
7.922850000569129270e-17
