# pp
9.953246465938655198e-09
6.054127655106047922e-09
4.184296352312779405e-09
3.108837067758724937e-09
2.419550242640925292e-09
1.945944515649673810e-09
1.603859931802240418e-09
1.347420302040908493e-09
1.149299081432802126e-09
9.928495662678571186e-10
8.666368366049320983e-10
7.631594483901973501e-10
6.772266724794277714e-10
6.049966813379142613e-10
5.436440232351834217e-10
4.910705736600847827e-10
4.456698854217365124e-10
4.061531989377174159e-10
3.715165292189270298e-10
3.409973799635842249e-10
3.139822327380887954e-10
2.899456090115857594e-10
2.684565160668890310e-10
2.491694112216739416e-10
2.317984174576559503e-10
2.161001797318632355e-10
2.018668707317121172e-10
1.889139214571095500e-10
1.770867707272437940e-10
1.662661731976627099e-10
1.563495936921482366e-10
1.472393580431421780e-10
1.388495114786880241e-10
1.311072190054491079e-10
1.239491620915454905e-10
1.173191833818451196e-10
1.111675824634531954e-10
1.054497720193641746e-10
1.001262087382954184e-10
9.516192470510272248e-11
9.052600121189404464e-11
8.619091583332300374e-11
8.213206616745535636e-11
7.832739911725112666e-11
7.475701085725429040e-11
7.140265329012618775e-11
6.824779597717563542e-11
6.527750449500785863e-11
6.247825624437234157e-11
5.983772872488580081e-11
5.734452051673818183e-11
5.498821153015434625e-11
5.275930739654630264e-11
5.064914135536327549e-11
4.864975669098738236e-11
4.675374543541441693e-11
4.495428981731730903e-11
4.324513385153721150e-11
4.162052824117367304e-11
4.007520403133434095e-11
3.860439092849929245e-11
3.720370183575198293e-11
3.586907620700800774e-11
3.459675090684603482e-11
3.338320722994711955e-11
3.222507328439440816e-11
3.111919370959344174e-11
3.006263722530800567e-11
2.905267768958029384e-11
2.808676004309495373e-11
2.716243774275969763e-11
2.627741573764992334e-11
2.542955466288197719e-11
2.461685835407600561e-11
2.383747506909459838e-11
2.308972224424198684e-11
2.237203522587732574e-11
2.168294619339865043e-11
2.102107700763035686e-11
2.038512838852932719e-11
1.977386191666375681e-11
1.918610874931585843e-11
1.862076887041410239e-11
1.807680626799794465e-11
1.755324036321452516e-11
1.704913027730458803e-11
1.656358473758801466e-11
1.609576276983518003e-11
1.564487033535426557e-11
1.521015528884905039e-11
1.479089903313845814e-11
1.438642023672931015e-11
1.399607432968023943e-11
1.361925116015627665e-11
1.325537282296989027e-11
1.290389164585673431e-11
1.256428832054799703e-11
1.223607016688168443e-11
1.191876951925710376e-11
1.161194222569365069e-11
1.131516625061739904e-11
1.102804037327768248e-11
1.075018297439929062e-11
1.048123090431218975e-11
1.022083842637683385e-11
9.968676230045148768e-12
9.724430508370844727e-12
9.487802095212737868e-12
9.258505657765589978e-12
9.036267779650483877e-12
8.820822935929829091e-12
8.611916586410680653e-12
8.409305724564530399e-12
8.212758262960074425e-12
8.022052456331415632e-12
7.836976359680310439e-12
7.657327319011172095e-12
7.482911492480676329e-12
7.313543399911566294e-12
7.149045498774083540e-12
6.989247784879557115e-12
6.833987416160294168e-12
6.683108358028895372e-12
6.536461048919655267e-12
6.393902084715372443e-12
6.255293920855609794e-12
6.120504591007949229e-12
5.989407441262403710e-12
5.861880878881989876e-12
5.737807801687595171e-12
5.617074414581315404e-12
5.499571083437945812e-12
5.385192470519740005e-12
5.273837337445773374e-12
5.165408358525561304e-12
5.059811943842015499e-12
4.956958071509355990e-12
4.856760128569304203e-12
4.759134760023759773e-12
4.664001725534658069e-12
4.571283763351767462e-12
4.480906461057215779e-12
4.392798132741581082e-12
4.306889702250555152e-12
4.223114592163775548e-12
4.141408618188405384e-12
4.061709888669578863e-12
3.983958708938092411e-12
3.908097490232717212e-12
3.834070666855714212e-12
3.761824624823852599e-12
3.691307610684129120e-12
3.622469652457910051e-12
3.555262488072805773e-12
3.489639497089371322e-12
3.425555635551595154e-12
3.362967373799950618e-12
3.301832637095111433e-12
3.242110748909056849e-12
3.183762376748432335e-12
3.126749480382659207e-12
3.071035262356423882e-12
3.016584120672875655e-12
2.963361603540179260e-12
2.911334366079952842e-12
2.860470128901694122e-12
2.810737638452494887e-12
2.762106629056280771e-12
2.714547786561384179e-12
2.668032713519638887e-12
2.622533895824244001e-12
2.578024670737493701e-12
2.534479196243107079e-12
2.491872421661277056e-12
2.450180018175099152e-12
2.409378231652609128e-12
2.369443986907841603e-12
2.330354904598632726e-12
2.292089276892900006e-12
2.254626044107417548e-12
2.217944772275346295e-12
2.182025631600893656e-12
2.146849375761601839e-12
2.112397322020706103e-12
2.078651332113841914e-12
2.045593793876155080e-12
2.013207603577515244e-12
1.981476148935081655e-12
1.950383292773994024e-12
1.919913357308334542e-12
1.890051109015835940e-12
1.860781744081100114e-12
1.832090874383259529e-12
1.803964514005155795e-12
1.776389066242178754e-12
1.749351311089946814e-12
1.722838393190938229e-12
1.696837810221142067e-12
1.671337401698639358e-12
1.646325381579804416e-12
1.621790454573419161e-12
1.597721670123831620e-12
1.574108368854213359e-12
1.550940173599920833e-12
1.528206980757324767e-12
1.505898951935606546e-12
1.484006505899561437e-12
1.462520310791994710e-12
1.441431276624766271e-12
1.420730548028040052e-12
1.400409497247739680e-12
1.380459717381630813e-12
1.360873015844880056e-12
1.341641408056322069e-12
1.322757111337030971e-12
1.304212539013169617e-12
1.286000294715403120e-12
1.268113166867508731e-12
1.250544123357101769e-12
1.233286306381712535e-12
1.216333027463712074e-12
1.199677762627858085e-12
1.183314147735493216e-12
1.167235973969664032e-12
1.151437183465666256e-12
1.135911865081745821e-12
1.120654250304890681e-12
1.105658709286862369e-12
1.090919747005799667e-12
1.076431999548921238e-12
1.062190230512025720e-12
1.048189327511660839e-12
1.034424298805993268e-12
1.020890270020567655e-12
1.007582480975293291e-12
9.944962826091346154e-13
9.816271339991227383e-13
9.689705994704349763e-13
9.565223457944099908e-13
9.442781394714878795e-13
9.322338440961891768e-13
9.203854178013309306e-13
9.087289107788163588e-13
8.972604628744078957e-13
8.859763012540029934e-13
8.748727381390259545e-13
8.639461686086284304e-13
8.531930684664903851e-13
8.426099921700759198e-13
8.321935943650955887e-13
8.219406970730967592e-13
8.118482146054577877e-13
8.019131279282151776e-13
7.921324830009945371e-13
7.825033891631713091e-13
7.730230631057570477e-13
7.636885996475083213e-13
7.544973822271130247e-13
7.454468431979284458e-13
7.365342972859168624e-13
7.277571218285912251e-13
7.191129130462546653e-13
7.105993115755422893e-13
7.022138507790545889e-13
6.939541207362413352e-13
6.858179107169474717e-13
6.778030503760590493e-13
6.699072714100886099e-13
6.621283569636823722e-13
6.544642716894548285e-13
6.469130170066923656e-13
6.394725047704497793e-13
6.321406935672158715e-13
6.249157075899259355e-13
6.177957045455386083e-13
6.107787601513362066e-13
6.038629926269899597e-13
5.970466714776402484e-13
5.903280967942751510e-13
5.837054935227501684e-13
5.771771253138173264e-13
5.707413941876830991e-13
5.643967301105858981e-13
5.581414940970110887e-13
5.519740824513941661e-13
5.458930181824419530e-13
5.398968498617609246e-13
5.339840627209270322e-13
5.281531742061837269e-13
5.224028179181585064e-13
5.167316508660909217e-13
5.111382718106268227e-13
5.056213089538667889e-13
5.001794970983203958e-13
4.948115925051630523e-13
4.895162978123915252e-13
4.842923425952962437e-13
4.791385543661936866e-13
4.740537803288475968e-13
4.690368278742407581e-13
4.640865669695251677e-13
4.592019658738722375e-13
4.543820094604403531e-13
4.496256355811179660e-13
4.449318033087945786e-13
4.402995532691271305e-13
4.357279413847997995e-13
4.312159801874056802e-13
4.267627017037212336e-13
4.223672131344785320e-13
4.180286357784934166e-13
4.137460508554734013e-13
4.095185575130013781e-13
4.053453242592817857e-13
4.012255326078497851e-13
3.971583270180497692e-13
3.931428684520809555e-13
3.891783819289252881e-13
3.852641044758221012e-13
3.813992388314645629e-13
3.775830029402711009e-13
3.738146739592167279e-13
3.700935401427763367e-13
3.664188579880948988e-13
3.627898980160132127e-13
3.592059855308031984e-13
3.556664561014449073e-13
3.521706158586100169e-13
3.487177838783565857e-13
3.453073299663778984e-13
3.419386334307917326e-13
3.386110462681584686e-13
3.353239324356923995e-13
3.320767029061983585e-13
3.288687774564621606e-13
3.256995505040625883e-13
3.225684275270296096e-13
3.194748576128205773e-13
3.164182980122989294e-13
3.133981824111212288e-13
3.104139547316360714e-13
3.074650993787595418e-13
3.045511083327524121e-13
3.016714516587481954e-13
2.988256089040237761e-13
2.960130972252065198e-13
2.932334408139144614e-13
2.904861434657830867e-13
2.877707177667744261e-13
2.850867154519655413e-13
2.824337113339678702e-13
2.798112648943825960e-13
2.772189432167270496e-13
2.746563453766185372e-13
2.721230759999177890e-13
2.696187214884461259e-13
2.671428753079692823e-13
2.646951607190321354e-13
2.622752061543262210e-13
2.598826230566880373e-13
2.575170294379721624e-13
2.551780710781425714e-13
2.528653985803694815e-13
2.505786466977046652e-13
2.483174562964932573e-13
2.460814941403900222e-13
2.438704314939535526e-13
2.416839248249625240e-13
2.395216362945007404e-13
2.373832522326578652e-13
2.352684631724869199e-13
2.331769458244980164e-13
2.311083822051291422e-13
2.290624769019033541e-13
2.270389384296665461e-13
2.250374623824817301e-13
2.230577493027470498e-13
2.210995208254275466e-13
2.191625022576039685e-13
2.172464068208709487e-13
2.153509523547956488e-13
2.134758764224335763e-13
2.116209200224859911e-13
2.097858128424714677e-13
2.079702888824350759e-13
2.061741005972215376e-13
2.043970036580500796e-13
2.026387431432424115e-13
2.008990681610207717e-13
1.991777450978822259e-13
1.974745433532260507e-13
1.957892224003525064e-13
1.941215454807544570e-13
1.924712920223532448e-13
1.908382442770259989e-13
1.892221751899919806e-13
1.876228612321464122e-13
1.860400940468282512e-13
1.844736679257525798e-13
1.829233702557806928e-13
1.813889989556971750e-13
1.798703678023196909e-13
1.783672928451885618e-13
1.768795817302851613e-13
1.754070449910721417e-13
1.739495063139728315e-13
1.725067915215196981e-13
1.710787185463330088e-13
1.696651080293745500e-13
1.682658026580987258e-13
1.668806083503266236e-13
1.655093723819997269e-13
1.641519433841352217e-13
1.628081349006196856e-13
1.614777999571933294e-13
1.601607752157030353e-13
1.588568997248044160e-13
1.575660320118839425e-13
1.562879981116129916e-13
1.550226606061494918e-13
1.537698832886983902e-13
1.525294989221330955e-13
1.513013751859058716e-13
1.500853652863846954e-13
1.488813245380513845e-13
1.476891255012021319e-13
1.465086119636938658e-13
1.453396600766161909e-13
1.441821470752258981e-13
1.430359226963447917e-13
1.419008676190862829e-13
1.407768496958449023e-13
1.396637386449490518e-13
1.385614194842831946e-13
1.374697517027917068e-13
1.363886235047989739e-13
1.353179240667918740e-13
1.342575181487053096e-13
1.332072979850451300e-13
1.321671444203527910e-13
1.311369399541392673e-13
1.301165806852352933e-13
1.291059400176601759e-13
1.281049168834523484e-13
1.271134110877423087e-13
1.261313007142491099e-13
1.251584882888137292e-13
1.241948662038968593e-13
1.232403283227207541e-13
1.222947808804033788e-13
1.213581109344092000e-13
1.204302285150730154e-13
1.195110444109305970e-13
1.186004500244529985e-13
1.176983585164791734e-13
1.168046739900485348e-13
1.159193018323975133e-13
1.150421582105339098e-13
1.141731412317726007e-13
1.133121692669896764e-13
1.124591613706931870e-13
1.116140192889439150e-13
1.107766641955760903e-13
1.099470091771083766e-13
1.091249684659905322e-13
1.083104659293050744e-13
1.075034092924335343e-13
1.067037243936607902e-13
1.059113376885301855e-13
1.051261601522991141e-13
1.043481201371530507e-13
1.035771387619641403e-13
1.028131381699750854e-13
1.020560491302736708e-13
1.013057879599894298e-13
1.005622871943209914e-13
9.982547992654605178e-14
9.909528538143057900e-14
9.837163835247511566e-14
9.765446715281926061e-14
9.694370101288020306e-14
9.623927689853529627e-14
9.554111881520372541e-14
9.484916531372866922e-14
9.416335545017909647e-14
9.348361583580372881e-14
9.280988705330079363e-14
9.214210387012043759e-14
9.148020187645639917e-14
9.082412361060439890e-14
9.017379996937826843e-14
8.952917491573671956e-14
8.889019287058566176e-14
8.825678706989907022e-14
8.762890330749947331e-14
8.700648215056863354e-14
8.638946490542484193e-14
8.577779912895470112e-14
8.517142190510692564e-14
8.457028246732459484e-14
8.397433202814686986e-14
8.338351209187179412e-14
8.279777543043662762e-14
8.221707007464084449e-14
8.164134468453395341e-14
8.107055351639710508e-14
8.050464135593665469e-14
7.994356354675546112e-14
7.938727577632564806e-14
7.883572462288144837e-14
7.828886682330251158e-14
7.774665484087973729e-14
7.720904625491837071e-14
7.667598100970635185e-14
7.614743575924778351e-14
7.562335154590683564e-14
7.510368791468062434e-14
7.458841325601007966e-14
7.407746212239708415e-14
7.357080394794569690e-14
7.306840804011557835e-14
7.257021112842813954e-14
7.207618352743079187e-14
7.158628751860265632e-14
7.110047004007047232e-14
7.061870997622516969e-14
7.014095522289320714e-14
6.966716978018299959e-14
6.919731792171519940e-14
6.873134950454274170e-14
6.826924440070811248e-14
6.781095336514208150e-14
6.735644228391328611e-14
6.690568429147038128e-14
6.645862481695625264e-14
6.601523784938787847e-14
6.557549728819389152e-14
6.513935033175276930e-14
6.470677170486312571e-14
6.427772955415066916e-14
6.385217943578158785e-14
6.343010312443616997e-14
6.301145696223769301e-14
6.259621051056273735e-14
6.218433355962844239e-14
6.177578404998438985e-14
6.137054459679695126e-14
6.096857387878721382e-14
6.056984301583271367e-14
6.017432918645148503e-14
5.978198710999008154e-14
5.939279509562961428e-14
5.900673138240737393e-14
5.862375220125742545e-14
5.824383645664532803e-14
5.786695763021644205e-14
5.749307881069598597e-14
5.712218471061685765e-14
5.675423905325700157e-14
5.638921646309916855e-14
5.602709175016109516e-14
5.566782992757244977e-14
5.531141639131659508e-14
5.495781675157414699e-14
5.460700689441012492e-14
5.425896764382885654e-14
5.391366094871338635e-14
5.357106820284365042e-14
5.323117075083608193e-14
5.289393171164798378e-14
5.255933298120477590e-14
5.222735196828577111e-14
5.189795746569649415e-14
5.157113619577479035e-14
5.124685747768753976e-14
5.092509967093262685e-14
5.060584129167808474e-14
5.028905272192838594e-14
4.997472126991589266e-14
4.966281781368066312e-14
4.935332176593289106e-14
4.904621664787931574e-14
4.874147028790402293e-14
4.843906668113824803e-14
4.813898978886625319e-14
4.784120840602091904e-14
4.754570695280111393e-14
4.725246611836366735e-14
4.696145941477950961e-14
4.667267529159908515e-14
4.638608769953941170e-14
4.610167812220792827e-14
4.581942817596626336e-14
4.553931269163095093e-14
4.526132062203290077e-14
4.498542721197867210e-14
4.471161482810084649e-14
4.443986927117991916e-14
4.417016323414940212e-14
4.390248299493522472e-14
4.363681513130607740e-14
4.337313361746173881e-14
4.311142548379538744e-14
4.285167463761540281e-14
4.259385897420233388e-14
4.233796888415730226e-14
4.208398261773646921e-14
4.183188472457177552e-14
4.158165986124810942e-14
4.133328699251023322e-14
4.108675691260683509e-14
4.084204892184106537e-14
4.059914828437876548e-14
4.035804314193257666e-14
4.011871063344601950e-14
3.988113922198198736e-14
3.964531735064716804e-14
3.941122281128401801e-14
3.917884435867561282e-14
3.894816812720126106e-14
3.871917519852563302e-14
3.849185715745182346e-14
3.826619538423881875e-14
3.804217655498181661e-14
3.781978743717160908e-14
3.759901000836679165e-14
3.737983620271971343e-14
3.716224828042803775e-14
3.694623352206793200e-14
3.673178163429292540e-14
3.651887305350287489e-14
3.630749775728995475e-14
3.609764571009125064e-14
3.588929789528595263e-14
3.568244454026429762e-14
3.547707366443837498e-14
3.527316902301689893e-14
3.507072323651385155e-14
3.486972031229779610e-14
3.467014872838576553e-14
3.447199704112324070e-14
3.427524975932312915e-14
3.407989980638284151e-14
3.388593193010395927e-14
3.369333512173603538e-14
3.350209844703093749e-14
3.331221104608747395e-14
3.312365825566292739e-14
3.293643332092787834e-14
3.275051805908001532e-14
3.256590992404807276e-14
3.238259129524142739e-14
3.220055597538130963e-14
3.201979403513862698e-14
3.184028839313466821e-14
3.166203304482681359e-14
3.148502190213595473e-14
3.130923829518376064e-14
3.113467283342527369e-14
3.096131961765529757e-14
3.078916248316514336e-14
3.061819904886719634e-14
3.044841340915572227e-14
3.027979987241763574e-14
3.011234614931114714e-14
2.994604337024409127e-14
2.978088272334304024e-14
2.961685545434602469e-14
2.945394973270194065e-14
2.929216011505342862e-14
2.913147494630225467e-14
2.897188579162760136e-14
2.881338427111339556e-14
2.865595907800654503e-14
2.849960498230174798e-14
2.834431084395620599e-14
2.819006858674889873e-14
2.803687018680600624e-14
2.788470767249178114e-14
2.773357031423948827e-14
2.758345310955791525e-14
2.743434273110611424e-14
2.728623703234169925e-14
2.713912289438921910e-14
2.699299548706138489e-14
2.684784727437613478e-14
2.670366552191622707e-14
2.656044554354836373e-14
2.641818259840756278e-14
2.627686424801220699e-14
2.613648334741088913e-14
2.599703529681658668e-14
2.585850801897924569e-14
2.572089948100894561e-14
2.558419779245070672e-14
2.544839851063871325e-14
2.531349238038745754e-14
2.517947264166901197e-14
2.504633257773528329e-14
2.491406555933430058e-14
2.478266288416768129e-14
2.465212056279459125e-14
2.452243005992532995e-14
2.439358519304734179e-14
2.426557981794695892e-14
2.413840564288760809e-14
2.401205882706179304e-14
2.388653119534186729e-14
2.376181681587797045e-14
2.363790979341760418e-14
2.351480426923516803e-14
2.339249235587676720e-14
2.327097037131709665e-14
2.315022851194340239e-14
2.303026519286081540e-14
2.291107075692113271e-14
2.279264164274443529e-14
2.267497229702739276e-14
2.255805333317154821e-14
2.244188129091739227e-14
2.232645267117824349e-14
2.221175829578752355e-14
2.209779288666134182e-14
2.198455304385635807e-14
2.187202984410881336e-14
2.176022178080667781e-14
2.164912006256776614e-14
2.153872139995884237e-14
2.142901894346430778e-14
2.132000768637857420e-14
2.121168265252669968e-14
2.110403889619779917e-14
2.099706980296885855e-14
2.089077221793421591e-14
2.078513961757671398e-14
2.068016722235068071e-14
2.057585028185634591e-14
2.047218245153912762e-14
2.036916069173166379e-14
2.026677874462750005e-14
2.016503201847049559e-14
2.006391594939874479e-14
1.996342600137889355e-14
1.986355612890987507e-14
1.976430341628179631e-14
1.966566039065713068e-14
1.956762569979757868e-14
1.947019197893954512e-14
1.937335640537509189e-14
1.927711470719561340e-14
1.918145988751740179e-14
1.908638940230630488e-14
1.899190067915469915e-14
1.889798690307349341e-14
1.880464416831807701e-14
1.871186997193117182e-14
1.861965768019853000e-14
1.852800620332147063e-14
1.843690900125069739e-14
1.834636364827670685e-14
1.825636505248037648e-14
1.816690949942203090e-14
1.807799329612315760e-14
1.798961277102578695e-14
1.790176299939193603e-14
1.781444164927422797e-14
1.772764386044992086e-14
1.764136607911317328e-14
1.755560477199388761e-14
1.747035520651613882e-14
1.738561513140931694e-14
1.730137987578661851e-14
1.721764601902738417e-14
1.713441016020474398e-14
1.705166891804508893e-14
1.696941777329788819e-14
1.688765456148210927e-14
1.680637368441006961e-14
1.672557415327481896e-14
1.664525044729457191e-14
1.656540046755648013e-14
1.648602099625828860e-14
1.640710665528813055e-14
1.632865540050075056e-14
1.625066516825861670e-14
1.617313069106975066e-14
1.609604889793745090e-14
1.601941777896990059e-14
1.594323220173768833e-14
1.586749122604382941e-14
1.579218978974260413e-14
1.571732594338113681e-14
1.564289571995539407e-14
1.556889619511043827e-14
1.549532446114821811e-14
1.542217762698984533e-14
1.534945185156449876e-14
1.527714525980611241e-14
1.520525405968968576e-14
1.513377547461095311e-14
1.506270684190326217e-14
1.499204461154999543e-14
1.492178711659466848e-14
1.485193085109994561e-14
1.478247325744978701e-14
1.471341179193365020e-14
1.464474392472295352e-14
1.457646625888512957e-14
1.450857718793351110e-14
1.444107249064791723e-14
1.437395145376773826e-14
1.430720991188763374e-14
1.424084630465372412e-14
1.417485821866725626e-14
1.410924159186293308e-14
1.404399572678059022e-14
1.397911661478911033e-14
1.391460193548416632e-14
1.385045098854577741e-14
1.378665984415878072e-14
1.372322621941282108e-14
1.366014627540047470e-14
1.359742090336931231e-14
1.353504473331081202e-14
1.347301709944907325e-14
1.341133577991719080e-14
1.334999705993733144e-14
1.328899877890233142e-14
1.322834026831646498e-14
1.316801788570801857e-14
1.310802950514472069e-14
1.304837301209651274e-14
1.298904630341363601e-14
1.293004728730377207e-14
1.287137247341555975e-14
1.281302122532362138e-14
1.275499148484725675e-14
1.269727982910955860e-14
1.263988425574064713e-14
1.258280412681373412e-14
1.252603474253611885e-14
1.246957682925726375e-14
1.241342707332483964e-14
1.235758352544431416e-14
1.230204294650226656e-14
1.224680472930234016e-14
1.219186695566277293e-14
1.213722644848662721e-14
1.208288260001811141e-14
1.202883229020352044e-14
1.197507375352772135e-14
1.192160524978309415e-14
1.186842626715952659e-14
1.181553263434325520e-14
1.176292386695884097e-14
1.171059826011118613e-14
1.165855293639125437e-14
1.160678740847668423e-14
1.155529999755314974e-14
1.150408788003983819e-14
1.145314942189763533e-14
1.140248413270697294e-14
1.135208811513730497e-14
1.130196090420123355e-14
1.125210200750283516e-14
1.120250760566701770e-14
1.115317723141307158e-14
1.110410930800844632e-14
1.105530119238442298e-14
1.100675134924906416e-14
1.095845930870572174e-14
1.091042247651206634e-14
1.086263934052074312e-14
1.081510942940707009e-14
1.076782917179907050e-14
1.072079811967537479e-14
1.067401479128073934e-14
1.062747771242441973e-14
1.058118442274035338e-14
1.053513447222720564e-14
1.048932543068362965e-14
1.044375587649464911e-14
1.039842535850292313e-14
1.035333149105239358e-14
1.030847287396655782e-14
1.026384717284323007e-14
1.021945489139970267e-14
1.017529277513301143e-14
1.013136039310373354e-14
1.008765638009463351e-14
1.004417847214443882e-14
1.000092533877660674e-14
9.957896548051970496e-15
9.915089877126361926e-15
9.872504015462358727e-15
9.830137659085406945e-15
9.787989510571603100e-15
9.746058279035004560e-15
9.704341828155717256e-15
9.662839755392318566e-15
9.621550841141151363e-15
9.580473049467953054e-15
9.539605201991475896e-15
9.498946946100101261e-15
9.458495468027728808e-15
9.418251240413235442e-15
9.378212287166358161e-15
9.338377457936745111e-15
9.298744818192158814e-15
9.259314030279348505e-15
9.220083960323770411e-15
9.181052707900591721e-15
9.142219933825851237e-15
9.103583760073758910e-15
9.065143091735154638e-15
9.026896839099283933e-15
8.988844661274939138e-15
8.950983986123943208e-15
8.913314488708900993e-15
8.875835100038641142e-15
8.838544034562901153e-15
8.801440966045535257e-15
8.764524840812255160e-15
8.727793904558446011e-15
8.691247129555506753e-15
8.654884188273591289e-15
8.618702666841166366e-15
8.582702252595801242e-15
8.546882617217834390e-15
8.511241392053283824e-15
8.475778263475637687e-15
8.440492237559066756e-15
8.405381664941797664e-15
8.370445575836084656e-15
8.335683655560647317e-15
8.301094283282956849e-15
8.266676502925759960e-15
8.232429999300185263e-15
8.198352547955016078e-15
8.164443847404833688e-15
8.130702959592403877e-15
8.097128950946119621e-15
8.063720278892899942e-15
8.030476641218675811e-15
7.997396513065264972e-15
7.964478991789445551e-15
7.931723774804738333e-15
7.899129363439506464e-15
7.866694867815864197e-15
7.834418825320239883e-15
7.802301554671831012e-15
7.770341052586851386e-15
7.738537064317524338e-15
7.706888756023683018e-15
7.675394735514335932e-15
7.644054188830351271e-15
7.612866859828370651e-15
7.581831379742594025e-15
7.550946945678905447e-15
7.520212758389403471e-15
7.489628022267548076e-15
7.459191945343039389e-15
7.428903208546515788e-15
7.398761565483513419e-15
7.368766234967680284e-15
7.338915919990482876e-15
7.309209857700402152e-15
7.279647800726902460e-15
7.250227965299888479e-15
7.220950619353429693e-15
7.191814501731453825e-15
7.162818866739581188e-15
7.133962477960453782e-15
7.105245097616999640e-15
7.076665990110938895e-15
7.048223939527017199e-15
7.019918707564142008e-15
6.991749091783359933e-15
6.963714380094329332e-15
6.935813863604947888e-15
6.908047303492028086e-15
6.880413060210430575e-15
6.852910904621314616e-15
6.825540140577949522e-15
6.798299621218223023e-15
6.771189116991198963e-15
6.744207941178487556e-15
6.717354965803127531e-15
6.690629519779207006e-15
6.664031373242735110e-15
6.637558981592285671e-15
6.611212124030176780e-15
6.584990570552726077e-15
6.558892803795893617e-15
6.532918602721212688e-15
6.507067317130302246e-15
6.481337882483833585e-15
6.455729663192049673e-15
6.430242438017240411e-15
6.404875163033643636e-15
6.379627227463323487e-15
6.354498429509910402e-15
6.329487358087094258e-15
6.304593819488328508e-15
6.279817216787087132e-15
6.255156955689116758e-15
6.230612055188283853e-15
6.206182320939515765e-15
6.181866782454308186e-15
6.157664863775392710e-15
6.133576370183944642e-15
6.109600346754193600e-15
6.085736225045865212e-15
6.061983068077622677e-15
6.038341056938093221e-15
6.014808891070393346e-15
5.991386382886564698e-15
5.968072976242926305e-15
5.944867758928419542e-15
5.921770187037824093e-15
5.898780072667288569e-15
5.875896518114451770e-15
5.853118986535415324e-15
5.830446943414600666e-15
5.807879856561281205e-15
5.785417196105985905e-15
5.763058434496749832e-15
5.740802372065854038e-15
5.718649169428781182e-15
5.696598305858368842e-15
5.674649262929879255e-15
5.652800868110336272e-15
5.631053272814008909e-15
5.609405965396079672e-15
5.587857150008099004e-15
5.566408262267298240e-15
5.545057515038967238e-15
5.523804418461271129e-15
5.502648484746121549e-15
5.481589850139184275e-15
5.460626782905910680e-15
5.439760041290445349e-15
5.418989133477092468e-15
5.398312358880407110e-15
5.377729855858962188e-15
5.357241151150476368e-15
5.336845773541093171e-15
5.316543253861824792e-15
5.296333124984902039e-15
5.276214341831513951e-15
5.256187039496913091e-15
5.236250767239986019e-15
5.216405076267315293e-15
5.196648953260776210e-15
5.176982527271028291e-15
5.157404796236379007e-15
5.137915885420092518e-15
5.118514803894079670e-15
5.099201673233754044e-15
5.079974969113644843e-15
5.060835361090926454e-15
5.041782417332851037e-15
5.022814640432406233e-15
5.003932683873948735e-15
4.985135067865464354e-15
4.966422435372696846e-15
4.947793324000806761e-15
4.929248366392299736e-15
4.910786630443289426e-15
4.892407199337233645e-15
4.874110184157516866e-15
4.855895181231318747e-15
4.837761288759146753e-15
4.819709109473871329e-15
4.801737248370944156e-15
4.783845318278381950e-15
4.766033420575152211e-15
4.748300677931517705e-15
4.730647188637018137e-15
4.713072084952088832e-15
4.695575462158290007e-15
4.678155990592240684e-15
4.660814240109573691e-15
4.643549827115789952e-15
4.626361445025043412e-15
4.609249650207831488e-15
4.592213151185008662e-15
4.575252042036782821e-15
4.558366406594540927e-15
4.541554975695648017e-15
4.524818283943356656e-15
4.508155076826540740e-15
4.491565002334399406e-15
4.475048582422062783e-15
4.458604584161395375e-15
4.442233090591785939e-15
4.425933319216223214e-15
4.409705350448101856e-15
4.393548410207024772e-15
4.377462577422237907e-15
4.361447508841059552e-15
4.345502034747561096e-15
4.329626655418586083e-15
4.313820623682996956e-15
4.298083610859927767e-15
4.282415693672777680e-15
4.266816136917234218e-15
4.251284217000374510e-15
4.235820411079088546e-15
4.220423601737880491e-15
4.205094258685353720e-15
4.189831277178947665e-15
4.174635119613094906e-15
4.159504693766648107e-15
4.144439691519684533e-15
4.129440564489361068e-15
4.114506238905551501e-15
4.099636784884306725e-15
4.084831520020635297e-15
4.070090512201518051e-15
4.055413086226919704e-15
4.040799307812898753e-15
4.026248508889435080e-15
4.011760392407118591e-15
3.997334662509655028e-15
3.982971380692261594e-15
3.968669892875517785e-15
3.954429906818288753e-15
3.940251131464596666e-15
3.926133276941616209e-15
3.912076054557629858e-15
3.898079519860572499e-15
3.884142698263189744e-15
3.870265310994478813e-15
3.856447753796719094e-15
3.842689068291415137e-15
3.828989311599265650e-15
3.815348203191404132e-15
3.801765463702372991e-15
3.788240162066851240e-15
3.774773006572381077e-15
3.761363070412171428e-15
3.748010084766717187e-15
3.734714100341984168e-15
3.721474528078812171e-15
3.708291102398712185e-15
3.695163558786201839e-15
3.682091944489342220e-15
3.669075682600390086e-15
3.656114512619617088e-15
3.643208178283808471e-15
3.630356425150797014e-15
3.617558999796849916e-15
3.604815649814859932e-15
3.592126123812516008e-15
3.579489875588007585e-15
3.566906955201141356e-15
3.554377114255413628e-15
3.541900105361726850e-15
3.529475393451842285e-15
3.517103025337869269e-15
3.504782756604568742e-15
3.492513776919485283e-15
3.480296699393864104e-15
3.468130717347219417e-15
3.456015595398888013e-15
3.443951099089795013e-15
3.431937269863966468e-15
3.419973323474608883e-15
3.408059576546454601e-15
3.396195793377494372e-15
3.384381202430718452e-15
3.372615846450841741e-15
3.360899497419964870e-15
3.349231928228888387e-15
3.337612912675382398e-15
3.326042225462430952e-15
3.314519383322018090e-15
3.303044424739651563e-15
3.291617127091674704e-15
3.280237268652608938e-15
3.268904375862557798e-15
3.257618484537610902e-15
3.246379125884244708e-15
3.235186334420421021e-15
3.224039646071748683e-15
3.212939094091897904e-15
3.201883975258336514e-15
3.190874568314618482e-15
3.179910659384507761e-15
3.168991556474554151e-15
3.158117532147260235e-15
3.147287901771156710e-15
3.136502933857124994e-15
3.125761951053405584e-15
3.115065217888641026e-15
3.104412295319468819e-15
3.093802750630109156e-15
3.083236614115155432e-15
3.072713685133355670e-15
3.062233541105534736e-15
3.051796439405922125e-15
3.041401735356517168e-15
3.031049239077963160e-15
3.020738981843258742e-15
3.010470552180856939e-15
3.000243980239049003e-15
2.990058858615793387e-15
2.979915216363450018e-15
2.969812436064008083e-15
2.959750762253237095e-15
2.949730007072901938e-15
2.939749562797234677e-15
2.929809668616558295e-15
2.919909723161273107e-15
2.910049755465286796e-15
2.900229790399953892e-15
2.890449235999231571e-15
2.880708322801604925e-15
2.871006465023922533e-15
2.861343488427731812e-15
2.851719618510588200e-15
2.842134278613647873e-15
2.832587493724033461e-15
2.823078892718496638e-15
2.813608499619523563e-15
2.804175946922670255e-15
2.794781257710624873e-15
2.785424259658781993e-15
2.776104400146892491e-15
2.766821893591482460e-15
2.757576381372875138e-15
2.748367697103995522e-15
2.739195861170192297e-15
2.730060520176385687e-15
2.720961325657406406e-15
2.711898482843812035e-15
2.702871461574005695e-15
2.693880464111099126e-15
2.684924965751781431e-15
2.676005165841023893e-15
2.667120545074702899e-15
2.658270946437249281e-15
2.649456564967215031e-15
2.640676889330425824e-15
2.631931938032711655e-15
2.623221380710434921e-15
2.614545235073420393e-15
2.605903173936106115e-15
2.597295214931014404e-15
2.588721037501672974e-15
2.580180494099109368e-15
2.571673437721992567e-15
2.563199887897824861e-15
2.554759530852929633e-15
2.546352221241377598e-15
2.537977814260998529e-15
2.529636165652403471e-15
2.521327131697995503e-15
2.513050729643712894e-15
2.504806495100936735e-15
2.496594288689584322e-15
2.488414286976262384e-15
2.480266032587536635e-15
2.472149543634293858e-15
2.464064680145661977e-15
2.456011302684231373e-15
2.447988965679651351e-15
2.439997993339683047e-15
2.432037941989321771e-15
2.424108676848793057e-15
2.416210213554003989e-15
2.408342266716248536e-15
2.400504703056246925e-15
2.392697389787775990e-15
2.384920341209085972e-15
2.377173277287311398e-15
2.369456066725490415e-15
2.361768578716001847e-15
2.354110682939637490e-15
2.346482249564658637e-15
2.338883149245841558e-15
2.331313253123507591e-15
2.323772292639918950e-15
2.316260281643892885e-15
2.308777092711887003e-15
2.301322598902034220e-15
2.293896536657027864e-15
2.286498918610671758e-15
2.279129619245729155e-15
2.271788243860225467e-15
2.264474940535890363e-15
2.257189585157316197e-15
2.249932054083696528e-15
2.242701960395224421e-15
2.235499448058759881e-15
2.228324133971516218e-15
2.221176160078723423e-15
2.214055405042565720e-15
2.206961492103981176e-15
2.199894308476853510e-15
2.192853996200800713e-15
2.185840439768475986e-15
2.178853273133424243e-15
2.171892385793978089e-15
2.164957915869778274e-15
2.158049502678472407e-15
2.151167282426093893e-15
2.144310897968786278e-15
2.137480240781440615e-15
2.130675202722369061e-15
2.123895916236046436e-15
2.117141792229148549e-15
2.110413440410410095e-15
2.103710037510039452e-15
2.097031716211392324e-15
2.090378604416457612e-15
2.083750127938713124e-15
2.077146647914476642e-15
2.070567825939147226e-15
2.064013557717152835e-15
2.057483511873311754e-15
2.050978041007483457e-15
2.044496813254570475e-15
2.038039725819222121e-15
2.031606453709261586e-15
2.025197341218287139e-15
2.018811842716824953e-15
2.012450298429474315e-15
2.006112168251239119e-15
1.999797571765291554e-15
1.993506193292113990e-15
1.987238365061140883e-15
1.980993557814292855e-15
1.974771887873795819e-15
1.968573256467588706e-15
1.962397355459675344e-15
1.956244298787804806e-15
1.950113781268102740e-15
1.944005915272833613e-15
1.937920603807352784e-15
1.931857546070613471e-15
1.925816852142137962e-15
1.919798224099512595e-15
1.913801770516840104e-15
1.907827196321527194e-15
1.901874608605609697e-15
1.895943715117779616e-15
1.890034424834412238e-15
1.884146843251435998e-15
1.878280685247808918e-15
1.872435864303105748e-15
1.866612486694700140e-15
1.860810271941635878e-15
1.855029134424028049e-15
1.849269178267698057e-15
1.843529938528519819e-15
1.837811708376852292e-15
1.832114213927797352e-15
1.826437371040222986e-15
1.820781095863715696e-15
1.815145304838106000e-15
1.809530097234914360e-15
1.803935024025062576e-15
1.798360186027875371e-15
1.792805680505926107e-15
1.787271065062260606e-15
1.781756438487172486e-15
1.776261719238193356e-15
1.770786826059028121e-15
1.765331677979021118e-15
1.759896194312603130e-15
1.754480294658744107e-15
1.749083726657016664e-15
1.743706584524374966e-15
1.738348788694146239e-15
1.733010090333762430e-15
1.727690750425212337e-15
1.722390352028183185e-15
1.717108819334729563e-15
1.711846408841694682e-15
1.706602709714651920e-15
1.701377646923113000e-15
1.696171309125582071e-15
1.690983619230775082e-15
1.685814338683645243e-15
1.680663393474255011e-15
1.675530869900444841e-15
1.670416691947259007e-15
1.665320625474286543e-15
1.660242597485198071e-15
1.655182691987808900e-15
1.650140678089432436e-15
1.645116483542117244e-15
1.640110190674084509e-15
1.635121571793350378e-15
1.630150555396372797e-15
1.625197070222254851e-15
1.620261196413728284e-15
1.615342710958764426e-15
1.610441545774176173e-15
1.605557633491242021e-15
1.600690906965121953e-15
1.595841446573824098e-15
1.591008890261451178e-15
1.586193465400917268e-15
1.581394813418286915e-15
1.576613014823048287e-15
1.571848147352996195e-15
1.567099857589566074e-15
1.562368366530428497e-15
1.557653324149390979e-15
1.552954808329860810e-15
1.548272754366103630e-15
1.543607097771861171e-15
1.538957774279946965e-15
1.534324582080129981e-15
1.529707596513281144e-15
1.525106753954955173e-15
1.520521990998234195e-15
1.515953109486497643e-15
1.511400182791064660e-15
1.506863148143297945e-15
1.502341810078475432e-15
1.497836240525672635e-15
1.493346377351110353e-15
1.488872027743780801e-15
1.484413131996052997e-15
1.479969760155577876e-15
1.475541850922038546e-15
1.471129214956839298e-15
1.466731793337786398e-15
1.462349654285957277e-15
1.457982737328363764e-15
1.453630730863791236e-15
1.449293828726143889e-15
1.444971971053356826e-15
1.440664850650416150e-15
1.436372658120365366e-15
1.432095211684933346e-15
1.427832454154183458e-15
1.423584449815328390e-15
1.419351019339606565e-15
1.415132106108601216e-15
1.410927653690301433e-15
1.406737605838800430e-15
1.402561906493984924e-15
1.398400499781222752e-15
1.394253447089684942e-15
1.390120458530388926e-15
1.386001598255205287e-15
1.381896928604009844e-15
1.377806165538967420e-15
1.373729372325374056e-15
1.369666496494520718e-15
1.365617485748867976e-15
1.361582287961758263e-15
1.357560739276276306e-15
1.353553012267794971e-15
1.349558832072098767e-15
1.345578259134715023e-15
1.341611242169791399e-15
1.337657620926221667e-15
1.333717454678844047e-15
1.329790692639322236e-15
1.325877176676601065e-15
1.321976964919939484e-15
1.318090007076035862e-15
1.314216147104631580e-15
1.310355442013929439e-15
1.306507737138573138e-15
1.302673088749844950e-15
1.298851343544662019e-15
1.295042557067935330e-15
1.291246577366341574e-15
1.287463356978754444e-15
1.283692950375737231e-15
1.279935207601226555e-15
1.276190182425121227e-15
1.272457726210385957e-15
1.268737792250777922e-15
1.265030433279783768e-15
1.261335403809446921e-15
1.257652855674695292e-15
1.253982643471275556e-15
1.250324818582405211e-15
1.246679140011841328e-15
1.243045756308802411e-15
1.239424428685732216e-15
1.235815304075213519e-15
1.232218240854213549e-15
1.228633193936818853e-15
1.225060024334425656e-15
1.221498875805469222e-15
1.217949609185572578e-15
1.214412179965163851e-15
1.210886451561783554e-15
1.207372564636761370e-15
1.203870291124079777e-15
1.200379679551547220e-15
1.196900777819192688e-15
1.193433272517953440e-15
1.189977392922353898e-15
1.186532917634050978e-15
1.183099894895788965e-15
1.179678283100393935e-15
1.176268040773688191e-15
1.172869039192288909e-15
1.169481325380018340e-15
1.166104771719891787e-15
1.162739424635602410e-15
1.159385243300777004e-15
1.156042101742883215e-15
1.152709960640784768e-15
1.149388865243027666e-15
1.146078775235038446e-15
1.142779566798157634e-15
1.139491201094763695e-15
1.136213722230895976e-15
1.132947007974820453e-15
1.129691101873256145e-15
1.126445882742768142e-15
1.123211312342916222e-15
1.119987352549627403e-15
1.116774045807933651e-15
1.113571272996670608e-15
1.110378996346153953e-15
1.107197178202395282e-15
1.104025859939278882e-15
1.100864845929025731e-15
1.097714256312457535e-15
1.094573974990430752e-15
1.091443964890954295e-15
1.088324189056682040e-15
1.085214610644735915e-15
1.082115192926527229e-15
1.079025899287577401e-15
1.075946693227333762e-15
1.072877538358984961e-15
1.069818398409273610e-15
1.066769162735280260e-15
1.063729944612849591e-15
1.060700559494931368e-15
1.057681046037971416e-15
1.054671368528017487e-15
1.051671491363548753e-15
1.048681306683262599e-15
1.045700852172626724e-15
1.042730092560727566e-15
1.039768992855354539e-15
1.036817447840777478e-15
1.033875495253978474e-15
1.030943030927848919e-15
1.028020092124056771e-15
1.025106645208427325e-15
1.022202587323793769e-15
1.019307886034643317e-15
1.016422577671501898e-15
1.013546629010301703e-15
1.010679938910365263e-15
1.007822475324299558e-15
1.004974273676835970e-15
1.002135234092521256e-15
9.993053915524625860e-16
9.964846470171791860e-16
9.936729689187932487e-16
9.908703257829377500e-16
9.880767517166501434e-16
9.852920841469340032e-16
9.825164874203125058e-16
9.797497349038027942e-16
9.769918607722748937e-16
9.742428980723064593e-16
9.715026877685988734e-16
9.687713267523639005e-16
9.660487204367964475e-16
9.633348382849776716e-16
9.606295873851691343e-16
9.579330626115879332e-16
9.552451709410495024e-16
9.525658822038876161e-16
9.498951050201378508e-16
9.472329322939022746e-16
9.445792118104651643e-16
9.419340355060745515e-16
9.392972524920119947e-16
9.366688938689388219e-16
9.340488705010259415e-16
9.314372724181283697e-16
9.288339513420932260e-16
9.262389376013081141e-16
9.236522020152928265e-16
9.210736572737632992e-16
9.185033331385298788e-16
9.159411430160588423e-16
9.133871162954430859e-16
9.108412242353746786e-16
9.083033813080623027e-16
9.057736163550410339e-16
9.032518446591317214e-16
9.007380952459726155e-16
8.982322846352715277e-16
8.957344416001596295e-16
8.932444833434686941e-16
8.907623832303308454e-16
8.882881694982097375e-16
8.858217603617529190e-16
8.833631294197087405e-16
8.809123043846522354e-16
8.784692044701739969e-16
8.760338035076362559e-16
8.736061286952738760e-16
8.711860471884082095e-16
8.687736393840482837e-16
8.663688261300067908e-16
8.639715816405285755e-16
8.615818802053510905e-16
8.591996961895953369e-16
8.568250556262156981e-16
8.544578296079558326e-16
8.520980445568938107e-16
8.497457260216530024e-16
8.474007467423477019e-16
8.450631326524186728e-16
8.427328586415279447e-16
8.404098996738097640e-16
8.380942307877516725e-16
8.357858270960738124e-16
8.334846637856055675e-16
8.311906180307774577e-16
8.289038617885924305e-16
8.266241747397157855e-16
8.243517271902861669e-16
8.220863007572787490e-16
8.198279682524032280e-16
8.175767053711008442e-16
8.153323928952126485e-16
8.130951970737294605e-16
8.108649042771883776e-16
8.086415854730190164e-16
8.064252167145637808e-16
8.042156812888162648e-16
8.020131414948628358e-16
7.998173883443193307e-16
7.976283994364162710e-16
7.954463347479373528e-16
7.932709880198428590e-16
7.911024273736199797e-16
7.889405395052388236e-16
7.867854814217157279e-16
7.846369616743604475e-16
7.824952260279066313e-16
7.803600739655604923e-16
7.782315719521674972e-16
7.761096099143468383e-16
7.739942536418706422e-16
7.718853939836328390e-16
7.697830960619581332e-16
7.676873375668106444e-16
7.655980107179101830e-16
7.635151796534180140e-16
7.614387374947153558e-16
7.593687477311456920e-16
7.573051043776625706e-16
7.552478702820941793e-16
7.531969403449500896e-16
7.511523767797543681e-16
7.491140753646332183e-16
7.470820976859291117e-16
7.450563403915153058e-16
7.430367830575040036e-16
7.410234863398839185e-16
7.390163481738516837e-16
7.370154286056647114e-16
7.350206264209664180e-16
7.330319214849778506e-16
7.310493729394492963e-16
7.290728808287988684e-16
7.271024251896552557e-16
7.251380642744041999e-16
7.231796993694544104e-16
7.212273106820924059e-16
7.192808784746054675e-16
7.173404598349185818e-16
7.154059576780285131e-16
7.134773524358803923e-16
7.115547003413199360e-16
7.096379055131083759e-16
7.077269485520438574e-16
7.058218101133728890e-16
7.039224709067195415e-16
7.020289857680160209e-16
7.001411870414707104e-16
6.982592034167131463e-16
6.963829417529460113e-16
6.945123830353444628e-16
6.926475083029743951e-16
6.907883707652412531e-16
6.889348070153356503e-16
6.870868707414541710e-16
6.852446146045294592e-16
6.834078775710364150e-16
6.815767833031850525e-16
6.797512423518515518e-16
6.779311665732453608e-16
6.761166779048514396e-16
6.743076879952365502e-16
6.725041097798204722e-16
6.707060634980098472e-16
6.689133935078020880e-16
6.671262189311277353e-16
6.653443854429764393e-16
6.635680110593167549e-16
6.617969427600093274e-16
6.600312305885472048e-16
6.582708568683007852e-16
6.565158039735113453e-16
6.547660543292015050e-16
6.530215904110886496e-16
6.512823947454961831e-16
6.495483847791152672e-16
6.478196088421076110e-16
6.460960496079161208e-16
6.443776898002582025e-16
6.426645121930348457e-16
6.409564358981987199e-16
6.392535080608227570e-16
6.375557116007486933e-16
6.358629666101666742e-16
6.341753821389802972e-16
6.324928157741294551e-16
6.308153135077671628e-16
6.291427967206206040e-16
6.274753109501127995e-16
6.258128394551658085e-16
6.241553045673266817e-16
6.225028118634113815e-16
6.208551626151527659e-16
6.192125224046692138e-16
6.175747541031611222e-16
6.159418420434795574e-16
6.143138299971066730e-16
6.126907016027705843e-16
6.110723816665456286e-16
6.094589133178449819e-16
6.078502219671632764e-16
6.062463503204509849e-16
6.046472822506472506e-16
6.030529440669530409e-16
6.014633205303324602e-16
5.998784537197384867e-16
5.982982710743479857e-16
5.967228143024493967e-16
5.951520114248799611e-16
5.935859037423219138e-16
5.920244198522761288e-16
5.904676006522278756e-16
5.889153753113887978e-16
5.873677291661395417e-16
5.858247025156046183e-16
5.842862253756804750e-16
5.827522832032091849e-16
5.812229157086305697e-16
5.796980537437010326e-16
5.781776828851936634e-16
5.766618422643690721e-16
5.751504635581603708e-16
5.736435324627267600e-16
5.721410875394877792e-16
5.706430612800096301e-16
5.691494394992792092e-16
5.676602080506964028e-16
5.661753528260223188e-16
5.646949114551112454e-16
5.632188177621101046e-16
5.617470577566890713e-16
5.602796174866480111e-16
5.588165338551311078e-16
5.573576911334513925e-16
5.559031769020262174e-16
5.544529265464139254e-16
5.530069263072748005e-16
5.515651624630448154e-16
5.501276213298789329e-16
5.486942892615919408e-16
5.472652017510288249e-16
5.458402468143232506e-16
5.444195089127776702e-16
5.430028769773097598e-16
5.415904347080368709e-16
5.401820719425659910e-16
5.387778237711365890e-16
5.373777244988277752e-16
5.359816653082795254e-16
5.345897280295966659e-16
5.332018047322004945e-16
5.318179765111616730e-16
5.304381363148505169e-16
5.290623180634172175e-16
5.276905087083916388e-16
5.263226953978657930e-16
5.249588653556280235e-16
5.235990058409535816e-16
5.222430586799992674e-16
5.208911023329153834e-16
5.195430334191877316e-16
5.181988848052852881e-16
5.168586439243288222e-16
5.155222982445708261e-16
5.141897909454215119e-16
5.128611542644844374e-16
5.115363757724123541e-16
5.102154430747533743e-16
5.088983438118849039e-16
5.075850222647919893e-16
5.062755099042175292e-16
5.049697944720862326e-16
5.036678208983342450e-16
5.023696202022432145e-16
5.010751802267807758e-16
4.997844465427682674e-16
4.984974497251499943e-16
4.972141777174234610e-16
4.959345767233312542e-16
4.946586768804823634e-16
4.933864662323810497e-16
4.921178916078299518e-16
4.908529827139831887e-16
4.895916867912344358e-16
4.883340332627347716e-16
4.870799697770712845e-16
4.858295254763776534e-16
4.845826484140658453e-16
4.833393674542024793e-16
4.820996709347702400e-16
4.808635075113200037e-16
4.796308660879676817e-16
4.784017749813650538e-16
4.771761834394646011e-16
4.759541195095012980e-16
4.747355328310632429e-16
4.735204124561080511e-16
4.723087860318979050e-16
4.711006421839231429e-16
4.698958930802312100e-16
4.686946426266071284e-16
4.674967652862154943e-16
4.663023262994553461e-16
4.651112768383110115e-16
4.639236062298449928e-16
4.627393412922704427e-16
4.615584340059553238e-16
4.603809109767937358e-16
4.592066877204293577e-16
4.580358277319365503e-16
4.568682837246997320e-16
4.557040454267571352e-16
4.545431388178745914e-16
4.533855171538794639e-16
4.522311702453107352e-16
4.510800879294380380e-16
4.499322600702243817e-16
4.487877120374339144e-16
4.476463979749071278e-16
4.465083078284533223e-16
4.453734315704090214e-16
4.442417591995976408e-16
4.431132807412911796e-16
4.419879862471691994e-16
4.408659002584391172e-16
4.397469438106261344e-16
4.386311758194717904e-16
4.375185179431438742e-16
4.364090285822729395e-16
4.353026300123731482e-16
4.341993801239046551e-16
4.330992352833335607e-16
4.320021524392756331e-16
4.309081887260921065e-16
4.298173010062343320e-16
4.287294467166999901e-16
4.276446822465799903e-16
4.265629322887382058e-16
4.254842202161948676e-16
4.244085688888457208e-16
4.233359038850282759e-16
4.222662482497791500e-16
4.211995925285806232e-16
4.201359272924715543e-16
4.190752114067381050e-16
4.180174990861693702e-16
4.169627176447577302e-16
4.159108894848347558e-16
4.148620053028081873e-16
4.138160558203791106e-16
4.127730317844961541e-16
4.117328931356459822e-16
4.106956617552486367e-16
4.096613284640215945e-16
4.086298536931178753e-16
4.076012592168803029e-16
4.065755361683046347e-16
4.055526757043209150e-16
4.045326390459712009e-16
4.035154476023901802e-16
4.025010926004117708e-16
4.014895356962681859e-16
4.004807980000951226e-16
3.994748708082850979e-16
3.984717162070642050e-16
3.974713550121169828e-16
3.964737495929490811e-16
3.954789205709052105e-16
3.944868593570031247e-16
3.934975287422379396e-16
3.925109490609209162e-16
3.915270833817268008e-16
3.905459518495178649e-16
3.895675178084456897e-16
3.885918012158436941e-16
3.876187656891561355e-16
3.866484310000872066e-16
3.856807610372070374e-16
3.847157753884684777e-16
3.837534382114188701e-16
3.827937415222667338e-16
3.818367046360753507e-16
3.808822921091367467e-16
3.799305230773748867e-16
3.789813623607747754e-16
3.780348289179284396e-16
3.770908610991044898e-16
3.761495312580598846e-16
3.752107513803999894e-16
3.742745668052899708e-16
3.733409431299292920e-16
3.724098987901434446e-16
3.714813735486260200e-16
3.705554119713927758e-16
3.696320060430895615e-16
3.687110962195300303e-16
3.677927264966598041e-16
3.668768633549695993e-16
3.659634991743478011e-16
3.650526517169188334e-16
3.641442625737997208e-16
3.632383748075366336e-16
3.623349555141978870e-16
3.614339971719664493e-16
3.605355171728265026e-16
3.596394584078757204e-16
3.587458632525483728e-16
3.578546750717292815e-16
3.569659358796775335e-16
3.560796138356281201e-16
3.551957017745814758e-16
3.543141925497150665e-16
3.534350790323571108e-16
3.525583541119598080e-16
3.516840106960711857e-16
3.508120417103082290e-16
3.499424400983294678e-16
3.490752224137935433e-16
3.482103343580203913e-16
3.473477926153855673e-16
3.464875902014313681e-16
3.456297201496010204e-16
3.447741755112106276e-16
3.439209493554194883e-16
3.430700347692018458e-16
3.422214020088851390e-16
3.413750899849928423e-16
3.405310462312595664e-16
3.396893093290651026e-16
3.388498272105161562e-16
3.380126157342375301e-16
3.371776681099286291e-16
3.363449775648755261e-16
3.355145152136997849e-16
3.346862966250718036e-16
3.338603370322275752e-16
3.330365638678197895e-16
3.322150363090247511e-16
3.313957040385894834e-16
3.305785822710470243e-16
3.297636643710561284e-16
3.289509437205999709e-16
3.281403923676051998e-16
3.273320252493376982e-16
3.265258357984714135e-16
3.257217963665200485e-16
3.249199216861090574e-16
3.241202052403541260e-16
3.233226196808635771e-16
3.225271795386431816e-16
3.217338576630915682e-16
3.209426684521029074e-16
3.201536054719486361e-16
3.193666418664019230e-16
3.185817918681700567e-16
3.177990289723047840e-16
3.170183674382183073e-16
3.162397809835606784e-16
3.154632837376623662e-16
3.146888695676552633e-16
3.139165124755113592e-16
3.131462065955585109e-16
3.123779658007775181e-16
3.116117643732010291e-16
3.108476160595145931e-16
3.100854953270124753e-16
3.093254157973205771e-16
3.085673521215793673e-16
3.078112985343350223e-16
3.070572684714247687e-16
3.063052368566489864e-16
3.055552170038206925e-16
3.048071840171056708e-16
3.040611322018824606e-16
3.033170558772550909e-16
3.025749681155983527e-16
3.018348630427739985e-16
3.010966976146170569e-16
3.003605034653100307e-16
2.996262563181498248e-16
2.988939505760611797e-16
2.981635989584938076e-16
2.974351592179688959e-16
2.967086623329068235e-16
2.959841025472067977e-16
2.952614380841717909e-16
2.945406995361982749e-16
2.938218454367222451e-16
2.931049061230904973e-16
2.923898581741785553e-16
2.916767137981959388e-16
2.909654321423570470e-16
2.902560255109488399e-16
2.895485059461180729e-16
2.888428504425015707e-16
2.881390362812229767e-16
2.874370928030572595e-16
2.867369972478281371e-16
2.860387442627332986e-16
2.853423285082012079e-16
2.846477446578704460e-16
2.839549873985696932e-16
2.832640514302968737e-16
2.825749314661989905e-16
2.818876222586894856e-16
2.812021186776379144e-16
2.805184156315789125e-16
2.798365080415050044e-16
2.791563908408473747e-16
2.784780589754569353e-16
2.778014747198519534e-16
2.771266985390261831e-16
2.764536926048184249e-16
2.757824196079307310e-16
2.751129392906150173e-16
2.744451821878266695e-16
2.737792075651735958e-16
2.731149464813168070e-16
2.724524260460184442e-16
2.717916413267307501e-16
2.711325874031207391e-16
2.704752593670506238e-16
2.698196523225575997e-16
2.691657613858333356e-16
2.685135507305532873e-16
2.678630466911636788e-16
2.672142751344896188e-16
2.665671696733886367e-16
2.659217563180091476e-16
2.652780302555706233e-16
2.646359564413033896e-16
2.639955906911835125e-16
2.633568678561639202e-16
2.627198134139771947e-16
2.620844226102915832e-16
2.614506907026996065e-16
2.608185834097957716e-16
2.601881257915484419e-16
2.595593424634513754e-16
2.589321407581404016e-16
2.583066039621352689e-16
2.576826980790546559e-16
2.570603895731181850e-16
2.564397028921110893e-16
2.558206047440109613e-16
2.552031479183046975e-16
2.545872706024021521e-16
2.539729968444662669e-16
2.533603220511101701e-16
2.527492135334967386e-16
2.521396950443532081e-16
2.515317620238255076e-16
2.509253821388485421e-16
2.503206065288627070e-16
2.497173752244063963e-16
2.491156841268342014e-16
2.485155838880820646e-16
2.479169880479236484e-16
2.473199743245849825e-16
2.467244839542222093e-16
2.461305398484814835e-16
2.455381376735430708e-16
2.449472463676813028e-16
2.443578885622889958e-16
2.437700599550644654e-16
2.431837298212143968e-16
2.425989205155578111e-16
2.420156015353402480e-16
2.414337950526017062e-16
2.408534968168201479e-16
2.402746766557126462e-16
2.396973564707645118e-16
2.391215063074766554e-16
2.385471735254961196e-16
2.379742770147735982e-16
2.374028640558477324e-16
2.368329304697577053e-16
2.362644468397580388e-16
2.356974344489318789e-16
2.351318891490815191e-16
2.345677818413962397e-16
2.340051086837650920e-16
2.334438906140005598e-16
2.328841235238973743e-16
2.323257787320988146e-16
2.317688524317190368e-16
2.312133652212983113e-16
2.306593130323669831e-16
2.301066675946465102e-16
2.295554251362973778e-16
2.290056299512989282e-16
2.284572059241840071e-16
2.279101972759502438e-16
2.273645999972423599e-16
2.268203627562708225e-16
2.262775528325902635e-16
2.257361190029075781e-16
2.251960575649214883e-16
2.246573881342405323e-16
2.241200835384557227e-16
2.235841401006116358e-16
2.230495771979805326e-16
2.225163909082228315e-16
2.219845544470095441e-16
2.214540641864946236e-16
2.209249392653867385e-16
2.203971532741730910e-16
2.198707026831913580e-16
2.193456064137735211e-16
2.188218383388202438e-16
2.182993949527050798e-16
2.177782949476003306e-16
2.172585124756075588e-16
2.167400660781157733e-16
2.162229300919296404e-16
2.157071010516137471e-16
2.151925972743147864e-16
2.146793933707585764e-16
2.141674858992941068e-16
2.136568714258488805e-16
2.131475679727484071e-16
2.126395505107888139e-16
2.121328369172805678e-16
2.116274023414983432e-16
2.111232433890734805e-16
2.106203566731592568e-16
2.101187597838022431e-16
2.096184282222200110e-16
2.091193586250311464e-16
2.086215476363386510e-16
2.081250125638503547e-16
2.076297086768262847e-16
2.071356943785084446e-16
2.066429046079789118e-16
2.061513769740420839e-16
2.056610673943957360e-16
2.051720131862947353e-16
2.046842108272810308e-16
2.041976167150200735e-16
2.037122677348763796e-16
2.032281206007872892e-16
2.027452119125628843e-16
2.022635184440191363e-16
2.017830566179660813e-16
2.013037837744567799e-16
2.008257359501471462e-16
2.003488902463755777e-16
1.998732434439577282e-16
1.993987923310072748e-16
1.989255337029263038e-16
1.984534835256161962e-16
1.979826002110351964e-16
1.975129188318559505e-16
1.970443981007466095e-16
1.965770728299994650e-16
1.961109208898976949e-16
1.956459391883392154e-16
1.951821433085277077e-16
1.947194927661038897e-16
1.942580032280703618e-16
1.937976900906290842e-16
1.933385133069252762e-16
1.928805066792657840e-16
1.924236304496623922e-16
1.919679181603595773e-16
1.915133303400164020e-16
1.910599002729498527e-16
1.906076067571345093e-16
1.901564467844768960e-16
1.897064173537518780e-16
1.892574976855056705e-16
1.888097204284614994e-16
1.883630647505252121e-16
1.879175276778484260e-16
1.874731062434022633e-16
1.870297800296069794e-16
1.865875810625307384e-16
1.861464888731586346e-16
1.857065005216405138e-16
1.852675958750731619e-16
1.848298064705274940e-16
1.843931121246083910e-16
1.839574929151506419e-16
1.835229800177082787e-16
1.830895365767294658e-16
1.826571767081236339e-16
1.822259142840075579e-16
1.817957128446690807e-16
1.813665863378485612e-16
1.809385318968661453e-16
1.805115466617015181e-16
1.800856277789836243e-16
1.796607560115281929e-16
1.792369613606858965e-16
1.788142082721431158e-16
1.783925265182620751e-16
1.779718807991960850e-16
1.775522845701214452e-16
1.771337350232094701e-16
1.767162293571985684e-16
1.762997488647352542e-16
1.758843226416283853e-16
1.754699161391682326e-16
1.750565424942118170e-16
1.746441989449967742e-16
1.742328671446856094e-16
1.738225756825645480e-16
1.734132906674812353e-16
1.730050250215764880e-16
1.725977760517193581e-16
1.721915410710752652e-16
1.717863021193282203e-16
1.713820719143473790e-16
1.709788477874593657e-16
1.705766270762479265e-16
1.701753920682189829e-16
1.697751702813975087e-16
1.693759140683968331e-16
1.689776657940968836e-16
1.685804078255511076e-16
1.681841227551103698e-16
1.677888228536025630e-16
1.673944908333715925e-16
1.670011388678307670e-16
1.666087643546456977e-16
1.662173646976302049e-16
1.658269228471194927e-16
1.654374507847686871e-16
1.650489459321456138e-16
1.646613914156423193e-16
1.642747990750418567e-16
1.638891663495844093e-16
1.635044906845868790e-16
1.631207554383914652e-16
1.627379582230980392e-16
1.623561106457737888e-16
1.619752101747273369e-16
1.615952542842946722e-16
1.612162266175666314e-16
1.608381385992782941e-16
1.604609739848509620e-16
1.600847441086984199e-16
1.597094464739504984e-16
1.593350650032866093e-16
1.589615973605133749e-16
1.585890681890934443e-16
1.582174479907268032e-16
1.578467344447158906e-16
1.574769385755345421e-16
1.571080446343592331e-16
1.567400768020070158e-16
1.563729929026634176e-16
1.560068170793340561e-16
1.556415468973538709e-16
1.552771668838255521e-16
1.549136877988298919e-16
1.545510943118988604e-16
1.541893971056781705e-16
1.538285809545926299e-16
1.534686564572133010e-16
1.531096084920980331e-16
1.527514475744411580e-16
1.523941586861795878e-16
1.520377522598227302e-16
1.516822133799378575e-16
1.513275523970353923e-16
1.509737544975703284e-16
1.506208175028671354e-16
1.502687516414466871e-16
1.499175422509554804e-16
1.495671994796044786e-16
1.492177087650995918e-16
1.488690801760070304e-16
1.485212992493684855e-16
1.481743638395450833e-16
1.478282838966132913e-16
1.474830571524529306e-16
1.471386573368408908e-16
1.467951063740739489e-16
1.464524020114280749e-16
1.461105182538877206e-16
1.457694767792539262e-16
1.454292753501257423e-16
1.450898999890822638e-16
1.447513485969962751e-16
1.444136307398041856e-16
1.440767209637727560e-16
1.437406520389669092e-16
1.434053870289335242e-16
1.430709469685520282e-16
1.427373182096089982e-16
1.424045100948887830e-16
1.420724977000044443e-16
1.417413017457365608e-16
1.414109200552354206e-16
1.410813279643997273e-16
1.407525459618114650e-16
1.404245718855712659e-16
1.400973813289824320e-16
1.397709945511806641e-16
1.394453983601613027e-16
1.391205907335441028e-16
1.387965696532722459e-16
1.384733440316405495e-16
1.381509008544788949e-16
1.378292381170262210e-16
1.375083538188034281e-16
1.371882567331746274e-16
1.368689340211979676e-16
1.365503836957049966e-16
1.362326037738036772e-16
1.359155922768729388e-16
1.355993578078306749e-16
1.352838772040157826e-16
1.349691696164064784e-16
1.346552225065678344e-16
1.343420443436514382e-16
1.340296122853857822e-16
1.337179451983026777e-16
1.334070203983492686e-16
1.330968566112981293e-16
1.327874415504380223e-16
1.324787732845931522e-16
1.321708498867865097e-16
1.318636795647244646e-16
1.315572401025093842e-16
1.312515397526738211e-16
1.309465866269210056e-16
1.306423687254197907e-16
1.303388841466707610e-16
1.300361210787018838e-16
1.297340974930771703e-16
1.294328015504823730e-16
1.291322313660055534e-16
1.288323850588665555e-16
1.285332704908696528e-16
1.282348662777275503e-16
1.279371803244449852e-16
1.276402107667080650e-16
1.273439653442107691e-16
1.270484229667115603e-16
1.267535914165307636e-16
1.264594783430826761e-16
1.261660628738553145e-16
1.258733527004638788e-16
1.255813459871752029e-16
1.252900502647407845e-16
1.249994449472688010e-16
1.247095376071510443e-16
1.244203356874060437e-16
1.241318188143766216e-16
1.238439944723060444e-16
1.235568608537370760e-16
1.232704161552267965e-16
1.229846586015813949e-16
1.226995865184115032e-16
1.224151982591209006e-16
1.221314831789264119e-16
1.218484576736850877e-16
1.215661110734334607e-16
1.212844328396940679e-16
1.210034391868101471e-16
1.207231107088552480e-16
1.204434546891990190e-16
1.201644695088061411e-16
1.198861535521101634e-16
1.196085052070084986e-16
1.193315141783870265e-16
1.190551962648708002e-16
1.187795325224219066e-16
1.185045300388660188e-16
1.182301872189987634e-16
1.179565024710507635e-16
1.176834742066827079e-16
1.174110923682230481e-16
1.171393639070826254e-16
1.168682956575617623e-16
1.165978608064939947e-16
1.163280830204352879e-16
1.160589523184642695e-16
1.157904588417857366e-16
1.155226093817823797e-16
1.152554023800915526e-16
1.149888362817320121e-16
1.147229013580749436e-16
1.144576042958451570e-16
1.141929435498474010e-16
1.139289094878071672e-16
1.136655167807733749e-16
1.134027477411689063e-16
1.131406089273330366e-16
1.128790908340059488e-16
1.126182079169836369e-16
1.123579427291824500e-16
1.120982938358643283e-16
1.118392755334848294e-16
1.115808705529851066e-16
1.113230774683243410e-16
1.110659104184600877e-16
1.108093523104419021e-16
1.105534094531716480e-16
1.102980726511037076e-16
1.100433481643265631e-16
1.097892345025461324e-16
1.095357224964793454e-16
1.092828180116435680e-16
1.090305191816456057e-16
1.087788166072281477e-16
1.085277160215800887e-16
1.082772080872288503e-16
1.080273059505201311e-16
1.077779853932004000e-16
1.075292669490419943e-16
1.072811339452343180e-16
1.070335846286912761e-16
1.067866245776428946e-16
1.065402519693160428e-16
1.062944577094389797e-16
1.060492473112517583e-16
1.058046117401687287e-16
1.055605564664460227e-16
1.053170725147748846e-16
1.050741653127749564e-16
1.048318330676527061e-16
1.045900668923923268e-16
1.043488721514429089e-16
1.041082400160530615e-16
1.038681687849081270e-16
1.036286637597731126e-16
1.033897231731094246e-16
1.031513383115030651e-16
1.029135074892868640e-16
1.026762359260028688e-16
1.024395218707863797e-16
1.022033567239898989e-16
1.019677388154814295e-16
1.017326732838958299e-16
1.014981583949118983e-16
1.012641789037480459e-16
1.010307534277547691e-16
1.007978600438699323e-16
1.005655105486322074e-16
1.003337032280867596e-16
1.001024297328123512e-16
9.987168842709059870e-17
9.964148427207558657e-17
9.941180899997808137e-17
9.918266753340271692e-17
9.895405165860513271e-17
9.872595975868683683e-17
9.849839669887841226e-17
9.827135434569198828e-17
9.804483109338918686e-17
9.781883175051081530e-17
9.759334851628981281e-17
9.736838742669106926e-17
9.714393565029644522e-17
9.692001213934557895e-17
9.669659778347934280e-17
9.647370512255426615e-17
9.625132775333525328e-17
9.602946559273655240e-17
9.580812476802546944e-17
9.558729893872473799e-17
9.536698801840635052e-17
9.514719806609330535e-17
9.492792280341181759e-17
9.470916214065803620e-17
9.449091598697220703e-17
9.427319031151327696e-17
9.405597891762584578e-17
9.383928171126219985e-17
9.362310459513847792e-17
9.340743545624548626e-17
9.319228617217668925e-17
9.297765658207531177e-17
9.276353469524524068e-17
9.254993226128820757e-17
9.233683737016423344e-17
9.212426168679547859e-17
9.191220504628902274e-17
9.170065565872821284e-17
9.148962506343660923e-17
9.127910154970619490e-17
9.106909657376672955e-17
9.085960423519717896e-17
9.065063013620520587e-17
9.044216272300879770e-17
9.023421328775284629e-17
9.002677600643730391e-17
8.981984513313604405e-17
8.961343183839243052e-17
8.940753594817772023e-17
8.920214613974041384e-17
8.899726790889793040e-17
8.879290667289545414e-17
8.858905122250188566e-17
8.838571248941126836e-17
8.818288481736816998e-17
8.798056808461225493e-17
8.777876216845227011e-17
8.757746694527257768e-17
8.737668229053976178e-17
8.717640807880922289e-17
8.697664329640337527e-17
8.677738338499680016e-17
8.657862824124727685e-17
8.638036177532778885e-17
8.618258922494683954e-17
8.598529460539132849e-17
8.578848311213171799e-17
8.559213886485516336e-17
8.539626701716646514e-17
8.520085179244839673e-17
8.500589312053227365e-17
8.481139087461886197e-17
8.461732943233309916e-17
8.442371384419559652e-17
8.423052858980345806e-17
8.403777867905654213e-17
8.384544869284979112e-17
8.365354360080150827e-17
8.346204808443884831e-17
8.327096205007175975e-17
8.308028034326867886e-17
8.288999782458471041e-17
8.270010936952073025e-17
8.251060986848274656e-17
8.232149422674113801e-17
8.213275736438996573e-17
8.194439421630664284e-17
8.175639484589174952e-17
8.156876400678918874e-17
8.138148692231515634e-17
8.119456830786805017e-17
8.100799348327609487e-17
8.082175752125224946e-17
8.063586508019961279e-17
8.045031116183358846e-17
8.026507177178921884e-17
8.008017055614494688e-17
7.989557414252580694e-17
7.971129660125755550e-17
7.952733300642028451e-17
7.934366910463020480e-17
7.916030009611898743e-17
7.897723047232107142e-17
7.879444611942150116e-17
7.861194227937997788e-17
7.842972338903168333e-17
7.824778462214684931e-17
7.806610293177486026e-17
7.788469188184152065e-17
7.770354668816258433e-17
