# bb
8.128566832965589128e-07
1.625998606868961360e-06
2.710626404223148711e-06
4.067118425155058503e-06
5.695932486560195684e-06
7.597614967380650342e-06
9.772785233508329839e-06
1.222214268636889756e-05
1.494644948252243921e-05
1.794652416720055044e-05
2.122324985975865275e-05
2.477754424035083503e-05
2.861037137336097658e-05
3.272271715104579926e-05
3.711559111252427101e-05
4.179002644377760589e-05
4.674704177887178957e-05
5.198765938985161483e-05
5.751289427280426025e-05
6.332373595796525478e-05
6.942113395780324936e-05
7.580601231893524528e-05
8.247924415627494454e-05
8.944165892899036407e-05
9.669401333667337894e-05
1.042370058712549508e-04
1.120712768170051277e-04
1.201973791467025876e-04
1.286157930735498667e-04
1.373269042233005166e-04
1.463310327380895615e-04
1.556284260004758835e-04
1.652192149776965380e-04
1.751034433254972100e-04
1.852811255957931280e-04
1.957521162694320083e-04
2.065162843791767955e-04
2.175733097828924656e-04
2.289229014422744513e-04
2.405646373517811298e-04
2.524980518501251936e-04
2.647226792760193348e-04
2.772379084490239620e-04
2.900431863963603973e-04
3.031378437299281359e-04
3.165212110616266727e-04
3.301926481071859598e-04
3.441514272708445787e-04
3.583969082683324814e-04
3.729283635038882494e-04
3.877452109009027481e-04
4.028467519674450159e-04
4.182324046269059181e-04
4.339017032179981470e-04
4.498539783526211977e-04
4.660889680963009596e-04
4.826061776839196682e-04
4.994053742848336697e-04
5.164862377569079399e-04
5.338487098924815655e-04
5.514926742762327194e-04
5.694182473234832287e-04
5.876255454495549202e-04
6.061146850697696209e-04
6.248861900530755520e-04
6.439402350224554539e-04
6.632776348851621151e-04
6.828987970948219299e-04
7.028045947663486004e-04
7.229957845993340015e-04
7.434732979163527489e-04
7.642381242476403713e-04
7.852914277464151382e-04
8.066343143582344055e-04
8.282680646516382694e-04
8.501940756104886532e-04
8.724137442186474800e-04
8.949283510446548462e-04
9.177396423183381557e-04
9.408490732312202454e-04
9.642582153901457787e-04
9.879686404019594193e-04
1.011982094496488571e-03
1.036300440318882465e-03
1.060924958437681198e-03
1.085857744328677654e-03
1.111100311391055584e-03
1.136654405854642391e-03
1.162521773949265480e-03
1.188703929074108601e-03
1.215202733874320984e-03
1.242019585333764553e-03
1.269156462512910366e-03
1.296614762395620346e-03
1.324395998381078243e-03
1.352502033114433289e-03
1.380934030748903751e-03
1.409693853929638863e-03
1.438782666809856892e-03
1.468202099204063416e-03
1.497953664511442184e-03
1.528038759715855122e-03
1.558458781801164150e-03
1.589215360581874847e-03
1.620309543795883656e-03
1.651743310503661633e-03
1.683517824858427048e-03
1.715634483844041824e-03
1.748095033690333366e-03
1.780901220627129078e-03
1.814054092392325401e-03
1.847555977292358875e-03
1.881408039480447769e-03
1.915612490847706795e-03
1.950171077623963356e-03
1.985085662454366684e-03
2.020358340814709663e-03
2.055991208180785179e-03
2.091986825689673424e-03
2.128347288817167282e-03
2.165074925869703293e-03
2.202172530815005302e-03
2.239642664790153503e-03
2.277487888932228088e-03
2.315711695700883865e-03
2.354316413402557373e-03
2.393305767327547073e-03
2.432682784274220467e-03
2.472450491040945053e-03
2.512612845748662949e-03
2.553173108026385307e-03
2.594134770333766937e-03
2.635501790791749954e-03
2.677277894690632820e-03
2.719466807320713997e-03
2.762072486802935600e-03
2.805098891258239746e-03
2.848549745976924896e-03
2.892429009079933167e-03
2.936741104349493980e-03
2.981489291414618492e-03
3.026677994057536125e-03
3.072310937568545341e-03
3.118391614407300949e-03
3.164923982694745064e-03
3.211911767721176147e-03
3.259358229115605354e-03
3.307266859337687492e-03
3.355640918016433716e-03
3.404483199119567871e-03
3.453797427937388420e-03
3.503585234284400940e-03
3.553850343450903893e-03
3.604593919590115547e-03
3.655818989500403404e-03
3.707526950165629387e-03
3.759719664230942726e-03
3.812398063018918037e-03
3.865564009174704552e-03
3.919218201190233231e-03
3.973361104726791382e-03
4.027992486953735352e-03
4.083113744854927063e-03
4.138723947107791901e-03
4.194822162389755249e-03
4.251408856362104416e-03
4.308481700718402863e-03
4.366040229797363281e-03
4.424083046615123749e-03
4.482607822865247726e-03
4.541612695902585983e-03
4.601095803081989288e-03
4.661053884774446487e-03
4.721485078334808350e-03
4.782385658472776413e-03
4.843753762543201447e-03
4.905584733933210373e-03
4.967875313013792038e-03
5.030622240155935287e-03
5.093821790069341660e-03
5.157469306141138077e-03
5.221561528742313385e-03
5.286094266921281815e-03
5.351062398403882980e-03
5.416462197899818420e-03
5.482289008796215057e-03
5.548537708818912506e-03
5.615204572677612305e-03
5.682284943759441376e-03
5.749773234128952026e-03
5.817665252834558487e-03
5.885955877602100372e-03
5.954640451818704605e-03
6.023714318871498108e-03
6.093171890825033188e-03
6.163008976727724075e-03
6.233220454305410385e-03
6.303801666945219040e-03
6.374746561050415039e-03
6.446050945669412613e-03
6.517710164189338684e-03
6.589718163013458252e-03
6.662069819867610931e-03
6.734760478138923645e-03
6.807785481214523315e-03
6.881137844175100327e-03
6.954813841730356216e-03
7.028806488960981369e-03
7.103111129254102707e-03
7.177722640335559845e-03
7.252634502947330475e-03
7.327839732170104980e-03
7.403334602713584900e-03
7.479110267013311386e-03
7.555162999778985977e-03
7.631484884768724442e-03
7.708068471401929855e-03
7.784908637404441833e-03
7.861997000873088837e-03
7.939326576888561249e-03
8.016889914870262146e-03
8.094679564237594604e-03
8.172687143087387085e-03
8.250904269516468048e-03
8.329323492944240570e-03
8.407935500144958496e-03
8.486730977892875671e-03
8.565702475607395172e-03
8.644838817417621613e-03
8.724131621420383453e-03
8.803570643067359924e-03
8.883146569132804871e-03
8.962849155068397522e-03
9.042667225003242493e-03
9.122591465711593628e-03
9.202609769999980927e-03
9.282711893320083618e-03
9.362889453768730164e-03
9.443127550184726715e-03
9.523417800664901733e-03
9.603747166693210602e-03
9.684106335043907166e-03
9.764481335878372192e-03
9.844863787293434143e-03
9.925240650773048401e-03
1.000560075044631958e-02
1.008593384176492691e-02
1.016622595489025116e-02
1.024646963924169540e-02
1.032665092498064041e-02
1.040676143020391464e-02
1.048678811639547348e-02
1.056672167032957077e-02
1.064655091613531113e-02
1.072626654058694839e-02
1.080585736781358719e-02
1.088531315326690674e-02
1.096462644636631012e-02
1.104378607124090195e-02
1.112278457731008530e-02
1.120161078870296478e-02
1.128025818616151810e-02
1.135871745645999908e-02
1.143698021769523621e-02
1.151503995060920715e-02
1.159288920462131500e-02
1.167052052915096283e-02
1.174792647361755371e-02
1.182509958744049072e-02
1.190203707665205002e-02
1.197872962802648544e-02
1.205517351627349854e-02
1.213136222213506699e-02
1.220729015767574310e-02
1.228295452892780304e-02
1.235834881663322449e-02
1.243346836417913437e-02
1.250831037759780884e-02
1.258286926895380020e-02
1.265714317560195923e-02
1.273112650960683823e-02
1.280481740832328796e-02
1.287821121513843536e-02
1.295130606740713120e-02
1.302409730851650238e-02
1.309658307582139969e-02
1.316876150667667389e-02
1.324062887579202652e-02
1.331218145787715912e-02
1.338342018425464630e-02
1.345433853566646576e-02
1.352493837475776672e-02
1.359521504491567612e-02
1.366516668349504471e-02
1.373479049652814865e-02
1.380408462136983871e-02
1.387304905802011490e-02
1.394168194383382797e-02
1.400997862219810486e-02
1.407793909311294556e-02
1.414556149393320084e-02
1.421284582465887070e-02
1.427978835999965668e-02
1.434638723731040955e-02
1.441264525055885315e-02
1.447855681180953979e-02
1.454412378370761871e-02
1.460934337228536606e-02
1.467421744018793106e-02
1.473874319344758987e-02
1.480292249470949173e-02
1.486675161868333817e-02
1.493023522198200226e-02
1.499337144196033478e-02
1.505616120994091034e-02
1.511860638856887817e-02
1.518070511519908905e-02
1.524246204644441605e-02
1.530387997627258301e-02
1.536495704203844070e-02
1.542569790035486221e-02
1.548610720783472061e-02
1.554618403315544128e-02
1.560593489557504654e-02
1.566536352038383484e-02
1.572447456419467926e-02
1.578326895833015442e-02
1.584175787866115570e-02
1.589994318783283234e-02
1.595782861113548279e-02
1.601542346179485321e-02
1.607273519039154053e-02
1.612976938486099243e-02
1.618653163313865662e-02
1.624303311109542847e-02
1.629927940666675568e-02
1.635527797043323517e-02
1.641103997826576233e-02
1.646657474339008331e-02
1.652188785374164581e-02
1.657699234783649445e-02
1.663189567625522614e-02
1.668661087751388550e-02
1.674114540219306946e-02
1.679551042616367340e-02
1.684971898794174194e-02
1.690377667546272278e-02
1.695770025253295898e-02
1.701149716973304749e-02
1.706517860293388367e-02
1.711875759065151215e-02
1.717224344611167908e-02
1.722565107047557831e-02
1.727898605167865753e-02
1.733226329088211060e-02
1.738549396395683289e-02
1.743868924677371979e-02
1.749185845255851746e-02
1.754501648247241974e-02
1.759816892445087433e-02
1.765133254230022430e-02
1.770451292395591736e-02
1.775772497057914734e-02
1.781097427010536194e-02
1.786427386105060577e-02
1.791763678193092346e-02
1.797106862068176270e-02
1.802457869052886963e-02
1.807818189263343811e-02
1.813188381493091583e-02
1.818569563329219818e-02
1.823962479829788208e-02
1.829368062317371368e-02
1.834787428379058838e-02
1.840221136808395386e-02
1.845670118927955627e-02
1.851135678589344025e-02
1.856618002057075500e-02
1.862118393182754517e-02
1.867637224495410919e-02
1.873175799846649170e-02
1.878734678030014038e-02
1.884314790368080139e-02
1.889916509389877319e-02
1.895541138947010040e-02
1.901189424097537994e-02
1.906861737370491028e-02
1.912559010088443756e-02
1.918282173573970795e-02
1.924031972885131836e-02
1.929809339344501495e-02
1.935614645481109619e-02
1.941448822617530823e-02
1.947312802076339722e-02
1.953207328915596008e-02
1.959132961928844452e-02
1.965090818703174591e-02
1.971081458032131195e-02
1.977105624973773956e-02
1.983164250850677490e-02
1.989258080720901489e-02
1.995387859642505646e-02
2.001554518938064575e-02
2.007758431136608124e-02
2.014000900089740753e-02
2.020282484591007233e-02
2.026603743433952332e-02
2.032965607941150665e-02
2.039368823170661926e-02
2.045813947916030884e-02
2.052301913499832153e-02
2.058833278715610504e-02
2.065408974885940552e-02
2.072029188275337219e-02
2.078694850206375122e-02
2.085406519472599030e-02
2.092164941132068634e-02
2.098970301449298859e-02
2.105823531746864319e-02
2.112724632024765015e-02
2.119674533605575562e-02
2.126673422753810883e-02
2.133721671998500824e-02
2.140819840133190155e-02
2.147967927157878876e-02
2.155166305601596832e-02
2.162415347993373871e-02
2.169714868068695068e-02
2.177065610885620117e-02
2.184467017650604248e-02
2.191919460892677307e-02
2.199422940611839294e-02
2.206977456808090210e-02
2.214582450687885284e-02
2.222238294780254364e-02
2.229944616556167603e-02
2.237701229751110077e-02
2.245507761836051941e-02
2.253364026546478271e-02
2.261269651353359222e-02
2.269224077463150024e-02
2.277226746082305908e-02
2.285277470946311951e-02
2.293375693261623383e-02
2.301520667970180511e-02
2.309711836278438568e-02
2.317948639392852783e-02
2.326230518519878387e-02
2.334556542336940765e-02
2.342926152050495148e-02
2.351338602602481842e-02
2.359793148934841156e-02
2.368288859724998474e-02
2.376824989914894104e-02
2.385400608181953430e-02
2.394015155732631683e-02
2.402667328715324402e-02
2.411356754601001740e-02
2.420082315802574158e-02
2.428843080997467041e-02
2.437637932598590851e-02
2.446466498076915741e-02
2.455327473580837250e-02
2.464219927787780762e-02
2.473143115639686584e-02
2.482095733284950256e-02
2.491077408194541931e-02
2.500086650252342224e-02
2.509122714400291443e-02
2.518184669315814972e-02
2.527271769940853119e-02
2.536382526159286499e-02
2.545516565442085266e-02
2.554672583937644958e-02
2.563849650323390961e-02
2.573046647012233734e-02
2.582262642681598663e-02
2.591497078537940979e-02
2.600748464465141296e-02
2.610015682876110077e-02
2.619298174977302551e-02
2.628594823181629181e-02
2.637904137372970581e-02
2.647225745022296906e-02
2.656557783484458923e-02
2.665899880230426788e-02
2.675250545144081116e-02
2.684608660638332367e-02
2.693973109126091003e-02
2.703342959284782410e-02
2.712717093527317047e-02
2.722093835473060608e-02
2.731472253799438477e-02
2.740851230919361115e-02
2.750229276716709137e-02
2.759605273604393005e-02
2.768977731466293335e-02
2.778345532715320587e-02
2.787707187235355377e-02
2.797061577439308167e-02
2.806406840682029724e-02
2.815742045640945435e-02
2.825065702199935913e-02
2.834376320242881775e-02
2.843672223389148712e-02
2.852952294051647186e-02
2.862214855849742889e-02
2.871458046138286591e-02
2.880680933594703674e-02
2.889882028102874756e-02
2.899059653282165527e-02
2.908211946487426758e-02
2.917337976396083832e-02
2.926435507833957672e-02
2.935503795742988586e-02
2.944540604948997498e-02
2.953545190393924713e-02
2.962515316903591156e-02
2.971449866890907288e-02
2.980347536504268646e-02
2.989206276834011078e-02
2.998025342822074890e-02
3.006802499294281006e-02
3.015537187457084656e-02
3.024227544665336609e-02
3.032872267067432404e-02
3.041470423340797424e-02
3.050020150840282440e-02
3.058520331978797913e-02
3.066970035433769226e-02
3.075367957353591919e-02
3.083712421357631683e-02
3.092003054916858673e-02
3.100238367915153503e-02
3.108417615294456482e-02
3.116539120674133301e-02
3.124602697789669037e-02
3.132607042789459229e-02
3.140550851821899414e-02
3.148433938622474670e-02
3.156255558133125305e-02
3.164014220237731934e-02
3.171709924936294556e-02
3.179341182112693787e-02
3.186907619237899780e-02
3.194408863782882690e-02
3.201844170689582825e-02
3.209213167428970337e-02
3.216514736413955688e-02
3.223748877644538879e-02
3.230914846062660217e-02
3.238012269139289856e-02
3.245041146874427795e-02
3.251999989151954651e-02
3.258889541029930115e-02
3.265709057450294495e-02
3.272457793354988098e-02
3.279135748744010925e-02
3.285742551088333130e-02
3.292278572916984558e-02
3.298742696642875671e-02
3.305134922266006470e-02
3.311455249786376953e-02
3.317703306674957275e-02
3.323878720402717590e-02
3.329981863498687744e-02
3.336011990904808044e-02
3.341969102621078491e-02
3.347853198647499084e-02
3.353664278984069824e-02
3.359401971101760864e-02
3.365065902471542358e-02
3.370656445622444153e-02
3.376173973083496094e-02
3.381617367267608643e-02
3.386987000703811646e-02
3.392283245921134949e-02
3.397505730390548706e-02
3.402654826641082764e-02
3.407730534672737122e-02
3.412732481956481934e-02
3.417661041021347046e-02
3.422516584396362305e-02
3.427298739552497864e-02
3.432008251547813416e-02
3.436645120382308960e-02
3.441209346055984497e-02
3.445701301097869873e-02
3.450121358036994934e-02
3.454469889402389526e-02
3.458747640252113342e-02
3.462954610586166382e-02
3.467090800404548645e-02
3.471157699823379517e-02
3.475155308842658997e-02
3.479084372520446777e-02
3.482945263385772705e-02
3.486738353967666626e-02
3.490465506911277771e-02
3.494126349687576294e-02
3.497721999883651733e-02
3.501253202557563782e-02
3.504721447825431824e-02
3.508126735687255859e-02
3.511470556259155273e-02
3.514754027128219604e-02
3.517978265881538391e-02
3.521143645048141479e-02
3.524251282215118408e-02
3.527303412556648254e-02
3.530300036072731018e-02
3.533243387937545776e-02
3.536133840680122375e-02
3.538972884416580200e-02
3.541761636734008789e-02
3.544502332806587219e-02
3.547195717692375183e-02
3.549842908978462219e-02
3.552445769309997559e-02
3.555005043745040894e-02
3.557522967457771301e-02
3.560000658035278320e-02
3.562439233064651489e-02
3.564840555191040039e-02
3.567206114530563354e-02
3.569537028670310974e-02
3.571835160255432129e-02
3.574101254343986511e-02
3.576337918639183044e-02
3.578545525670051575e-02
3.580726310610771179e-02
3.582881391048431396e-02
3.585012257099151611e-02
3.587120026350021362e-02
3.589206561446189880e-02
3.591273352503776550e-02
3.593321517109870911e-02
3.595352917909622192e-02
3.597368299961090088e-02
3.599369153380393982e-02
3.601357340812683105e-02
3.603333607316017151e-02
3.605299443006515503e-02
3.607256710529327393e-02
3.609205782413482666e-02
3.611148893833160400e-02
3.613086789846420288e-02
3.615020588040351868e-02
3.616952151060104370e-02
3.618881851434707642e-02
3.620811924338340759e-02
3.622742742300033569e-02
3.624675795435905457e-02
3.626612573862075806e-02
3.628554567694664001e-02
3.630502149462699890e-02
3.632456436753273010e-02
3.634419292211532593e-02
3.636391833424568176e-02
3.638374805450439453e-02
3.640370070934295654e-02
3.642378002405166626e-02
3.644400089979171753e-02
3.646437823772430420e-02
3.648491576313972473e-02
3.650563582777976990e-02
3.652654215693473816e-02
3.654764965176582336e-02
3.656896948814392090e-02
3.659050911664962769e-02
3.661229088902473450e-02
3.663431853055953979e-02
3.665660321712493896e-02
3.667915612459182739e-02
3.670199215412139893e-02
3.672511875629425049e-02
3.674855455756187439e-02
3.677230328321456909e-02
3.679637983441352844e-02
3.682079166173934937e-02
3.684555739164352417e-02
3.687067702412605286e-02
3.689617291092872620e-02
3.692204505205154419e-02
3.694831207394599915e-02
3.697497770190238953e-02
3.700205683708190918e-02
3.702955693006515503e-02
3.705748543143272400e-02
3.708585351705551147e-02
3.711467236280441284e-02
3.714394569396972656e-02
3.717368468642234802e-02
3.720389679074287415e-02
3.723458573222160339e-02
3.726576641201972961e-02
3.729743883013725281e-02
3.732961416244506836e-02
3.736229240894317627e-02
3.739548102021217346e-02
3.742918744683265686e-02
3.746341541409492493e-02
3.749817237257957458e-02
3.753345087170600891e-02
3.756926581263542175e-02
3.760561347007751465e-02
3.764250129461288452e-02
3.767992556095123291e-02
3.771789371967315674e-02
3.775639832019805908e-02
3.779544681310653687e-02
3.783503547310829163e-02
3.787516802549362183e-02
3.791584074497222900e-02
3.795705363154411316e-02
3.799880295991897583e-02
3.804108873009681702e-02
3.808390721678733826e-02
3.812725841999053955e-02
3.817113488912582397e-02
3.821553662419319153e-02
3.826045617461204529e-02
3.830589354038238525e-02
3.835184127092361450e-02
3.839829564094543457e-02
3.844525665044784546e-02
3.849270939826965332e-02
3.854065388441085815e-02
3.858908638358116150e-02
3.863799199461936951e-02
3.868737816810607910e-02
3.873723000288009644e-02
3.878754004836082458e-02
3.883830457925796509e-02
3.888951614499092102e-02
3.894117102026939392e-02
3.899325430393218994e-02
3.904576599597930908e-02
3.909869492053985596e-02
3.915203735232353210e-02
3.920577839016914368e-02
3.925991803407669067e-02
3.931444510817527771e-02
3.936935216188430786e-02
3.942462801933288574e-02
3.948026522994041443e-02
3.953626006841659546e-02
3.959260135889053345e-02
3.964928537607192993e-02
3.970628976821899414e-02
3.976361826062202454e-02
3.982125595211982727e-02
3.987919166684150696e-02
3.993742540478706360e-02
3.999593853950500488e-02
4.005472362041473389e-02
4.011377319693565369e-02
4.017307609319686890e-02
4.023261740803718567e-02
4.029239341616630554e-02
4.035238921642303467e-02
4.041259363293647766e-02
4.047299921512603760e-02
4.053358733654022217e-02
4.059435427188873291e-02
4.065528512001037598e-02
4.071636497974395752e-02
4.077758267521858215e-02
4.083893075585365295e-02
4.090038314461708069e-02
4.096194356679916382e-02
4.102358594536781311e-02
4.108530282974243164e-02
4.114707931876182556e-02
4.120889678597450256e-02
4.127074778079986572e-02
4.133261367678642273e-02
4.139447957277297974e-02
4.145633429288864136e-02
4.151815921068191528e-02
4.157993942499160767e-02
4.164165630936622620e-02
4.170329868793487549e-02
4.176485538482666016e-02
4.182630032300949097e-02
4.188762232661247253e-02
4.194881021976470947e-02
4.200983792543411255e-02
4.207069799304008484e-02
4.213136807084083557e-02
4.219183698296546936e-02
4.225208982825279236e-02
4.231210425496101379e-02
4.237186908721923828e-02
4.243136942386627197e-02
4.249058663845062256e-02
4.254950582981109619e-02
4.260811209678649902e-02
4.266638681292533875e-02
4.272432252764701843e-02
4.278189688920974731e-02
4.283909499645233154e-02
4.289590939879417419e-02
4.295232146978378296e-02
4.300831630825996399e-02
4.306387901306152344e-02
4.311899840831756592e-02
4.317365959286689758e-02
4.322785139083862305e-02
4.328155517578125000e-02
4.333477094769477844e-02
4.338747262954711914e-02
4.343965649604797363e-02
4.349130392074584961e-02
4.354241117835044861e-02
4.359296709299087524e-02
4.364295303821563721e-02
4.369236156344413757e-02
4.374118149280548096e-02
4.378940537571907043e-02
4.383702576160430908e-02
4.388402774930000305e-02
4.393040388822555542e-02
4.397614672780036926e-02
4.402124136686325073e-02
4.406568780541419983e-02
4.410947114229202271e-02
4.415258392691612244e-02
4.419501870870590210e-02
4.423677176237106323e-02
4.427782818675041199e-02
4.431818425655364990e-02
4.435783252120018005e-02
4.439677298069000244e-02
4.443498328328132629e-02
4.447246715426445007e-02
4.450921714305877686e-02
4.454522579908370972e-02
4.458048567175865173e-02
4.461499303579330444e-02
4.464874044060707092e-02
4.468171671032905579e-02
4.471392929553985596e-02
4.474535956978797913e-02
4.477601125836372375e-02
4.480587318539619446e-02
4.483494535088539124e-02
4.486322030425071716e-02
4.489069432020187378e-02
4.491735994815826416e-02
4.494321718811988831e-02
4.496826231479644775e-02
4.499248787760734558e-02
4.501589387655258179e-02
4.503847286105155945e-02
4.506022855639457703e-02
4.508115351200103760e-02
4.510124400258064270e-02
4.512050747871398926e-02
4.513892531394958496e-02
4.515650868415832520e-02
4.517325758934020996e-02
4.518916457891464233e-02
4.520422965288162231e-02
4.521846026182174683e-02
4.523184522986412048e-02
4.524439200758934021e-02
4.525610432028770447e-02
4.526697471737861633e-02
4.527701437473297119e-02
4.528621956706047058e-02
4.529459401965141296e-02
4.530214145779609680e-02
4.530886560678482056e-02
4.531476646661758423e-02
4.531985521316528320e-02
4.532413184642791748e-02
4.532760009169578552e-02
4.533027112483978271e-02
4.533214122056961060e-02
4.533322900533676147e-02
4.533353075385093689e-02
4.533305391669273376e-02
4.533181339502334595e-02
4.532980918884277344e-02
4.532705619931221008e-02
4.532355815172195435e-02
4.531931877136230469e-02
4.531435668468475342e-02
4.530867934226989746e-02
4.530229046940803528e-02
4.529520496726036072e-02
4.528743401169776917e-02
4.527898132801055908e-02
4.526986181735992432e-02
4.526008665561676025e-02
4.524966701865196228e-02
4.523861035704612732e-02
4.522693157196044922e-02
4.521464183926582336e-02
4.520175233483314514e-02
4.518827423453330994e-02
4.517421871423721313e-02
4.515960067510604858e-02
4.514442756772041321e-02
4.512871801853179932e-02
4.511247575283050537e-02
4.509571939706802368e-02
4.507845640182495117e-02
4.506070539355278015e-02
4.504247382283210754e-02
4.502377659082412720e-02
4.500462487339973450e-02
4.498503357172012329e-02
4.496500641107559204e-02
4.494456946849822998e-02
4.492372274398803711e-02
4.490248858928680420e-02
4.488087072968482971e-02
4.485889151692390442e-02
4.483655840158462524e-02
4.481387883424758911e-02
4.479087144136428833e-02
4.476755112409591675e-02
4.474392533302307129e-02
4.472000896930694580e-02
4.469581320881843567e-02
4.467135295271873474e-02
4.464663937687873840e-02
4.462168365716934204e-02
4.459650442004203796e-02
4.457110911607742310e-02
4.454551264643669128e-02
4.451972991228103638e-02
4.449377208948135376e-02
4.446765035390853882e-02
4.444137588143348694e-02
4.441496729850769043e-02
4.438843950629234314e-02
4.436179995536804199e-02
4.433506354689598083e-02
4.430824518203735352e-02
4.428135603666305542e-02
4.425441473722457886e-02
4.422742873430252075e-02
4.420041292905807495e-02
4.417338222265243530e-02
4.414635151624679565e-02
4.411933198571205139e-02
4.409233853220939636e-02
4.406538605690002441e-02
4.403848573565483093e-02
4.401165246963500977e-02
4.398489743471145630e-02
4.395823553204536438e-02
4.393168166279792786e-02
4.390524700284004211e-02
4.387895017862319946e-02
4.385279864072799683e-02
4.382680356502532959e-02
4.380098730325698853e-02
4.377534985542297363e-02
4.374991729855537415e-02
4.372469335794448853e-02
4.369969293475151062e-02
4.367492720484733582e-02
4.365041106939315796e-02
4.362615197896957397e-02
4.360216856002807617e-02
4.357846453785896301e-02
4.355505108833312988e-02
4.353194311261177063e-02
4.350915178656578064e-02
4.348668456077575684e-02
4.346455261111259460e-02
4.344276711344718933e-02
4.342133179306983948e-02
4.340025782585144043e-02
4.337956011295318604e-02
4.335924237966537476e-02
4.333931207656860352e-02
4.331977665424346924e-02
4.330064728856086731e-02
4.328192770481109619e-02
4.326362907886505127e-02
4.324575141072273254e-02
4.322830587625503540e-02
4.321129992604255676e-02
4.319473356008529663e-02
4.317861050367355347e-02
4.316294938325881958e-02
4.314773902297019958e-02
4.313299432396888733e-02
4.311871528625488281e-02
4.310490563511848450e-02
4.309156537055969238e-02
4.307870939373970032e-02
4.306633025407791138e-02
4.305443540215492249e-02
4.304302483797073364e-02
4.303210228681564331e-02
4.302167519927024841e-02
4.301173612475395203e-02
4.300229251384735107e-02
4.299334436655044556e-02
4.298489168286323547e-02
4.297693818807601929e-02
4.296948015689849854e-02
4.296252503991127014e-02
4.295607283711433411e-02
4.295011982321739197e-02
4.294466599822044373e-02
4.293971508741378784e-02
4.293526336550712585e-02
4.293131455779075623e-02
4.292786493897438049e-02
4.292491823434829712e-02
4.292246699333190918e-02
4.292051494121551514e-02
4.291905835270881653e-02
4.291810095310211182e-02
4.291763529181480408e-02
4.291766136884689331e-02
4.291817918419837952e-02
4.291918501257896423e-02
4.292067885398864746e-02
4.292265325784683228e-02
4.292511567473411560e-02
4.292805120348930359e-02
4.293146356940269470e-02
4.293534532189369202e-02
4.293970018625259399e-02
4.294451698660850525e-02
4.294979944825172424e-02
4.295553267002105713e-02
4.296172410249710083e-02
4.296835884451866150e-02
4.297543689608573914e-02
4.298295453190803528e-02
4.299090057611465454e-02
4.299927502870559692e-02
4.300807043910026550e-02
4.301727935671806335e-02
4.302689060568809509e-02
4.303690791130065918e-02
4.304731637239456177e-02
4.305811226367950439e-02
4.306928440928459167e-02
4.308082908391952515e-02
4.309273511171340942e-02
4.310499131679534912e-02
4.311759769916534424e-02
4.313053935766220093e-02
4.314380511641502380e-02
4.315739125013351440e-02
4.317128285765647888e-02
4.318547248840332031e-02
4.319995269179344177e-02
4.321471229195594788e-02
4.322973638772964478e-02
4.324501380324363708e-02
4.326054453849792480e-02
4.327630251646041870e-02
4.329229146242141724e-02
4.330848902463912964e-02
4.332489147782325745e-02
4.334148392081260681e-02
4.335825145244598389e-02
4.337518662214279175e-02
4.339227825403213501e-02
4.340951144695281982e-02
4.342687875032424927e-02
4.344436526298522949e-02
4.346195608377456665e-02
4.347964748740196228e-02
4.349742084741592407e-02
4.351526871323585510e-02
4.353317245841026306e-02
4.355112835764884949e-02
4.356911778450012207e-02
4.358713701367378235e-02
4.360516741871833801e-02
4.362320154905319214e-02
4.364122077822685242e-02
4.365922138094902039e-02
4.367718845605850220e-02
4.369511082768440247e-02
4.371298104524612427e-02
4.373078048229217529e-02
4.374850168824195862e-02
4.376613721251487732e-02
4.378366842865943909e-02
4.380109161138534546e-02
4.381839185953140259e-02
4.383556544780731201e-02
4.385259002447128296e-02
4.386946186423301697e-02
4.388616979122161865e-02
4.390270262956619263e-02
4.391905665397644043e-02
4.393520951271057129e-02
4.395116120576858521e-02
4.396689683198928833e-02
4.398240894079208374e-02
4.399768635630607605e-02
4.401271790266036987e-02
4.402749985456466675e-02
4.404201358556747437e-02
4.405625909566879272e-02
4.407021775841712952e-02
4.408388584852218628e-02
4.409725591540336609e-02
4.411031305789947510e-02
4.412305355072021484e-02
4.413546249270439148e-02
4.414753615856170654e-02
4.415926337242126465e-02
4.417063295841217041e-02
4.418163746595382690e-02
4.419227316975593567e-02
4.420252516865730286e-02
4.421238973736763000e-02
4.422185197472572327e-02
4.423091560602188110e-02
4.423955455422401428e-02
4.424777999520301819e-02
4.425556957721710205e-02
4.426291957497596741e-02
4.426982998847961426e-02
4.427628219127655029e-02
4.428227245807647705e-02
4.428780078887939453e-02
4.429284855723381042e-02
4.429741576313972473e-02
4.430149123072624207e-02
4.430507495999336243e-02
4.430815577507019043e-02
4.431072995066642761e-02
4.431279003620147705e-02
4.431432858109474182e-02
4.431534558534622192e-02
4.431582987308502197e-02
4.431578516960144043e-02
4.431519657373428345e-02
4.431406408548355103e-02
4.431238025426864624e-02
4.431014880537986755e-02
4.430735483765602112e-02
4.430400580167770386e-02
4.430009424686431885e-02
4.429561644792556763e-02
4.429057240486145020e-02
4.428495466709136963e-02
4.427876323461532593e-02
4.427200183272361755e-02
4.426465928554534912e-02
4.425674304366111755e-02
4.424824565649032593e-02
4.423917084932327271e-02
4.422951489686965942e-02
4.421928152441978455e-02
4.420846700668334961e-02
4.419707506895065308e-02
4.418510198593139648e-02
4.417255148291587830e-02
4.415942728519439697e-02
4.414572566747665405e-02
4.413145408034324646e-02
4.411660879850387573e-02
4.410118982195854187e-02
4.408520832657814026e-02
4.406866058707237244e-02
4.405155032873153687e-02
4.403388127684593201e-02
4.401565715670585632e-02
4.399687796831130981e-02
4.397754743695259094e-02
4.395767673850059509e-02
4.393726214766502380e-02
4.391630738973617554e-02
4.389482364058494568e-02
4.387280717492103577e-02
4.385026916861534119e-02
4.382720589637756348e-02
4.380362853407859802e-02
4.377954453229904175e-02
4.375495016574859619e-02
4.372985661029815674e-02
4.370426759123802185e-02
4.367819055914878845e-02
4.365162923932075500e-02
4.362458735704421997e-02
4.359707608819007874e-02
4.356909543275833130e-02
4.354065284132957458e-02
4.351175576448440552e-02
4.348241165280342102e-02
4.345262423157691956e-02
4.342239722609519958e-02
4.339174553751945496e-02
4.336066916584968567e-02
4.332917556166648865e-02
4.329727590084075928e-02
4.326497018337249756e-02
4.323227331042289734e-02
4.319918900728225708e-02
4.316572099924087524e-02
4.313188046216964722e-02
4.309767484664916992e-02
4.306311160326004028e-02
4.302819818258285522e-02
4.299294203519821167e-02
4.295735433697700500e-02
4.292143881320953369e-02
4.288520663976669312e-02
4.284866526722908020e-02
4.281181842088699341e-02
4.277468472719192505e-02
4.273726418614387512e-02
4.269957169890403748e-02
4.266161471605300903e-02
4.262339696288108826e-02
4.258493334054946899e-02
4.254623129963874817e-02
4.250730201601982117e-02
4.246814921498298645e-02
4.242879152297973633e-02
4.238922521471977234e-02
4.234947636723518372e-02
4.230954498052597046e-02
4.226943850517272949e-02
4.222917184233665466e-02
4.218875244259834290e-02
4.214819148182868958e-02
4.210750386118888855e-02
4.206668958067893982e-02
4.202576354146003723e-02
4.198473691940307617e-02
4.194362089037895203e-02
4.190241917967796326e-02
4.186115041375160217e-02
4.181981831789016724e-02
4.177843406796455383e-02
4.173700511455535889e-02
4.169555008411407471e-02
4.165407270193099976e-02
4.161258041858673096e-02
4.157108440995216370e-02
4.152960330247879028e-02
4.148813337087631226e-02
4.144669324159622192e-02
4.140529036521911621e-02
4.136393219232559204e-02
4.132262617349624634e-02
4.128138720989227295e-02
4.124022275209426880e-02
4.119913652539253235e-02
4.115814715623855591e-02
4.111725464463233948e-02
4.107647016644477844e-02
4.103580117225646973e-02
4.099525883793830872e-02
4.095485433936119080e-02
4.091458767652511597e-02
4.087447002530097961e-02
4.083450883626937866e-02
4.079471528530120850e-02
4.075508937239646912e-02
4.071564972400665283e-02
4.067639634013175964e-02
4.063733294606208801e-02
4.059847444295883179e-02
4.055982083082199097e-02
4.052137956023216248e-02
4.048316553235054016e-02
4.044517502188682556e-02
4.040741920471191406e-02
4.036989808082580566e-02
4.033262655138969421e-02
4.029560461640357971e-02
4.025883972644805908e-02
4.022233560681343079e-02
4.018609970808029175e-02
4.015013948082923889e-02
4.011445492506027222e-02
4.007905349135398865e-02
4.004393517971038818e-02
4.000911116600036621e-02
3.997458890080451965e-02
3.994036093354225159e-02
3.990644216537475586e-02
3.987282887101173401e-02
3.983952850103378296e-02
3.980654850602149963e-02
3.977388888597488403e-02
3.974154964089393616e-02
3.970953822135925293e-02
3.967786207795143127e-02
3.964652121067047119e-02
3.961551189422607422e-02
3.958484530448913574e-02
3.955452144145965576e-02
3.952454030513763428e-02
3.949490934610366821e-02
3.946562856435775757e-02
3.943670168519020081e-02
3.940812870860099792e-02
3.937990963459014893e-02
3.935204818844795227e-02
3.932454437017440796e-02
3.929740563035011292e-02
3.927062451839447021e-02
3.924420848488807678e-02
3.921815752983093262e-02
3.919246792793273926e-02
3.916714340448379517e-02
3.914218768477439880e-02
3.911759331822395325e-02
3.909336775541305542e-02
3.906950354576110840e-02
3.904600813984870911e-02
3.902287408709526062e-02
3.900010883808135986e-02
3.897770494222640991e-02
3.895566239953041077e-02
3.893397748470306396e-02
3.891265019774436951e-02
3.889168426394462585e-02
3.887107595801353455e-02
3.885081782937049866e-02
3.883091360330581665e-02
3.881135582923889160e-02
3.879214450716972351e-02
3.877327963709831238e-02
3.875475004315376282e-02
3.873656317591667175e-02
3.871870785951614380e-02
3.870118409395217896e-02
3.868398815393447876e-02
3.866711631417274475e-02
3.865056112408638000e-02
3.863432258367538452e-02
3.861839696764945984e-02
3.860277682542800903e-02
3.858745843172073364e-02
3.857243806123733521e-02
3.855770826339721680e-02
3.854326531291007996e-02
3.852910548448562622e-02
3.851522505283355713e-02
3.850161284208297729e-02
3.848826885223388672e-02
3.847518190741539001e-02
3.846235200762748718e-02
3.844976797699928284e-02
3.843743354082107544e-02
3.842532634735107422e-02
3.841345757246017456e-02
3.840180858969688416e-02
3.839038312435150146e-02
3.837916254997253418e-02
3.836815059185028076e-02
3.835733979940414429e-02
3.834671899676322937e-02
3.833628073334693909e-02
3.832602500915527344e-02
3.831594064831733704e-02
3.830602020025253296e-02
3.829625993967056274e-02
3.828665614128112793e-02
3.827719390392303467e-02
3.826786577701568604e-02
3.825867921113967896e-02
3.824960812926292419e-02
3.824065625667572021e-02
3.823181986808776855e-02
3.822308406233787537e-02
3.821444511413574219e-02
3.820589184761047363e-02
3.819742798805236816e-02
3.818903490900993347e-02
3.818071633577346802e-02
3.817245736718177795e-02
3.816425055265426636e-02
3.815609589219093323e-02
3.814797848463058472e-02
3.813989460468292236e-02
3.813184425234794617e-02
3.812380880117416382e-02
3.811578825116157532e-02
3.810777142643928528e-02
3.809975832700729370e-02
3.809173405170440674e-02
3.808369860053062439e-02
3.807564079761505127e-02
3.806755319237709045e-02
3.805943205952644348e-02
3.805126994848251343e-02
3.804305568337440491e-02
3.803478553891181946e-02
3.802645578980445862e-02
3.801805153489112854e-02
3.800957649946212769e-02
3.800101578235626221e-02
3.799236938357353210e-02
3.798362240195274353e-02
3.797477483749389648e-02
3.796581551432609558e-02
3.795674070715904236e-02
3.794754296541213989e-02
3.793821856379508972e-02
3.792875260114669800e-02
3.791914507746696472e-02
3.790938854217529297e-02
3.789947926998138428e-02
3.788940608501434326e-02
3.787916526198387146e-02
3.786874935030937195e-02
3.785815462470054626e-02
3.784736618399620056e-02
3.783639147877693176e-02
3.782521560788154602e-02
3.781383484601974487e-02
3.780224174261093140e-02
3.779043629765510559e-02
3.777840733528137207e-02
3.776614740490913391e-02
3.775365650653839111e-02
3.774092718958854675e-02
3.772795200347900391e-02
3.771473094820976257e-02
3.770125657320022583e-02
3.768752142786979675e-02
3.767352178692817688e-02
3.765925392508506775e-02
3.764471411705017090e-02
3.762989491224288940e-02
3.761479631066322327e-02
3.759941458702087402e-02
3.758373856544494629e-02
3.756777197122573853e-02
3.755150735378265381e-02
3.753494098782539368e-02
3.751806914806365967e-02
3.750089555978775024e-02
3.748340904712677002e-02
3.746561333537101746e-02
3.744749724864959717e-02
3.742906451225280762e-02
3.741031140089035034e-02
3.739123418927192688e-02
3.737183660268783569e-02
3.735211119055747986e-02
3.733205422759056091e-02
3.731166943907737732e-02
3.729095309972763062e-02
3.726990520954132080e-02
3.724851831793785095e-02
3.722680360078811646e-02
3.720475360751152039e-02
3.718236088752746582e-02
3.715963661670684814e-02
3.713657706975936890e-02
3.711317852139472961e-02
3.708944097161293030e-02
3.706536814570426941e-02
3.704096004366874695e-02
3.701621294021606445e-02
3.699113056063652039e-02
3.696570917963981628e-02
3.693995624780654907e-02
3.691386803984642029e-02
3.688744828104972839e-02
3.686069324612617493e-02
3.683361038565635681e-02
3.680619597434997559e-02
3.677845373749732971e-02
3.675037994980812073e-02
3.672198206186294556e-02
3.669326007366180420e-02
3.666421771049499512e-02
3.663485124707221985e-02
3.660516813397407532e-02
3.657516464591026306e-02
3.654484823346138000e-02
3.651421517133712769e-02
3.648327663540840149e-02
3.645202517509460449e-02
3.642046824097633362e-02
3.638860583305358887e-02
3.635644540190696716e-02
3.632398322224617004e-02
3.629122301936149597e-02
3.625816851854324341e-02
3.622482344508171082e-02
3.619119152426719666e-02
3.615727648138999939e-02
3.612307459115982056e-02
3.608859330415725708e-02
3.605384007096290588e-02
3.601881116628646851e-02
3.598351031541824341e-02
3.594795241951942444e-02
3.591212257742881775e-02
3.587604314088821411e-02
3.583970293402671814e-02
3.580311313271522522e-02
3.576628118753433228e-02
3.572919964790344238e-02
3.569188341498374939e-02
3.565433248877525330e-02
3.561655059456825256e-02
3.557854518294334412e-02
3.554031997919082642e-02
3.550187870860099792e-02
3.546322509646415710e-02
3.542436659336090088e-02
3.538530692458152771e-02
3.534604981541633606e-02
3.530660271644592285e-02
3.526697307825088501e-02
3.522716090083122253e-02
3.518716990947723389e-02
3.514701500535011292e-02
3.510669991374015808e-02
3.506622463464736938e-02
3.502559661865234375e-02
3.498482331633567810e-02
3.494390845298767090e-02
3.490286320447921753e-02
3.486168757081031799e-02
3.482039272785186768e-02
3.477898240089416504e-02
3.473746404051780701e-02
3.469583764672279358e-02
3.465411812067031860e-02
3.461230546236038208e-02
3.457041084766387939e-02
3.452843427658081055e-02
3.448639065027236938e-02
3.444427996873855591e-02
3.440210595726966858e-02
3.435988351702690125e-02
3.431761264801025391e-02
3.427530080080032349e-02
3.423295170068740845e-02
3.419057652354240417e-02
3.414817526936531067e-02
3.410576283931732178e-02
3.406333550810813904e-02
3.402090072631835938e-02
3.397846966981887817e-02
3.393604233860969543e-02
3.389362618327140808e-02
3.385123237967491150e-02
3.380885720252990723e-02
3.376651182770729065e-02
3.372419998049736023e-02
3.368192911148071289e-02
3.363969922065734863e-02
3.359751775860786438e-02
3.355539217591285706e-02
3.351332247257232666e-02
3.347131982445716858e-02
3.342938050627708435e-02
3.338751941919326782e-02
3.334573283791542053e-02
3.330402821302413940e-02
3.326241299510002136e-02
3.322088718414306641e-02
3.317945823073387146e-02
3.313812613487243652e-02
3.309689834713935852e-02
3.305577859282493591e-02
3.301477059721946716e-02
3.297387808561325073e-02
3.293310850858688354e-02
3.289245814085006714e-02
3.285193815827369690e-02
3.281154856085777283e-02
3.277129307389259338e-02
3.273117542266845703e-02
3.269120678305625916e-02
3.265137970447540283e-02
3.261170536279678345e-02
3.257218375802040100e-02
3.253281861543655396e-02
3.249361366033554077e-02
3.245457634329795837e-02
3.241570666432380676e-02
3.237700462341308594e-02
3.233848139643669128e-02
3.230012953281402588e-02
3.226196393370628357e-02
3.222398459911346436e-02
3.218619525432586670e-02
3.214859217405319214e-02
3.211118280887603760e-02
3.207397460937500000e-02
3.203696757555007935e-02
3.200015798211097717e-02
3.196356073021888733e-02
3.192717209458351135e-02
3.189099580049514771e-02
3.185503184795379639e-02
3.181928768754005432e-02
3.178376331925392151e-02
3.174845501780509949e-02
3.171337768435478210e-02
3.167852759361267090e-02
3.164390474557876587e-02
3.160951286554336548e-02
3.157534822821617126e-02
3.154142573475837708e-02
3.150773420929908752e-02
3.147428110241889954e-02
3.144106641411781311e-02
3.140809014439582825e-02
3.137535974383354187e-02
3.134286403656005859e-02
3.131061419844627380e-02
3.127861022949218750e-02
3.124684467911720276e-02
3.121532499790191650e-02
3.118404932320117950e-02
3.115301392972469330e-02
3.112222440540790558e-02
3.109167888760566711e-02
3.106137365102767944e-02
3.103131242096424103e-02
3.100148960947990417e-02
3.097190894186496735e-02
3.094256669282913208e-02
3.091346286237239838e-02
3.088459372520446777e-02
3.085595928132534027e-02
3.082755953073501587e-02
3.079939261078834534e-02
3.077145479619503021e-02
3.074374422430992126e-02
3.071625903248786926e-02
3.068900108337402344e-02
3.066196106374263763e-02
3.063514269888401031e-02
3.060854040086269379e-02
3.058215416967868805e-02
3.055597841739654541e-02
3.053001500666141510e-02
3.050425462424755096e-02
3.047870285809040070e-02
3.045335225760936737e-02
3.042819909751415253e-02
3.040324337780475616e-02
3.037847951054573059e-02
3.035390935838222504e-02
3.032952919602394104e-02
3.030532971024513245e-02
3.028131648898124695e-02
3.025748394429683685e-02
3.023382835090160370e-02
3.021034412086009979e-02
3.018703684210777283e-02
3.016389533877372742e-02
3.014092147350311279e-02
3.011810593307018280e-02
3.009545616805553436e-02
3.007296286523342133e-02
3.005062788724899292e-02
3.002844005823135376e-02
3.000640310347080231e-02
2.998451516032218933e-02
2.996277064085006714e-02
2.994116581976413727e-02
2.991969883441925049e-02
2.989836595952510834e-02
2.987717092037200928e-02
2.985610067844390869e-02
2.983515895903110504e-02
2.981433644890785217e-02
2.979364059865474701e-02
2.977305836975574493e-02
2.975259162485599518e-02
2.973223663866519928e-02
2.971198596060276031e-02
2.969184517860412598e-02
2.967180311679840088e-02
2.965185604989528656e-02
2.963200770318508148e-02
2.961224503815174103e-02
2.959257550537586212e-02
2.957298420369625092e-02
2.955347485840320587e-02
2.953404188156127930e-02
2.951467968523502350e-02
2.949538454413414001e-02
2.947615087032318115e-02
2.945698238909244537e-02
2.943786606192588806e-02
2.941880002617835999e-02
2.939978241920471191e-02
2.938080765306949615e-02
2.936186827719211578e-02
2.934296615421772003e-02
2.932408824563026428e-02
2.930524013936519623e-02
2.928641065955162048e-02
2.926759421825408936e-02
2.924878895282745361e-02
2.922999113798141479e-02
2.921119518578052521e-02
2.919239364564418793e-02
2.917359024286270142e-02
2.915477007627487183e-02
2.913593314588069916e-02
2.911707572638988495e-02
2.909819222986698151e-02
2.907928079366683960e-02
2.906033582985401154e-02
2.904134802520275116e-02
2.902232110500335693e-02
2.900324203073978424e-02
2.898411639034748077e-02
2.896493487060070038e-02
2.894569188356399536e-02
2.892639115452766418e-02
2.890701964497566223e-02
2.888757921755313873e-02
2.886806614696979523e-02
2.884847484529018402e-02
2.882880531251430511e-02
2.880905009806156158e-02
2.878921106457710266e-02
2.876928262412548065e-02
2.874926291406154633e-02
2.872914634644985199e-02
2.870893478393554688e-02
2.868862263858318329e-02
2.866820991039276123e-02
2.864769473671913147e-02
2.862706966698169708e-02
2.860634028911590576e-02
2.858549915254116058e-02
2.856454439461231232e-02
2.854347787797451019e-02
2.852229773998260498e-02
2.850099653005599976e-02
2.847957983613014221e-02
2.845804393291473389e-02
2.843638509511947632e-02
2.841460332274436951e-02
2.839269861578941345e-02
2.837067097425460815e-02
2.834851481020450592e-02
2.832623012363910675e-02
2.830381877720355988e-02
2.828127890825271606e-02
2.825860679149627686e-02
2.823580428957939148e-02
2.821286767721176147e-02
2.818979695439338684e-02
2.816659212112426758e-02
2.814324945211410522e-02
2.811977081000804901e-02
2.809615433216094971e-02
2.807240001857280731e-02
2.804850600659847260e-02
2.802446857094764709e-02
2.800028771162033081e-02
2.797596715390682220e-02
2.795149944722652435e-02
2.792688645422458649e-02
2.790213003754615784e-02
2.787722274661064148e-02
2.785216830670833588e-02
2.782696299254894257e-02
2.780160866677761078e-02
2.777610346674919128e-02
2.775044552981853485e-02
2.772463113069534302e-02
2.769866771996021271e-02
2.767254598438739777e-02
2.764626964926719666e-02
2.761983685195446014e-02
2.759324945509433746e-02
2.756650187075138092e-02
2.753959596157073975e-02
2.751253359019756317e-02
2.748531289398670197e-02
2.745793201029300690e-02
2.743039466440677643e-02
2.740269899368286133e-02
2.737484313547611237e-02
2.734683081507682800e-02
2.731866016983985901e-02
2.729032933712005615e-02
2.726184390485286713e-02
2.723320387303829193e-02
2.720440737903118134e-02
2.717545628547668457e-02
2.714635431766510010e-02
2.711709775030612946e-02
2.708769403398036957e-02
2.705813758075237274e-02
2.702843770384788513e-02
2.699859254062175751e-02
2.696860395371913910e-02
2.693847566843032837e-02
2.690820582211017609e-02
2.687779814004898071e-02
2.684726007282733917e-02
2.681658789515495300e-02
2.678578719496726990e-02
2.675485797226428986e-02
2.672380581498146057e-02
2.669263258576393127e-02
2.666134014725685120e-02
2.662993408739566803e-02
2.659841440618038177e-02
2.656678482890129089e-02
2.653504908084869385e-02
2.650321274995803833e-02
2.647127397358417511e-02
2.643924020230770111e-02
2.640710957348346710e-02
2.637488953769207001e-02
2.634258195757865906e-02
2.631018869578838348e-02
2.627771534025669098e-02
2.624516189098358154e-02
2.621253207325935364e-02
2.617983147501945496e-02
2.614706195890903473e-02
2.611422352492809296e-02
2.608132176101207733e-02
2.604836039245128632e-02
2.601533755660057068e-02
2.598226070404052734e-02
2.594912797212600708e-02
2.591594681143760681e-02
2.588271722197532654e-02
2.584943920373916626e-02
2.581612020730972290e-02
2.578275837004184723e-02
2.574935741722583771e-02
2.571591921150684357e-02
2.568244561553001404e-02
2.564894035458564758e-02
2.561540156602859497e-02
2.558183483779430389e-02
2.554824389517307281e-02
2.551462501287460327e-02
2.548098564147949219e-02
2.544732205569744110e-02
2.541364170610904694e-02
2.537994273006916046e-02
2.534622885286808014e-02
2.531250193715095520e-02
2.527876384556293488e-02
2.524501457810401917e-02
2.521125972270965576e-02
2.517749927937984467e-02
2.514373511075973511e-02
2.510996907949447632e-02
2.507620491087436676e-02
2.504244260489940643e-02
2.500868774950504303e-02
2.497494034469127655e-02
2.494120225310325623e-02
2.490747720003128052e-02
2.487376704812049866e-02
2.484007552266120911e-02
2.480640262365341187e-02
2.477275580167770386e-02
2.473913319408893585e-02
2.470554038882255554e-02
2.467197924852371216e-02
2.463845163583755493e-02
2.460496313869953156e-02
2.457151561975479126e-02
2.453811280429363251e-02
2.450475655496120453e-02
2.447144873440265656e-02
2.443819493055343628e-02
2.440500073134899139e-02
2.437186427414417267e-02
2.433878928422927856e-02
2.430578321218490601e-02
2.427284605801105499e-02
2.423998154699802399e-02
2.420719340443611145e-02
2.417448535561561584e-02
2.414185740053653717e-02
2.410931326448917389e-02
2.407686039805412292e-02
2.404449693858623505e-02
2.401222661137580872e-02
2.398005314171314240e-02
2.394797652959823608e-02
2.391600422561168671e-02
2.388413436710834503e-02
2.385236881673336029e-02
2.382071316242218018e-02
2.378916740417480469e-02
2.375773340463638306e-02
2.372641302645206451e-02
2.369520999491214752e-02
2.366412244737148285e-02
2.363315224647521973e-02
2.360230125486850739e-02
2.357157133519649506e-02
2.354096435010433197e-02
2.351047843694686890e-02
2.348011545836925507e-02
2.344987727701663971e-02
2.341976203024387360e-02
2.338977158069610596e-02
2.335990592837333679e-02
2.333016321063041687e-02
2.330054715275764465e-02
2.327105402946472168e-02
2.324168570339679718e-02
2.321244217455387115e-02
2.318332344293594360e-02
2.315432578325271606e-02
2.312545292079448700e-02
2.309670113027095795e-02
2.306807227432727814e-02
2.303956449031829834e-02
2.301117591559886932e-02
2.298290841281414032e-02
2.295476198196411133e-02
2.292673289775848389e-02
2.289882116019725800e-02
2.287103049457073212e-02
2.284335345029830933e-02
2.281579561531543732e-02
2.278835326433181763e-02
2.276102825999259949e-02
2.273381687700748444e-02
2.270672097802162170e-02
2.267974056303501129e-02
2.265287563204765320e-02
2.262612432241439819e-02
2.259948663413524628e-02
2.257296256721019745e-02
2.254655398428440094e-02
2.252025902271270752e-02
2.249407768249511719e-02
2.246801182627677917e-02
2.244206145405769348e-02
2.241622470319271088e-02
2.239050343632698059e-02
2.236489765346050262e-02
2.233940735459327698e-02
2.231403440237045288e-02
2.228877693414688110e-02
2.226363494992256165e-02
2.223861217498779297e-02
2.221370488405227661e-02
2.218891493976116180e-02
2.216424420475959778e-02
2.213969267904758453e-02
2.211525663733482361e-02
2.209093980491161346e-02
2.206674218177795410e-02
2.204266004264354706e-02
2.201869897544384003e-02
2.199485339224338531e-02
2.197112701833248138e-02
2.194751612842082977e-02
2.192402258515357971e-02
2.190064452588558197e-02
2.187738381326198578e-02
2.185423299670219421e-02
2.183119766414165497e-02
2.180827409029006958e-02
2.178546041250228882e-02
2.176275476813316345e-02
2.174015715718269348e-02
2.171766571700572968e-02
2.169527672231197357e-02
2.167299017310142517e-02
2.165080420672893524e-02
2.162871323525905609e-02
2.160671912133693695e-02
2.158481627702713013e-02
2.156300283968448639e-02
2.154127880930900574e-02
2.151963859796524048e-02
2.149807848036289215e-02
2.147659659385681152e-02
2.145519293844699860e-02
2.143386006355285645e-02
2.141259796917438507e-02
2.139139920473098755e-02
2.137026563286781311e-02
2.134919352829456329e-02
2.132817730307579041e-02
2.130721509456634521e-02
2.128630317747592926e-02
2.126543968915939331e-02
2.124462090432643890e-02
2.122384309768676758e-02
2.120310626924037933e-02
2.118240483105182648e-02
2.116173505783081055e-02
2.114109881222248077e-02
2.112048864364624023e-02
2.109990641474723816e-02
2.107934840023517609e-02
2.105881087481975555e-02
2.103829197585582733e-02
2.101779170334339142e-02
2.099730819463729858e-02
2.097683772444725037e-02
2.095638029277324677e-02
2.093593403697013855e-02
2.091549895703792572e-02
2.089507132768630981e-02
2.087465301156044006e-02
2.085424028337001801e-02
2.083383314311504364e-02
2.081343345344066620e-02
2.079303748905658722e-02
2.077264524996280670e-02
2.075225859880447388e-02
2.073187381029129028e-02
2.071149274706840515e-02
2.069111540913581848e-02
2.067073807120323181e-02
2.065036445856094360e-02
2.062999084591865540e-02
2.060962282121181488e-02
2.058925479650497437e-02
2.056888677179813385e-02
2.054852060973644257e-02
2.052815444767475128e-02
2.050778828561306000e-02
2.048742398619651794e-02
2.046705782413482666e-02
2.044668979942798615e-02
2.042631991207599640e-02
2.040594816207885742e-02
2.038557268679141998e-02
2.036519162356853485e-02
2.034480497241020203e-02
2.032441087067127228e-02
2.030400931835174561e-02
2.028359845280647278e-02
2.026317641139030457e-02
2.024273946881294250e-02
2.022228948771953583e-02
2.020182274281978607e-02
2.018133550882339478e-02
2.016082778573036194e-02
2.014029957354068756e-02
2.011974342167377472e-02
2.009916119277477264e-02
2.007854729890823364e-02
2.005790174007415771e-02
2.003722265362739563e-02
2.001650445163249969e-02
1.999574527144432068e-02
1.997494511306285858e-02
1.995409838855266571e-02
1.993320509791374207e-02
1.991226151585578918e-02
1.989126391708850861e-02
1.987021230161190033e-02
1.984910294413566589e-02
1.982793398201465607e-02
1.980670355260372162e-02
1.978540979325771332e-02
1.976404897868633270e-02
1.974262110888957977e-02
1.972112432122230530e-02
1.969955675303936005e-02
1.967791840434074402e-02
1.965620554983615875e-02
1.963442005217075348e-02
1.961255818605422974e-02
1.959062367677688599e-02
1.956860907375812531e-02
1.954652369022369385e-02
1.952436007559299469e-02
1.950212009251117706e-02
1.947980560362339020e-02
1.945741847157478333e-02
1.943495497107505798e-02
1.941241696476936340e-02
1.938981004059314728e-02
1.936713047325611115e-02
1.934438198804855347e-02
1.932156644761562347e-02
1.929868385195732117e-02
1.927573606371879578e-02
1.925272494554519653e-02
1.922965422272682190e-02
1.920652389526367188e-02
1.918333582580089569e-02
1.916009560227394104e-02
1.913680136203765869e-02
1.911345496773719788e-02
1.909006200730800629e-02
1.906662061810493469e-02
1.904313638806343079e-02
1.901961117982864380e-02
1.899604313075542450e-02
1.897243596613407135e-02
1.894879154860973358e-02
1.892511360347270966e-02
1.890140026807785034e-02
1.887765526771545410e-02
1.885387860238552094e-02
1.883007213473320007e-02
1.880623772740364075e-02
1.878237351775169373e-02
1.875848136842250824e-02
1.873456314206123352e-02
1.871061697602272034e-02
1.868664473295211792e-02
1.866264641284942627e-02
1.863862015306949615e-02
1.861456781625747681e-02
1.859048940241336823e-02
1.856638304889202118e-02
1.854224689304828644e-02
1.851808279752731323e-02
1.849388889968395233e-02
1.846966333687305450e-02
1.844540610909461975e-02
1.842111721634864807e-02
1.839679479598999023e-02
1.837243698537349701e-02
1.834804378449916840e-02
1.832361146807670593e-02
1.829914189875125885e-02
1.827463507652282715e-02
1.825008727610111237e-02
1.822549849748611450e-02
1.820086874067783356e-02
1.817619614303112030e-02
1.815148070454597473e-02
1.812672242522239685e-02
1.810191944241523743e-02
1.807707548141479492e-02
1.805218681693077087e-02
1.802725531160831451e-02
1.800228096544742584e-02
1.797726377844810486e-02
1.795220747590065002e-02
1.792711019515991211e-02
1.790197193622589111e-02
1.787679828703403473e-02
1.785158924758434296e-02
1.782634668052196503e-02
1.780107244849205017e-02
1.777576841413974762e-02
1.775043644011020660e-02
1.772508211433887482e-02
1.769970543682575226e-02
1.767431199550628662e-02
1.764889992773532867e-02
1.762347854673862457e-02
1.759804598987102509e-02
1.757260970771312714e-02
1.754717156291007996e-02
1.752173528075218201e-02
1.749630272388458252e-02
1.747087948024272919e-02
1.744546927511692047e-02
1.742007397115230560e-02
1.739469915628433228e-02
1.736934669315814972e-02
1.734402030706405640e-02
1.731872372329235077e-02
1.729346066713333130e-02
1.726823113858699799e-02
1.724304258823394775e-02
1.721789501607418060e-02
1.719279028475284576e-02
1.716773211956024170e-02
1.714272238314151764e-02
1.711776293814182281e-02
1.709285378456115723e-02
1.706800051033496857e-02
1.704319939017295837e-02
1.701845414936542511e-02
1.699376665055751801e-02
1.696913503110408783e-02
1.694456115365028381e-02
1.692004315555095673e-02
1.689558289945125580e-02
1.687118038535118103e-02
1.684683188796043396e-02
1.682254113256931305e-02
1.679830253124237061e-02
1.677411794662475586e-02
1.674998551607131958e-02
1.672590523958206177e-02
1.670187339186668396e-02
1.667788811028003693e-02
1.665394939482212067e-02
1.663005538284778595e-02
1.660620607435703278e-02
1.658239588141441345e-02
1.655862480401992798e-02
1.653489284217357635e-02
1.651119813323020935e-02
1.648753695189952850e-02
1.646390929818153381e-02
1.644031330943107605e-02
1.641675084829330444e-02
1.639321818947792053e-02
1.636971347033977509e-02
1.634623855352401733e-02
1.632279157638549805e-02
1.629937253892421722e-02
1.627598144114017487e-02
1.625262014567852020e-02
1.622928678989410400e-02
1.620598323643207550e-02
1.618270948529243469e-02
1.615946739912033081e-02
1.613626070320606232e-02
1.611308567225933075e-02
1.608994975686073303e-02
1.606684923171997070e-02
1.604379154741764069e-02
1.602077670395374298e-02
1.599780656397342682e-02
1.597488485276699066e-02
1.595201529562473297e-02
1.592919789254665375e-02
1.590643823146820068e-02
1.588374003767967224e-02
1.586110331118106842e-02
1.583853363990783691e-02
1.581603288650512695e-02
1.579360477626323700e-02
1.577125303447246552e-02
1.574897952377796173e-02
1.572678796947002411e-02
1.570468209683895111e-02
1.568266004323959351e-02
1.566073112189769745e-02
1.563889160752296448e-02
1.561714708805084229e-02
1.559549756348133087e-02
1.557394675910472870e-02
1.555249374359846115e-02
1.553114037960767746e-02
1.550988852977752686e-02
1.548873819410800934e-02
1.546768937259912491e-02
1.544674206525087357e-02
1.542589534074068069e-02
1.540514826774597168e-02
1.538450270891189575e-02
1.536395493894815445e-02
1.534350495785474777e-02
1.532314810901880264e-02
1.530288718640804291e-02
1.528271473944187164e-02
1.526263263076543808e-02
1.524263527244329453e-02
1.522272173315286636e-02
1.520288828760385513e-02
1.518313027918338776e-02
1.516344584524631500e-02
1.514383126050233841e-02
1.512428373098373413e-02
1.510479953140020370e-02
1.508537307381629944e-02
1.506600435823202133e-02
1.504668686538934708e-02
1.502741780132055283e-02
1.500819344073534012e-02
1.498901285231113434e-02
1.496987137943506241e-02
1.495076436549425125e-02
1.493169274181127548e-02
1.491265092045068741e-02
1.489363703876733780e-02
1.487465016543865204e-02
1.485568657517433167e-02
1.483674626797437668e-02
1.481782738119363785e-02
1.479892991483211517e-02
1.478005200624465942e-02
1.476119179278612137e-02
1.474235113710165024e-02
1.472353097051382065e-02
1.470472943037748337e-02
1.468594931066036224e-02
1.466718874871730804e-02
1.464845053851604462e-02
1.462973654270172119e-02
1.461104862391948700e-02
1.459238957613706589e-02
1.457375753670930862e-02
1.455515809357166290e-02
1.453659404069185257e-02
1.451806537806987762e-02
1.449957676231861115e-02
1.448113005608320236e-02
1.446272619068622589e-02
1.444437168538570404e-02
1.442606747150421143e-02
1.440781541168689728e-02
1.438961829990148544e-02
1.437147986143827438e-02
1.435340102761983871e-02
1.433538272976875305e-02
1.431742962449789047e-02
1.429954264312982559e-02
1.428172364830970764e-02
1.426397170871496201e-02
1.424629054963588715e-02
1.422867923974990845e-02
1.421113777905702591e-02
1.419366803020238876e-02
1.417626906186342239e-02
1.415893901139497757e-02
1.414167787879705429e-02
1.412448473274707794e-02
1.410735771059989929e-02
1.409029494971036911e-02
1.407329551875591278e-02
1.405635476112365723e-02
1.403947174549102783e-02
1.402263995260000229e-02
1.400586124509572983e-02
1.398912724107503891e-02
1.397243794053792953e-02
1.395578589290380478e-02
1.393917016685009003e-02
1.392258424311876297e-02
1.390602439641952515e-02
1.388948690146207809e-02
1.387296617031097412e-02
1.385645754635334015e-02
1.383995637297630310e-02
1.382345892488956451e-02
1.380696147680282593e-02
1.379045750945806503e-02
1.377394609153270721e-02
1.375741977244615555e-02
1.374087668955326080e-02
1.372431311756372452e-02
1.370772533118724823e-02
1.369111146777868271e-02
1.367446966469287872e-02
1.365779247134923935e-02
1.364108361303806305e-02
1.362433750182390213e-02
1.360755506902933121e-02
1.359073538333177567e-02
1.357387565076351166e-02
1.355697680264711380e-02
1.354003977030515671e-02
1.352306455373764038e-02
1.350605208426713943e-02
1.348900236189365387e-02
1.347191724926233292e-02
1.345480140298604965e-02
1.343765296041965485e-02
1.342047657817602158e-02
1.340327411890029907e-02
1.338604930788278580e-02
1.336880587041378021e-02
1.335154380649328232e-02
1.333427056670188904e-02
1.331698801368474960e-02
1.329969801008701324e-02
1.328240614384412766e-02
1.326511520892381668e-02
1.324783079326152802e-02
1.323055475950241089e-02
1.321328897029161453e-02
1.319603994488716125e-02
1.317880861461162567e-02
1.316159963607788086e-02
1.314441394060850143e-02
1.312725525349378586e-02
1.311012450605630875e-02
1.309302635490894318e-02
1.307595986872911453e-02
1.305892597883939743e-02
1.304192747920751572e-02
1.302496436983346939e-02
1.300803665071725845e-02
1.299114245921373367e-02
1.297428458929061890e-02
1.295745931565761566e-02
1.294066663831472397e-02
1.292390376329421997e-02
1.290717069059610367e-02
1.289046276360750198e-02
1.287377811968326569e-02
1.285711396485567093e-02
1.284046750515699387e-02
1.282383315265178680e-02
1.280720997601747513e-02
1.279059238731861115e-02
1.277397572994232178e-02
1.275735720992088318e-02
1.274073123931884766e-02
1.272409409284591675e-02
1.270744111388921738e-02
1.269076764583587646e-02
1.267406996339559555e-02
1.265734340995550156e-02
1.264058426022529602e-02
1.262378692626953125e-02
1.260694954544305801e-02
1.259006746113300323e-02
1.257313787937164307e-02
1.255615800619125366e-02
1.253912318497896194e-02
1.252203434705734253e-02
1.250488683581352234e-02
1.248767971992492676e-02
1.247041206806898117e-02
1.245308294892311096e-02
1.243569236248731613e-02
1.241824030876159668e-02
1.240072678774595261e-02
1.238315273076295853e-02
1.236552000045776367e-02
1.234782952815294266e-02
1.233008503913879395e-02
1.231228746473789215e-02
1.229444053024053574e-02
1.227654796093702316e-02
1.225861255079507828e-02
1.224063802510499954e-02
1.222262904047966003e-02
1.220459025353193283e-02
1.218652538955211639e-02
1.216844003647565842e-02
1.215033885091543198e-02
1.213222742080688477e-02
1.211410947144031525e-02
1.209599152207374573e-02
1.207787822932004929e-02
1.205977331846952438e-02
1.204168237745761871e-02
1.202361192554235458e-02
1.200556289404630661e-02
1.198754273355007172e-02
1.196955423802137375e-02
1.195160113275051117e-02
1.193368714302778244e-02
1.191581506282091141e-02
1.189798768609762192e-02
1.188020687550306320e-02
1.186247542500495911e-02
1.184479333460330963e-02
1.182716339826583862e-02
1.180958561599254608e-02
1.179206091910600662e-02
1.177458651363849640e-02
1.175716426223516464e-02
1.173979137092828751e-02
1.172246783971786499e-02
1.170518994331359863e-02
1.168795675039291382e-02
1.167076360434293747e-02
1.165360957384109497e-02
1.163649000227451324e-02
1.161940302699804306e-02
1.160234119743108749e-02
1.158530358225107193e-02
1.156828552484512329e-02
1.155128050595521927e-02
1.153428573161363602e-02
1.151729747653007507e-02
1.150030922144651413e-02
1.148331724107265472e-02
1.146631687879562378e-02
1.144930347800254822e-02
1.143227517604827881e-02
1.141522545367479324e-02
1.139815058559179306e-02
1.138104870915412903e-02
1.136391703039407730e-02
1.134674996137619019e-02
1.132954843342304230e-02
1.131230778992176056e-02
1.129502803087234497e-02
1.127770729362964630e-02
1.126034464687108994e-02
1.124294102191925049e-02
1.122549548745155334e-02
1.120800990611314774e-02
1.119048427790403366e-02
1.117292139679193497e-02
1.115532219409942627e-02
0.000000000000000000e+00
0.000000000000000000e+00
0.000000000000000000e+00
0.000000000000000000e+00
0.000000000000000000e+00
0.000000000000000000e+00
0.000000000000000000e+00
0.000000000000000000e+00
0.000000000000000000e+00
0.000000000000000000e+00
0.000000000000000000e+00
0.000000000000000000e+00
0.000000000000000000e+00
0.000000000000000000e+00
0.000000000000000000e+00
0.000000000000000000e+00
0.000000000000000000e+00
0.000000000000000000e+00
0.000000000000000000e+00
0.000000000000000000e+00
0.000000000000000000e+00
0.000000000000000000e+00
0.000000000000000000e+00
0.000000000000000000e+00
0.000000000000000000e+00
0.000000000000000000e+00
0.000000000000000000e+00
0.000000000000000000e+00
0.000000000000000000e+00
0.000000000000000000e+00
0.000000000000000000e+00
0.000000000000000000e+00
0.000000000000000000e+00
0.000000000000000000e+00
0.000000000000000000e+00
0.000000000000000000e+00
0.000000000000000000e+00
0.000000000000000000e+00
0.000000000000000000e+00
0.000000000000000000e+00
0.000000000000000000e+00
0.000000000000000000e+00
0.000000000000000000e+00
0.000000000000000000e+00
0.000000000000000000e+00
0.000000000000000000e+00
0.000000000000000000e+00
0.000000000000000000e+00
0.000000000000000000e+00
0.000000000000000000e+00
0.000000000000000000e+00
0.000000000000000000e+00
0.000000000000000000e+00
0.000000000000000000e+00
0.000000000000000000e+00
0.000000000000000000e+00
0.000000000000000000e+00
0.000000000000000000e+00
0.000000000000000000e+00
0.000000000000000000e+00
0.000000000000000000e+00
0.000000000000000000e+00
0.000000000000000000e+00
0.000000000000000000e+00
0.000000000000000000e+00
0.000000000000000000e+00
0.000000000000000000e+00
0.000000000000000000e+00
0.000000000000000000e+00
0.000000000000000000e+00
0.000000000000000000e+00
0.000000000000000000e+00
0.000000000000000000e+00
0.000000000000000000e+00
0.000000000000000000e+00
0.000000000000000000e+00
0.000000000000000000e+00
0.000000000000000000e+00
0.000000000000000000e+00
0.000000000000000000e+00
0.000000000000000000e+00
0.000000000000000000e+00
0.000000000000000000e+00
0.000000000000000000e+00
0.000000000000000000e+00
0.000000000000000000e+00
0.000000000000000000e+00
0.000000000000000000e+00
0.000000000000000000e+00
0.000000000000000000e+00
0.000000000000000000e+00
0.000000000000000000e+00
0.000000000000000000e+00
0.000000000000000000e+00
0.000000000000000000e+00
0.000000000000000000e+00
0.000000000000000000e+00
0.000000000000000000e+00
0.000000000000000000e+00
0.000000000000000000e+00
