# ee
3.142578899860382080e-02
4.910059273242950439e-02
5.260985717177391052e-02
4.414076730608940125e-02
3.061822801828384399e-02
1.831924729049205780e-02
1.027418300509452820e-02
6.412606220692396164e-03
5.101112183183431625e-03
4.680515266954898834e-03
4.325113724917173386e-03
3.687639487907290459e-03
3.205070272088050842e-03
2.994842361658811569e-03
3.034711815416812897e-03
3.283665748313069344e-03
3.531360067427158356e-03
3.757608123123645782e-03
4.045608453452587128e-03
4.434652626514434814e-03
5.018462892621755600e-03
5.792947486042976379e-03
6.702695507556200027e-03
7.756109815090894699e-03
8.936596103012561798e-03
1.022799126803874969e-02
1.164008211344480515e-02
1.317157968878746033e-02
1.482532359659671783e-02
1.659232936799526215e-02
1.845746859908103943e-02
2.044114470481872559e-02
2.258042804896831512e-02
2.489521913230419159e-02
2.740009874105453491e-02
3.007283061742782593e-02
3.289578482508659363e-02
3.587834909558296204e-02
3.904222324490547180e-02
4.240890592336654663e-02
4.597896710038185120e-02
4.974754899740219116e-02
5.369494855403900146e-02
5.781184881925582886e-02
6.209431588649749756e-02
6.654655933380126953e-02
7.118187099695205688e-02
7.599123567342758179e-02
8.095823973417282104e-02
8.606051653623580933e-02
9.137834608554840088e-02
9.705293923616409302e-02
1.030694842338562012e-01
1.093982830643653870e-01
1.158902794122695923e-01
1.224390417337417603e-01
1.290566027164459229e-01
1.357846707105636597e-01
1.426798403263092041e-01
1.498386263847351074e-01
1.572496145963668823e-01
1.648744195699691772e-01
1.727267056703567505e-01
1.807829439640045166e-01
1.889771670103073120e-01
1.973114013671875000e-01
2.058269083499908447e-01
2.144832760095596313e-01
2.233217805624008179e-01
2.323320508003234863e-01
2.414900213479995728e-01
2.507645487785339355e-01
2.601467967033386230e-01
2.696502506732940674e-01
2.792786955833435059e-01
2.890273332595825195e-01
2.989263832569122314e-01
3.089242875576019287e-01
3.190289139747619629e-01
3.291935920715332031e-01
3.394430279731750488e-01
3.497548401355743408e-01
3.601288497447967529e-01
3.705426752567291260e-01
3.810116052627563477e-01
3.915089666843414307e-01
4.020532369613647461e-01
4.126332402229309082e-01
4.232153594493865967e-01
4.337960779666900635e-01
4.443649053573608398e-01
4.549190700054168701e-01
4.654259681701660156e-01
4.758903086185455322e-01
4.863017797470092773e-01
4.966501891613006592e-01
5.069326758384704590e-01
5.171167254447937012e-01
5.272069573402404785e-01
5.372675061225891113e-01
5.471543669700622559e-01
5.569463372230529785e-01
5.666481256484985352e-01
5.761901736259460449e-01
5.856512784957885742e-01
5.948874950408935547e-01
6.039777398109436035e-01
6.128523945808410645e-01
6.215159893035888672e-01
6.300473809242248535e-01
6.383752822875976562e-01
6.465027332305908203e-01
6.543583273887634277e-01
6.620935797691345215e-01
6.694886088371276855e-01
6.766205430030822754e-01
6.836410164833068848e-01
6.904043555259704590e-01
6.967648267745971680e-01
7.030227184295654297e-01
7.088836431503295898e-01
7.144249081611633301e-01
7.197237014770507812e-01
7.247087359428405762e-01
7.294573187828063965e-01
7.338236570358276367e-01
7.379593849182128906e-01
7.417188286781311035e-01
7.451049685478210449e-01
7.482688426971435547e-01
7.510621547698974609e-01
7.535588741302490234e-01
7.557588219642639160e-01
7.575874328613281250e-01
7.590445280075073242e-01
7.602041363716125488e-01
7.609916925430297852e-01
7.615556120872497559e-01
7.616727352142333984e-01
7.614170908927917480e-01
7.608627676963806152e-01
7.600095272064208984e-01
7.587828636169433594e-01
7.573311328887939453e-01
7.554311752319335938e-01
7.533056735992431641e-01
7.508057951927185059e-01
7.480055093765258789e-01
7.449790835380554199e-01
7.416509985923767090e-01
7.379423975944519043e-01
7.339966297149658203e-01
7.298083901405334473e-01
7.253723144531250000e-01
7.206830978393554688e-01
7.157353162765502930e-01
7.105980515480041504e-01
7.051172256469726562e-01
6.994361877441406250e-01
6.936238408088684082e-01
6.875262260437011719e-01
6.812124252319335938e-01
6.747512817382812500e-01
6.680631041526794434e-01
6.612911820411682129e-01
6.542072892189025879e-01
6.471775770187377930e-01
6.398994326591491699e-01
6.325904130935668945e-01
6.252452135086059570e-01
6.177840232849121094e-01
6.102016568183898926e-01
6.027897596359252930e-01
5.952458381652832031e-01
5.877866148948669434e-01
5.803276896476745605e-01
5.730813741683959961e-01
5.657395124435424805e-01
5.585142970085144043e-01
5.513948202133178711e-01
5.444447398185729980e-01
5.375787615776062012e-01
5.308604836463928223e-01
5.244276523590087891e-01
5.181282758712768555e-01
5.120927691459655762e-01
5.062953233718872070e-01
5.007623434066772461e-01
4.955349266529083252e-01
4.906245470046997070e-01
4.860427081584930420e-01
4.818230867385864258e-01
4.779845178127288818e-01
4.745533764362335205e-01
4.715558886528015137e-01
4.690257906913757324e-01
4.669744670391082764e-01
4.654282331466674805e-01
4.644059240818023682e-01
4.639562368392944336e-01
4.640766382217407227e-01
4.648166000843048096e-01
4.661886990070343018e-01
4.682275056838989258e-01
4.709604382514953613e-01
4.743998050689697266e-01
4.785877168178558350e-01
4.835366606712341309e-01
4.892887473106384277e-01
4.958637356758117676e-01
5.032815337181091309e-01
5.115766525268554688e-01
5.207319855690002441e-01
5.309305787086486816e-01
5.419769287109375000e-01
5.540170073509216309e-01
5.670409798622131348e-01
5.810388922691345215e-01
5.961493253707885742e-01
6.122881174087524414e-01
6.295939087867736816e-01
6.479824185371398926e-01
6.674436330795288086e-01
6.881162524223327637e-01
7.099903821945190430e-01
7.330558896064758301e-01
7.573028802871704102e-01
7.827957272529602051e-01
8.095242977142333984e-01
8.375530242919921875e-01
8.667975068092346191e-01
8.974708318710327148e-01
9.294141530990600586e-01
9.626919627189636230e-01
9.972940683364868164e-01
1.033284902572631836e+00
1.070728659629821777e+00
1.109466910362243652e+00
1.149563670158386230e+00
1.191157579421997070e+00
1.234090089797973633e+00
1.278499722480773926e+00
1.324302077293395996e+00
1.371561646461486816e+00
1.420268297195434570e+00
1.470337510108947754e+00
1.522130966186523438e+00
1.575118422508239746e+00
1.629735708236694336e+00
1.685678243637084961e+00
1.743173003196716309e+00
1.802004098892211914e+00
1.862475275993347168e+00
1.924296259880065918e+00
1.987845182418823242e+00
2.052683353424072266e+00
2.119188785552978516e+00
2.187219858169555664e+00
2.256783723831176758e+00
2.327812194824218750e+00
2.400535345077514648e+00
2.474737167358398438e+00
2.550498723983764648e+00
2.627752304077148438e+00
2.706728219985961914e+00
2.787061214447021484e+00
2.869130134582519531e+00
2.952644109725952148e+00
3.037684440612792969e+00
3.124184131622314453e+00
3.212446451187133789e+00
3.301884651184082031e+00
3.393099308013916016e+00
3.485577821731567383e+00
3.579549312591552734e+00
3.675021171569824219e+00
3.771925926208496094e+00
3.870196104049682617e+00
3.969838142395019531e+00
4.070934295654296875e+00
4.173193454742431641e+00
4.276845455169677734e+00
4.381823539733886719e+00
4.488133907318115234e+00
4.595635414123535156e+00
4.704334735870361328e+00
4.814238548278808594e+00
4.925280570983886719e+00
5.037318229675292969e+00
5.151102066040039062e+00
5.265524387359619141e+00
5.380220413208007812e+00
5.496683120727539062e+00
5.613434314727783203e+00
5.731966495513916016e+00
5.850057601928710938e+00
5.969943523406982422e+00
6.090889453887939453e+00
6.211415290832519531e+00
6.333016872406005859e+00
6.454971313476562500e+00
6.578044891357421875e+00
6.702260017395019531e+00
6.826152801513671875e+00
6.950489044189453125e+00
7.075291633605957031e+00
7.202069282531738281e+00
7.327872753143310547e+00
7.453466892242431641e+00
7.581104755401611328e+00
7.707836151123046875e+00
7.835169792175292969e+00
7.963129043579101562e+00
8.090250968933105469e+00
8.218043327331542969e+00
8.345043182373046875e+00
8.473503112792968750e+00
8.601216316223144531e+00
8.728948593139648438e+00
8.857465744018554688e+00
8.984561920166015625e+00
9.111746788024902344e+00
9.239783287048339844e+00
9.364983558654785156e+00
9.491826057434082031e+00
9.618103981018066406e+00
9.743099212646484375e+00
9.868319511413574219e+00
9.992302894592285156e+00
1.011581420898437500e+01
1.023962116241455078e+01
1.036225795745849609e+01
1.048449325561523438e+01
1.060486221313476562e+01
1.072487545013427734e+01
1.084455490112304688e+01
1.096243953704833984e+01
1.108077907562255859e+01
1.119736862182617188e+01
1.131223201751708984e+01
1.142762088775634766e+01
1.154058551788330078e+01
1.165263557434082031e+01
1.176305198669433594e+01
1.187334251403808594e+01
1.198130321502685547e+01
1.208769893646240234e+01
1.219329643249511719e+01
1.229663372039794922e+01
1.239921569824218750e+01
1.250031661987304688e+01
1.259920501708984375e+01
1.269663906097412109e+01
1.279262828826904297e+01
1.288718891143798828e+01
1.297958850860595703e+01
1.306909942626953125e+01
1.315721797943115234e+01
1.324395942687988281e+01
1.332859230041503906e+01
1.341113090515136719e+01
1.349233055114746094e+01
1.356997489929199219e+01
1.364630889892578125e+01
1.372059726715087891e+01
1.379137134552001953e+01
1.386087131500244141e+01
1.392836952209472656e+01
1.399313354492187500e+01
1.405517578125000000e+01
1.411525535583496094e+01
1.417264080047607422e+01
1.422808837890625000e+01
1.428086662292480469e+01
1.433173370361328125e+01
1.437921619415283203e+01
1.442406845092773438e+01
1.446704959869384766e+01
1.450817012786865234e+01
1.454372978210449219e+01
1.457894325256347656e+01
1.461084747314453125e+01
1.463945960998535156e+01
1.466701984405517578e+01
1.469131469726562500e+01
1.471235370635986328e+01
1.473089408874511719e+01
1.474472141265869141e+01
1.475904846191406250e+01
1.476943016052246094e+01
1.477885150909423828e+01
1.478435325622558594e+01
1.478743553161621094e+01
1.478736782073974609e+01
1.478490543365478516e+01
1.478006172180175781e+01
1.477210807800292969e+01
1.476179695129394531e+01
1.474914646148681641e+01
1.473341655731201172e+01
1.471459579467773438e+01
1.469415569305419922e+01
1.467058944702148438e+01
1.464388084411621094e+01
1.461549949645996094e+01
1.458394145965576172e+01
1.454993152618408203e+01
1.451419830322265625e+01
1.447448921203613281e+01
1.443302249908447266e+01
1.438903236389160156e+01
1.434250450134277344e+01
1.429341888427734375e+01
1.424250316619873047e+01
1.418825340270996094e+01
1.413213729858398438e+01
1.407190799713134766e+01
1.401051998138427734e+01
1.394721317291259766e+01
1.388122558593750000e+01
1.381254196166992188e+01
1.374114227294921875e+01
1.366775131225585938e+01
1.359161090850830078e+01
1.351418685913085938e+01
1.343397521972656250e+01
1.335170269012451172e+01
1.326735115051269531e+01
1.318164539337158203e+01
1.309308052062988281e+01
1.300238227844238281e+01
1.291101837158203125e+01
1.281674289703369141e+01
1.272176551818847656e+01
1.262458229064941406e+01
1.252517509460449219e+01
1.242426967620849609e+01
1.232258892059326172e+01
1.221863079071044922e+01
1.211311817169189453e+01
1.200603485107421875e+01
1.189810371398925781e+01
1.178930664062500000e+01
1.167739677429199219e+01
1.156607151031494141e+01
1.145382499694824219e+01
1.133915233612060547e+01
1.122426605224609375e+01
1.110914611816406250e+01
1.099228572845458984e+01
1.087514114379882812e+01
1.075767898559570312e+01
1.063912200927734375e+01
1.052018165588378906e+01
1.040008068084716797e+01
1.028027248382568359e+01
1.015997982025146484e+01
1.003991413116455078e+01
9.918554306030273438e+00
9.797353744506835938e+00
9.675537109375000000e+00
9.554555892944335938e+00
9.433634757995605469e+00
9.312739372253417969e+00
9.191092491149902344e+00
9.070147514343261719e+00
8.949872016906738281e+00
8.828743934631347656e+00
8.708962440490722656e+00
8.590490341186523438e+00
8.471810340881347656e+00
8.353630065917968750e+00
8.236660003662109375e+00
8.119380950927734375e+00
8.003986358642578125e+00
7.888958930969238281e+00
7.774262905120849609e+00
7.661350727081298828e+00
7.549446105957031250e+00
7.438516139984130859e+00
7.329268932342529297e+00
7.220927238464355469e+00
7.114201068878173828e+00
7.008312702178955078e+00
6.904715061187744141e+00
6.802631378173828125e+00
6.701283454895019531e+00
6.602124691009521484e+00
6.505120754241943359e+00
6.409493923187255859e+00
6.315954208374023438e+00
6.222980499267578125e+00
6.133511543273925781e+00
6.045284271240234375e+00
5.959750652313232422e+00
5.876133441925048828e+00
5.793655395507812500e+00
5.714511394500732422e+00
5.636438846588134766e+00
5.561636924743652344e+00
5.489344596862792969e+00
5.418806552886962891e+00
5.350754737854003906e+00
5.285917282104492188e+00
5.223688602447509766e+00
5.163757324218750000e+00
5.107152462005615234e+00
5.052894592285156250e+00
5.001639842987060547e+00
4.953078269958496094e+00
4.907642364501953125e+00
4.865097999572753906e+00
4.825727939605712891e+00
4.789446830749511719e+00
4.756315231323242188e+00
4.726469039916992188e+00
4.699747562408447266e+00
4.676361083984375000e+00
4.656221866607666016e+00
4.639392375946044922e+00
4.626081943511962891e+00
4.616130352020263672e+00
4.609525203704833984e+00
4.606401920318603516e+00
4.606748104095458984e+00
4.610550880432128906e+00
4.617798328399658203e+00
4.628775119781494141e+00
4.643245220184326172e+00
4.661122798919677734e+00
4.682692050933837891e+00
4.707792282104492188e+00
4.736485004425048828e+00
4.768833160400390625e+00
4.804675102233886719e+00
4.844072341918945312e+00
4.887162685394287109e+00
4.933635234832763672e+00
4.983924388885498047e+00
5.037572383880615234e+00
5.094789505004882812e+00
5.155638694763183594e+00
5.219958305358886719e+00
5.287736415863037109e+00
5.358738899230957031e+00
5.433176040649414062e+00
5.511036872863769531e+00
5.592308044433593750e+00
5.676979541778564453e+00
5.765043735504150391e+00
5.856521606445312500e+00
5.949951648712158203e+00
6.048332214355468750e+00
6.149458885192871094e+00
6.254101276397705078e+00
6.361541271209716797e+00
6.473290920257568359e+00
6.587146759033203125e+00
6.703878402709960938e+00
6.824253082275390625e+00
6.948298931121826172e+00
7.074554443359375000e+00
7.205273628234863281e+00
7.337512493133544922e+00
7.473525524139404297e+00
7.611852645874023438e+00
7.754005432128906250e+00
7.899268150329589844e+00
8.046923637390136719e+00
8.197741508483886719e+00
8.351004600524902344e+00
8.506739616394042969e+00
8.665715217590332031e+00
8.826474189758300781e+00
8.990527153015136719e+00
9.157157897949218750e+00
9.325650215148925781e+00
9.497517585754394531e+00
9.671299934387207031e+00
9.847023963928222656e+00
1.002546215057373047e+01
1.020589447021484375e+01
1.038835048675537109e+01
1.057285690307617188e+01
1.075869750976562500e+01
1.094738483428955078e+01
1.113746166229248047e+01
1.132969760894775391e+01
1.152263355255126953e+01
1.171852588653564453e+01
1.191443157196044922e+01
1.211334800720214844e+01
1.231307601928710938e+01
1.251289653778076172e+01
1.271581459045410156e+01
1.291739463806152344e+01
1.312138175964355469e+01
1.332631969451904297e+01
1.353223228454589844e+01
1.373915386199951172e+01
1.394563198089599609e+01
1.415393829345703125e+01
1.436187934875488281e+01
1.457024288177490234e+01
1.477906417846679688e+01
1.498838710784912109e+01
1.519824886322021484e+01
1.540720272064208984e+01
1.561603355407714844e+01
1.582552337646484375e+01
1.603571128845214844e+01
1.624292564392089844e+01
1.645165824890136719e+01
1.665898323059082031e+01
1.686716651916503906e+01
1.707476425170898438e+01
1.728181457519531250e+01
1.748910331726074219e+01
1.769369506835937500e+01
1.789860534667968750e+01
1.810238647460937500e+01
1.830433654785156250e+01
1.850523948669433594e+01
1.870513534545898438e+01
1.890406417846679688e+01
1.910132408142089844e+01
1.929695510864257812e+01
1.949099922180175781e+01
1.968349456787109375e+01
1.987448120117187500e+01
2.006325912475585938e+01
2.025135231018066406e+01
2.043583297729492188e+01
2.061971282958984375e+01
2.080228424072265625e+01
2.098062133789062500e+01
2.115847969055175781e+01
2.133292579650878906e+01
2.150622940063476562e+01
2.167694473266601562e+01
2.184436988830566406e+01
2.201077651977539062e+01
2.217248725891113281e+01
2.233251571655273438e+01
2.249016189575195312e+01
2.264472007751464844e+01
2.279697418212890625e+01
2.294547843933105469e+01
2.309101867675781250e+01
2.323511695861816406e+01
2.337556076049804688e+01
2.351162147521972656e+01
2.364554214477539062e+01
2.377659416198730469e+01
2.390404701232910156e+01
2.402791595458984375e+01
2.414895629882812500e+01
2.426644134521484375e+01
2.437963676452636719e+01
2.448930549621582031e+01
2.459619903564453125e+01
2.469959259033203125e+01
2.479800987243652344e+01
2.489295196533203125e+01
2.498443412780761719e+01
2.507172393798828125e+01
2.515557861328125000e+01
2.523527145385742188e+01
2.531081199645996094e+01
2.538370132446289062e+01
2.545098304748535156e+01
2.551563835144042969e+01
2.557545280456542969e+01
2.563118362426757812e+01
2.568284416198730469e+01
2.573044776916503906e+01
2.577326393127441406e+01
2.581279182434082031e+01
2.584829902648925781e+01
2.587906074523925781e+01
2.590508460998535156e+01
2.592861557006835938e+01
2.594595146179199219e+01
2.596007537841796875e+01
2.596951484680175781e+01
2.597576904296875000e+01
2.597661972045898438e+01
2.597356796264648438e+01
2.596736907958984375e+01
2.595506095886230469e+01
2.594037437438964844e+01
2.592108917236328125e+01
2.589721870422363281e+01
2.587100601196289062e+01
2.583948898315429688e+01
2.580416488647460938e+01
2.576430702209472656e+01
2.572140693664550781e+01
2.567399597167968750e+01
2.562282180786132812e+01
2.556859970092773438e+01
2.550981712341308594e+01
2.544792938232421875e+01
2.538141822814941406e+01
2.531174087524414062e+01
2.523812675476074219e+01
2.516128349304199219e+01
2.508044052124023438e+01
2.499556541442871094e+01
2.490737152099609375e+01
2.481582832336425781e+01
2.472016143798828125e+01
2.462182617187500000e+01
2.451930618286132812e+01
2.441330909729003906e+01
2.430455207824707031e+01
2.419225883483886719e+01
2.407491111755371094e+01
2.395545005798339844e+01
2.383384513854980469e+01
2.370783424377441406e+01
2.357961463928222656e+01
2.344766807556152344e+01
2.331345176696777344e+01
2.317767524719238281e+01
2.303733062744140625e+01
2.289313316345214844e+01
2.274728012084960938e+01
2.259899330139160156e+01
2.244675445556640625e+01
2.229424667358398438e+01
2.213772392272949219e+01
2.197938156127929688e+01
2.181770133972167969e+01
2.165413475036621094e+01
2.148939323425292969e+01
2.132270050048828125e+01
2.115328025817871094e+01
2.098184394836425781e+01
2.080761528015136719e+01
2.063427162170410156e+01
2.045955657958984375e+01
2.028194999694824219e+01
2.010289955139160156e+01
1.992311859130859375e+01
1.974108695983886719e+01
1.955900001525878906e+01
1.937385177612304688e+01
1.918932342529296875e+01
1.900315093994140625e+01
1.881752014160156250e+01
1.862941360473632812e+01
1.844176483154296875e+01
1.825303649902343750e+01
1.806393241882324219e+01
1.787515068054199219e+01
1.768515777587890625e+01
1.749465370178222656e+01
1.730433845520019531e+01
1.711416816711425781e+01
1.692409706115722656e+01
1.673482131958007812e+01
1.654481124877929688e+01
1.635476875305175781e+01
1.616613197326660156e+01
1.597811317443847656e+01
1.578992557525634766e+01
1.560152530670166016e+01
1.541509342193603516e+01
1.522910022735595703e+01
1.504424667358398438e+01
1.486048316955566406e+01
1.467776775360107422e+01
1.449605560302734375e+01
1.431604290008544922e+01
1.413694286346435547e+01
1.395945453643798828e+01
1.378352928161621094e+01
1.360763931274414062e+01
1.343545246124267578e+01
1.326395320892333984e+01
1.309458065032958984e+01
1.292729187011718750e+01
1.276129722595214844e+01
1.259729480743408203e+01
1.243598175048828125e+01
1.227582836151123047e+01
1.211678791046142578e+01
1.196253204345703125e+01
1.180929946899414062e+01
1.165927314758300781e+01
1.151240921020507812e+01
1.136791992187500000e+01
1.122501659393310547e+01
1.108588314056396484e+01
1.094824314117431641e+01
1.081428432464599609e+01
1.068321704864501953e+01
1.055425262451171875e+01
1.042883777618408203e+01
1.030621147155761719e+01
1.018561553955078125e+01
1.006927108764648438e+01
9.955673217773437500e+00
9.844813346862792969e+00
9.738162994384765625e+00
9.634966850280761719e+00
9.535210609436035156e+00
9.438883781433105469e+00
9.345972061157226562e+00
9.257949829101562500e+00
9.171832084655761719e+00
9.090578079223632812e+00
9.012688636779785156e+00
8.938895225524902344e+00
8.868442535400390625e+00
8.802804946899414062e+00
8.740482330322265625e+00
8.682206153869628906e+00
8.627222061157226562e+00
8.577745437622070312e+00
8.531537055969238281e+00
8.490070343017578125e+00
8.451847076416015625e+00
8.419084548950195312e+00
8.389542579650878906e+00
8.364694595336914062e+00
8.344529151916503906e+00
8.328292846679687500e+00
8.315973281860351562e+00
8.307559967041015625e+00
8.303784370422363281e+00
8.303891181945800781e+00
8.309357643127441406e+00
8.317941665649414062e+00
8.331120491027832031e+00
8.348881721496582031e+00
8.370471954345703125e+00
8.397367477416992188e+00
8.427328109741210938e+00
8.461088180541992188e+00
8.499377250671386719e+00
8.542187690734863281e+00
8.588024139404296875e+00
8.639845848083496094e+00
8.693930625915527344e+00
8.752496719360351562e+00
8.814791679382324219e+00
8.881548881530761719e+00
8.952022552490234375e+00
9.026978492736816406e+00
9.104957580566406250e+00
9.187476158142089844e+00
9.273819923400878906e+00
9.362528800964355469e+00
9.455864906311035156e+00
9.554597854614257812e+00
9.654299736022949219e+00
9.758714675903320312e+00
9.867128372192382812e+00
9.978828430175781250e+00
1.009458637237548828e+01
1.021294784545898438e+01
1.033542728424072266e+01
1.046131324768066406e+01
1.059137630462646484e+01
1.072416305541992188e+01
1.086044692993164062e+01
1.099951362609863281e+01
1.114213752746582031e+01
1.128835010528564453e+01
1.143743896484375000e+01
1.159017753601074219e+01
1.174436759948730469e+01
1.190301322937011719e+01
1.206391716003417969e+01
1.222710990905761719e+01
1.239410877227783203e+01
1.256345939636230469e+01
1.273445129394531250e+01
1.290860080718994141e+01
1.308594226837158203e+01
1.326427650451660156e+01
1.344586467742919922e+01
1.362999820709228516e+01
1.381521987915039062e+01
1.400379467010498047e+01
1.419278144836425781e+01
1.438518428802490234e+01
1.457880783081054688e+01
1.477368450164794922e+01
1.497133350372314453e+01
1.516955757141113281e+01
1.536913394927978516e+01
1.557083988189697266e+01
1.577396202087402344e+01
1.597779464721679688e+01
1.618310928344726562e+01
1.638920021057128906e+01
1.659610557556152344e+01
1.680385971069335938e+01
1.701251220703125000e+01
1.722136116027832031e+01
1.743193817138671875e+01
1.764205741882324219e+01
1.785250854492187500e+01
1.806333541870117188e+01
1.827457809448242188e+01
1.848703002929687500e+01
1.869775962829589844e+01
1.890978240966796875e+01
1.912091636657714844e+01
1.933195304870605469e+01
1.954292869567871094e+01
1.975315093994140625e+01
1.996414947509765625e+01
2.017373847961425781e+01
2.038270759582519531e+01
2.059110069274902344e+01
2.079896354675292969e+01
2.100559806823730469e+01
2.121104812622070312e+01
2.141610145568847656e+01
2.161932182312011719e+01
2.182223320007324219e+01
2.202340126037597656e+01
2.222360801696777344e+01
2.242215919494628906e+01
2.261835861206054688e+01
2.281447601318359375e+01
2.300758934020996094e+01
2.319922447204589844e+01
2.339017486572265625e+01
2.357825279235839844e+01
2.376424980163574219e+01
2.394894981384277344e+01
2.413165855407714844e+01
2.431093406677246094e+01
2.448904800415039062e+01
2.466456222534179688e+01
2.483752441406250000e+01
2.500797271728515625e+01
2.517595672607421875e+01
2.534077644348144531e+01
2.550396537780761719e+01
2.566407966613769531e+01
2.582265090942382812e+01
2.597675323486328125e+01
2.612865829467773438e+01
2.627840805053710938e+01
2.642528152465820312e+01
2.656781387329101562e+01
2.670825576782226562e+01
2.684514045715332031e+01
2.697922706604003906e+01
2.710905456542968750e+01
2.723537826538085938e+01
2.735971069335937500e+01
2.747984123229980469e+01
2.759652900695800781e+01
2.770979499816894531e+01
2.781965827941894531e+01
2.792539215087890625e+01
2.802776527404785156e+01
2.812679100036621094e+01
2.822248649597167969e+01
2.831264877319335938e+01
2.839951705932617188e+01
2.848311424255371094e+01
2.856271553039550781e+01
2.863759231567382812e+01
2.870851135253906250e+01
2.877623367309570312e+01
2.884002876281738281e+01
2.889842987060546875e+01
2.895368766784667969e+01
2.900506973266601562e+01
2.905260276794433594e+01
2.909555244445800781e+01
2.913319587707519531e+01
2.916852378845214844e+01
2.919932365417480469e+01
2.922412490844726562e+01
2.924666213989257812e+01
2.926471900939941406e+01
2.927831268310546875e+01
2.928894805908203125e+01
2.929441261291503906e+01
2.929917716979980469e+01
2.929657554626464844e+01
2.929033279418945312e+01
2.927972793579101562e+01
2.926625633239746094e+01
2.924845314025878906e+01
2.922484779357910156e+01
2.919990921020507812e+01
2.916994285583496094e+01
2.913644409179687500e+01
2.909943580627441406e+01
2.905817413330078125e+01
2.901264381408691406e+01
2.896430015563964844e+01
2.891162681579589844e+01
2.885534286499023438e+01
2.879466819763183594e+01
2.873032379150390625e+01
2.866227531433105469e+01
2.859049606323242188e+01
2.851569557189941406e+01
2.843785095214843750e+01
2.835544013977050781e+01
2.827066612243652344e+01
2.818126487731933594e+01
2.808944320678710938e+01
2.799293136596679688e+01
2.789393997192382812e+01
2.779019546508789062e+01
2.768465614318847656e+01
2.757356071472167969e+01
2.745985984802246094e+01
2.734351921081542969e+01
2.722302246093750000e+01
2.709907913208007812e+01
2.697314834594726562e+01
2.684296607971191406e+01
2.671147346496582031e+01
2.657641220092773438e+01
2.643774795532226562e+01
2.629693412780761719e+01
2.615319824218750000e+01
2.600502014160156250e+01
2.585534095764160156e+01
2.570412826538085938e+01
2.554911804199218750e+01
2.539102172851562500e+01
2.523129653930664062e+01
2.506990242004394531e+01
2.490532493591308594e+01
2.473827362060546875e+01
2.457019996643066406e+01
2.439884185791015625e+01
2.422565078735351562e+01
2.404985237121582031e+01
2.387438392639160156e+01
2.369549179077148438e+01
2.351463699340820312e+01
2.333251953125000000e+01
2.314911270141601562e+01
2.296363258361816406e+01
2.277678871154785156e+01
2.258854293823242188e+01
2.239885139465332031e+01
2.220841789245605469e+01
2.201720046997070312e+01
2.182441329956054688e+01
2.163076019287109375e+01
2.143694114685058594e+01
2.124142646789550781e+01
2.104492187500000000e+01
2.084886741638183594e+01
2.065173530578613281e+01
2.045422935485839844e+01
2.025630378723144531e+01
2.005717658996582031e+01
1.985828971862792969e+01
1.965960121154785156e+01
1.946032524108886719e+01
1.926190567016601562e+01
1.906207084655761719e+01
1.886375045776367188e+01
1.866467285156250000e+01
1.846628189086914062e+01
1.826853370666503906e+01
1.806989860534667969e+01
1.787256622314453125e+01
1.767575073242187500e+01
1.748015022277832031e+01
1.728423500061035156e+01
1.708870887756347656e+01
1.689575386047363281e+01
1.670310211181640625e+01
1.651070976257324219e+01
1.632001876831054688e+01
1.613024330139160156e+01
1.594208621978759766e+01
1.575550365447998047e+01
1.556822490692138672e+01
1.538391876220703125e+01
1.520106124877929688e+01
1.501886272430419922e+01
1.483802700042724609e+01
1.465999794006347656e+01
1.448250102996826172e+01
1.430846786499023438e+01
1.413414096832275391e+01
1.396245002746582031e+01
1.379335308074951172e+01
1.362606525421142578e+01
1.346128749847412109e+01
1.329749393463134766e+01
1.313615036010742188e+01
1.297723484039306641e+01
1.282147216796875000e+01
1.266735553741455078e+01
1.251486682891845703e+01
1.236547279357910156e+01
1.221766757965087891e+01
1.207069015502929688e+01
1.192897796630859375e+01
1.178954315185546875e+01
1.165236377716064453e+01
1.151890945434570312e+01
1.138693046569824219e+01
1.125863838195800781e+01
1.113327217102050781e+01
1.101081371307373047e+01
1.089198589324951172e+01
1.077528667449951172e+01
1.066218280792236328e+01
1.055191421508789062e+01
1.044446182250976562e+01
1.034129524230957031e+01
1.024016761779785156e+01
1.014254665374755859e+01
1.004841518402099609e+01
9.957014083862304688e+00
9.869811058044433594e+00
9.786046981811523438e+00
9.704960823059082031e+00
9.627279281616210938e+00
9.552985191345214844e+00
9.482806205749511719e+00
9.415238380432128906e+00
9.351010322570800781e+00
9.290846824645996094e+00
9.233246803283691406e+00
9.180424690246582031e+00
9.129389762878417969e+00
9.083100318908691406e+00
9.038568496704101562e+00
8.998751640319824219e+00
8.961404800415039062e+00
8.927254676818847656e+00
8.897774696350097656e+00
8.870719909667968750e+00
8.847561836242675781e+00
8.826800346374511719e+00
8.809906005859375000e+00
8.796122550964355469e+00
8.785441398620605469e+00
8.777874946594238281e+00
8.774188041687011719e+00
8.773655891418457031e+00
8.776298522949218750e+00
8.781391143798828125e+00
8.789699554443359375e+00
8.801985740661621094e+00
8.816781997680664062e+00
8.835597991943359375e+00
8.856966972351074219e+00
8.881652832031250000e+00
8.909675598144531250e+00
8.941058158874511719e+00
8.975076675415039062e+00
9.012498855590820312e+00
9.052598953247070312e+00
9.096144676208496094e+00
9.142414093017578125e+00
9.191429138183593750e+00
9.243954658508300781e+00
9.299270629882812500e+00
9.357398986816406250e+00
9.417618751525878906e+00
9.480695724487304688e+00
9.546654701232910156e+00
9.616260528564453125e+00
9.687306404113769531e+00
9.762789726257324219e+00
9.840502738952636719e+00
9.919726371765136719e+00
1.000197219848632812e+01
1.008651828765869141e+01
1.017264652252197266e+01
1.026261138916015625e+01
1.035420703887939453e+01
1.044820022583007812e+01
1.054387378692626953e+01
1.064199352264404297e+01
1.074184226989746094e+01
1.084418678283691406e+01
1.094830989837646484e+01
1.105423736572265625e+01
1.116199207305908203e+01
1.127160072326660156e+01
1.138383293151855469e+01
1.149648094177246094e+01
1.161106014251708984e+01
1.172685241699218750e+01
1.184462547302246094e+01
1.196292018890380859e+01
1.208400249481201172e+01
1.220567989349365234e+01
1.232873249053955078e+01
1.245170974731445312e+01
1.257688045501708984e+01
1.270279502868652344e+01
1.283023357391357422e+01
1.295774841308593750e+01
1.308611869812011719e+01
1.321612548828125000e+01
1.334632015228271484e+01
1.347674179077148438e+01
1.360891342163085938e+01
1.374064445495605469e+01
1.387345790863037109e+01
1.400664806365966797e+01
1.414099884033203125e+01
1.427431583404541016e+01
1.440812587738037109e+01
1.454172229766845703e+01
1.467663002014160156e+01
1.481140136718750000e+01
1.494458961486816406e+01
1.507920360565185547e+01
1.521305274963378906e+01
1.534691810607910156e+01
1.548084068298339844e+01
1.561411094665527344e+01
1.574677371978759766e+01
1.587960433959960938e+01
1.601115989685058594e+01
1.614370346069335938e+01
1.627430534362792969e+01
1.640523147583007812e+01
1.653429222106933594e+01
1.666300964355468750e+01
1.679142379760742188e+01
1.691808509826660156e+01
1.704452133178710938e+01
1.716928291320800781e+01
1.729463958740234375e+01
1.741690826416015625e+01
1.753985023498535156e+01
1.766126823425292969e+01
1.778046226501464844e+01
1.789895248413085938e+01
1.801603698730468750e+01
1.813323974609375000e+01
1.824762535095214844e+01
1.835996818542480469e+01
1.847252845764160156e+01
1.858234786987304688e+01
1.869018936157226562e+01
1.879756164550781250e+01
1.890225028991699219e+01
1.900576591491699219e+01
1.910663795471191406e+01
1.920637321472167969e+01
1.930350494384765625e+01
1.939953613281250000e+01
1.949374580383300781e+01
1.958540916442871094e+01
1.967528533935546875e+01
1.976265335083007812e+01
1.984827423095703125e+01
1.993067741394042969e+01
2.001285552978515625e+01
2.009037017822265625e+01
2.016620635986328125e+01
2.024038887023925781e+01
2.031218910217285156e+01
2.038088226318359375e+01
2.044648361206054688e+01
2.051050186157226562e+01
2.057220649719238281e+01
2.063161849975585938e+01
2.068800926208496094e+01
2.074139785766601562e+01
2.079328727722167969e+01
2.084220504760742188e+01
2.088817214965820312e+01
2.093194580078125000e+01
2.097279930114746094e+01
2.101149368286132812e+01
2.104655647277832031e+01
2.107949256896972656e+01
2.110957527160644531e+01
2.113755798339843750e+01
2.116197395324707031e+01
2.118432617187500000e+01
2.120239830017089844e+01
2.121992301940917969e+01
2.123394012451171875e+01
2.124520874023437500e+01
2.125448799133300781e+01
2.126104927062988281e+01
2.126490402221679688e+01
2.126607131958007812e+01
2.126381874084472656e+01
2.126038742065429688e+01
2.125353431701660156e+01
2.124399566650390625e+01
2.123249626159667969e+01
2.121753883361816406e+01
2.120133590698242188e+01
2.118164825439453125e+01
2.115919876098632812e+01
2.113323593139648438e+01
2.110597038269042969e+01
2.107590103149414062e+01
2.104376029968261719e+01
2.100804328918457031e+01
2.097021865844726562e+01
2.093027877807617188e+01
2.088671493530273438e+01
2.084248542785644531e+01
2.079386329650878906e+01
2.074305534362792969e+01
2.069005012512207031e+01
2.063557243347167969e+01
2.057663345336914062e+01
2.051619148254394531e+01
2.045348358154296875e+01
2.038849449157714844e+01
2.032120513916015625e+01
2.025234603881835938e+01
2.018115043640136719e+01
2.010686302185058594e+01
2.003020858764648438e+01
1.995190811157226562e+01
1.987120628356933594e+01
1.978808212280273438e+01
1.970400428771972656e+01
1.961672782897949219e+01
1.952845764160156250e+01
1.943695068359375000e+01
1.934441566467285156e+01
1.924934768676757812e+01
1.915321540832519531e+01
1.905599784851074219e+01
1.895619010925292969e+01
1.885451698303222656e+01
1.875095748901367188e+01
1.864698028564453125e+01
1.854033470153808594e+01
1.843248748779296875e+01
1.832342147827148438e+01
1.821162605285644531e+01
1.810005569458007812e+01
1.798645973205566406e+01
1.787154960632324219e+01
1.775678443908691406e+01
1.763990020751953125e+01
1.752161026000976562e+01
1.740336990356445312e+01
1.728291702270507812e+01
1.716170883178710938e+01
1.703971099853515625e+01
1.691837882995605469e+01
1.679396629333496094e+01
1.666941261291503906e+01
1.654394340515136719e+01
1.641827201843261719e+01
1.629161834716796875e+01
1.616395568847656250e+01
1.603524780273437500e+01
1.590769386291503906e+01
1.577828979492187500e+01
1.564923095703125000e+01
1.551974391937255859e+01
1.538979530334472656e+01
1.526009654998779297e+01
1.512987136840820312e+01
1.499908828735351562e+01
1.486845684051513672e+01
1.473868846893310547e+01
1.460677909851074219e+01
1.447715282440185547e+01
1.434532070159912109e+01
1.421496486663818359e+01
1.408456516265869141e+01
1.395409202575683594e+01
1.382425498962402344e+01
1.369427585601806641e+01
1.356486892700195312e+01
1.343599891662597656e+01
1.330689239501953125e+01
1.317825794219970703e+01
1.305080890655517578e+01
1.292376804351806641e+01
1.279710197448730469e+01
1.267152309417724609e+01
1.254625415802001953e+01
1.242126464843750000e+01
1.229800796508789062e+01
1.217496585845947266e+01
1.205210494995117188e+01
1.193162250518798828e+01
1.181125831604003906e+01
1.169098186492919922e+01
1.157299995422363281e+01
1.145580959320068359e+01
1.134013366699218750e+01
1.122446727752685547e+01
1.111102104187011719e+01
1.099828910827636719e+01
1.088625431060791016e+01
1.077638339996337891e+01
1.066717147827148438e+01
1.055934429168701172e+01
1.045362472534179688e+01
1.034925270080566406e+01
1.024620914459228516e+01
1.014447784423828125e+01
1.004478073120117188e+01
9.945616722106933594e+00
9.848451614379882812e+00
9.753269195556640625e+00
9.660051345825195312e+00
9.568037986755371094e+00
9.477952957153320312e+00
9.389780998229980469e+00
9.303503036499023438e+00
9.219102859497070312e+00
9.136564254760742188e+00
9.055867195129394531e+00
8.976255416870117188e+00
8.899940490722656250e+00
8.824675559997558594e+00
8.751188278198242188e+00
8.680203437805175781e+00
8.610964775085449219e+00
8.544197082519531250e+00
8.478398323059082031e+00
8.415040969848632812e+00
8.354106903076171875e+00
8.294096946716308594e+00
8.237221717834472656e+00
8.181982040405273438e+00
8.128362655639648438e+00
8.077090263366699219e+00
8.028895378112792969e+00
7.981531620025634766e+00
7.937215805053710938e+00
7.893703460693359375e+00
7.853209018707275391e+00
7.814975738525390625e+00
7.777503967285156250e+00
7.743008136749267578e+00
7.710736274719238281e+00
7.679948806762695312e+00
7.651397228240966797e+00
7.625091075897216797e+00
7.600294589996337891e+00
7.578503131866455078e+00
7.557496547698974609e+00
7.539512157440185547e+00
7.523074626922607422e+00
7.509678840637207031e+00
7.496360778808593750e+00
7.486103534698486328e+00
7.478173255920410156e+00
7.471837520599365234e+00
7.467848300933837891e+00
7.466217994689941406e+00
7.466211318969726562e+00
7.468582630157470703e+00
7.472600460052490234e+00
7.478274822235107422e+00
7.487102508544921875e+00
7.497609615325927734e+00
7.509806156158447266e+00
7.523704051971435547e+00
7.539314270019531250e+00
7.557392120361328125e+00
7.577206134796142578e+00
7.598767757415771484e+00
7.622833251953125000e+00
7.648670673370361328e+00
7.675549030303955078e+00
7.704967975616455078e+00
7.736196994781494141e+00
7.768503665924072266e+00
7.802647113800048828e+00
7.839380264282226562e+00
7.876489162445068359e+00
7.916215896606445312e+00
7.957829952239990234e+00
7.999859333038330078e+00
8.043803215026855469e+00
8.089675903320312500e+00
8.136004447937011719e+00
8.184288978576660156e+00
8.234544754028320312e+00
8.286041259765625000e+00
8.338050842285156250e+00
8.392072677612304688e+00
8.446638107299804688e+00
8.503244400024414062e+00
8.560423851013183594e+00
8.618941307067871094e+00
8.678823471069335938e+00
8.739350318908691406e+00
8.801291465759277344e+00
8.863929748535156250e+00
8.928031921386718750e+00
8.992879867553710938e+00
9.057758331298828125e+00
9.124920845031738281e+00
9.192163467407226562e+00
9.260255813598632812e+00
9.329223632812500000e+00
9.399835586547851562e+00
9.470630645751953125e+00
9.541636466979980469e+00
9.613620758056640625e+00
9.686610221862792969e+00
9.759145736694335938e+00
9.832739830017089844e+00
9.907416343688964844e+00
9.981718063354492188e+00
1.005641269683837891e+01
1.013227176666259766e+01
1.020857620239257812e+01
1.028461170196533203e+01
1.036040401458740234e+01
1.043746471405029297e+01
1.051433563232421875e+01
1.059104347229003906e+01
1.066835689544677734e+01
1.074630451202392578e+01
1.082342433929443359e+01
1.090122985839843750e+01
1.097900581359863281e+01
1.105603504180908203e+01
1.113383007049560547e+01
1.121167659759521484e+01
1.128811168670654297e+01
1.136465072631835938e+01
1.144206237792968750e+01
1.151888847351074219e+01
1.159440994262695312e+01
1.167088508605957031e+01
1.174611091613769531e+01
1.182085514068603516e+01
1.189588928222656250e+01
1.197049617767333984e+01
1.204395866394042969e+01
1.211704730987548828e+01
1.218978595733642578e+01
1.226145172119140625e+01
1.233354854583740234e+01
1.240535163879394531e+01
1.247539138793945312e+01
1.254442977905273438e+01
1.261322689056396484e+01
1.268180084228515625e+01
1.274794006347656250e+01
1.281463432312011719e+01
1.287967205047607422e+01
1.294455718994140625e+01
1.300782012939453125e+01
1.307096290588378906e+01
1.313177776336669922e+01
1.319250774383544922e+01
1.325019741058349609e+01
1.330932426452636719e+01
1.336618900299072266e+01
1.342303752899169922e+01
1.347988700866699219e+01
1.353303813934326172e+01
1.358622264862060547e+01
1.363722896575927734e+01
1.368830204010009766e+01
1.373574256896972656e+01
1.378328227996826172e+01
1.382945251464843750e+01
1.387352561950683594e+01
1.391774463653564453e+01
1.395989894866943359e+01
1.400074577331542969e+01
1.403881549835205078e+01
1.407709503173828125e+01
1.411411476135253906e+01
1.414840412139892578e+01
1.418220615386962891e+01
1.421404933929443359e+01
1.424469470977783203e+01
1.427341270446777344e+01
1.430095863342285156e+01
1.432734966278076172e+01
1.435185813903808594e+01
1.437523937225341797e+01
1.439750671386718750e+01
1.441719055175781250e+01
1.443579292297363281e+01
1.445257949829101562e+01
1.446831035614013672e+01
1.448299789428710938e+01
1.449590969085693359e+01
1.450630283355712891e+01
1.451565933227539062e+01
1.452323341369628906e+01
1.452976226806640625e+01
1.453450012207031250e+01
1.453818511962890625e+01
1.454081344604492188e+01
1.454015064239501953e+01
1.453842163085937500e+01
1.453562259674072266e+01
1.453026390075683594e+01
1.452382087707519531e+01
1.451629447937011719e+01
1.450693225860595703e+01
1.449573230743408203e+01
1.448342895507812500e+01
1.446927547454833984e+01
1.445326423645019531e+01
1.443613243103027344e+01
1.441639041900634766e+01
1.439625740051269531e+01
1.437424373626708984e+01
1.435108470916748047e+01
1.432528686523437500e+01
1.429907321929931641e+01
1.427020740509033203e+01
1.424091243743896484e+01
1.420969390869140625e+01
1.417728805541992188e+01
1.414294338226318359e+01
1.410665416717529297e+01
1.406989765167236328e+01
1.403117752075195312e+01
1.399197673797607422e+01
1.394931125640869141e+01
1.390688991546630859e+01
1.386321735382080078e+01
1.381754207611083984e+01
1.377059936523437500e+01
1.372238063812255859e+01
1.367287635803222656e+01
1.362356376647949219e+01
1.357071781158447266e+01
1.351730442047119141e+01
1.346331214904785156e+01
1.340798950195312500e+01
1.335132598876953125e+01
1.329405689239501953e+01
1.323468399047851562e+01
1.317542839050292969e+01
1.311329746246337891e+01
1.305124759674072266e+01
1.298925685882568359e+01
1.292582130432128906e+01
1.286092185974121094e+01
1.279528141021728516e+01
1.272813796997070312e+01
1.266021442413330078e+01
1.259223556518554688e+01
1.252269458770751953e+01
1.245305824279785156e+01
1.238256359100341797e+01
1.231044673919677734e+01
1.223817539215087891e+01
1.216498565673828125e+01
1.209160041809082031e+01
1.201725673675537109e+01
1.194267749786376953e+01
1.186709785461425781e+01
1.179050064086914062e+01
1.171360492706298828e+01
1.163564968109130859e+01
1.155884265899658203e+01
1.148019123077392578e+01
1.140041732788085938e+01
1.132172966003417969e+01
1.124113559722900391e+01
1.116158676147460938e+01
1.108083152770996094e+01
1.099885177612304688e+01
1.091785335540771484e+01
1.083707332611083984e+01
1.075500583648681641e+01
1.067311286926269531e+01
1.059137630462646484e+01
1.050828742980957031e+01
1.042605495452880859e+01
1.034391403198242188e+01
1.026110076904296875e+01
1.017908191680908203e+01
1.009560394287109375e+01
1.001287746429443359e+01
9.930881500244140625e+00
9.847362518310546875e+00
9.765275955200195312e+00
9.682368278503417969e+00
9.600105285644531250e+00
9.517724037170410156e+00
9.434457778930664062e+00
9.353261947631835938e+00
9.271144866943359375e+00
9.190320968627929688e+00
9.108545303344726562e+00
9.028029441833496094e+00
8.945787429809570312e+00
8.864774703979492188e+00
8.784976005554199219e+00
8.705630302429199219e+00
8.627469062805175781e+00
8.549730300903320312e+00
8.470912933349609375e+00
8.393231391906738281e+00
8.316670417785644531e+00
8.239727020263671875e+00
8.163873672485351562e+00
8.088350296020507812e+00
8.013886451721191406e+00
7.939722537994384766e+00
7.866587638854980469e+00
7.794466018676757812e+00
7.721857070922851562e+00
7.650232315063476562e+00
7.580319404602050781e+00
7.509874343872070312e+00
7.441112518310546875e+00
7.372533798217773438e+00
7.306351184844970703e+00
7.240322589874267578e+00
7.174432277679443359e+00
7.109411239624023438e+00
7.045243740081787109e+00
6.982658863067626953e+00
6.920157432556152344e+00
6.859212398529052734e+00
6.798322200775146484e+00
6.739703178405761719e+00
6.681113243103027344e+00
6.624023437500000000e+00
6.567679405212402344e+00
6.512066364288330078e+00
6.457915306091308594e+00
6.404469966888427734e+00
6.352459907531738281e+00
6.300386428833007812e+00
6.250465869903564453e+00
6.201942920684814453e+00
6.154804229736328125e+00
6.107552528381347656e+00
6.061660289764404297e+00
6.016375064849853516e+00
5.971693992614746094e+00
5.927617073059082031e+00
5.885630607604980469e+00
5.845511436462402344e+00
5.805475711822509766e+00
5.766638755798339844e+00
5.728852748870849609e+00
5.692265510559082031e+00
5.656952857971191406e+00
5.622766494750976562e+00
5.589632511138916016e+00
5.557849407196044922e+00
5.527343750000000000e+00
5.497818946838378906e+00
5.469425678253173828e+00
5.442164897918701172e+00
5.416185855865478516e+00
5.391342163085937500e+00
5.367561817169189453e+00
5.345067977905273438e+00
5.323640823364257812e+00
5.303356170654296875e+00
5.284290790557861328e+00
5.266372203826904297e+00
5.249528884887695312e+00
5.233986377716064453e+00
5.219449520111083984e+00
5.206143856048583984e+00
5.193924427032470703e+00
5.182793617248535156e+00
5.172829627990722656e+00
5.163960456848144531e+00
5.156115531921386719e+00
5.149447441101074219e+00
5.143810272216796875e+00
5.139357089996337891e+00
5.135868549346923828e+00
5.133422851562500000e+00
5.132024288177490234e+00
5.131602287292480469e+00
5.132236003875732422e+00
5.133855819702148438e+00
5.136391162872314453e+00
5.140070438385009766e+00
5.144600391387939453e+00
5.149986267089843750e+00
5.156307697296142578e+00
5.163643360137939453e+00
5.171851158142089844e+00
5.180861473083496094e+00
5.190687656402587891e+00
5.201417446136474609e+00
5.212915897369384766e+00
5.225344657897949219e+00
5.238644123077392578e+00
5.252753257751464844e+00
5.267463684082031250e+00
5.282863140106201172e+00
5.299189090728759766e+00
5.316232681274414062e+00
5.334082603454589844e+00
5.352603912353515625e+00
5.371812343597412109e+00
5.391720771789550781e+00
5.412270069122314453e+00
5.433475494384765625e+00
5.455350875854492188e+00
5.477985382080078125e+00
5.501022338867187500e+00
5.524772644042968750e+00
5.549029827117919922e+00
5.573956489562988281e+00
5.599122047424316406e+00
5.624763488769531250e+00
5.651714324951171875e+00
5.678799629211425781e+00
5.706258296966552734e+00
5.733360767364501953e+00
5.762353420257568359e+00
5.791020393371582031e+00
5.820120811462402344e+00
5.849668979644775391e+00
5.878938198089599609e+00
5.909429073333740234e+00
5.941156864166259766e+00
5.971164703369140625e+00
6.002439498901367188e+00
6.034254550933837891e+00
6.065138339996337891e+00
6.097335338592529297e+00
6.129374504089355469e+00
6.161271572113037109e+00
6.193784713745117188e+00
6.226186752319335938e+00
6.259235858917236328e+00
6.292203903198242188e+00
6.325106143951416016e+00
6.357959270477294922e+00
6.390776634216308594e+00
6.424318313598632812e+00
6.458596706390380859e+00
6.491396427154541016e+00
6.524216175079345703e+00
6.556326389312744141e+00
6.589226722717285156e+00
6.622930049896240234e+00
6.655220031738281250e+00
6.688339710235595703e+00
6.720072269439697266e+00
6.752660751342773438e+00
6.784632205963134766e+00
6.816742897033691406e+00
6.849747180938720703e+00
6.881431579589843750e+00
6.912550926208496094e+00
6.943861484527587891e+00
6.974632740020751953e+00
7.004878997802734375e+00
7.035354614257812500e+00
7.066073894500732422e+00
7.095562458038330078e+00
7.125319480895996094e+00
7.153872013092041016e+00
7.182719230651855469e+00
7.211130142211914062e+00
7.239118099212646484e+00
7.265951156616210938e+00
7.292385578155517578e+00
7.318434715270996094e+00
7.344109535217285156e+00
7.370166778564453125e+00
7.394388675689697266e+00
7.419759750366210938e+00
7.443320274353027344e+00
7.467310905456542969e+00
7.490257740020751953e+00
7.512172222137451172e+00
7.533809661865234375e+00
7.555181980133056641e+00
7.576299667358398438e+00
7.596432209014892578e+00
7.616333961486816406e+00
7.635272979736328125e+00
7.654003620147705078e+00
7.672536849975585938e+00
7.689397335052490234e+00
7.706082820892333984e+00
7.722604274749755859e+00
7.737484931945800781e+00
7.752221584320068359e+00
7.766074657440185547e+00
7.779045581817626953e+00
7.792622089385986328e+00
7.804576396942138672e+00
7.815655708312988281e+00
7.827345371246337891e+00
7.837417602539062500e+00
7.846618652343750000e+00
7.856435298919677734e+00
7.864638328552246094e+00
7.871973514556884766e+00
7.878441333770751953e+00
7.884042739868164062e+00
7.889521121978759766e+00
7.894135475158691406e+00
7.897141456604003906e+00
7.900770187377929688e+00
7.902793407440185547e+00
7.903952598571777344e+00
7.904992580413818359e+00
7.904428005218505859e+00
7.903743743896484375e+00
7.902197837829589844e+00
7.899045944213867188e+00
7.896518707275390625e+00
7.893128395080566406e+00
7.888875007629394531e+00
7.883759021759033203e+00
7.877779006958007812e+00
7.870192050933837891e+00
7.863226890563964844e+00
7.854651927947998047e+00
7.845954895019531250e+00
7.835647106170654297e+00
7.825956821441650391e+00
7.813169002532958984e+00
7.801739692687988281e+00
7.788695812225341797e+00
7.775522232055664062e+00
7.761474132537841797e+00
7.746550559997558594e+00
7.731493473052978516e+00
7.714070320129394531e+00
7.697997093200683594e+00
7.680297851562500000e+00
7.662457466125488281e+00
7.643731117248535156e+00
7.623373031616210938e+00
7.603610515594482422e+00
7.583698272705078125e+00
7.561397552490234375e+00
7.539674282073974609e+00
7.517031192779541016e+00
7.494203090667724609e+00
7.470439434051513672e+00
7.445729255676269531e+00
7.420807361602783203e+00
7.394921302795410156e+00
7.369548320770263672e+00
7.343191146850585938e+00
7.316586017608642578e+00
7.288977622985839844e+00
7.261100769042968750e+00
7.232203006744384766e+00
7.202273368835449219e+00
7.172788619995117188e+00
7.142252445220947266e+00
7.111398220062255859e+00
7.081701278686523438e+00
7.050179958343505859e+00
7.017566680908203125e+00
6.986080646514892578e+00
6.952738285064697266e+00
6.919759273529052734e+00
6.885646343231201172e+00
6.851875305175781250e+00
6.817692756652832031e+00
6.783086776733398438e+00
6.748048305511474609e+00
6.712565422058105469e+00
6.676628112792968750e+00
6.640224933624267578e+00
6.604088306427001953e+00
6.566720962524414062e+00
6.529598712921142578e+00
6.492710113525390625e+00
6.455301284790039062e+00
6.418103694915771484e+00
6.380364418029785156e+00
6.341328620910644531e+00
6.303214550018310547e+00
6.265268325805664062e+00
6.225992679595947266e+00
6.186862468719482422e+00
6.147123813629150391e+00
6.107509136199951172e+00
6.068749427795410156e+00
6.028605937957763672e+00
5.989295959472656250e+00
5.950065135955810547e+00
5.910160541534423828e+00
5.870314598083496094e+00
5.830517768859863281e+00
5.790015697479248047e+00
5.751028537750244141e+00
5.710572242736816406e+00
5.670123577117919922e+00
5.630415916442871094e+00
5.590694904327392578e+00
5.550207614898681641e+00
5.510430335998535156e+00
5.469866752624511719e+00
5.430736064910888672e+00
5.390798568725585938e+00
5.351530075073242188e+00
5.312177658081054688e+00
5.272880554199218750e+00
5.233627796173095703e+00
5.194409370422363281e+00
5.155810832977294922e+00
5.117226600646972656e+00
5.078795433044433594e+00
5.040507316589355469e+00
5.002427577972412109e+00
4.964545249938964844e+00
4.927000045776367188e+00
4.889632225036621094e+00
4.852506637573242188e+00
4.815614223480224609e+00
4.779017925262451172e+00
4.742635250091552734e+00
4.706678867340087891e+00
4.670989990234375000e+00
4.635558605194091797e+00
4.600450515747070312e+00
4.565729141235351562e+00
4.531237125396728516e+00
4.497187137603759766e+00
4.463421821594238281e+00
4.429930686950683594e+00
4.396927833557128906e+00
4.364254951477050781e+00
4.331902980804443359e+00
4.299936294555664062e+00
4.268345832824707031e+00
4.237123012542724609e+00
4.206332206726074219e+00
4.175964832305908203e+00
4.145936965942382812e+00
4.116315364837646484e+00
4.087169647216796875e+00
4.058422565460205078e+00
4.030070781707763672e+00
4.002110481262207031e+00
3.974688053131103516e+00
3.947726011276245117e+00
3.921146392822265625e+00
3.895096063613891602e+00
3.869348764419555664e+00
3.844199180603027344e+00
3.819570302963256836e+00
3.795385599136352539e+00
3.771717071533203125e+00
3.748562335968017578e+00
3.725919008255004883e+00
3.703710794448852539e+00
3.682010650634765625e+00
3.660890102386474609e+00
3.640273809432983398e+00
3.620160102844238281e+00
3.600620985031127930e+00
3.581581592559814453e+00
3.563040494918823242e+00
3.544995546340942383e+00
3.527520656585693359e+00
3.510615110397338867e+00
3.494202613830566406e+00
3.478357315063476562e+00
3.463004112243652344e+00
3.448290348052978516e+00
3.433993101119995117e+00
3.420260429382324219e+00
3.407165527343750000e+00
3.394486188888549805e+00
3.382369518280029297e+00
3.370816230773925781e+00
3.359751224517822266e+00
3.349249124526977539e+00
3.339235544204711914e+00
3.329784870147705078e+00
3.320748090744018555e+00
3.312274217605590820e+00
3.304363965988159180e+00
3.296868324279785156e+00
3.290010690689086914e+00
3.283494234085083008e+00
3.277542591094970703e+00
3.272006988525390625e+00
3.267111301422119141e+00
3.262559175491333008e+00
3.258504390716552734e+00
3.254877805709838867e+00
3.251759052276611328e+00
3.249005794525146484e+00
3.246846199035644531e+00
3.245062828063964844e+00
3.243736028671264648e+00
3.242871046066284180e+00
3.242474317550659180e+00
3.242402553558349609e+00
3.242884635925292969e+00
3.243629455566406250e+00
3.244865417480468750e+00
3.246599197387695312e+00
3.248836278915405273e+00
3.251657485961914062e+00
3.254548311233520508e+00
3.257961273193359375e+00
3.261679410934448242e+00
3.265932083129882812e+00
3.270428657531738281e+00
3.275323629379272461e+00
3.280549526214599609e+00
3.286261558532714844e+00
3.292094469070434570e+00
3.298501253128051758e+00
3.305117130279541016e+00
3.312022924423217773e+00
3.319299936294555664e+00
3.327029228210449219e+00
3.334921121597290039e+00
3.343205451965332031e+00
3.351740360260009766e+00
3.360607862472534180e+00
3.369592189788818359e+00
3.378998279571533203e+00
3.388609886169433594e+00
3.398509740829467773e+00
3.408630371093750000e+00
3.418831586837768555e+00
3.429417371749877930e+00
3.440173149108886719e+00
3.451106309890747070e+00
3.462300062179565430e+00
3.473612308502197266e+00
3.485126256942749023e+00
3.496923685073852539e+00
3.508864402770996094e+00
3.520882368087768555e+00
3.533058881759643555e+00
3.545403718948364258e+00
3.557849884033203125e+00
3.570406436920166016e+00
3.583081245422363281e+00
3.595883607864379883e+00
3.608746767044067383e+00
3.621754169464111328e+00
3.634839534759521484e+00
3.647936582565307617e+00
3.661128997802734375e+00
3.674424171447753906e+00
3.687682151794433594e+00
3.700985908508300781e+00
3.714492082595825195e+00
3.727836847305297852e+00
3.741177797317504883e+00
3.754670858383178711e+00
3.768028020858764648e+00
3.781478881835937500e+00
3.794809103012084961e+00
3.808175802230834961e+00
3.821437358856201172e+00
3.834824562072753906e+00
3.848048686981201172e+00
3.861116886138916016e+00
3.874259471893310547e+00
3.887261629104614258e+00
3.900204896926879883e+00
3.913022279739379883e+00
3.925796031951904297e+00
3.938458681106567383e+00
3.951017856597900391e+00
3.963406562805175781e+00
3.975631952285766602e+00
3.987849712371826172e+00
3.999843835830688477e+00
4.011770248413085938e+00
4.023487567901611328e+00
4.035003185272216797e+00
4.046472072601318359e+00
4.057603836059570312e+00
4.068628787994384766e+00
4.079554080963134766e+00
4.090237140655517578e+00
4.100686073303222656e+00
4.110980987548828125e+00
4.121055603027343750e+00
4.130915164947509766e+00
4.140568256378173828e+00
4.150094032287597656e+00
4.159274578094482422e+00
4.168335437774658203e+00
4.177131652832031250e+00
4.185592174530029297e+00
4.193868637084960938e+00
4.201889991760253906e+00
4.209734439849853516e+00
4.217181205749511719e+00
4.224383831024169922e+00
4.231418132781982422e+00
4.237991333007812500e+00
4.244403362274169922e+00
4.250508785247802734e+00
4.256385326385498047e+00
4.261813640594482422e+00
4.267019271850585938e+00
4.271856307983398438e+00
4.276402950286865234e+00
4.280736446380615234e+00
4.284710407257080078e+00
4.288329124450683594e+00
4.291594028472900391e+00
4.294657707214355469e+00
4.297373771667480469e+00
4.299670696258544922e+00
4.301699638366699219e+00
4.303314685821533203e+00
4.304666996002197266e+00
4.305684089660644531e+00
4.306368827819824219e+00
4.306723594665527344e+00
4.306749820709228516e+00
4.306449413299560547e+00
4.305899143218994141e+00
4.304952144622802734e+00
4.303609371185302734e+00
4.302021980285644531e+00
4.300116062164306641e+00
4.297893524169921875e+00
4.295280933380126953e+00
4.292354106903076172e+00
4.289113521575927734e+00
4.285560131072998047e+00
4.281620502471923828e+00
4.277444362640380859e+00
4.272956371307373047e+00
4.268084526062011719e+00
4.262976646423339844e+00
4.257484436035156250e+00
4.251755714416503906e+00
4.245639801025390625e+00
4.239281177520751953e+00
4.232601165771484375e+00
4.225671291351318359e+00
4.218338012695312500e+00
4.210747241973876953e+00
4.202819347381591797e+00
4.194551467895507812e+00
4.186012268066406250e+00
4.177124977111816406e+00
4.168032169342041016e+00
4.158582687377929688e+00
4.148772239685058594e+00
4.138743877410888672e+00
4.128420352935791016e+00
4.117796421051025391e+00
4.106793880462646484e+00
4.095557212829589844e+00
4.084082126617431641e+00
4.072290420532226562e+00
4.060251235961914062e+00
4.047738552093505859e+00
4.035044670104980469e+00
4.022165775299072266e+00
4.008948326110839844e+00
3.995463848114013672e+00
3.981781721115112305e+00
3.967749118804931641e+00
3.953585147857666016e+00
3.938988685607910156e+00
3.924327373504638672e+00
3.909299373626708984e+00
3.894198417663574219e+00
3.878797531127929688e+00
3.863092422485351562e+00
3.847302198410034180e+00
3.831199884414672852e+00
3.815004825592041016e+00
3.798489570617675781e+00
3.781798601150512695e+00
3.765002965927124023e+00
3.747949123382568359e+00
3.730782032012939453e+00
3.713274240493774414e+00
3.695867776870727539e+00
3.678186416625976562e+00
3.660449266433715820e+00
3.642502784729003906e+00
3.624343156814575195e+00
3.606113433837890625e+00
3.587883710861206055e+00
3.569350481033325195e+00
3.550806045532226562e+00
3.532170772552490234e+00
3.513364076614379883e+00
3.494529247283935547e+00
3.475586414337158203e+00
3.456529378890991211e+00
3.437500238418579102e+00
3.418196678161621094e+00
3.398983478546142578e+00
3.379706382751464844e+00
3.360358238220214844e+00
3.340933322906494141e+00
3.321499347686767578e+00
3.302049636840820312e+00
3.282503366470336914e+00
3.262928009033203125e+00
3.243391752243041992e+00
3.223738908767700195e+00
3.204185724258422852e+00
3.184502363204956055e+00
3.164979696273803711e+00
3.145313024520874023e+00
3.125719070434570312e+00
3.105967760086059570e+00
3.086424350738525391e+00
3.066784143447875977e+00
3.047189712524414062e+00
3.027708292007446289e+00
3.008184671401977539e+00
2.988687038421630859e+00
2.969059705734252930e+00
2.949668169021606445e+00
2.930208444595336914e+00
2.910897970199584961e+00
2.891655683517456055e+00
2.872326612472534180e+00
2.853128671646118164e+00
2.834055423736572266e+00
2.814952611923217773e+00
2.795963048934936523e+00
2.777007102966308594e+00
2.758228063583374023e+00
2.739546060562133789e+00
2.720881938934326172e+00
2.702378988265991211e+00
2.683883905410766602e+00
2.665539979934692383e+00
2.647269248962402344e+00
2.629142522811889648e+00
2.611083030700683594e+00
2.593237161636352539e+00
2.575453996658325195e+00
2.557879686355590820e+00
2.540363788604736328e+00
2.522903919219970703e+00
2.505646705627441406e+00
2.488664388656616211e+00
2.471806526184082031e+00
2.455071210861206055e+00
2.438530445098876953e+00
2.422108173370361328e+00
2.406025886535644531e+00
2.389983654022216797e+00
2.374128818511962891e+00
2.358459234237670898e+00
2.343121528625488281e+00
2.327816247940063477e+00
2.312838792800903320e+00
2.297964334487915039e+00
2.283413171768188477e+00
2.269035100936889648e+00
2.254901885986328125e+00
2.240936994552612305e+00
2.227212190628051758e+00
2.213725090026855469e+00
2.200473546981811523e+00
2.187380313873291016e+00
2.174517631530761719e+00
2.161956787109375000e+00
2.149546146392822266e+00
2.137432098388671875e+00
2.125463247299194336e+00
2.113785028457641602e+00
2.102246284484863281e+00
2.091140985488891602e+00
2.080020666122436523e+00
2.069254159927368164e+00
2.058763980865478516e+00
2.048398494720458984e+00
2.038229703903198242e+00
2.028328418731689453e+00
2.018692255020141602e+00
2.009243965148925781e+00
1.999980926513671875e+00
1.990975022315979004e+00
1.982075095176696777e+00
1.973501205444335938e+00
1.965103387832641602e+00
1.956881403923034668e+00
1.948835730552673340e+00
1.941115617752075195e+00
1.933499097824096680e+00
1.926135778427124023e+00
1.919026494026184082e+00
1.912098407745361328e+00
1.905278563499450684e+00
1.898791193962097168e+00
1.892415404319763184e+00
1.886301517486572266e+00
1.880377292633056641e+00
1.874645113945007324e+00
1.869107007980346680e+00
1.863840103149414062e+00
1.858698487281799316e+00
1.853759050369262695e+00
1.848950743675231934e+00
1.844499111175537109e+00
1.840185046195983887e+00
1.836085796356201172e+00
1.832205057144165039e+00
1.828472137451171875e+00
1.825113177299499512e+00
1.821834921836853027e+00
1.818715453147888184e+00
1.815907478332519531e+00
1.813117265701293945e+00
1.810720324516296387e+00
1.808497905731201172e+00
1.806379079818725586e+00
1.804517030715942383e+00
1.802766442298889160e+00
1.801280140876770020e+00
1.799987435340881348e+00
1.798892259597778320e+00
1.797923922538757324e+00
1.797234177589416504e+00
1.796678662300109863e+00
1.796260356903076172e+00
1.796131253242492676e+00
1.796145915985107422e+00
1.796307444572448730e+00
1.796693444252014160e+00
1.797157645225524902e+00
1.797777414321899414e+00
1.798555374145507812e+00
1.799642562866210938e+00
1.800818681716918945e+00
1.802011489868164062e+00
1.803446888923645020e+00
1.804979205131530762e+00
1.806685209274291992e+00
1.808493375778198242e+00
1.810480594635009766e+00
1.812575221061706543e+00
1.814705014228820801e+00
1.817021369934082031e+00
1.819377779960632324e+00
1.821851015090942383e+00
1.824517607688903809e+00
1.827157378196716309e+00
1.829846620559692383e+00
1.832662224769592285e+00
1.835681080818176270e+00
1.838682651519775391e+00
1.841669797897338867e+00
1.844793558120727539e+00
1.847982645034790039e+00
1.851165533065795898e+00
1.854419469833374023e+00
1.857747912406921387e+00
1.861154198646545410e+00
1.864567279815673828e+00
1.867990732192993164e+00
1.871428608894348145e+00
1.874884605407714844e+00
1.878363132476806641e+00
1.881868004798889160e+00
1.885404229164123535e+00
1.888901591300964355e+00
1.892513871192932129e+00
1.896022796630859375e+00
1.899656653404235840e+00
1.903197407722473145e+00
1.906724929809570312e+00
1.910244584083557129e+00
1.913836240768432617e+00
1.917357087135314941e+00
1.920886993408203125e+00
1.924357652664184570e+00
1.927997708320617676e+00
1.931441783905029297e+00
1.934918284416198730e+00
1.938433766365051270e+00
1.941919088363647461e+00
1.945306420326232910e+00
1.948824048042297363e+00
1.952180862426757812e+00
0.000000000000000000e+00
0.000000000000000000e+00
0.000000000000000000e+00
0.000000000000000000e+00
0.000000000000000000e+00
0.000000000000000000e+00
0.000000000000000000e+00
0.000000000000000000e+00
0.000000000000000000e+00
0.000000000000000000e+00
0.000000000000000000e+00
0.000000000000000000e+00
0.000000000000000000e+00
0.000000000000000000e+00
0.000000000000000000e+00
0.000000000000000000e+00
0.000000000000000000e+00
0.000000000000000000e+00
0.000000000000000000e+00
0.000000000000000000e+00
0.000000000000000000e+00
0.000000000000000000e+00
0.000000000000000000e+00
0.000000000000000000e+00
0.000000000000000000e+00
0.000000000000000000e+00
0.000000000000000000e+00
0.000000000000000000e+00
0.000000000000000000e+00
0.000000000000000000e+00
0.000000000000000000e+00
0.000000000000000000e+00
0.000000000000000000e+00
0.000000000000000000e+00
0.000000000000000000e+00
0.000000000000000000e+00
0.000000000000000000e+00
0.000000000000000000e+00
0.000000000000000000e+00
0.000000000000000000e+00
0.000000000000000000e+00
0.000000000000000000e+00
0.000000000000000000e+00
0.000000000000000000e+00
0.000000000000000000e+00
0.000000000000000000e+00
0.000000000000000000e+00
0.000000000000000000e+00
0.000000000000000000e+00
0.000000000000000000e+00
0.000000000000000000e+00
0.000000000000000000e+00
0.000000000000000000e+00
0.000000000000000000e+00
0.000000000000000000e+00
0.000000000000000000e+00
0.000000000000000000e+00
0.000000000000000000e+00
0.000000000000000000e+00
0.000000000000000000e+00
0.000000000000000000e+00
0.000000000000000000e+00
0.000000000000000000e+00
0.000000000000000000e+00
0.000000000000000000e+00
0.000000000000000000e+00
0.000000000000000000e+00
0.000000000000000000e+00
0.000000000000000000e+00
0.000000000000000000e+00
0.000000000000000000e+00
0.000000000000000000e+00
0.000000000000000000e+00
0.000000000000000000e+00
0.000000000000000000e+00
0.000000000000000000e+00
0.000000000000000000e+00
0.000000000000000000e+00
0.000000000000000000e+00
0.000000000000000000e+00
0.000000000000000000e+00
0.000000000000000000e+00
0.000000000000000000e+00
0.000000000000000000e+00
0.000000000000000000e+00
0.000000000000000000e+00
0.000000000000000000e+00
0.000000000000000000e+00
0.000000000000000000e+00
0.000000000000000000e+00
0.000000000000000000e+00
0.000000000000000000e+00
0.000000000000000000e+00
0.000000000000000000e+00
0.000000000000000000e+00
0.000000000000000000e+00
0.000000000000000000e+00
0.000000000000000000e+00
0.000000000000000000e+00
0.000000000000000000e+00
