# ee
3.289347141981124878e-02
5.967827141284942627e-02
7.327117770910263062e-02
7.116692513227462769e-02
5.786859244108200073e-02
4.067276790738105774e-02
2.581789158284664154e-02
1.643226295709609985e-02
1.252261456102132797e-02
1.214196439832448959e-02
1.283442694693803787e-02
1.312239095568656921e-02
1.212390046566724777e-02
1.024589873850345612e-02
8.186799474060535431e-03
6.521979346871376038e-03
5.667395424097776413e-03
5.524365231394767761e-03
5.861316341906785965e-03
6.429751403629779816e-03
7.027057465165853500e-03
7.651079911738634109e-03
8.359578438103199005e-03
9.249520488083362579e-03
1.040325127542018890e-02
1.180541422218084335e-02
1.341595593839883804e-02
1.519371662288904190e-02
1.710751280188560486e-02
1.916713453829288483e-02
2.139074355363845825e-02
2.378900907933712006e-02
2.637054957449436188e-02
2.914330735802650452e-02
3.210864961147308350e-02
3.524231165647506714e-02
3.852513805031776428e-02
4.198407381772994995e-02
4.565758630633354187e-02
4.957635700702667236e-02
5.373997241258621216e-02
5.814021453261375427e-02
6.276888400316238403e-02
6.761778891086578369e-02
7.268176972866058350e-02
7.796795666217803955e-02
8.348651975393295288e-02
8.924764394760131836e-02
9.526150673627853394e-02
1.015358865261077881e-01
1.080689206719398499e-01
1.148563399910926819e-01
1.218938753008842468e-01
1.291772872209548950e-01
1.367035061120986938e-01
1.444743871688842773e-01
1.524929702281951904e-01
1.607623696327209473e-01
1.692855954170227051e-01
1.780644953250885010e-01
1.870957911014556885e-01
1.963750272989273071e-01
2.058976888656616211e-01
2.156592905521392822e-01
2.256556898355484009e-01
2.358840405941009521e-01
2.463418096303939819e-01
2.570264935493469238e-01
2.679356336593627930e-01
2.790661156177520752e-01
2.904128134250640869e-01
3.019700646400451660e-01
3.137321770191192627e-01
3.256934583187103271e-01
3.378483653068542480e-01
3.501919209957122803e-01
3.627192080020904541e-01
3.754253685474395752e-01
3.883055448532104492e-01
4.013533294200897217e-01
4.145560562610626221e-01
4.278995990753173828e-01
4.413696825504302979e-01
4.549522399902343750e-01
4.686344861984252930e-01
4.824097156524658203e-01
4.962725937366485596e-01
5.102178454399108887e-01
5.242402553558349609e-01
5.383333563804626465e-01
5.524865984916687012e-01
5.666883587837219238e-01
5.809267759323120117e-01
5.951904058456420898e-01
6.094674468040466309e-01
6.237462162971496582e-01
6.380150914192199707e-01
6.522624492645263672e-01
6.664764285087585449e-01
6.806455254554748535e-01
6.947579979896545410e-01
7.088021636009216309e-01
7.227663397789001465e-01
7.366389036178588867e-01
7.504081726074218750e-01
7.640624046325683594e-01
7.775900363922119141e-01
7.909792065620422363e-01
8.042184710502624512e-01
8.172963857650756836e-01
8.302029967308044434e-01
8.429288268089294434e-01
8.554642200469970703e-01
8.677996993064880371e-01
8.799257278442382812e-01
8.918326497077941895e-01
9.035110473632812500e-01
9.149512052536010742e-01
9.261436462402343750e-01
9.370787143707275391e-01
9.477469325065612793e-01
9.581388235092163086e-01
9.682447314262390137e-01
9.780550003051757812e-01
9.875602126121520996e-01
9.967508316040039062e-01
1.005617141723632812e+00
1.014149665832519531e+00
1.022338867187500000e+00
1.030176281929016113e+00
1.037658333778381348e+00
1.044782042503356934e+00
1.051545023918151855e+00
1.057944655418395996e+00
1.063978075981140137e+00
1.069643020629882812e+00
1.074936509132385254e+00
1.079856157302856445e+00
1.084399223327636719e+00
1.088563084602355957e+00
1.092345118522644043e+00
1.095742821693420410e+00
1.098753333091735840e+00
1.101374149322509766e+00
1.103602766990661621e+00
1.105436205863952637e+00
1.106872320175170898e+00
1.107908129692077637e+00
1.108540892601013184e+00
1.108771085739135742e+00
1.108608841896057129e+00
1.108067274093627930e+00
1.107159852981567383e+00
1.105899333953857422e+00
1.104299068450927734e+00
1.102372050285339355e+00
1.100131511688232422e+00
1.097590565681457520e+00
1.094762325286865234e+00
1.091659903526306152e+00
1.088296413421630859e+00
1.084685087203979492e+00
1.080839037895202637e+00
1.076771259307861328e+00
1.072494983673095703e+00
1.068023324012756348e+00
1.063369393348693848e+00
1.058546423912048340e+00
1.053567409515380859e+00
1.048445582389831543e+00
1.043194055557250977e+00
1.037825822830200195e+00
1.032354235649108887e+00
1.026792287826538086e+00
1.021155834197998047e+00
1.015471696853637695e+00
1.009769439697265625e+00
1.004078507423400879e+00
9.984283447265625000e-01
9.928486347198486328e-01
9.873687624931335449e-01
9.820182323455810547e-01
9.768266081809997559e-01
9.718233346939086914e-01
9.670380949974060059e-01
9.625002145767211914e-01
9.582392573356628418e-01
9.542847871780395508e-01
9.506661295890808105e-01
9.474130868911743164e-01
9.445550441741943359e-01
9.421213865280151367e-01
9.401418566703796387e-01
9.386456608772277832e-01
9.376626610755920410e-01
9.372221231460571289e-01
9.373535513877868652e-01
9.380867481231689453e-01
9.394508600234985352e-01
9.414786696434020996e-01
9.442152380943298340e-01
9.477086663246154785e-01
9.520072937011718750e-01
9.571590423583984375e-01
9.632121324539184570e-01
9.702147841453552246e-01
9.782152175903320312e-01
9.872614145278930664e-01
9.974015951156616211e-01
1.008684039115905762e+00
1.021156787872314453e+00
1.034868001937866211e+00
1.049865841865539551e+00
1.066198706626892090e+00
1.083914279937744141e+00
1.103061079978942871e+00
1.123687267303466797e+00
1.145840764045715332e+00
1.169569849967956543e+00
1.194922924041748047e+00
1.221947669982910156e+00
1.250692605972290039e+00
1.281205773353576660e+00
1.313535451889038086e+00
1.347729682922363281e+00
1.383836388587951660e+00
1.421904206275939941e+00
1.461981058120727539e+00
1.504114985466003418e+00
1.548354506492614746e+00
1.594747304916381836e+00
1.643341898918151855e+00
1.694186329841613770e+00
1.747328758239746094e+00
1.802817344665527344e+00
1.860700130462646484e+00
1.921025514602661133e+00
1.983841538429260254e+00
2.049196481704711914e+00
2.117138147354125977e+00
2.187715053558349609e+00
2.260975122451782227e+00
2.336966753005981445e+00
2.415737867355346680e+00
2.497336864471435547e+00
2.581811904907226562e+00
2.669210672378540039e+00
2.759581804275512695e+00
2.852973461151123047e+00
2.949429273605346680e+00
3.048976659774780273e+00
3.151638984680175781e+00
3.257438898086547852e+00
3.366399288177490234e+00
3.478543758392333984e+00
3.593894720077514648e+00
3.712476253509521484e+00
3.834310054779052734e+00
3.959420442581176758e+00
4.087829589843750000e+00
4.219560623168945312e+00
4.354637145996093750e+00
4.493081092834472656e+00
4.634916782379150391e+00
4.780167102813720703e+00
4.928854465484619141e+00
5.081002235412597656e+00
5.236633777618408203e+00
5.395771026611328125e+00
5.558438777923583984e+00
5.724658489227294922e+00
5.894453525543212891e+00
6.067847728729248047e+00
6.244863510131835938e+00
6.425524234771728516e+00
6.609852790832519531e+00
6.797872066497802734e+00
6.989605426788330078e+00
7.185075283050537109e+00
7.384305953979492188e+00
7.587318897247314453e+00
7.794138908386230469e+00
8.004787445068359375e+00
8.219287872314453125e+00
8.437664031982421875e+00
8.659938812255859375e+00
8.886135101318359375e+00
9.116274833679199219e+00
9.350382804870605469e+00
9.588480949401855469e+00
9.830592155456542969e+00
1.007674121856689453e+01
1.032694911956787109e+01
1.058123970031738281e+01
1.083963680267333984e+01
1.110216140747070312e+01
1.136883926391601562e+01
1.163969135284423828e+01
1.191474151611328125e+01
1.219400024414062500e+01
1.247742652893066406e+01
1.276496887207031250e+01
1.305657291412353516e+01
1.335218715667724609e+01
1.365175819396972656e+01
1.395523452758789062e+01
1.426256179809570312e+01
1.457368659973144531e+01
1.488855648040771484e+01
1.520712184906005859e+01
1.552932453155517578e+01
1.585511684417724609e+01
1.618444061279296875e+01
1.651724815368652344e+01
1.685348510742187500e+01
1.719309616088867188e+01
1.753602981567382812e+01
1.788223648071289062e+01
1.823165893554687500e+01
1.858424568176269531e+01
1.893994712829589844e+01
1.929870414733886719e+01
1.966046905517578125e+01
2.002518653869628906e+01
2.039280700683593750e+01
2.076327323913574219e+01
2.113653373718261719e+01
2.151253890991210938e+01
2.189123153686523438e+01
2.227256202697753906e+01
2.265647506713867188e+01
2.304291915893554688e+01
2.343184280395507812e+01
2.382319068908691406e+01
2.421691131591796875e+01
2.461295127868652344e+01
2.501125717163085938e+01
2.541177940368652344e+01
2.581446075439453125e+01
2.621925163269042969e+01
2.662609863281250000e+01
2.703494644165039062e+01
2.744574546813964844e+01
2.785844039916992188e+01
2.827298355102539062e+01
2.868931388854980469e+01
2.910738563537597656e+01
2.952714157104492188e+01
2.994853401184082031e+01
3.037149238586425781e+01
3.079592704772949219e+01
3.122172164916992188e+01
3.164877891540527344e+01
3.207698059082031250e+01
3.250622558593750000e+01
3.293640136718750000e+01
3.336740112304687500e+01
3.379912185668945312e+01
3.423144531250000000e+01
3.466427230834960938e+01
3.509749603271484375e+01
3.553100204467773438e+01
3.596468353271484375e+01
3.639843750000000000e+01
3.683215713500976562e+01
3.726572418212890625e+01
3.769903564453125000e+01
3.813199234008789062e+01
3.856447219848632812e+01
3.899637603759765625e+01
3.942759323120117188e+01
3.985801696777343750e+01
4.028754425048828125e+01
4.071605682373046875e+01
4.114345169067382812e+01
4.156962203979492188e+01
4.199445724487304688e+01
4.241785049438476562e+01
4.283969879150390625e+01
4.325988769531250000e+01
4.367831039428710938e+01
4.409486389160156250e+01
4.450943374633789062e+01
4.492191314697265625e+01
4.533219909667968750e+01
4.574018096923828125e+01
4.614574813842773438e+01
4.654879379272460938e+01
4.694921112060546875e+01
4.734689712524414062e+01
4.774172973632812500e+01
4.813361740112304688e+01
4.852244186401367188e+01
4.890810394287109375e+01
4.929048538208007812e+01
4.966948318481445312e+01
5.004499053955078125e+01
5.041689682006835938e+01
5.078509521484375000e+01
5.114948654174804688e+01
5.150997924804687500e+01
5.186650085449218750e+01
5.221897125244140625e+01
5.256730651855468750e+01
5.291143035888671875e+01
5.325126266479492188e+01
5.358673095703125000e+01
5.391774749755859375e+01
5.424423599243164062e+01
5.456611633300781250e+01
5.488331604003906250e+01
5.519574737548828125e+01
5.550333023071289062e+01
5.580599594116210938e+01
5.610366058349609375e+01
5.639624023437500000e+01
5.668365478515625000e+01
5.696583557128906250e+01
5.724269485473632812e+01
5.751415634155273438e+01
5.778013992309570312e+01
5.804056930541992188e+01
5.829535675048828125e+01
5.854443740844726562e+01
5.878771972656250000e+01
5.902513122558593750e+01
5.925658798217773438e+01
5.948201751708984375e+01
5.970133209228515625e+01
5.991446304321289062e+01
6.012131500244140625e+01
6.032182693481445312e+01
6.051591491699218750e+01
6.070348739624023438e+01
6.088447570800781250e+01
6.105880737304687500e+01
6.122639083862304688e+01
6.138714981079101562e+01
6.154101181030273438e+01
6.168788909912109375e+01
6.182770538330078125e+01
6.196038436889648438e+01
6.208584594726562500e+01
6.220401000976562500e+01
6.231479263305664062e+01
6.241812133789062500e+01
6.251391983032226562e+01
6.260210037231445312e+01
6.268258285522460938e+01
6.275532150268554688e+01
6.282030487060546875e+01
6.287757110595703125e+01
6.292714309692382812e+01
6.296905136108398438e+01
6.300331497192382812e+01
6.302996826171875000e+01
6.304902648925781250e+01
6.306052780151367188e+01
6.306449127197265625e+01
6.306094360351562500e+01
6.304991531372070312e+01
6.303143310546875000e+01
6.300551605224609375e+01
6.297219085693359375e+01
6.293148803710937500e+01
6.288343811035156250e+01
6.282805633544921875e+01
6.276538085937500000e+01
6.269543457031250000e+01
6.261823272705078125e+01
6.253381729125976562e+01
6.244220733642578125e+01
6.234342575073242188e+01
6.223749923706054688e+01
6.212446594238281250e+01
6.200433731079101562e+01
6.187714767456054688e+01
6.174291992187500000e+01
6.160168838500976562e+01
6.145346069335937500e+01
6.129828643798828125e+01
6.113617324829101562e+01
6.096715927124023438e+01
6.079126358032226562e+01
6.060851669311523438e+01
6.041894149780273438e+01
6.022256851196289062e+01
6.001942062377929688e+01
5.980952453613281250e+01
5.959290695190429688e+01
5.936959457397460938e+01
5.913961791992187500e+01
5.890299224853515625e+01
5.865975189208984375e+01
5.840991973876953125e+01
5.815352630615234375e+01
5.789059829711914062e+01
5.762115097045898438e+01
5.734522628784179688e+01
5.706285858154296875e+01
5.677415466308593750e+01
5.647925567626953125e+01
5.617827224731445312e+01
5.587134552001953125e+01
5.555859375000000000e+01
5.524015045166015625e+01
5.491613769531250000e+01
5.458668518066406250e+01
5.425192642211914062e+01
5.391197967529296875e+01
5.356697082519531250e+01
5.321703720092773438e+01
5.286230468750000000e+01
5.250289535522460938e+01
5.213893890380859375e+01
5.177056121826171875e+01
5.139789199829101562e+01
5.102105712890625000e+01
5.064018249511718750e+01
5.025540161132812500e+01
4.986683654785156250e+01
4.947461700439453125e+01
4.907886886596679688e+01
4.867971801757812500e+01
4.827729797363281250e+01
4.787173080444335938e+01
4.746314620971679688e+01
4.705166625976562500e+01
4.663742828369140625e+01
4.622055435180664062e+01
4.580117034912109375e+01
4.537940597534179688e+01
4.495538330078125000e+01
4.452923965454101562e+01
4.410109710693359375e+01
4.367108154296875000e+01
4.323932266235351562e+01
4.280594635009765625e+01
4.237108230590820312e+01
4.193485641479492188e+01
4.149739456176757812e+01
4.105882644653320312e+01
4.061928176879882812e+01
4.017887878417968750e+01
3.973775482177734375e+01
3.929603576660156250e+01
3.885384750366210938e+01
3.841131591796875000e+01
3.796856689453125000e+01
3.752573013305664062e+01
3.708295059204101562e+01
3.664035415649414062e+01
3.619807815551757812e+01
3.575626373291015625e+01
3.531505203247070312e+01
3.487457656860351562e+01
3.443497085571289062e+01
3.399637222290039062e+01
3.355892562866210938e+01
3.312276077270507812e+01
3.268801498413085938e+01
3.225482940673828125e+01
3.182333755493164062e+01
3.139368057250976562e+01
3.096599197387695312e+01
3.054041290283203125e+01
3.011707496643066406e+01
2.969611930847167969e+01
2.927768135070800781e+01
2.886189842224121094e+01
2.844890785217285156e+01
2.803884887695312500e+01
2.763185501098632812e+01
2.722806549072265625e+01
2.682761573791503906e+01
2.643064689636230469e+01
2.603729248046875000e+01
2.564768981933593750e+01
2.526197814941406250e+01
2.488029289245605469e+01
2.450277137756347656e+01
2.412955093383789062e+01
2.376076889038085938e+01
2.339656257629394531e+01
2.303706932067871094e+01
2.268242454528808594e+01
2.233276557922363281e+01
2.198823356628417969e+01
2.164896011352539062e+01
2.131508636474609375e+01
2.098674774169921875e+01
2.066408157348632812e+01
2.034722518920898438e+01
2.003631591796875000e+01
1.973149108886718750e+01
1.943288612365722656e+01
1.914064025878906250e+01
1.885489082336425781e+01
1.857577133178710938e+01
1.830340766906738281e+01
1.803785324096679688e+01
1.777915191650390625e+01
1.752733993530273438e+01
1.728246307373046875e+01
1.704455947875976562e+01
1.681367111206054688e+01
1.658983612060546875e+01
1.637309646606445312e+01
1.616349601745605469e+01
1.596107292175292969e+01
1.576586627960205078e+01
1.557791996002197266e+01
1.539727306365966797e+01
1.522396850585937500e+01
1.505804443359375000e+01
1.489954280853271484e+01
1.474850368499755859e+01
1.460496807098388672e+01
1.446897888183593750e+01
1.434057235717773438e+01
1.421979427337646484e+01
1.410668277740478516e+01
1.400127887725830078e+01
1.390362358093261719e+01
1.381375694274902344e+01
1.373172092437744141e+01
1.365755558013916016e+01
1.359130287170410156e+01
1.353300189971923828e+01
1.348269367218017578e+01
1.344042110443115234e+01
1.340622234344482422e+01
1.338013839721679688e+01
1.336221218109130859e+01
1.335248279571533203e+01
1.335099124908447266e+01
1.335777854919433594e+01
1.337288570404052734e+01
1.339635276794433594e+01
1.342822074890136719e+01
1.346853160858154297e+01
1.351732540130615234e+01
1.357464122772216797e+01
1.364052200317382812e+01
1.371500778198242188e+01
1.379813957214355469e+01
1.388995742797851562e+01
1.399050235748291016e+01
1.409981727600097656e+01
1.421791744232177734e+01
1.434473896026611328e+01
1.448019027709960938e+01
1.462418365478515625e+01
1.477662849426269531e+01
1.493743610382080078e+01
1.510651779174804688e+01
1.528378486633300781e+01
1.546914672851562500e+01
1.566251468658447266e+01
1.586380195617675781e+01
1.607291412353515625e+01
1.628976631164550781e+01
1.651426887512207031e+01
1.674633026123046875e+01
1.698586273193359375e+01
1.723277854919433594e+01
1.748698806762695312e+01
1.774839782714843750e+01
1.801692390441894531e+01
1.829247474670410156e+01
1.857496261596679688e+01
1.886429786682128906e+01
1.916038894653320312e+01
1.946315002441406250e+01
1.977248954772949219e+01
2.008831787109375000e+01
2.041054916381835938e+01
2.073909187316894531e+01
2.107385635375976562e+01
2.141475486755371094e+01
2.176169776916503906e+01
2.211459541320800781e+01
2.247336006164550781e+01
2.283789825439453125e+01
2.320812606811523438e+01
2.358395004272460938e+01
2.396528625488281250e+01
2.435204124450683594e+01
2.474412536621093750e+01
2.514145278930664062e+01
2.554393005371093750e+01
2.595147323608398438e+01
2.636399078369140625e+01
2.678138923645019531e+01
2.720358657836914062e+01
2.763049125671386719e+01
2.806200981140136719e+01
2.849805831909179688e+01
2.893854331970214844e+01
2.938336944580078125e+01
2.983239173889160156e+01
3.028545951843261719e+01
3.074241638183593750e+01
3.120311164855957031e+01
3.166739273071289062e+01
3.213510894775390625e+01
3.260610198974609375e+01
3.308022689819335938e+01
3.355732345581054688e+01
3.403723907470703125e+01
3.451982498168945312e+01
3.500492858886718750e+01
3.549239349365234375e+01
3.598207092285156250e+01
3.647380447387695312e+01
3.696744155883789062e+01
3.746283340454101562e+01
3.795982360839843750e+01
3.845825958251953125e+01
3.895798873901367188e+01
3.945885848999023438e+01
3.996071624755859375e+01
4.046340942382812500e+01
4.096678924560546875e+01
4.147069168090820312e+01
4.197497558593750000e+01
4.247948074340820312e+01
4.298405838012695312e+01
4.348855590820312500e+01
4.399281311035156250e+01
4.449668884277343750e+01
4.500002288818359375e+01
4.550266647338867188e+01
4.600445938110351562e+01
4.650525283813476562e+01
4.700489807128906250e+01
4.750324249267578125e+01
4.800012588500976562e+01
4.849539947509765625e+01
4.898891448974609375e+01
4.948051071166992188e+01
4.997003936767578125e+01
5.045734786987304688e+01
5.094228363037109375e+01
5.142469024658203125e+01
5.190441894531250000e+01
5.238131332397460938e+01
5.285522842407226562e+01
5.332600402832031250e+01
5.379349517822265625e+01
5.425759124755859375e+01
5.471818923950195312e+01
5.517519378662109375e+01
5.562848281860351562e+01
5.607796859741210938e+01
5.652354431152343750e+01
5.696509933471679688e+01
5.740253448486328125e+01
5.783575439453125000e+01
5.826464080810546875e+01
5.868909835815429688e+01
5.910902786254882812e+01
5.952431106567382812e+01
5.993486404418945312e+01
6.034056472778320312e+01
6.074131774902343750e+01
6.113702392578125000e+01
6.152757263183593750e+01
6.191286087036132812e+01
6.229278945922851562e+01
6.266725158691406250e+01
6.303614425659179688e+01
6.339935684204101562e+01
6.375680160522460938e+01
6.410836029052734375e+01
6.445394134521484375e+01
6.479343414306640625e+01
6.512673187255859375e+01
6.545373535156250000e+01
6.577434539794921875e+01
6.608844757080078125e+01
6.639594268798828125e+01
6.669673156738281250e+01
6.699070739746093750e+01
6.727777099609375000e+01
6.755781555175781250e+01
6.783073425292968750e+01
6.809642791748046875e+01
6.835478973388671875e+01
6.860571289062500000e+01
6.884910583496093750e+01
6.908485412597656250e+01
6.931285095214843750e+01
6.953300476074218750e+01
6.974520874023437500e+01
6.994935607910156250e+01
7.014533996582031250e+01
7.033306121826171875e+01
7.051242065429687500e+01
7.068332672119140625e+01
7.084577941894531250e+01
7.099980163574218750e+01
7.114540100097656250e+01
7.128260040283203125e+01
7.141142272949218750e+01
7.153186798095703125e+01
7.164396667480468750e+01
7.174773406982421875e+01
7.184318542480468750e+01
7.193033599853515625e+01
7.200921630859375000e+01
7.207982635498046875e+01
7.214218902587890625e+01
7.219631958007812500e+01
7.224225616455078125e+01
7.227997589111328125e+01
7.230953216552734375e+01
7.233092498779296875e+01
7.234417724609375000e+01
7.234929656982421875e+01
7.234631347656250000e+01
7.233524322509765625e+01
7.231609344482421875e+01
7.228888702392578125e+01
7.225363922119140625e+01
7.221037292480468750e+01
7.215910339355468750e+01
7.209983825683593750e+01
7.203260803222656250e+01
7.195742797851562500e+01
7.187430572509765625e+01
7.178327178955078125e+01
7.168433380126953125e+01
7.157750701904296875e+01
7.146281433105468750e+01
7.134027862548828125e+01
7.120990753173828125e+01
7.107171630859375000e+01
7.092572784423828125e+01
7.077195739746093750e+01
7.061042785644531250e+01
7.044114685058593750e+01
7.026414489746093750e+01
7.007942199707031250e+01
6.988700866699218750e+01
6.968692016601562500e+01
6.947916412353515625e+01
6.926377105712890625e+01
6.904074859619140625e+01
6.881014251708984375e+01
6.857203674316406250e+01
6.832656097412109375e+01
6.807383728027343750e+01
6.781397247314453125e+01
6.754709625244140625e+01
6.727332305908203125e+01
6.699276733398437500e+01
6.670555877685546875e+01
6.641179656982421875e+01
6.611162567138671875e+01
6.580513763427734375e+01
6.549246978759765625e+01
6.517373657226562500e+01
6.484905242919921875e+01
6.451854705810546875e+01
6.418231964111328125e+01
6.384050369262695312e+01
6.349320983886718750e+01
6.314056015014648438e+01
6.278267669677734375e+01
6.241966629028320312e+01
6.205166625976562500e+01
6.167878341674804688e+01
6.130113220214843750e+01
6.091883850097656250e+01
6.053202056884765625e+01
6.014079284667968750e+01
5.974527740478515625e+01
5.934559249877929688e+01
5.894185638427734375e+01
5.853418731689453125e+01
5.812270355224609375e+01
5.770752716064453125e+01
5.728876495361328125e+01
5.686655044555664062e+01
5.644099426269531250e+01
5.601221847534179688e+01
5.558034133911132812e+01
5.514547348022460938e+01
5.470774459838867188e+01
5.426726531982421875e+01
5.382416152954101562e+01
5.337854766845703125e+01
5.293053817749023438e+01
5.248025512695312500e+01
5.202782058715820312e+01
5.157335281372070312e+01
5.111696243286132812e+01
5.065877532958984375e+01
5.019890975952148438e+01
4.973749542236328125e+01
4.927465438842773438e+01
4.881052017211914062e+01
4.834522628784179688e+01
4.787889480590820312e+01
4.741165542602539062e+01
4.694363784790039062e+01
4.647497558593750000e+01
4.600579071044921875e+01
4.553621673583984375e+01
4.506637954711914062e+01
4.459640884399414062e+01
4.412643432617187500e+01
4.365658569335937500e+01
4.318699264526367188e+01
4.271778106689453125e+01
4.224908065795898438e+01
4.178102111816406250e+01
4.131373214721679688e+01
4.084734344482421875e+01
4.038198089599609375e+01
3.991777038574218750e+01
3.945485305786132812e+01
3.899334335327148438e+01
3.853338241577148438e+01
3.807509231567382812e+01
3.761860275268554688e+01
3.716403961181640625e+01
3.671154022216796875e+01
3.626122665405273438e+01
3.581322860717773438e+01
3.536768341064453125e+01
3.492470550537109375e+01
3.448443603515625000e+01
3.404699707031250000e+01
3.361252212524414062e+01
3.318113327026367188e+01
3.275296783447265625e+01
3.232814788818359375e+01
3.190680885314941406e+01
3.148907279968261719e+01
3.107507514953613281e+01
3.066493797302246094e+01
3.025879859924316406e+01
2.985677909851074219e+01
2.945901107788085938e+01
2.906561851501464844e+01
2.867673873901367188e+01
2.829249954223632812e+01
2.791301155090332031e+01
2.753833961486816406e+01
2.716853523254394531e+01
2.680365180969238281e+01
2.644373893737792969e+01
2.608884239196777344e+01
2.573901748657226562e+01
2.539431381225585938e+01
2.505478286743164062e+01
2.472047233581542969e+01
2.439143371582031250e+01
2.406772041320800781e+01
2.374938201904296875e+01
2.343646621704101562e+01
2.312902641296386719e+01
2.282711410522460938e+01
2.253077507019042969e+01
2.224006462097167969e+01
2.195503044128417969e+01
2.167572593688964844e+01
2.140220069885253906e+01
2.113450622558593750e+01
2.087268829345703125e+01
2.061680221557617188e+01
2.036689949035644531e+01
2.012302589416503906e+01
1.988523483276367188e+01
1.965357971191406250e+01
1.942810630798339844e+01
1.920886611938476562e+01
1.899591064453125000e+01
1.878929138183593750e+01
1.858905982971191406e+01
1.839526367187500000e+01
1.820795631408691406e+01
1.802718544006347656e+01
1.785300254821777344e+01
1.768545913696289062e+01
1.752460670471191406e+01
1.737049293518066406e+01
1.722316932678222656e+01
1.708268737792968750e+01
1.694910049438476562e+01
1.682245445251464844e+01
1.670280075073242188e+01
1.659019279479980469e+01
1.648467826843261719e+01
1.638630867004394531e+01
1.629513549804687500e+01
1.621120834350585938e+01
1.613456153869628906e+01
1.606515693664550781e+01
1.600294494628906250e+01
1.594786930084228516e+01
1.589988040924072266e+01
1.585892391204833984e+01
1.582494544982910156e+01
1.579789352416992188e+01
1.577771472930908203e+01
1.576435661315917969e+01
1.575776481628417969e+01
1.575788879394531250e+01
1.576467227935791016e+01
1.577806568145751953e+01
1.579801464080810547e+01
1.582446479797363281e+01
1.585736560821533203e+01
1.589666366577148438e+01
1.594230365753173828e+01
1.599423694610595703e+01
1.605240440368652344e+01
1.611676025390625000e+01
1.618724632263183594e+01
1.626380920410156250e+01
1.634639930725097656e+01
1.643496322631835938e+01
1.652944755554199219e+01
1.662979888916015625e+01
1.673596191406250000e+01
1.684788894653320312e+01
1.696552085876464844e+01
1.708880996704101562e+01
1.721770095825195312e+01
1.735214233398437500e+01
1.749207687377929688e+01
1.763745880126953125e+01
1.778822898864746094e+01
1.794433593750000000e+01
1.810572814941406250e+01
1.827235031127929688e+01
1.844415283203125000e+01
1.862108039855957031e+01
1.880308151245117188e+01
1.899010086059570312e+01
1.918208694458007812e+01
1.937898635864257812e+01
1.958074760437011719e+01
1.978731536865234375e+01
1.999864006042480469e+01
2.021466445922851562e+01
2.043532943725585938e+01
2.066053771972656250e+01
2.089017677307128906e+01
2.112414741516113281e+01
2.136233520507812500e+01
2.160463714599609375e+01
2.185094451904296875e+01
2.210115051269531250e+01
2.235514831542968750e+01
2.261282920837402344e+01
2.287408828735351562e+01
2.313881683349609375e+01
2.340690803527832031e+01
2.367825317382812500e+01
2.395274734497070312e+01
2.423028182983398438e+01
2.451074981689453125e+01
2.479404640197753906e+01
2.508006095886230469e+01
2.536868667602539062e+01
2.565982055664062500e+01
2.595334815979003906e+01
2.624917030334472656e+01
2.654717254638671875e+01
2.684725189208984375e+01
2.714929962158203125e+01
2.745321273803710938e+01
2.775887489318847656e+01
2.806618690490722656e+01
2.837504005432128906e+01
2.868532371520996094e+01
2.899693679809570312e+01
2.930976676940917969e+01
2.962370872497558594e+01
2.993865203857421875e+01
3.025449562072753906e+01
3.057112884521484375e+01
3.088844108581542969e+01
3.120633125305175781e+01
3.152469062805175781e+01
3.184340858459472656e+01
3.216238021850585938e+01
3.248150253295898438e+01
3.280066299438476562e+01
3.311975479125976562e+01
3.343866729736328125e+01
3.375730133056640625e+01
3.407554626464843750e+01
3.439329528808593750e+01
3.471043777465820312e+01
3.502687454223632812e+01
3.534251785278320312e+01
3.565727996826171875e+01
3.597108078002929688e+01
3.628382873535156250e+01
3.659544754028320312e+01
3.690584564208984375e+01
3.721494674682617188e+01
3.752265930175781250e+01
3.782889938354492188e+01
3.813359069824218750e+01
3.843663787841796875e+01
3.873796844482421875e+01
3.903748321533203125e+01
3.933511352539062500e+01
3.963076400756835938e+01
3.992435455322265625e+01
4.021580123901367188e+01
4.050502014160156250e+01
4.079192352294921875e+01
4.107642745971679688e+01
4.135845184326171875e+01
4.163790893554687500e+01
4.191471862792968750e+01
4.218878555297851562e+01
4.246004104614257812e+01
4.272838592529296875e+01
4.299375152587890625e+01
4.325603485107421875e+01
4.351516723632812500e+01
4.377105712890625000e+01
4.402362060546875000e+01
4.427277755737304688e+01
4.451843643188476562e+01
4.476051712036132812e+01
4.499893188476562500e+01
4.523360443115234375e+01
4.546444702148437500e+01
4.569136810302734375e+01
4.591429519653320312e+01
4.613313293457031250e+01
4.634780120849609375e+01
4.655821990966796875e+01
4.676429748535156250e+01
4.696595764160156250e+01
4.716310501098632812e+01
4.735566711425781250e+01
4.754355239868164062e+01
4.772668075561523438e+01
4.790496063232421875e+01
4.807832717895507812e+01
4.824676132202148438e+01
4.841024780273437500e+01
4.856878280639648438e+01
4.872235870361328125e+01
4.887096405029296875e+01
4.901459884643554688e+01
4.915324401855468750e+01
4.928689956665039062e+01
4.941555404663085938e+01
4.953919982910156250e+01
4.965783309936523438e+01
4.977143859863281250e+01
4.988001251220703125e+01
4.998354721069335938e+01
5.008203125000000000e+01
5.017546081542968750e+01
5.026382827758789062e+01
5.034712219238281250e+01
5.042533493041992188e+01
5.049845886230468750e+01
5.056649017333984375e+01
5.062941360473632812e+01
5.068722534179687500e+01
5.073991775512695312e+01
5.078747940063476562e+01
5.082990646362304688e+01
5.086718750000000000e+01
5.089931869506835938e+01
5.092628860473632812e+01
5.094809341430664062e+01
5.096471786499023438e+01
5.097615814208984375e+01
5.098240661621093750e+01
5.098345565795898438e+01
5.097929382324218750e+01
5.096991729736328125e+01
5.095531463623046875e+01
5.093548202514648438e+01
5.091040802001953125e+01
5.088008117675781250e+01
5.084450531005859375e+01
5.080366134643554688e+01
5.075754547119140625e+01
5.070614624023437500e+01
5.064945983886718750e+01
5.058747863769531250e+01
5.052019119262695312e+01
5.044759368896484375e+01
5.036967086791992188e+01
5.028643417358398438e+01
5.019792938232421875e+01
5.010420989990234375e+01
5.000534820556640625e+01
4.990139389038085938e+01
4.979240798950195312e+01
4.967845535278320312e+01
4.955958938598632812e+01
4.943587493896484375e+01
4.930737304687500000e+01
4.917413711547851562e+01
4.903622817993164062e+01
4.889371490478515625e+01
4.874664306640625000e+01
4.859508132934570312e+01
4.843909072875976562e+01
4.827872848510742188e+01
4.811404800415039062e+01
4.794512176513671875e+01
4.777199935913085938e+01
4.759474563598632812e+01
4.741341781616210938e+01
4.722808074951171875e+01
4.703878402709960938e+01
4.684559631347656250e+01
4.664857482910156250e+01
4.644778060913085938e+01
4.624327087402343750e+01
4.603510665893554688e+01
4.582334899902343750e+01
4.560805511474609375e+01
4.538928604125976562e+01
4.516710281372070312e+01
4.494156265258789062e+01
4.471273040771484375e+01
4.448065948486328125e+01
4.424541091918945312e+01
4.400704574584960938e+01
4.376562881469726562e+01
4.352120971679687500e+01
4.327385711669921875e+01
4.302362442016601562e+01
4.277058029174804688e+01
4.251477432250976562e+01
4.225626754760742188e+01
4.199512863159179688e+01
4.173140716552734375e+01
4.146517181396484375e+01
4.119647598266601562e+01
4.092538070678710938e+01
4.065194702148437500e+01
4.037625503540039062e+01
4.009838104248046875e+01
3.981840133666992188e+01
3.953639221191406250e+01
3.925243759155273438e+01
3.896660995483398438e+01
3.867898941040039062e+01
3.838965225219726562e+01
3.809867858886718750e+01
3.780614471435546875e+01
3.751212692260742188e+01
3.721671295166015625e+01
3.691996765136718750e+01
3.662197875976562500e+01
3.632281875610351562e+01
3.602256393432617188e+01
3.572130203247070312e+01
3.541910171508789062e+01
3.511604309082031250e+01
3.481220245361328125e+01
3.450766372680664062e+01
3.420249938964843750e+01
3.389678955078125000e+01
3.359061431884765625e+01
3.328404617309570312e+01
3.297716522216796875e+01
3.267005538940429688e+01
3.236278533935546875e+01
3.205543899536132812e+01
3.174809265136718750e+01
3.144082260131835938e+01
3.113370895385742188e+01
3.082683181762695312e+01
3.052026367187500000e+01
3.021408843994140625e+01
2.990837860107421875e+01
2.960321426391601562e+01
2.929867362976074219e+01
2.899483489990234375e+01
2.869177627563476562e+01
2.838957786560058594e+01
2.808831214904785156e+01
2.778805923461914062e+01
2.748890113830566406e+01
2.719090843200683594e+01
2.689416503906250000e+01
2.659874725341796875e+01
2.630473327636718750e+01
2.601219940185546875e+01
2.572122001647949219e+01
2.543184661865234375e+01
2.514412117004394531e+01
2.485809135437011719e+01
2.457380294799804688e+01
2.429129981994628906e+01
2.401062774658203125e+01
2.373183441162109375e+01
2.345496177673339844e+01
2.318005561828613281e+01
2.290716171264648438e+01
2.263632774353027344e+01
2.236759376525878906e+01
2.210101127624511719e+01
2.183662033081054688e+01
2.157447242736816406e+01
2.131460571289062500e+01
2.105706977844238281e+01
2.080190849304199219e+01
2.054916763305664062e+01
2.029889488220214844e+01
2.005113029479980469e+01
1.980592346191406250e+01
1.956331825256347656e+01
1.932336044311523438e+01
1.908609390258789062e+01
1.885156631469726562e+01
1.861982154846191406e+01
1.839090538024902344e+01
1.816486358642578125e+01
1.794174003601074219e+01
1.772158050537109375e+01
1.750443077087402344e+01
1.729033660888671875e+01
1.707934379577636719e+01
1.687149238586425781e+01
1.666683769226074219e+01
1.646541595458984375e+01
1.626727485656738281e+01
1.607246398925781250e+01
1.588102436065673828e+01
1.569300174713134766e+01
1.550844097137451172e+01
1.532739067077636719e+01
1.514989376068115234e+01
1.497599411010742188e+01
1.480574035644531250e+01
1.463917541503906250e+01
1.447634601593017578e+01
1.431729602813720703e+01
1.416206264495849609e+01
1.401064300537109375e+01
1.386302566528320312e+01
1.371919822692871094e+01
1.357915210723876953e+01
1.344287204742431641e+01
1.331034946441650391e+01
1.318157005310058594e+01
1.305652427673339844e+01
1.293519973754882812e+01
1.281758499145507812e+01
1.270366859436035156e+01
1.259343814849853516e+01
1.248688411712646484e+01
1.238399219512939453e+01
1.228475284576416016e+01
1.218915367126464844e+01
1.209718418121337891e+01
1.200883102416992188e+01
1.192408370971679688e+01
1.184293079376220703e+01
1.176535987854003906e+01
1.169136047363281250e+01
1.162091922760009766e+01
1.155402660369873047e+01
1.149067020416259766e+01
1.143083858489990234e+01
1.137451934814453125e+01
1.132170200347900391e+01
1.127237415313720703e+01
1.122652530670166016e+01
1.118414306640625000e+01
1.114521503448486328e+01
1.110973167419433594e+01
1.107767963409423828e+01
1.104904842376708984e+01
1.102382564544677734e+01
1.100200080871582031e+01
1.098356151580810547e+01
1.096849536895751953e+01
1.095679283142089844e+01
1.094844150543212891e+01
1.094342899322509766e+01
1.094174480438232422e+01
1.094337654113769531e+01
1.094831275939941406e+01
1.095654296875000000e+01
1.096805381774902344e+01
1.098283481597900391e+01
1.100087451934814453e+01
1.102215385437011719e+01
1.104663372039794922e+01
1.107426357269287109e+01
1.110499763488769531e+01
1.113878631591796875e+01
1.117558193206787109e+01
1.121533679962158203e+01
1.125800323486328125e+01
1.130353450775146484e+01
1.135188102722167969e+01
1.140299510955810547e+01
1.145682811737060547e+01
1.151333427429199219e+01
1.157246398925781250e+01
1.163417053222656250e+01
1.169840526580810547e+01
1.176512050628662109e+01
1.183426856994628906e+01
1.190580081939697266e+01
1.197966957092285156e+01
1.205582714080810547e+01
1.213422679901123047e+01
1.221481800079345703e+01
1.229755496978759766e+01
1.238238906860351562e+01
1.246927356719970703e+01
1.255815887451171875e+01
1.264899635314941406e+01
1.274174118041992188e+01
1.283634376525878906e+01
1.293275451660156250e+01
1.303092861175537109e+01
1.313081645965576172e+01
1.323237037658691406e+01
1.333554267883300781e+01
1.344028568267822266e+01
1.354655075073242188e+01
1.365428924560546875e+01
1.376345634460449219e+01
1.387400054931640625e+01
1.398587703704833984e+01
1.409903526306152344e+01
1.421342945098876953e+01
1.432901096343994141e+01
1.444573116302490234e+01
1.456354331970214844e+01
1.468239688873291016e+01
1.480224895477294922e+01
1.492304611206054688e+01
1.504474449157714844e+01
1.516729450225830078e+01
1.529064846038818359e+01
1.541475868225097656e+01
1.553957653045654297e+01
1.566505432128906250e+01
1.579114532470703125e+01
1.591779804229736328e+01
1.604496955871582031e+01
1.617260742187500000e+01
1.630066680908203125e+01
1.642909812927246094e+01
1.655785369873046875e+01
1.668688583374023438e+01
1.681614875793457031e+01
1.694558906555175781e+01
1.707516288757324219e+01
1.720482063293457031e+01
1.733451652526855469e+01
1.746420097351074219e+01
1.759382629394531250e+01
1.772334098815917969e+01
1.785270500183105469e+01
1.798186492919921875e+01
1.811077308654785156e+01
1.823938179016113281e+01
1.836764526367187500e+01
1.849551391601562500e+01
1.862293815612792969e+01
1.874987220764160156e+01
1.887626838684082031e+01
1.900207710266113281e+01
1.912725067138671875e+01
1.925174140930175781e+01
1.937550544738769531e+01
1.949848747253417969e+01
1.962064361572265625e+01
1.974192428588867188e+01
1.986228370666503906e+01
1.998167419433593750e+01
2.010004615783691406e+01
2.021735000610351562e+01
2.033354187011718750e+01
2.044857025146484375e+01
2.056238937377929688e+01
2.067494964599609375e+01
2.078620529174804688e+01
2.089610671997070312e+01
2.100460624694824219e+01
2.111165428161621094e+01
2.121720504760742188e+01
2.132121658325195312e+01
2.142366409301757812e+01
2.152453231811523438e+01
2.162380409240722656e+01
2.172145843505859375e+01
2.181748199462890625e+01
2.191185379028320312e+01
2.200456047058105469e+01
2.209558105468750000e+01
2.218490219116210938e+01
2.227250289916992188e+01
2.235836982727050781e+01
2.244248008728027344e+01
2.252482032775878906e+01
2.260537147521972656e+01
2.268411827087402344e+01
2.276104164123535156e+01
2.283612632751464844e+01
2.290935134887695312e+01
2.298070144653320312e+01
2.305016136169433594e+01
2.311771011352539062e+01
2.318333244323730469e+01
2.324700927734375000e+01
2.330872535705566406e+01
2.336846351623535156e+01
2.342620468139648438e+01
2.348193168640136719e+01
2.353562736511230469e+01
2.358727645874023438e+01
2.363685989379882812e+01
2.368436050415039062e+01
2.372975921630859375e+01
2.377304077148437500e+01
2.381418800354003906e+01
2.385318374633789062e+01
2.389001083374023438e+01
2.392465019226074219e+01
2.395708274841308594e+01
2.398729515075683594e+01
2.401527023315429688e+01
2.404099082946777344e+01
2.406443405151367188e+01
2.408558845520019531e+01
2.410443496704101562e+01
2.412095451354980469e+01
2.413512992858886719e+01
2.414694786071777344e+01
2.415638732910156250e+01
2.416343307495117188e+01
2.416807174682617188e+01
2.417031478881835938e+01
2.417017555236816406e+01
2.416767311096191406e+01
2.416282463073730469e+01
2.415564155578613281e+01
2.414614486694335938e+01
2.413434600830078125e+01
2.412026405334472656e+01
2.410391426086425781e+01
2.408531188964843750e+01
2.406447219848632812e+01
2.404141616821289062e+01
2.401615142822265625e+01
2.398870277404785156e+01
2.395907974243164062e+01
2.392730140686035156e+01
2.389338493347167969e+01
2.385734367370605469e+01
2.381919288635253906e+01
2.377894973754882812e+01
2.373663330078125000e+01
2.369225502014160156e+01
2.364583396911621094e+01
2.359738540649414062e+01
2.354692268371582031e+01
2.349446487426757812e+01
2.344002914428710938e+01
2.338362884521484375e+01
2.332528114318847656e+01
2.326499938964843750e+01
2.320280456542968750e+01
2.313870811462402344e+01
2.307272911071777344e+01
2.300488090515136719e+01
2.293518066406250000e+01
2.286364555358886719e+01
2.279029273986816406e+01
2.271513366699218750e+01
2.263818740844726562e+01
2.255946922302246094e+01
2.247899627685546875e+01
2.239678192138671875e+01
2.231284713745117188e+01
2.222720146179199219e+01
2.213986587524414062e+01
2.205085372924804688e+01
2.196018218994140625e+01
2.186786651611328125e+01
2.177392387390136719e+01
2.167837333679199219e+01
2.158124351501464844e+01
2.148256874084472656e+01
2.138238143920898438e+01
2.128071403503417969e+01
2.117759895324707031e+01
2.107307434082031250e+01
2.096716690063476562e+01
2.085991096496582031e+01
2.075134277343750000e+01
2.064149284362792969e+01
2.053039550781250000e+01
2.041808128356933594e+01
2.030458831787109375e+01
2.018994140625000000e+01
2.007418251037597656e+01
1.995734024047851562e+01
1.983944702148437500e+01
1.972053718566894531e+01
1.960064506530761719e+01
1.947979927062988281e+01
1.935803794860839844e+01
1.923538970947265625e+01
1.911189270019531250e+01
1.898757553100585938e+01
1.886247253417968750e+01
1.873661804199218750e+01
1.861004257202148438e+01
1.848278236389160156e+01
1.835486793518066406e+01
1.822633361816406250e+01
1.809721183776855469e+01
1.796753501892089844e+01
1.783733749389648438e+01
1.770665359497070312e+01
1.757551193237304688e+01
1.744394874572753906e+01
1.731199645996093750e+01
1.717968940734863281e+01
1.704705810546875000e+01
1.691413879394531250e+01
1.678095817565917969e+01
1.664755821228027344e+01
1.651396560668945312e+01
1.638021659851074219e+01
1.624634170532226562e+01
1.611237335205078125e+01
1.597834873199462891e+01
1.584429740905761719e+01
1.571025466918945312e+01
1.557625102996826172e+01
1.544231128692626953e+01
1.530846309661865234e+01
1.517472934722900391e+01
1.504113674163818359e+01
1.490770912170410156e+01
1.477447032928466797e+01
1.464144802093505859e+01
1.450866317749023438e+01
1.437614440917968750e+01
1.424391651153564453e+01
1.411200046539306641e+01
1.398042488098144531e+01
1.384921455383300781e+01
1.371839332580566406e+01
1.358798503875732422e+01
1.345801639556884766e+01
1.332851123809814453e+01
1.319949626922607422e+01
1.307099437713623047e+01
1.294303035736083984e+01
1.281563186645507812e+01
1.268882083892822266e+01
1.256262302398681641e+01
1.243706321716308594e+01
1.231216812133789062e+01
1.218795967102050781e+01
1.206446456909179688e+01
1.194170856475830078e+01
1.181971454620361328e+01
1.169850826263427734e+01
1.157811546325683594e+01
1.145855998992919922e+01
1.133986663818359375e+01
1.122206020355224609e+01
1.110516738891601562e+01
1.098921108245849609e+01
1.087421798706054688e+01
1.076021099090576172e+01
1.064721679687500000e+01
1.053525924682617188e+01
1.042436313629150391e+01
1.031455421447753906e+01
1.020585727691650391e+01
1.009829616546630859e+01
9.991896629333496094e+00
9.886683464050292969e+00
9.782681465148925781e+00
9.679916381835937500e+00
9.578412055969238281e+00
9.478190422058105469e+00
9.379259109497070312e+00
9.281622886657714844e+00
9.185284614562988281e+00
9.090249061584472656e+00
8.996521949768066406e+00
8.904105186462402344e+00
8.813004493713378906e+00
8.723224639892578125e+00
8.634768486022949219e+00
8.547640800476074219e+00
8.461846351623535156e+00
8.377388000488281250e+00
8.294271469116210938e+00
8.212500572204589844e+00
8.132079124450683594e+00
8.053010940551757812e+00
7.975302219390869141e+00
7.898954868316650391e+00
7.823975086212158203e+00
7.750365734100341797e+00
7.678132057189941406e+00
7.607277393341064453e+00
7.537806510925292969e+00
7.469724178314208984e+00
7.403033256530761719e+00
7.337738990783691406e+00
7.273846149444580078e+00
7.211357593536376953e+00
7.150278091430664062e+00
7.090611457824707031e+00
7.032363891601562500e+00
6.975536823272705078e+00
6.920137405395507812e+00
6.866167068481445312e+00
6.813632011413574219e+00
6.762535572052001953e+00
6.712882518768310547e+00
6.664676666259765625e+00
6.617922782897949219e+00
6.572624206542968750e+00
6.528786659240722656e+00
6.486413002014160156e+00
6.445507526397705078e+00
6.406075000762939453e+00
6.368120193481445312e+00
6.331646442413330078e+00
6.296658039093017578e+00
6.263159751892089844e+00
6.231155872344970703e+00
6.200646400451660156e+00
6.171621322631835938e+00
6.144066333770751953e+00
6.117967128753662109e+00
6.093308925628662109e+00
6.070077896118164062e+00
6.048259735107421875e+00
6.027839660644531250e+00
6.008804321289062500e+00
5.991138935089111328e+00
5.974829196929931641e+00
5.959861278533935547e+00
5.946220874786376953e+00
5.933893203735351562e+00
5.922863960266113281e+00
5.913120269775390625e+00
5.904645919799804688e+00
5.897428035736083984e+00
5.891451835632324219e+00
5.886703491210937500e+00
5.883168220520019531e+00
5.880831718444824219e+00
5.879680156707763672e+00
5.879699230194091797e+00
5.880874633789062500e+00
5.883192062377929688e+00
5.886637210845947266e+00
5.891195774078369141e+00
5.896853446960449219e+00
5.903596401214599609e+00
5.911410331726074219e+00
5.920280456542968750e+00
5.930192947387695312e+00
5.941133499145507812e+00
5.953087806701660156e+00
5.966041088104248047e+00
5.979979991912841797e+00
5.994890213012695312e+00
6.010756492614746094e+00
6.027565956115722656e+00
6.045302867889404297e+00
6.063954830169677734e+00
6.083505630493164062e+00
6.103942394256591797e+00
6.125249862670898438e+00
6.147415161132812500e+00
6.170422554016113281e+00
6.194258213043212891e+00
6.218908309936523438e+00
6.244358539581298828e+00
6.270593643188476562e+00
6.297595024108886719e+00
6.325342178344726562e+00
6.353816032409667969e+00
6.382997035980224609e+00
6.412865161895751953e+00
6.443400382995605469e+00
6.474583625793457031e+00
6.506395339965820312e+00
6.538815498352050781e+00
6.571824073791503906e+00
6.605401992797851562e+00
6.639529228210449219e+00
6.674185276031494141e+00
6.709352016448974609e+00
6.745008945465087891e+00
6.781136512756347656e+00
6.817714214324951172e+00
6.854723930358886719e+00
6.892144680023193359e+00
6.929956912994384766e+00
6.968141555786132812e+00
7.006679058074951172e+00
7.045547962188720703e+00
7.084730625152587891e+00
7.124206066131591797e+00
7.163955688476562500e+00
7.203958988189697266e+00
7.244195938110351562e+00
7.284647941589355469e+00
7.325294494628906250e+00
7.366116046905517578e+00
7.407093048095703125e+00
7.448204994201660156e+00
7.489433288574218750e+00
7.530758380889892578e+00
7.572160243988037109e+00
7.613617897033691406e+00
7.655113697052001953e+00
7.696626663208007812e+00
7.738136768341064453e+00
7.779625415802001953e+00
7.821073055267333984e+00
7.862458229064941406e+00
7.903763294219970703e+00
7.944967269897460938e+00
7.986050605773925781e+00
8.026993751525878906e+00
8.067778587341308594e+00
8.108382225036621094e+00
8.148787498474121094e+00
8.188982963562011719e+00
8.228956222534179688e+00
8.268695831298828125e+00
8.308189392089843750e+00
8.347426414489746094e+00
8.386393547058105469e+00
8.425081253051757812e+00
8.463477134704589844e+00
8.501568794250488281e+00
8.539346694946289062e+00
8.576798439025878906e+00
8.613910675048828125e+00
8.650673866271972656e+00
8.687075614929199219e+00
8.723104476928710938e+00
8.758749008178710938e+00
8.793997764587402344e+00
8.828838348388671875e+00
8.863260269165039062e+00
8.897251129150390625e+00
8.930800437927246094e+00
8.963894844055175781e+00
8.996523857116699219e+00
9.028676986694335938e+00
9.060340881347656250e+00
9.091504096984863281e+00
9.122156143188476562e+00
9.152284622192382812e+00
9.181879043579101562e+00
9.210926055908203125e+00
9.239415168762207031e+00
9.267333984375000000e+00
9.294672012329101562e+00
9.321417808532714844e+00
9.347559928894042969e+00
9.373084068298339844e+00
9.397982597351074219e+00
9.422241210937500000e+00
9.445848464965820312e+00
9.468794822692871094e+00
9.491066932678222656e+00
9.512653350830078125e+00
9.533543586730957031e+00
9.553724288940429688e+00
9.573184967041015625e+00
9.591915130615234375e+00
9.609900474548339844e+00
9.627132415771484375e+00
9.643596649169921875e+00
9.659285545349121094e+00
9.674197196960449219e+00
9.688332557678222656e+00
9.701691627502441406e+00
9.714274406433105469e+00
9.726083755493164062e+00
9.737117767333984375e+00
9.747379302978515625e+00
9.756867408752441406e+00
9.765583992004394531e+00
9.773529052734375000e+00
9.780702590942382812e+00
9.787106513977050781e+00
9.792740821838378906e+00
9.797606468200683594e+00
9.801703453063964844e+00
9.805032730102539062e+00
9.807596206665039062e+00
9.809391975402832031e+00
9.810422897338867188e+00
9.810688972473144531e+00
9.810190200805664062e+00
9.808927536010742188e+00
9.806902885437011719e+00
9.804115295410156250e+00
9.800565719604492188e+00
9.796255111694335938e+00
9.791184425354003906e+00
9.785353660583496094e+00
9.778763771057128906e+00
9.771414756774902344e+00
9.763309478759765625e+00
9.754446029663085938e+00
9.744826316833496094e+00
9.734450340270996094e+00
9.723320007324218750e+00
9.711433410644531250e+00
9.698794364929199219e+00
9.685401916503906250e+00
9.671257019042968750e+00
9.656358718872070312e+00
9.640709877014160156e+00
9.624311447143554688e+00
9.607161521911621094e+00
9.589262962341308594e+00
9.570614814758300781e+00
9.551219940185546875e+00
9.531077384948730469e+00
9.510186195373535156e+00
9.488551139831542969e+00
9.466171264648437500e+00
9.443055152893066406e+00
9.419214248657226562e+00
9.394658088684082031e+00
9.369395256042480469e+00
9.343437194824218750e+00
9.316793441772460938e+00
9.289472579956054688e+00
9.261486053466796875e+00
9.232843399047851562e+00
9.203555107116699219e+00
9.173629760742187500e+00
9.143079757690429688e+00
9.111911773681640625e+00
9.080137252807617188e+00
9.047766685485839844e+00
9.014809608459472656e+00
8.981275558471679688e+00
8.947175025939941406e+00
8.912517547607421875e+00
8.877312660217285156e+00
8.841570854187011719e+00
8.805302619934082031e+00
8.768517494201660156e+00
8.731224060058593750e+00
8.693433761596679688e+00
8.655156135559082031e+00
8.616401672363281250e+00
8.577178955078125000e+00
8.537499427795410156e+00
8.497371673583984375e+00
8.456806182861328125e+00
8.415813446044921875e+00
8.374402999877929688e+00
8.332584381103515625e+00
8.290367126464843750e+00
8.247762680053710938e+00
8.204779624938964844e+00
8.161428451538085938e+00
8.117719650268554688e+00
8.073660850524902344e+00
8.029265403747558594e+00
7.984539985656738281e+00
7.939496994018554688e+00
7.894145011901855469e+00
7.848495006561279297e+00
7.802555084228515625e+00
7.756337165832519531e+00
7.709850311279296875e+00
7.663104534149169922e+00
7.616109371185302734e+00
7.568875312805175781e+00
7.521412372589111328e+00
7.473732471466064453e+00
7.425843715667724609e+00
7.377757072448730469e+00
7.329483032226562500e+00
7.281032085418701172e+00
7.232413768768310547e+00
7.183638572692871094e+00
7.134716987609863281e+00
7.085659027099609375e+00
7.036475181579589844e+00
6.987176418304443359e+00
6.937771320343017578e+00
6.888270854949951172e+00
6.838685989379882812e+00
6.789026260375976562e+00
6.739302158355712891e+00
6.689524173736572266e+00
6.639701366424560547e+00
6.589845657348632812e+00
6.539966106414794922e+00
6.490073680877685547e+00
6.440177917480468750e+00
6.390289783477783203e+00
6.340419292449951172e+00
6.290576457977294922e+00
6.240772247314453125e+00
6.191016197204589844e+00
6.141318321228027344e+00
6.091690063476562500e+00
6.042140960693359375e+00
5.992681026458740234e+00
5.943320274353027344e+00
5.894069671630859375e+00
5.844939708709716797e+00
5.795939922332763672e+00
5.747080326080322266e+00
5.698372364044189453e+00
5.649825572967529297e+00
5.601449966430664062e+00
5.553256034851074219e+00
5.505253791809082031e+00
5.457454681396484375e+00
5.409867286682128906e+00
5.362503051757812500e+00
5.315371513366699219e+00
5.268483638763427734e+00
5.221848487854003906e+00
5.175477027893066406e+00
5.129373550415039062e+00
5.083544254302978516e+00
5.037993431091308594e+00
4.992725372314453125e+00
4.947745800018310547e+00
4.903059482574462891e+00
4.858671188354492188e+00
4.814585685729980469e+00
4.770808219909667969e+00
4.727343082427978516e+00
4.684195518493652344e+00
4.641370773315429688e+00
4.598873615264892578e+00
4.556708335876464844e+00
4.514880180358886719e+00
4.473394393920898438e+00
4.432255268096923828e+00
4.391468048095703125e+00
4.351037502288818359e+00
4.310968875885009766e+00
4.271266460418701172e+00
4.231935501098632812e+00
4.192981243133544922e+00
4.154407978057861328e+00
4.116220951080322266e+00
4.078424930572509766e+00
4.041024684906005859e+00
4.004024982452392578e+00
3.967431306838989258e+00
3.931248188018798828e+00
3.895480394363403320e+00
3.860132694244384766e+00
3.825210809707641602e+00
3.790718793869018555e+00
3.756661891937255859e+00
3.723044633865356445e+00
3.689872503280639648e+00
3.657150030136108398e+00
3.624882221221923828e+00
3.593073844909667969e+00
3.561729907989501953e+00
3.530854940414428711e+00
3.500454664230346680e+00
3.470533370971679688e+00
3.441096067428588867e+00
3.412147521972656250e+00
3.383692979812622070e+00
3.355736494064331055e+00
3.328284025192260742e+00
3.301338672637939453e+00
3.274899721145629883e+00
3.248964786529541016e+00
3.223531961441040039e+00
3.198598623275756836e+00
3.174163103103637695e+00
3.150223016738891602e+00
3.126775979995727539e+00
3.103819847106933594e+00
3.081353187561035156e+00
3.059372663497924805e+00
3.037876844406127930e+00
3.016863584518432617e+00
2.996330499649047852e+00
2.976275205612182617e+00
2.956696033477783203e+00
2.937590599060058594e+00
2.918956518173217773e+00
2.900791883468627930e+00
2.883094310760498047e+00
2.865861654281616211e+00
2.849091768264770508e+00
2.832782745361328125e+00
2.816932201385498047e+00
2.801537990570068359e+00
2.786597967147827148e+00
2.772109746932983398e+00
2.758071422576904297e+00
2.744480609893798828e+00
2.731335163116455078e+00
2.718633174896240234e+00
2.706372261047363281e+00
2.694550275802612305e+00
2.683165073394775391e+00
2.672214269638061523e+00
2.661696195602416992e+00
2.651608228683471680e+00
2.641948223114013672e+00
2.632714271545410156e+00
2.623903989791870117e+00
2.615515232086181641e+00
2.607545614242553711e+00
2.599993705749511719e+00
2.592856645584106445e+00
2.586132287979125977e+00
2.579818487167358398e+00
2.573913574218750000e+00
2.568414926528930664e+00
2.563320159912109375e+00
2.558627843856811523e+00
2.554334402084350586e+00
2.550435304641723633e+00
2.546924352645874023e+00
2.543795585632324219e+00
2.541043519973754883e+00
2.538662672042846680e+00
2.536646604537963867e+00
2.534989833831787109e+00
2.533686637878417969e+00
2.532731056213378906e+00
2.532117366790771484e+00
2.531839847564697266e+00
2.531892538070678711e+00
2.532269954681396484e+00
2.532965898513793945e+00
2.533974885940551758e+00
2.535290956497192383e+00
2.536908388137817383e+00
2.538821458816528320e+00
2.541024208068847656e+00
2.543510913848876953e+00
2.546275854110717773e+00
2.549313068389892578e+00
2.552617073059082031e+00
2.556181430816650391e+00
2.560001134872436523e+00
2.564070224761962891e+00
2.568382263183593750e+00
2.572932243347167969e+00
2.577714204788208008e+00
2.582721948623657227e+00
2.587949991226196289e+00
2.593392372131347656e+00
2.599043607711791992e+00
2.604897499084472656e+00
2.610948562622070312e+00
2.617190837860107422e+00
2.623618602752685547e+00
2.630226373672485352e+00
2.637007713317871094e+00
2.643957376480102539e+00
2.651068925857543945e+00
2.658337593078613281e+00
2.665756702423095703e+00
2.673320531845092773e+00
2.681023836135864258e+00
2.688860416412353516e+00
2.696824550628662109e+00
2.704910278320312500e+00
2.713112115859985352e+00
2.721424102783203125e+00
2.729841232299804688e+00
2.738358259201049805e+00
2.746969938278198242e+00
2.755671262741088867e+00
2.764456748962402344e+00
2.773321628570556641e+00
2.782260656356811523e+00
2.791268587112426758e+00
2.800340175628662109e+00
2.809470653533935547e+00
2.818654298782348633e+00
2.827886581420898438e+00
2.837161779403686523e+00
2.846474885940551758e+00
2.855821132659912109e+00
2.865194797515869141e+00
2.874591112136840820e+00
2.884004831314086914e+00
2.893430709838867188e+00
2.902863740921020508e+00
2.912298440933227539e+00
2.921730279922485352e+00
2.931153297424316406e+00
2.940562963485717773e+00
2.949954032897949219e+00
2.959321260452270508e+00
2.968659162521362305e+00
2.977962970733642578e+00
2.987227439880371094e+00
2.996447801589965820e+00
3.005618095397949219e+00
3.014733791351318359e+00
3.023789405822753906e+00
3.032779932022094727e+00
3.041700124740600586e+00
3.050544977188110352e+00
3.059309244155883789e+00
3.067987918853759766e+00
3.076575279235839844e+00
3.085067033767700195e+00
3.093457460403442383e+00
3.101741552352905273e+00
3.109913825988769531e+00
3.117969989776611328e+00
3.125903844833374023e+00
3.133710861206054688e+00
3.141385793685913086e+00
3.148923397064208984e+00
3.156318426132202148e+00
3.163566827774047852e+00
3.170665740966796875e+00
3.177613735198974609e+00
3.184408903121948242e+00
3.191050291061401367e+00
3.197535514831542969e+00
3.203863382339477539e+00
3.210031986236572266e+00
3.216039896011352539e+00
3.221884965896606445e+00
3.227566242218017578e+00
3.233081579208374023e+00
3.238429546356201172e+00
3.243608236312866211e+00
3.248616456985473633e+00
3.253451824188232422e+00
3.258113622665405273e+00
3.262599468231201172e+00
3.266907691955566406e+00
3.271037340164184570e+00
3.274986028671264648e+00
3.278752326965332031e+00
3.282334804534912109e+00
3.285731554031372070e+00
3.288940906524658203e+00
3.291961431503295898e+00
3.294791460037231445e+00
3.297429084777832031e+00
3.299872875213623047e+00
3.302120923995971680e+00
3.304172039031982422e+00
3.306024074554443359e+00
3.307675361633300781e+00
3.309124708175659180e+00
3.310370206832885742e+00
3.311410188674926758e+00
3.312242984771728516e+00
3.312867164611816406e+00
3.313280582427978516e+00
3.313482284545898438e+00
3.313469648361206055e+00
3.313242197036743164e+00
3.312797307968139648e+00
3.312133789062500000e+00
3.311249971389770508e+00
3.310143947601318359e+00
3.308814287185668945e+00
3.307259321212768555e+00
3.305477380752563477e+00
3.303466558456420898e+00
3.301226139068603516e+00
3.298757076263427734e+00
3.296061038970947266e+00
3.293139934539794922e+00
3.289994955062866211e+00
3.286628246307373047e+00
3.283041238784790039e+00
3.279235601425170898e+00
3.275212764739990234e+00
3.270974874496459961e+00
3.266523361206054688e+00
3.261860132217407227e+00
3.256986379623413086e+00
3.251904249191284180e+00
3.246615171432495117e+00
3.241120815277099609e+00
3.235423088073730469e+00
3.229523658752441406e+00
3.223423719406127930e+00
3.217125415802001953e+00
3.210630178451538086e+00
3.203939437866210938e+00
3.197055578231811523e+00
3.189979791641235352e+00
3.182713985443115234e+00
3.175259590148925781e+00
3.167618513107299805e+00
3.159791946411132812e+00
3.151782035827636719e+00
3.143590450286865234e+00
3.135218620300292969e+00
3.126668453216552734e+00
3.117941379547119141e+00
3.109039306640625000e+00
3.099963903427124023e+00
3.090716600418090820e+00
3.081299304962158203e+00
3.071713447570800781e+00
3.061960935592651367e+00
3.052043437957763672e+00
3.041962385177612305e+00
3.031719684600830078e+00
3.021317005157470703e+00
3.010755538940429688e+00
3.000037908554077148e+00
2.989165067672729492e+00
2.978138923645019531e+00
2.966960906982421875e+00
2.955632925033569336e+00
2.944156646728515625e+00
2.932533979415893555e+00
2.920767784118652344e+00
2.908860921859741211e+00
2.896816730499267578e+00
2.884638309478759766e+00
2.872328758239746094e+00
2.859890937805175781e+00
2.847328186035156250e+00
2.834643602371215820e+00
2.821840047836303711e+00
2.808920860290527344e+00
2.795889139175415039e+00
2.782747507095336914e+00
2.769499778747558594e+00
2.756148576736450195e+00
2.742697238922119141e+00
2.729148387908935547e+00
2.715505838394165039e+00
2.701772212982177734e+00
2.687950611114501953e+00
2.674044370651245117e+00
2.660056114196777344e+00
2.645989418029785156e+00
2.631847381591796875e+00
2.617632627487182617e+00
2.603348731994628906e+00
2.588998556137084961e+00
2.574585199356079102e+00
2.560111999511718750e+00
2.545581817626953125e+00
2.530997514724731445e+00
2.516362667083740234e+00
2.501680135726928711e+00
2.486953020095825195e+00
2.472184419631958008e+00
2.457377433776855469e+00
2.442535161972045898e+00
2.427660703659057617e+00
2.412757158279418945e+00
2.397827386856079102e+00
2.382874965667724609e+00
2.367902517318725586e+00
2.352913618087768555e+00
2.337910890579223633e+00
2.322897672653198242e+00
2.307876825332641602e+00
2.292851686477661133e+00
2.277825593948364258e+00
2.262801170349121094e+00
2.247781515121459961e+00
2.232769966125488281e+00
2.217768430709838867e+00
2.202779531478881836e+00
2.187804937362670898e+00
2.172847270965576172e+00
2.157908916473388672e+00
2.142991542816162109e+00
2.128097772598266602e+00
2.113229751586914062e+00
2.098389387130737305e+00
2.083579301834106445e+00
2.068801403045654297e+00
2.054057836532592773e+00
2.039351224899291992e+00
2.024683237075805664e+00
2.010056495666503906e+00
1.995473146438598633e+00
1.980934977531433105e+00
1.966444849967956543e+00
1.952004671096801758e+00
1.937616348266601562e+00
1.923282504081726074e+00
1.909005165100097656e+00
1.894786477088928223e+00
1.880628943443298340e+00
1.866534352302551270e+00
1.852505207061767578e+00
1.838543534278869629e+00
1.824651718139648438e+00
1.810831904411315918e+00
1.797086119651794434e+00
1.783416748046875000e+00
1.769826173782348633e+00
1.756316065788269043e+00
1.742889165878295898e+00
1.729547262191772461e+00
1.716293096542358398e+00
1.703128218650817871e+00
1.690055370330810547e+00
1.677076339721679688e+00
1.664193749427795410e+00
1.651409506797790527e+00
1.638725876808166504e+00
1.626145005226135254e+00
1.613669276237487793e+00
1.601300835609436035e+00
1.589041829109191895e+00
1.576894283294677734e+00
1.564860939979553223e+00
1.552943468093872070e+00
1.541143894195556641e+00
1.529463052749633789e+00
1.517901182174682617e+00
1.506458520889282227e+00
1.495135664939880371e+00
1.483932852745056152e+00
1.472850203514099121e+00
1.461888432502746582e+00
1.451047658920288086e+00
1.440328359603881836e+00
1.429730653762817383e+00
1.419255137443542480e+00
1.408902049064636230e+00
1.398671746253967285e+00
1.388564705848693848e+00
1.378581047058105469e+00
1.368721127510070801e+00
1.358985662460327148e+00
1.349374413490295410e+00
1.339888215065002441e+00
1.330527186393737793e+00
1.321291804313659668e+00
1.312182307243347168e+00
1.303199172019958496e+00
1.294342517852783203e+00
1.285612940788269043e+00
1.277010560035705566e+00
1.268535852432250977e+00
1.260189175605773926e+00
1.251971006393432617e+00
1.243881344795227051e+00
1.235920786857604980e+00
1.228089690208435059e+00
1.220388293266296387e+00
1.212816953659057617e+00
1.205376148223876953e+00
1.198065996170043945e+00
1.190887093544006348e+00
1.183839678764343262e+00
1.176924109458923340e+00
1.170140624046325684e+00
1.163489699363708496e+00
1.156971693038940430e+00
1.150586843490600586e+00
1.144335627555847168e+00
1.138218283653259277e+00
1.132235169410705566e+00
1.126386761665344238e+00
1.120673298835754395e+00
1.115095138549804688e+00
1.109652400016784668e+00
1.104344010353088379e+00
1.099168896675109863e+00
1.094125747680664062e+00
1.089213490486145020e+00
1.084430575370788574e+00
1.079776048660278320e+00
1.075248718261718750e+00
1.070847272872924805e+00
1.066570401191711426e+00
1.062417030334472656e+00
1.058385848999023438e+00
1.054475665092468262e+00
1.050685286521911621e+00
1.047013521194458008e+00
1.043458938598632812e+00
1.040020704269409180e+00
1.036697149276733398e+00
1.033487319946289062e+00
1.030389904975891113e+00
1.027403831481933594e+00
1.024527668952941895e+00
1.021760344505310059e+00
1.019100666046142578e+00
1.016547203063964844e+00
1.014098882675170898e+00
1.011754512786865234e+00
1.009512782096862793e+00
1.007372498512268066e+00
1.005332589149475098e+00
1.003391504287719727e+00
1.001548409461975098e+00
9.998016357421875000e-01
9.981504082679748535e-01
9.965932369232177734e-01
9.951289892196655273e-01
9.937565326690673828e-01
9.924743771553039551e-01
9.912815690040588379e-01
9.901767373085021973e-01
9.891586899757385254e-01
9.882262945175170898e-01
9.873782396316528320e-01
9.866133332252502441e-01
9.859303236007690430e-01
9.853279590606689453e-01
9.848051667213439941e-01
9.843605756759643555e-01
9.839929342269897461e-01
9.837012887001037598e-01
9.834840893745422363e-01
9.833399653434753418e-01
9.832674264907836914e-01
9.832651019096374512e-01
9.833313822746276855e-01
9.834647178649902344e-01
9.836637377738952637e-01
9.839268922805786133e-01
9.842526912689208984e-01
9.846397042274475098e-01
9.850863814353942871e-01
9.855912327766418457e-01
9.861527681350708008e-01
9.867694377899169922e-01
9.874398708343505859e-01
9.881625771522521973e-01
9.889358878135681152e-01
9.897584915161132812e-01
9.906287789344787598e-01
9.915454387664794922e-01
9.925066828727722168e-01
9.935112595558166504e-01
9.945576786994934082e-01
9.956443309783935547e-01
9.967697858810424805e-01
9.979324340820312500e-01
9.991309046745300293e-01
1.000363826751708984e+00
1.001629471778869629e+00
1.002926468849182129e+00
1.004253268241882324e+00
1.005608439445495605e+00
1.006990432739257812e+00
1.008397698402404785e+00
1.009829044342041016e+00
1.011282682418823242e+00
1.012757182121276855e+00
1.014250993728637695e+00
1.015762925148010254e+00
1.017291069030761719e+00
1.018834233283996582e+00
1.020390748977661133e+00
1.021959304809570312e+00
1.023538231849670410e+00
1.025125980377197266e+00
1.026721358299255371e+00
1.028322696685791016e+00
1.029928445816040039e+00
1.031537175178527832e+00
1.033147454261779785e+00
