# tt
1.875880371093750000e+03
1.597317260742187500e+03
1.397697998046875000e+03
1.257718627929687500e+03
1.159681274414062500e+03
1.091017944335937500e+03
1.042726318359375000e+03
1.009214477539062500e+03
9.872387084960937500e+02
9.741806030273437500e+02
9.688049316406250000e+02
9.691460571289062500e+02
9.733054809570312500e+02
9.808206787109375000e+02
9.915657958984375000e+02
1.005326171875000000e+03
1.021780029296875000e+03
1.040268310546875000e+03
1.060156860351562500e+03
1.081249511718750000e+03
1.103449462890625000e+03
1.126616943359375000e+03
1.150630981445312500e+03
1.175486083984375000e+03
1.201177856445312500e+03
1.227589111328125000e+03
1.254607421875000000e+03
1.282251953125000000e+03
1.310543945312500000e+03
1.339380249023437500e+03
1.368645263671875000e+03
1.398298828125000000e+03
1.428316772460937500e+03
1.458663940429687500e+03
1.489325195312500000e+03
1.520372802734375000e+03
1.551865234375000000e+03
1.583713867187500000e+03
1.615793823242187500e+03
1.648004760742187500e+03
1.680343872070312500e+03
1.712833251953125000e+03
1.745494873046875000e+03
1.778350830078125000e+03
1.811415527343750000e+03
1.844674804687500000e+03
1.878107299804687500e+03
1.911691406250000000e+03
1.945405639648437500e+03
1.979233032226562500e+03
2.013174194335937500e+03
2.047234863281250000e+03
2.081419921875000000e+03
2.115734619140625000e+03
2.150183105468750000e+03
2.184762207031250000e+03
2.219467529296875000e+03
2.254294433593750000e+03
2.289238525390625000e+03
2.324295166015625000e+03
2.359458984375000000e+03
2.394723632812500000e+03
2.430083740234375000e+03
2.465533447265625000e+03
2.501068603515625000e+03
2.536691650390625000e+03
2.572405517578125000e+03
2.608214843750000000e+03
2.644123291015625000e+03
2.680135009765625000e+03
2.716255126953125000e+03
2.752490478515625000e+03
2.788846191406250000e+03
2.825328857421875000e+03
2.861938476562500000e+03
2.898651855468750000e+03
2.935439941406250000e+03
2.972274169921875000e+03
3.009125244140625000e+03
3.045974609375000000e+03
3.082843750000000000e+03
3.119765136718750000e+03
3.156770263671875000e+03
3.193890869140625000e+03
3.231150634765625000e+03
3.268539550781250000e+03
3.306039306640625000e+03
3.343631835937500000e+03
3.381298339843750000e+03
3.419023925781250000e+03
3.456807373046875000e+03
3.494650878906250000e+03
3.532556396484375000e+03
3.570525146484375000e+03
3.608560546875000000e+03
3.646663574218750000e+03
3.684836914062500000e+03
3.723081787109375000e+03
3.761401367187500000e+03
3.799796386718750000e+03
3.838270263671875000e+03
3.876823730468750000e+03
3.915459960937500000e+03
3.954179931640625000e+03
3.992986328125000000e+03
4.031881103515625000e+03
4.070866455078125000e+03
4.109943847656250000e+03
4.149115722656250000e+03
4.188382812500000000e+03
4.227741210937500000e+03
4.267185058593750000e+03
4.306709472656250000e+03
4.346309082031250000e+03
4.385979003906250000e+03
4.425713378906250000e+03
4.465507324218750000e+03
4.505355468750000000e+03
4.545252441406250000e+03
4.585192382812500000e+03
4.625170898437500000e+03
4.665182128906250000e+03
4.705220703125000000e+03
4.745282226562500000e+03
4.785360351562500000e+03
4.825450195312500000e+03
4.865546875000000000e+03
4.905644042968750000e+03
4.945737304687500000e+03
4.985821289062500000e+03
5.025892089843750000e+03
5.065945312500000000e+03
5.105978027343750000e+03
5.145984863281250000e+03
5.185962402343750000e+03
5.225907226562500000e+03
5.265815429687500000e+03
5.305682617187500000e+03
5.345504882812500000e+03
5.385278320312500000e+03
5.424999023437500000e+03
5.464663574218750000e+03
5.504267089843750000e+03
5.543806152343750000e+03
5.583277343750000000e+03
5.622675781250000000e+03
5.661998046875000000e+03
5.701240722656250000e+03
5.740398925781250000e+03
5.779468261718750000e+03
5.818443359375000000e+03
5.857316406250000000e+03
5.896081542968750000e+03
5.934730468750000000e+03
5.973257812500000000e+03
6.011655761718750000e+03
6.049917480468750000e+03
6.088036621093750000e+03
6.126006347656250000e+03
6.163819335937500000e+03
6.201469726562500000e+03
6.238948730468750000e+03
6.276251464843750000e+03
6.313370605468750000e+03
6.350298828125000000e+03
6.387029296875000000e+03
6.423555175781250000e+03
6.459870605468750000e+03
6.495967285156250000e+03
6.531839355468750000e+03
6.567479003906250000e+03
6.602880859375000000e+03
6.638036621093750000e+03
6.672940917968750000e+03
6.707584960937500000e+03
6.741959960937500000e+03
6.776057617187500000e+03
6.809867675781250000e+03
6.843380859375000000e+03
6.876587890625000000e+03
6.909478515625000000e+03
6.942043945312500000e+03
6.974274902343750000e+03
7.006161621093750000e+03
7.037695800781250000e+03
7.068865722656250000e+03
7.099663574218750000e+03
7.130079589843750000e+03
7.160104492187500000e+03
7.189728027343750000e+03
7.218941894531250000e+03
7.247735839843750000e+03
7.276102050781250000e+03
7.304027832031250000e+03
7.331506835937500000e+03
7.358528320312500000e+03
7.385082519531250000e+03
7.411160644531250000e+03
7.436753417968750000e+03
7.461852050781250000e+03
7.486454101562500000e+03
7.510557128906250000e+03
7.534160156250000000e+03
7.557261230468750000e+03
7.579858398437500000e+03
7.601950683593750000e+03
7.623535644531250000e+03
7.644611816406250000e+03
7.665176757812500000e+03
7.685230468750000000e+03
7.704770507812500000e+03
7.723794433593750000e+03
7.742300292968750000e+03
7.760288085937500000e+03
7.777755371093750000e+03
7.794699707031250000e+03
7.811120117187500000e+03
7.827014160156250000e+03
7.842380859375000000e+03
7.857218750000000000e+03
7.871525390625000000e+03
7.885299316406250000e+03
7.898539062500000000e+03
7.911241699218750000e+03
7.923407714843750000e+03
7.935033691406250000e+03
7.946118652343750000e+03
7.956660644531250000e+03
7.966658203125000000e+03
7.976109863281250000e+03
7.985012207031250000e+03
7.993365722656250000e+03
8.001166992187500000e+03
8.008416503906250000e+03
8.015109863281250000e+03
8.021247070312500000e+03
8.026826171875000000e+03
8.031845214843750000e+03
8.036302246093750000e+03
8.040196289062500000e+03
8.043524902343750000e+03
8.046287109375000000e+03
8.048479980468750000e+03
8.050104003906250000e+03
8.051154785156250000e+03
8.051632812500000000e+03
8.051535156250000000e+03
8.050860351562500000e+03
8.049606933593750000e+03
8.047773925781250000e+03
8.045364257812500000e+03
8.042380859375000000e+03
8.038828125000000000e+03
8.034709960937500000e+03
8.030028808593750000e+03
8.024789062500000000e+03
8.018994140625000000e+03
8.012646972656250000e+03
8.005753417968750000e+03
7.998313964843750000e+03
7.990334472656250000e+03
7.981818847656250000e+03
7.972769042968750000e+03
7.963188964843750000e+03
7.953083496093750000e+03
7.942455566406250000e+03
7.931308105468750000e+03
7.919645507812500000e+03
7.907470703125000000e+03
7.894788574218750000e+03
7.881601562500000000e+03
7.867913574218750000e+03
7.853728027343750000e+03
7.839049316406250000e+03
7.823881347656250000e+03
7.808226074218750000e+03
7.792087890625000000e+03
7.775471191406250000e+03
7.758378417968750000e+03
7.740813964843750000e+03
7.722781250000000000e+03
7.704283691406250000e+03
7.685325683593750000e+03
7.665908691406250000e+03
7.646039062500000000e+03
7.625719726562500000e+03
7.604952148437500000e+03
7.583742675781250000e+03
7.562094238281250000e+03
7.540009277343750000e+03
7.517492187500000000e+03
7.494546875000000000e+03
7.471176269531250000e+03
7.447385253906250000e+03
7.423176269531250000e+03
7.398552734375000000e+03
7.373519042968750000e+03
7.348078613281250000e+03
7.322235351562500000e+03
7.295993164062500000e+03
7.269357910156250000e+03
7.242340332031250000e+03
7.214946777343750000e+03
7.187184082031250000e+03
7.159061523437500000e+03
7.130585937500000000e+03
7.101766601562500000e+03
7.072609375000000000e+03
7.043124023437500000e+03
7.013317382812500000e+03
6.983197265625000000e+03
6.952772460937500000e+03
6.922048828125000000e+03
6.891036132812500000e+03
6.859741210937500000e+03
6.828172363281250000e+03
6.796337402343750000e+03
6.764243652343750000e+03
6.731899902343750000e+03
6.699313476562500000e+03
6.666491699218750000e+03
6.633442871093750000e+03
6.600175292968750000e+03
6.566696289062500000e+03
6.533013671875000000e+03
6.499135742187500000e+03
6.465069335937500000e+03
6.430823730468750000e+03
6.396405761718750000e+03
6.361822753906250000e+03
6.327084472656250000e+03
6.292196777343750000e+03
6.257168457031250000e+03
6.222007324218750000e+03
6.186721679687500000e+03
6.151317871093750000e+03
6.115805664062500000e+03
6.080190917968750000e+03
6.044483398437500000e+03
6.008689453125000000e+03
5.972817871093750000e+03
5.936875976562500000e+03
5.900871582031250000e+03
5.864812988281250000e+03
5.828707519531250000e+03
5.792563476562500000e+03
5.756388671875000000e+03
5.720189941406250000e+03
5.683976562500000000e+03
5.647755859375000000e+03
5.611534667968750000e+03
5.575320800781250000e+03
5.539122070312500000e+03
5.502944824218750000e+03
5.466796875000000000e+03
5.430686035156250000e+03
5.394618652343750000e+03
5.358603027343750000e+03
5.322645507812500000e+03
5.286754394531250000e+03
5.250937011718750000e+03
5.215199707031250000e+03
5.179550781250000000e+03
5.143997558593750000e+03
5.108546386718750000e+03
5.073206054687500000e+03
5.037982910156250000e+03
5.002884277343750000e+03
4.967917968750000000e+03
4.933091308593750000e+03
4.898411132812500000e+03
4.863885253906250000e+03
4.829520996093750000e+03
4.795325683593750000e+03
4.761306640625000000e+03
4.727470703125000000e+03
4.693825683593750000e+03
4.660379394531250000e+03
4.627138183593750000e+03
4.594110351562500000e+03
4.561302734375000000e+03
4.528722167968750000e+03
4.496377441406250000e+03
4.464274414062500000e+03
4.432421386718750000e+03
4.400825195312500000e+03
4.369493164062500000e+03
4.338433105468750000e+03
4.307651855468750000e+03
4.277157226562500000e+03
4.246956054687500000e+03
4.217056152343750000e+03
4.187464355468750000e+03
4.158188964843750000e+03
4.129235839843750000e+03
4.100613769531250000e+03
4.072329589843750000e+03
4.044389892578125000e+03
4.016803466796875000e+03
3.989575439453125000e+03
3.962708496093750000e+03
3.936204833984375000e+03
3.910065429687500000e+03
3.884291992187500000e+03
3.858885986328125000e+03
3.833848632812500000e+03
3.809182373046875000e+03
3.784887695312500000e+03
3.760966308593750000e+03
3.737420166015625000e+03
3.714250732421875000e+03
3.691459228515625000e+03
3.669047363281250000e+03
3.647016357421875000e+03
3.625368408203125000e+03
3.604104248046875000e+03
3.583226074218750000e+03
3.562735107421875000e+03
3.542632324218750000e+03
3.522920166015625000e+03
3.503599853515625000e+03
3.484672607421875000e+03
3.466140380859375000e+03
3.448004150390625000e+03
3.430265869140625000e+03
3.412926757812500000e+03
3.395988769531250000e+03
3.379453125000000000e+03
3.363321533203125000e+03
3.347595214843750000e+03
3.332276123046875000e+03
3.317364990234375000e+03
3.302864013671875000e+03
3.288774902343750000e+03
3.275098632812500000e+03
3.261836914062500000e+03
3.248990966796875000e+03
3.236562988281250000e+03
3.224553955078125000e+03
3.212965576171875000e+03
3.201799316406250000e+03
3.191056884765625000e+03
3.180739501953125000e+03
3.170849121093750000e+03
3.161386474609375000e+03
3.152354003906250000e+03
3.143752685546875000e+03
3.135584228515625000e+03
3.127850097656250000e+03
3.120550537109375000e+03
3.113682373046875000e+03
3.107240966796875000e+03
3.101221679687500000e+03
3.095620117187500000e+03
3.090431640625000000e+03
3.085651123046875000e+03
3.081274902343750000e+03
3.077298095703125000e+03
3.073715820312500000e+03
3.070523925781250000e+03
3.067717285156250000e+03
3.065292236328125000e+03
3.063243164062500000e+03
3.061566650390625000e+03
3.060257080078125000e+03
3.059310302734375000e+03
3.058722167968750000e+03
3.058487548828125000e+03
3.058601806640625000e+03
3.059061035156250000e+03
3.059860107421875000e+03
3.060994628906250000e+03
3.062459960937500000e+03
3.064251708984375000e+03
3.066365234375000000e+03
3.068795898437500000e+03
3.071539062500000000e+03
3.074590332031250000e+03
3.077945312500000000e+03
3.081599121093750000e+03
3.085547119140625000e+03
3.089785156250000000e+03
3.094308349609375000e+03
3.099112060546875000e+03
3.104192138671875000e+03
3.109543701171875000e+03
3.115162353515625000e+03
3.121043212890625000e+03
3.127182128906250000e+03
3.133574218750000000e+03
3.140215087890625000e+03
3.147100097656250000e+03
3.154225097656250000e+03
3.161584472656250000e+03
3.169175048828125000e+03
3.176990966796875000e+03
3.185028564453125000e+03
3.193282714843750000e+03
3.201749267578125000e+03
3.210423095703125000e+03
3.219298828125000000e+03
3.228370361328125000e+03
3.237631835937500000e+03
3.247077148437500000e+03
3.256700195312500000e+03
3.266495361328125000e+03
3.276456787109375000e+03
3.286578125000000000e+03
3.296853759765625000e+03
3.307277587890625000e+03
3.317843750000000000e+03
3.328546630859375000e+03
3.339379394531250000e+03
3.350337158203125000e+03
3.361413085937500000e+03
3.372601806640625000e+03
3.383897216796875000e+03
3.395293212890625000e+03
3.406784179687500000e+03
3.418364013671875000e+03
3.430026367187500000e+03
3.441765869140625000e+03
3.453576660156250000e+03
3.465452148437500000e+03
3.477387451171875000e+03
3.489375244140625000e+03
3.501410644531250000e+03
3.513487304687500000e+03
3.525599365234375000e+03
3.537740722656250000e+03
3.549905517578125000e+03
3.562088134765625000e+03
3.574282470703125000e+03
3.586482421875000000e+03
3.598681884765625000e+03
3.610875244140625000e+03
3.623056152343750000e+03
3.635219482421875000e+03
3.647358398437500000e+03
3.659467529296875000e+03
3.671540771484375000e+03
3.683572021484375000e+03
3.695555419921875000e+03
3.707485351562500000e+03
3.719355468750000000e+03
3.731159912109375000e+03
3.742892822265625000e+03
3.754548339843750000e+03
3.766120605468750000e+03
3.777603515625000000e+03
3.788993652343750000e+03
3.800286865234375000e+03
3.811480712890625000e+03
3.822570800781250000e+03
3.833553710937500000e+03
3.844425781250000000e+03
3.855183593750000000e+03
3.865823974609375000e+03
3.876342773437500000e+03
3.886736816406250000e+03
3.897002197265625000e+03
3.907135742187500000e+03
3.917133789062500000e+03
3.926992675781250000e+03
3.936708984375000000e+03
3.946279296875000000e+03
3.955699707031250000e+03
3.964966796875000000e+03
3.974077392578125000e+03
3.983027099609375000e+03
3.991813232421875000e+03
4.000431640625000000e+03
4.008879150390625000e+03
4.017152343750000000e+03
4.025247070312500000e+03
4.033160156250000000e+03
4.040888183593750000e+03
4.048427246093750000e+03
4.055773925781250000e+03
4.062925292968750000e+03
4.069876708984375000e+03
4.076625000000000000e+03
4.083167480468750000e+03
4.089499511718750000e+03
4.095617675781250000e+03
4.101518554687500000e+03
4.107199218750000000e+03
4.112655761718750000e+03
4.117883789062500000e+03
4.122880859375000000e+03
4.127643066406250000e+03
4.132166503906250000e+03
4.136448242187500000e+03
4.140484375000000000e+03
4.144270996093750000e+03
4.147805664062500000e+03
4.151083496093750000e+03
4.154101562500000000e+03
4.156856933593750000e+03
4.159345214843750000e+03
4.161568359375000000e+03
4.163525878906250000e+03
4.165219726562500000e+03
4.166649902343750000e+03
4.167817382812500000e+03
4.168723632812500000e+03
4.169369140625000000e+03
4.169754882812500000e+03
4.169881347656250000e+03
4.169749511718750000e+03
4.169361328125000000e+03
4.168716308593750000e+03
4.167816406250000000e+03
4.166661621093750000e+03
4.165252929687500000e+03
4.163591796875000000e+03
4.161679199218750000e+03
4.159515136718750000e+03
4.157100585937500000e+03
4.154437500000000000e+03
4.151525390625000000e+03
4.148366699218750000e+03
4.144960449218750000e+03
4.141309082031250000e+03
4.137412597656250000e+03
4.133272460937500000e+03
4.128889160156250000e+03
4.124263183593750000e+03
4.119396484375000000e+03
4.114289062500000000e+03
4.108942382812500000e+03
4.103356933593750000e+03
4.097533203125000000e+03
4.091473388671875000e+03
4.085177246093750000e+03
4.078645996093750000e+03
4.071880371093750000e+03
4.064881347656250000e+03
4.057649902343750000e+03
4.050187011718750000e+03
4.042493164062500000e+03
4.034569824218750000e+03
4.026416992187500000e+03
4.018036376953125000e+03
4.009428466796875000e+03
4.000594238281250000e+03
3.991534667968750000e+03
3.982250488281250000e+03
3.972742431640625000e+03
3.963012695312500000e+03
3.953063232421875000e+03
3.942899169921875000e+03
3.932523193359375000e+03
3.921939453125000000e+03
3.911152343750000000e+03
3.900164794921875000e+03
3.888981201171875000e+03
3.877605224609375000e+03
3.866040039062500000e+03
3.854290039062500000e+03
3.842359130859375000e+03
3.830250732421875000e+03
3.817969238281250000e+03
3.805517578125000000e+03
3.792899658203125000e+03
3.780119873046875000e+03
3.767181396484375000e+03
3.754088378906250000e+03
3.740844726562500000e+03
3.727453857421875000e+03
3.713919921875000000e+03
3.700246093750000000e+03
3.686437011718750000e+03
3.672495849609375000e+03
3.658426269531250000e+03
3.644232666015625000e+03
3.629918701171875000e+03
3.615487548828125000e+03
3.600943603515625000e+03
3.586290527343750000e+03
3.571531738281250000e+03
3.556671630859375000e+03
3.541713623046875000e+03
3.526661621093750000e+03
3.511519287109375000e+03
3.496290283203125000e+03
3.480978759765625000e+03
3.465588378906250000e+03
3.450123046875000000e+03
3.434585937500000000e+03
3.418981689453125000e+03
3.403313476562500000e+03
3.387585449218750000e+03
3.371801269531250000e+03
3.355964599609375000e+03
3.340079345703125000e+03
3.324149169921875000e+03
3.308177978515625000e+03
3.292169677734375000e+03
3.276127685546875000e+03
3.260055908203125000e+03
3.243958007812500000e+03
3.227837158203125000e+03
3.211697265625000000e+03
3.195541992187500000e+03
3.179374511718750000e+03
3.163198974609375000e+03
3.147018554687500000e+03
3.130836669921875000e+03
3.114657226562500000e+03
3.098483886718750000e+03
3.082320068359375000e+03
3.066169433593750000e+03
3.050035400390625000e+03
3.033921630859375000e+03
3.017832031250000000e+03
3.001769531250000000e+03
2.985738525390625000e+03
2.969741699218750000e+03
2.953783447265625000e+03
2.937866699218750000e+03
2.921995361328125000e+03
2.906173339843750000e+03
2.890403564453125000e+03
2.874689941406250000e+03
2.859036376953125000e+03
2.843445800781250000e+03
2.827922119140625000e+03
2.812468994140625000e+03
2.797090087890625000e+03
2.781788330078125000e+03
2.766568359375000000e+03
2.751432861328125000e+03
2.736385986328125000e+03
2.721430908203125000e+03
2.706571533203125000e+03
2.691811279296875000e+03
2.677153808593750000e+03
2.662602539062500000e+03
2.648161376953125000e+03
2.633833496093750000e+03
2.619622802734375000e+03
2.605532714843750000e+03
2.591566650390625000e+03
2.577728759765625000e+03
2.564022216796875000e+03
2.550450439453125000e+03
2.537017333984375000e+03
2.523726318359375000e+03
2.510581054687500000e+03
2.497582031250000000e+03
2.484730468750000000e+03
2.472027587890625000e+03
2.459474121093750000e+03
2.447071044921875000e+03
2.434819091796875000e+03
2.422719482421875000e+03
2.410772705078125000e+03
2.398980224609375000e+03
2.387342529296875000e+03
2.375860595703125000e+03
2.364535400390625000e+03
2.353367919921875000e+03
2.342358886718750000e+03
2.331509521484375000e+03
2.320820556640625000e+03
2.310292724609375000e+03
2.299927246093750000e+03
2.289725097656250000e+03
2.279687011718750000e+03
2.269813476562500000e+03
2.260106445312500000e+03
2.250565917968750000e+03
2.241193115234375000e+03
2.231989013671875000e+03
2.222954345703125000e+03
2.214090332031250000e+03
2.205397705078125000e+03
2.196877685546875000e+03
2.188530517578125000e+03
2.180357666015625000e+03
2.172359863281250000e+03
2.164538085937500000e+03
2.156893066406250000e+03
2.149426025390625000e+03
2.142137939453125000e+03
2.135029052734375000e+03
2.128101074218750000e+03
2.121354492187500000e+03
2.114790283203125000e+03
2.108409423828125000e+03
2.102212890625000000e+03
2.096201416015625000e+03
2.090375976562500000e+03
2.084737548828125000e+03
2.079287109375000000e+03
2.074025390625000000e+03
2.068953369140625000e+03
2.064072265625000000e+03
2.059382324218750000e+03
2.054882080078125000e+03
2.050570312500000000e+03
2.046445312500000000e+03
2.042505493164062500e+03
2.038749145507812500e+03
2.035174804687500000e+03
2.031780639648437500e+03
2.028565307617187500e+03
2.025526977539062500e+03
2.022664184570312500e+03
2.019975219726562500e+03
2.017458740234375000e+03
2.015112792968750000e+03
2.012935791015625000e+03
2.010926513671875000e+03
2.009082763671875000e+03
2.007403442382812500e+03
2.005886840820312500e+03
2.004531127929687500e+03
2.003334838867187500e+03
2.002296386718750000e+03
2.001413940429687500e+03
2.000686279296875000e+03
2.000111694335937500e+03
1.999688232421875000e+03
1.999414794921875000e+03
1.999289428710937500e+03
1.999310424804687500e+03
1.999476440429687500e+03
1.999785766601562500e+03
2.000236938476562500e+03
2.000828247070312500e+03
2.001557983398437500e+03
2.002424682617187500e+03
2.003426635742187500e+03
2.004562011718750000e+03
2.005829956054687500e+03
2.007227905273437500e+03
2.008755004882812500e+03
2.010409179687500000e+03
2.012189086914062500e+03
2.014093017578125000e+03
2.016119506835937500e+03
2.018266601562500000e+03
2.020532958984375000e+03
2.022917114257812500e+03
2.025417114257812500e+03
2.028031372070312500e+03
2.030758422851562500e+03
2.033596557617187500e+03
2.036542602539062500e+03
2.039593994140625000e+03
2.042746948242187500e+03
2.045999023437500000e+03
2.049346923828125000e+03
2.052787353515625000e+03
2.056317626953125000e+03
2.059934570312500000e+03
2.063635009765625000e+03
2.067415527343750000e+03
2.071273925781250000e+03
2.075206542968750000e+03
2.079210205078125000e+03
2.083281982421875000e+03
2.087418945312500000e+03
2.091618164062500000e+03
2.095875976562500000e+03
2.100189941406250000e+03
2.104556396484375000e+03
2.108972900390625000e+03
2.113436035156250000e+03
2.117942871093750000e+03
2.122489990234375000e+03
2.127074462890625000e+03
2.131693603515625000e+03
2.136343994140625000e+03
2.141022460937500000e+03
2.145726318359375000e+03
2.150451904296875000e+03
2.155197021484375000e+03
2.159957763671875000e+03
2.164731445312500000e+03
2.169514892578125000e+03
2.174305175781250000e+03
2.179098876953125000e+03
2.183893554687500000e+03
2.188685302734375000e+03
2.193471923828125000e+03
2.198249755859375000e+03
2.203015869140625000e+03
2.207767333984375000e+03
2.212500732421875000e+03
2.217213378906250000e+03
2.221902099609375000e+03
2.226563720703125000e+03
2.231195312500000000e+03
2.235793457031250000e+03
2.240355712890625000e+03
2.244878173828125000e+03
2.249358886718750000e+03
2.253795654296875000e+03
2.258186767578125000e+03
2.262531250000000000e+03
2.266827392578125000e+03
2.271073974609375000e+03
2.275269042968750000e+03
2.279411376953125000e+03
2.283499511718750000e+03
2.287531982421875000e+03
2.291507324218750000e+03
2.295424072265625000e+03
2.299280761718750000e+03
2.303075683593750000e+03
2.306807861328125000e+03
2.310475097656250000e+03
2.314076660156250000e+03
2.317610595703125000e+03
2.321075439453125000e+03
2.324469970703125000e+03
2.327792724609375000e+03
2.331041748046875000e+03
2.334216308593750000e+03
2.337314208984375000e+03
2.340334472656250000e+03
2.343275390625000000e+03
2.346135498046875000e+03
2.348913574218750000e+03
2.351607910156250000e+03
2.354216796875000000e+03
2.356739257812500000e+03
2.359173583984375000e+03
2.361518066406250000e+03
2.363771484375000000e+03
2.365932617187500000e+03
2.367999511718750000e+03
2.369970947265625000e+03
2.371845458984375000e+03
2.373621337890625000e+03
2.375297363281250000e+03
2.376872070312500000e+03
2.378343750000000000e+03
2.379711181640625000e+03
2.380972656250000000e+03
2.382126953125000000e+03
2.383172119140625000e+03
2.384107421875000000e+03
2.384930664062500000e+03
2.385641113281250000e+03
2.386236572265625000e+03
2.386716064453125000e+03
2.387079589843750000e+03
2.387326904296875000e+03
2.387458007812500000e+03
2.387473144531250000e+03
2.387372070312500000e+03
2.387154785156250000e+03
2.386821533203125000e+03
2.386372314453125000e+03
2.385806640625000000e+03
2.385125244140625000e+03
2.384327636718750000e+03
2.383414062500000000e+03
2.382384521484375000e+03
2.381238769531250000e+03
2.379977050781250000e+03
2.378599609375000000e+03
2.377105957031250000e+03
2.375496337890625000e+03
2.373770507812500000e+03
2.371929199218750000e+03
2.369971435546875000e+03
2.367897949218750000e+03
2.365708740234375000e+03
2.363403320312500000e+03
2.360982177734375000e+03
2.358445068359375000e+03
2.355792236328125000e+03
2.353023193359375000e+03
2.350138427734375000e+03
2.347137939453125000e+03
2.344021484375000000e+03
2.340789062500000000e+03
2.337441162109375000e+03
2.333977050781250000e+03
2.330397216796875000e+03
2.326701904296875000e+03
2.322890380859375000e+03
2.318963378906250000e+03
2.314920654296875000e+03
2.310761962890625000e+03
2.306487548828125000e+03
2.302097412109375000e+03
2.297591552734375000e+03
2.292970214843750000e+03
2.288232910156250000e+03
2.283379882812500000e+03
2.278411132812500000e+03
2.273326904296875000e+03
2.268126953125000000e+03
2.262811523437500000e+03
2.257382324218750000e+03
2.251840820312500000e+03
2.246188476562500000e+03
2.240427490234375000e+03
2.234558837890625000e+03
2.228584960937500000e+03
2.222506835937500000e+03
2.216326660156250000e+03
2.210045654296875000e+03
2.203666015625000000e+03
2.197189208984375000e+03
2.190616699218750000e+03
2.183950439453125000e+03
2.177191894531250000e+03
2.170343017578125000e+03
2.163405029296875000e+03
2.156379882812500000e+03
2.149269531250000000e+03
2.142075195312500000e+03
2.134798828125000000e+03
2.127441650390625000e+03
2.120005859375000000e+03
2.112493164062500000e+03
2.104904785156250000e+03
2.097242919921875000e+03
2.089508789062500000e+03
2.081704345703125000e+03
2.073831054687500000e+03
2.065890869140625000e+03
2.057885009765625000e+03
2.049815429687500000e+03
2.041684204101562500e+03
2.033492309570312500e+03
2.025241943359375000e+03
2.016934448242187500e+03
2.008571655273437500e+03
2.000155273437500000e+03
1.991686889648437500e+03
1.983168090820312500e+03
1.974600952148437500e+03
1.965986694335937500e+03
1.957327148437500000e+03
1.948624023437500000e+03
1.939878784179687500e+03
1.931093627929687500e+03
1.922269653320312500e+03
1.913408935546875000e+03
1.904512939453125000e+03
1.895583374023437500e+03
1.886622070312500000e+03
1.877630615234375000e+03
1.868610839843750000e+03
1.859564575195312500e+03
1.850493652343750000e+03
1.841399780273437500e+03
1.832284545898437500e+03
1.823149902343750000e+03
1.813997802734375000e+03
1.804829956054687500e+03
1.795647949218750000e+03
1.786453735351562500e+03
1.777249023437500000e+03
1.768035644531250000e+03
1.758815185546875000e+03
1.749589843750000000e+03
1.740361083984375000e+03
1.731130737304687500e+03
1.721900634765625000e+03
1.712672485351562500e+03
1.703448242187500000e+03
1.694229492187500000e+03
1.685018066406250000e+03
1.675815917968750000e+03
1.666624511718750000e+03
1.657445800781250000e+03
1.648281616210937500e+03
1.639133666992187500e+03
1.630004028320312500e+03
1.620893920898437500e+03
1.611805541992187500e+03
1.602740600585937500e+03
1.593700683593750000e+03
1.584687866210937500e+03
1.575703735351562500e+03
1.566750122070312500e+03
1.557828857421875000e+03
1.548941650390625000e+03
1.540090332031250000e+03
1.531276733398437500e+03
1.522502441406250000e+03
1.513769409179687500e+03
1.505079467773437500e+03
1.496434204101562500e+03
1.487835571289062500e+03
1.479285278320312500e+03
1.470785156250000000e+03
1.462336914062500000e+03
1.453942382812500000e+03
1.445603271484375000e+03
1.437321411132812500e+03
1.429097412109375000e+03
1.420931884765625000e+03
1.412825683593750000e+03
1.404779296875000000e+03
1.396793457031250000e+03
1.388868774414062500e+03
1.381006103515625000e+03
1.373205688476562500e+03
1.365468627929687500e+03
1.357795288085937500e+03
1.350186279296875000e+03
1.342642578125000000e+03
1.335164428710937500e+03
1.327752929687500000e+03
1.320408447265625000e+03
1.313131591796875000e+03
1.305923217773437500e+03
1.298783813476562500e+03
1.291713989257812500e+03
1.284714599609375000e+03
1.277786254882812500e+03
1.270929565429687500e+03
1.264145141601562500e+03
1.257433593750000000e+03
1.250795654296875000e+03
1.244232177734375000e+03
1.237743408203125000e+03
1.231330322265625000e+03
1.224993408203125000e+03
1.218733276367187500e+03
1.212550903320312500e+03
1.206446411132812500e+03
1.200421020507812500e+03
1.194474975585937500e+03
1.188609130859375000e+03
1.182823974609375000e+03
1.177120483398437500e+03
1.171498901367187500e+03
1.165960083007812500e+03
1.160504760742187500e+03
1.155133544921875000e+03
1.149846923828125000e+03
1.144645751953125000e+03
1.139530639648437500e+03
1.134502075195312500e+03
1.129560913085937500e+03
1.124707763671875000e+03
1.119943237304687500e+03
1.115268066406250000e+03
1.110682495117187500e+03
1.106186401367187500e+03
1.101779296875000000e+03
1.097460693359375000e+03
1.093229736328125000e+03
1.089086303710937500e+03
1.085029663085937500e+03
1.081059448242187500e+03
1.077175048828125000e+03
1.073375854492187500e+03
1.069661621093750000e+03
1.066031738281250000e+03
1.062485473632812500e+03
1.059022583007812500e+03
1.055642333984375000e+03
1.052344360351562500e+03
1.049128173828125000e+03
1.045993164062500000e+03
1.042938842773437500e+03
1.039964599609375000e+03
1.037070190429687500e+03
1.034254882812500000e+03
1.031518188476562500e+03
1.028859741210937500e+03
1.026278686523437500e+03
1.023774902343750000e+03
1.021347595214843750e+03
1.018996520996093750e+03
1.016720825195312500e+03
1.014520263671875000e+03
1.012394226074218750e+03
1.010342163085937500e+03
1.008363708496093750e+03
1.006458068847656250e+03
1.004625000000000000e+03
1.002863891601562500e+03
1.001174255371093750e+03
9.995554809570312500e+02
9.980071411132812500e+02
9.965288085937500000e+02
9.951197509765625000e+02
9.937796630859375000e+02
9.925077514648437500e+02
9.913038330078125000e+02
9.901672973632812500e+02
9.890974731445312500e+02
9.880939941406250000e+02
9.871563720703125000e+02
9.862839355468750000e+02
9.854763183593750000e+02
9.847327880859375000e+02
9.840524902343750000e+02
9.834340209960937500e+02
9.828764038085937500e+02
9.823784790039062500e+02
9.819392089843750000e+02
9.815571899414062500e+02
9.812314453125000000e+02
9.809608154296875000e+02
9.807442626953125000e+02
9.805803833007812500e+02
9.804682617187500000e+02
9.804067382812500000e+02
9.803945312500000000e+02
9.804306640625000000e+02
9.805138549804687500e+02
9.806430664062500000e+02
9.808170776367187500e+02
9.810348510742187500e+02
9.812950439453125000e+02
9.815968017578125000e+02
9.819386596679687500e+02
9.823197021484375000e+02
9.827388305664062500e+02
9.831946411132812500e+02
9.836862792968750000e+02
9.842124023437500000e+02
9.847719116210937500e+02
9.853637084960937500e+02
9.859866943359375000e+02
9.866396484375000000e+02
9.873214111328125000e+02
9.880308227539062500e+02
9.887668457031250000e+02
9.895283203125000000e+02
9.903140258789062500e+02
9.911228637695312500e+02
9.919537963867187500e+02
9.928054199218750000e+02
9.936768188476562500e+02
9.945668334960937500e+02
9.954741210937500000e+02
9.963978271484375000e+02
9.973366088867187500e+02
9.982893676757812500e+02
9.992550659179687500e+02
1.000232421875000000e+03
1.001220336914062500e+03
1.002217712402343750e+03
1.003223327636718750e+03
1.004236145019531250e+03
1.005255249023437500e+03
1.006279785156250000e+03
1.007308898925781250e+03
1.008341613769531250e+03
1.009377319335937500e+03
1.010414855957031250e+03
1.011453552246093750e+03
1.012492614746093750e+03
1.013530944824218750e+03
1.014567810058593750e+03
1.015602355957031250e+03
1.016633850097656250e+03
1.017661132812500000e+03
1.018683593750000000e+03
1.019700256347656250e+03
1.020710388183593750e+03
1.021712890625000000e+03
1.022707153320312500e+03
1.023692077636718750e+03
1.024667114257812500e+03
1.025630981445312500e+03
1.026583251953125000e+03
1.027522705078125000e+03
1.028448852539062500e+03
1.029360473632812500e+03
1.030256835937500000e+03
1.031137207031250000e+03
1.032000610351562500e+03
1.032846191406250000e+03
1.033673095703125000e+03
1.034480468750000000e+03
1.035267333984375000e+03
1.036033081054687500e+03
1.036776611328125000e+03
1.037497192382812500e+03
1.038193969726562500e+03
1.038866088867187500e+03
1.039512451171875000e+03
1.040132568359375000e+03
1.040725341796875000e+03
1.041289916992187500e+03
1.041825561523437500e+03
1.042331298828125000e+03
1.042806396484375000e+03
1.043249877929687500e+03
1.043660888671875000e+03
1.044038574218750000e+03
1.044382080078125000e+03
1.044690551757812500e+03
1.044963378906250000e+03
1.045199951171875000e+03
1.045400512695312500e+03
1.045564575195312500e+03
1.045692138671875000e+03
1.045782958984375000e+03
1.045837158203125000e+03
1.045854125976562500e+03
1.045833984375000000e+03
1.045776611328125000e+03
1.045681762695312500e+03
1.045549194335937500e+03
1.045378784179687500e+03
1.045170532226562500e+03
1.044924194335937500e+03
1.044639526367187500e+03
1.044316406250000000e+03
1.043954711914062500e+03
1.043554321289062500e+03
1.043114990234375000e+03
1.042636596679687500e+03
1.042119018554687500e+03
1.041561889648437500e+03
1.040965332031250000e+03
1.040329101562500000e+03
1.039652954101562500e+03
1.038936889648437500e+03
1.038180664062500000e+03
1.037384033203125000e+03
1.036546875000000000e+03
1.035669067382812500e+03
1.034750488281250000e+03
1.033790893554687500e+03
1.032790283203125000e+03
1.031748291015625000e+03
1.030664916992187500e+03
1.029539916992187500e+03
1.028373168945312500e+03
1.027164428710937500e+03
1.025913696289062500e+03
1.024620605468750000e+03
1.023285156250000000e+03
1.021907287597656250e+03
1.020486511230468750e+03
1.019023010253906250e+03
1.017516418457031250e+03
1.015966613769531250e+03
1.014373535156250000e+03
1.012736816406250000e+03
1.011056518554687500e+03
1.009332458496093750e+03
1.007565185546875000e+03
1.005754943847656250e+03
1.003902526855468750e+03
1.002008239746093750e+03
1.000072692871093750e+03
9.980963134765625000e+02
9.960796508789062500e+02
9.940231933593750000e+02
9.919274902343750000e+02
9.897930297851562500e+02
9.876202392578125000e+02
9.854097290039062500e+02
9.831619873046875000e+02
9.808773803710937500e+02
9.785567016601562500e+02
9.762001342773437500e+02
9.738084106445312500e+02
9.713819580078125000e+02
9.689212036132812500e+02
9.664267578125000000e+02
9.638992309570312500e+02
9.613389282226562500e+02
9.587462768554687500e+02
9.561221313476562500e+02
9.534666748046875000e+02
9.507805175781250000e+02
9.480642700195312500e+02
9.453182983398437500e+02
9.425431518554687500e+02
9.397393188476562500e+02
9.369073486328125000e+02
9.340477294921875000e+02
9.311610107421875000e+02
9.282475585937500000e+02
9.253079833984375000e+02
9.223427734375000000e+02
9.193525390625000000e+02
9.163375854492187500e+02
9.132985229492187500e+02
9.102358398437500000e+02
9.071500854492187500e+02
9.040417480468750000e+02
9.009113159179687500e+02
8.977592163085937500e+02
8.945861206054687500e+02
8.913923339843750000e+02
8.881785888671875000e+02
8.849452514648437500e+02
8.816928100585937500e+02
8.784218139648437500e+02
8.751329956054687500e+02
8.718268432617187500e+02
8.685039672851562500e+02
8.651650390625000000e+02
8.618107910156250000e+02
8.584417724609375000e+02
8.550585327148437500e+02
8.516618652343750000e+02
8.482522583007812500e+02
8.448304443359375000e+02
8.413970336914062500e+02
8.379525756835937500e+02
8.344978027343750000e+02
8.310333251953125000e+02
8.275596923828125000e+02
8.240776367187500000e+02
8.205877685546875000e+02
8.170906982421875000e+02
8.135869750976562500e+02
8.100773925781250000e+02
8.065625000000000000e+02
8.030429077148437500e+02
7.995192871093750000e+02
7.959922485351562500e+02
7.924624023437500000e+02
7.889304199218750000e+02
7.853969726562500000e+02
7.818625488281250000e+02
7.783279418945312500e+02
7.747936401367187500e+02
7.712603759765625000e+02
7.677286987304687500e+02
7.641993408203125000e+02
7.606728515625000000e+02
7.571499633789062500e+02
7.536311035156250000e+02
7.501171264648437500e+02
7.466085205078125000e+02
7.431060180664062500e+02
7.396101684570312500e+02
7.361216430664062500e+02
7.326410522460937500e+02
7.291690063476562500e+02
7.257061767578125000e+02
7.222531738281250000e+02
7.188106689453125000e+02
7.153792724609375000e+02
7.119595947265625000e+02
7.085522460937500000e+02
7.051578979492187500e+02
7.017767944335937500e+02
6.984094848632812500e+02
6.950562133789062500e+02
6.917172851562500000e+02
6.883931884765625000e+02
6.850842285156250000e+02
6.817907104492187500e+02
6.785130004882812500e+02
6.752514648437500000e+02
6.720064697265625000e+02
6.687783813476562500e+02
6.655675048828125000e+02
6.623742065429687500e+02
6.591989135742187500e+02
6.560418701171875000e+02
6.529035034179687500e+02
6.497841796875000000e+02
6.466842041015625000e+02
6.436039428710937500e+02
6.405437622070312500e+02
6.375039672851562500e+02
6.344849853515625000e+02
6.314871826171875000e+02
6.285108642578125000e+02
6.255562744140625000e+02
6.226239624023437500e+02
6.197142333984375000e+02
6.168273925781250000e+02
6.139638061523437500e+02
6.111238403320312500e+02
6.083078613281250000e+02
6.055161743164062500e+02
6.027491455078125000e+02
6.000072021484375000e+02
5.972905883789062500e+02
5.945997924804687500e+02
5.919349975585937500e+02
5.892966918945312500e+02
5.866852416992187500e+02
5.841008300781250000e+02
5.815440063476562500e+02
5.790150756835937500e+02
5.765142822265625000e+02
5.740421142578125000e+02
5.715988769531250000e+02
5.691849365234375000e+02
5.668005981445312500e+02
5.644462280273437500e+02
5.621222534179687500e+02
5.598288574218750000e+02
5.575661010742187500e+02
5.553338012695312500e+02
5.531320190429687500e+02
5.509604492187500000e+02
5.488190917968750000e+02
5.467079467773437500e+02
5.446267700195312500e+02
5.425755615234375000e+02
5.405541381835937500e+02
5.385625000000000000e+02
5.366005249023437500e+02
5.346680297851562500e+02
5.327650146484375000e+02
5.308913574218750000e+02
5.290469970703125000e+02
5.272318115234375000e+02
5.254456176757812500e+02
5.236885375976562500e+02
5.219602050781250000e+02
5.202607421875000000e+02
5.185899047851562500e+02
5.169476928710937500e+02
5.153339843750000000e+02
5.137487182617187500e+02
5.121916503906250000e+02
5.106628723144531250e+02
5.091622009277343750e+02
5.076895446777343750e+02
5.062448425292968750e+02
5.048279418945312500e+02
5.034388122558593750e+02
5.020772705078125000e+02
5.007432556152343750e+02
4.994367370605468750e+02
4.981575622558593750e+02
4.969056396484375000e+02
4.956808471679687500e+02
4.944831848144531250e+02
4.933124389648437500e+02
4.921686096191406250e+02
4.910514831542968750e+02
4.899611206054687500e+02
4.888973083496093750e+02
4.878599548339843750e+02
4.868490295410156250e+02
4.858644409179687500e+02
4.849059753417968750e+02
4.839736328125000000e+02
4.830673522949218750e+02
4.821869201660156250e+02
4.813320312500000000e+02
4.805023803710937500e+02
4.796975402832031250e+02
4.789171142578125000e+02
4.781607666015625000e+02
4.774282226562500000e+02
4.767189941406250000e+02
4.760328063964843750e+02
4.753692321777343750e+02
4.747279357910156250e+02
4.741085510253906250e+02
4.735106811523437500e+02
4.729339904785156250e+02
4.723781738281250000e+02
4.718427429199218750e+02
4.713274230957031250e+02
4.708318481445312500e+02
4.703555908203125000e+02
4.698983154296875000e+02
4.694597167968750000e+02
4.690393676757812500e+02
4.686369323730468750e+02
4.682520141601562500e+02
4.678842468261718750e+02
4.675333251953125000e+02
4.671988220214843750e+02
4.668803710937500000e+02
4.665776977539062500e+02
4.662903137207031250e+02
4.660179138183593750e+02
4.657601318359375000e+02
4.655166625976562500e+02
4.652870483398437500e+02
4.650709533691406250e+02
4.648680419921875000e+02
4.646778869628906250e+02
4.645001831054687500e+02
4.643345642089843750e+02
4.641806335449218750e+02
4.640380859375000000e+02
4.639064331054687500e+02
4.637854614257812500e+02
4.636747131347656250e+02
4.635737915039062500e+02
4.634824829101562500e+02
4.634002380371093750e+02
4.633268432617187500e+02
4.632618408203125000e+02
4.632048950195312500e+02
4.631556701660156250e+02
4.631138000488281250e+02
4.630789489746093750e+02
4.630507812500000000e+02
4.630289611816406250e+02
4.630131835937500000e+02
4.630030822753906250e+02
4.629982910156250000e+02
4.629985351562500000e+02
4.630034484863281250e+02
4.630126647949218750e+02
4.630259399414062500e+02
4.630428466796875000e+02
4.630631103515625000e+02
4.630863647460937500e+02
4.631122436523437500e+02
4.631404418945312500e+02
4.631706542968750000e+02
4.632025451660156250e+02
4.632356872558593750e+02
4.632698364257812500e+02
4.633046264648437500e+02
4.633396911621093750e+02
4.633748168945312500e+02
4.634095153808593750e+02
4.634434814453125000e+02
4.634765014648437500e+02
4.635080871582031250e+02
4.635379638671875000e+02
4.635657958984375000e+02
4.635912780761718750e+02
4.636140747070312500e+02
4.636337585449218750e+02
4.636500549316406250e+02
4.636626892089843750e+02
4.636712036132812500e+02
4.636753845214843750e+02
4.636748046875000000e+02
4.636691284179687500e+02
4.636581115722656250e+02
4.636412963867187500e+02
4.636184387207031250e+02
4.635891723632812500e+02
4.635531616210937500e+02
4.635100708007812500e+02
4.634595947265625000e+02
4.634013061523437500e+02
4.633349914550781250e+02
4.632602233886718750e+02
4.631766967773437500e+02
4.630841064453125000e+02
4.629822998046875000e+02
4.628711853027343750e+02
4.627506713867187500e+02
4.626205444335937500e+02
4.624808044433593750e+02
4.623312683105468750e+02
4.621718444824218750e+02
4.620023803710937500e+02
4.618228454589843750e+02
4.616330566406250000e+02
4.614329223632812500e+02
4.612223510742187500e+02
4.610011901855468750e+02
4.607693481445312500e+02
4.605267028808593750e+02
4.602731018066406250e+02
4.600085449218750000e+02
4.597328186035156250e+02
4.594458312988281250e+02
4.591474609375000000e+02
4.588376159667968750e+02
4.585161743164062500e+02
4.581830139160156250e+02
4.578380737304687500e+02
4.574811401367187500e+02
4.571122131347656250e+02
4.567310485839843750e+02
4.563376770019531250e+02
4.559318542480468750e+02
4.555135192871093750e+02
4.550826110839843750e+02
4.546389465332031250e+02
4.541824645996093750e+02
4.537129821777343750e+02
4.532303771972656250e+02
4.527346496582031250e+02
4.522256164550781250e+02
4.517031860351562500e+02
4.511671752929687500e+02
4.506175537109375000e+02
4.500541687011718750e+02
4.494769287109375000e+02
4.488856506347656250e+02
4.482803344726562500e+02
4.476607360839843750e+02
4.470268859863281250e+02
4.463785705566406250e+02
4.457156677246093750e+02
4.450381164550781250e+02
4.443458251953125000e+02
4.436388854980468750e+02
4.429174194335937500e+02
4.421814880371093750e+02
4.414313354492187500e+02
4.406670227050781250e+02
4.398886108398437500e+02
4.390963439941406250e+02
4.382902526855468750e+02
4.374705505371093750e+02
4.366372070312500000e+02
4.357905578613281250e+02
4.349305725097656250e+02
4.340574035644531250e+02
4.331711730957031250e+02
4.322720642089843750e+02
4.313601074218750000e+02
4.304355468750000000e+02
4.294983825683593750e+02
4.285488281250000000e+02
4.275869445800781250e+02
4.266129150390625000e+02
4.256268310546875000e+02
4.246288146972656250e+02
4.236189880371093750e+02
4.225974731445312500e+02
4.215644226074218750e+02
4.205199279785156250e+02
4.194641418457031250e+02
4.183971252441406250e+02
4.173190917968750000e+02
4.162301330566406250e+02
4.151303405761718750e+02
4.140198669433593750e+02
4.128988342285156250e+02
4.117673339843750000e+02
4.106255798339843750e+02
4.094735717773437500e+02
4.083115234375000000e+02
4.071395263671875000e+02
4.059577331542968750e+02
4.047662048339843750e+02
4.035651550292968750e+02
4.023546447753906250e+02
4.011347961425781250e+02
3.999057617187500000e+02
3.986676330566406250e+02
3.974205627441406250e+02
3.961646728515625000e+02
3.949000854492187500e+02
3.936269226074218750e+02
3.923454284667968750e+02
3.910557556152343750e+02
3.897581481933593750e+02
3.884528198242187500e+02
3.871399841308593750e+02
3.858198547363281250e+02
3.844926757812500000e+02
3.831585998535156250e+02
3.818178405761718750e+02
3.804707031250000000e+02
3.791173095703125000e+02
3.777579040527343750e+02
3.763927307128906250e+02
3.750219116210937500e+02
3.736457824707031250e+02
3.722644958496093750e+02
3.708782348632812500e+02
3.694872741699218750e+02
3.680917663574218750e+02
3.666920166015625000e+02
3.652881469726562500e+02
3.638804016113281250e+02
3.624689941406250000e+02
3.610541381835937500e+02
3.596360778808593750e+02
3.582149658203125000e+02
3.567911071777343750e+02
3.553646240234375000e+02
3.539357604980468750e+02
3.525047302246093750e+02
3.510717773437500000e+02
3.496370849609375000e+02
3.482008666992187500e+02
3.467633666992187500e+02
3.453247680664062500e+02
3.438852539062500000e+02
3.424451293945312500e+02
3.410045471191406250e+02
3.395636901855468750e+02
3.381228637695312500e+02
3.366821899414062500e+02
3.352419433593750000e+02
3.338022766113281250e+02
3.323634948730468750e+02
3.309257507324218750e+02
3.294892578125000000e+02
3.280542297363281250e+02
3.266209106445312500e+02
3.251895141601562500e+02
3.237601928710937500e+02
3.223331298828125000e+02
3.209085083007812500e+02
3.194864807128906250e+02
3.180671386718750000e+02
3.166506652832031250e+02
3.152371826171875000e+02
3.138269348144531250e+02
3.124199523925781250e+02
3.110164794921875000e+02
3.096166076660156250e+02
3.082204895019531250e+02
3.068283386230468750e+02
3.054402160644531250e+02
3.040563049316406250e+02
3.026768188476562500e+02
3.013018188476562500e+02
2.999314880371093750e+02
2.985659790039062500e+02
2.972054443359375000e+02
2.958500366210937500e+02
2.944999389648437500e+02
2.931552124023437500e+02
2.918160705566406250e+02
2.904826660156250000e+02
2.891551208496093750e+02
2.878336181640625000e+02
2.865182800292968750e+02
2.852092590332031250e+02
2.839067077636718750e+02
2.826108093261718750e+02
2.813216552734375000e+02
2.800394287109375000e+02
2.787642822265625000e+02
2.774963989257812500e+02
2.762358398437500000e+02
2.749828491210937500e+02
2.737375183105468750e+02
2.725000000000000000e+02
2.712704772949218750e+02
2.700490417480468750e+02
2.688359375000000000e+02
2.676312255859375000e+02
2.664351196289062500e+02
2.652477416992187500e+02
2.640692138671875000e+02
2.628997497558593750e+02
2.617394409179687500e+02
2.605884704589843750e+02
2.594469909667968750e+02
2.583150939941406250e+02
2.571928710937500000e+02
2.560802307128906250e+02
2.549773254394531250e+02
2.538840484619140625e+02
2.528004302978515625e+02
2.517265167236328125e+02
2.506622924804687500e+02
2.496078033447265625e+02
2.485629882812500000e+02
2.475279083251953125e+02
2.465025634765625000e+02
2.454869384765625000e+02
2.444810791015625000e+02
2.434849853515625000e+02
2.424986419677734375e+02
2.415220794677734375e+02
2.405553131103515625e+02
2.395983428955078125e+02
2.386511688232421875e+02
2.377138214111328125e+02
2.367862701416015625e+02
2.358685760498046875e+02
2.349607086181640625e+02
2.340627136230468750e+02
2.331745452880859375e+02
2.322962646484375000e+02
2.314278564453125000e+02
2.305693206787109375e+02
2.297207183837890625e+02
2.288819885253906250e+02
2.280531768798828125e+02
2.272343139648437500e+02
2.264253692626953125e+02
2.256263580322265625e+02
2.248373107910156250e+02
2.240582122802734375e+02
2.232890777587890625e+02
2.225299377441406250e+02
2.217807769775390625e+02
2.210416107177734375e+02
2.203124694824218750e+02
2.195933074951171875e+02
2.188842163085937500e+02
2.181851348876953125e+02
2.174960937500000000e+02
2.168171081542968750e+02
2.161481781005859375e+02
2.154893341064453125e+02
2.148405609130859375e+02
2.142018585205078125e+02
2.135731506347656250e+02
2.129543304443359375e+02
2.123453063964843750e+02
2.117460021972656250e+02
2.111562805175781250e+02
2.105760955810546875e+02
2.100052947998046875e+02
2.094438171386718750e+02
2.088915557861328125e+02
2.083484039306640625e+02
2.078142852783203125e+02
2.072891082763671875e+02
2.067727508544921875e+02
2.062651062011718750e+02
2.057661132812500000e+02
2.052756652832031250e+02
2.047936553955078125e+02
2.043199920654296875e+02
2.038545837402343750e+02
2.033973083496093750e+02
2.029481048583984375e+02
2.025068511962890625e+02
2.020734710693359375e+02
2.016478424072265625e+02
2.012298736572265625e+02
2.008194885253906250e+02
2.004165802001953125e+02
2.000210418701171875e+02
1.996327819824218750e+02
1.992517089843750000e+02
1.988777160644531250e+02
1.985107116699218750e+02
1.981506195068359375e+02
1.977973175048828125e+02
1.974506988525390625e+02
1.971106872558593750e+02
1.967771911621093750e+02
1.964500885009765625e+02
1.961293029785156250e+02
1.958147430419921875e+02
1.955062866210937500e+02
1.952038726806640625e+02
1.949073638916015625e+02
1.946166839599609375e+02
1.943317260742187500e+02
1.940524291992187500e+02
1.937786560058593750e+02
1.935103149414062500e+02
1.932473144531250000e+02
1.929895629882812500e+02
1.927369384765625000e+02
1.924893188476562500e+02
1.922466125488281250e+02
1.920086822509765625e+02
1.917754058837890625e+02
1.915466613769531250e+02
1.913223571777343750e+02
1.911023559570312500e+02
1.908865661621093750e+02
1.906748352050781250e+02
1.904670562744140625e+02
1.902631225585937500e+02
1.900629272460937500e+02
1.898663177490234375e+02
1.896732025146484375e+02
1.894834594726562500e+02
1.892969818115234375e+02
1.891136474609375000e+02
1.889333190917968750e+02
1.887559051513671875e+02
1.885812835693359375e+02
1.884093170166015625e+02
1.882398986816406250e+02
1.880729370117187500e+02
1.879082794189453125e+02
1.877458343505859375e+02
1.875854644775390625e+02
1.874270629882812500e+02
1.872705230712890625e+02
1.871157073974609375e+02
1.869625091552734375e+02
1.868108062744140625e+02
1.866604919433593750e+02
1.865114440917968750e+02
1.863635406494140625e+02
1.862166595458984375e+02
1.860706939697265625e+02
1.859255523681640625e+02
1.857810516357421875e+02
1.856371459960937500e+02
1.854936676025390625e+02
1.853505096435546875e+02
1.852075805664062500e+02
1.850647277832031250e+02
1.849218750000000000e+02
1.847788696289062500e+02
1.846356048583984375e+02
1.844919738769531250e+02
1.843478393554687500e+02
1.842031250000000000e+02
1.840577239990234375e+02
1.839116058349609375e+02
1.837646789550781250e+02
1.836169281005859375e+02
1.834682769775390625e+02
1.833186340332031250e+02
1.831679840087890625e+02
1.830162353515625000e+02
1.828633728027343750e+02
1.827092742919921875e+02
1.825539245605468750e+02
1.823972473144531250e+02
1.822391815185546875e+02
1.820796813964843750e+02
1.819186706542968750e+02
1.817561035156250000e+02
1.815919036865234375e+02
1.814260406494140625e+02
1.812584381103515625e+02
1.810890197753906250e+02
1.809177398681640625e+02
1.807445526123046875e+02
1.805693817138671875e+02
1.803921813964843750e+02
1.802128753662109375e+02
1.800314025878906250e+02
1.798477172851562500e+02
1.796617584228515625e+02
1.794734649658203125e+02
1.792827606201171875e+02
1.790895996093750000e+02
1.788939514160156250e+02
1.786956939697265625e+02
1.784948272705078125e+02
1.782912445068359375e+02
1.780849304199218750e+02
1.778757781982421875e+02
1.776637878417968750e+02
1.774488220214843750e+02
1.772308959960937500e+02
1.770099029541015625e+02
1.767858123779296875e+02
1.765585327148437500e+02
1.763280334472656250e+02
1.760942382812500000e+02
1.758570861816406250e+02
1.756165313720703125e+02
1.753725128173828125e+02
1.751249542236328125e+02
1.748738250732421875e+02
1.746191253662109375e+02
1.743608551025390625e+02
1.740990295410156250e+02
1.738336791992187500e+02
1.735648040771484375e+02
1.732924041748046875e+02
1.730164947509765625e+02
1.727370910644531250e+02
1.724542236328125000e+02
1.721678924560546875e+02
1.718780975341796875e+02
1.715848693847656250e+02
1.712882080078125000e+02
1.709881439208984375e+02
1.706846618652343750e+02
1.703777923583984375e+02
1.700675354003906250e+02
1.697539215087890625e+02
1.694369506835937500e+02
1.691166381835937500e+02
1.687929992675781250e+02
1.684660339355468750e+02
1.681357727050781250e+02
1.678022003173828125e+02
1.674653625488281250e+02
1.671252441406250000e+02
1.667818908691406250e+02
1.664352722167968750e+02
1.660854339599609375e+02
1.657323760986328125e+02
1.653761138916015625e+02
1.650166473388671875e+02
1.646539916992187500e+02
1.642881774902343750e+02
1.639192199707031250e+02
1.635470886230468750e+02
1.631718444824218750e+02
1.627934722900390625e+02
1.624119873046875000e+02
1.620274200439453125e+02
1.616397552490234375e+02
1.612490234375000000e+02
1.608552246093750000e+02
1.604583892822265625e+02
1.600585174560546875e+02
1.596556091308593750e+02
1.592497100830078125e+02
1.588408050537109375e+02
1.584289245605468750e+02
1.580140686035156250e+02
1.575962982177734375e+02
1.571756591796875000e+02
1.567522277832031250e+02
1.563260498046875000e+02
1.558971710205078125e+02
1.554656677246093750e+02
1.550316009521484375e+02
1.545950012207031250e+02
1.541559448242187500e+02
1.537144775390625000e+02
1.532706756591796875e+02
1.528245849609375000e+02
1.523762512207031250e+02
1.519257354736328125e+02
1.514730987548828125e+02
1.510184173583984375e+02
1.505617218017578125e+02
1.501030578613281250e+02
1.496425170898437500e+02
1.491801452636718750e+02
1.487159881591796875e+02
1.482501068115234375e+02
1.477825622558593750e+02
1.473134002685546875e+02
1.468426971435546875e+02
1.463704986572265625e+02
1.458968505859375000e+02
1.454218444824218750e+02
1.449454956054687500e+02
1.444678955078125000e+02
1.439890747070312500e+02
1.435090942382812500e+02
1.430280303955078125e+02
1.425459136962890625e+02
1.420628204345703125e+02
1.415788116455078125e+02
1.410939178466796875e+02
1.406082153320312500e+02
1.401217498779296875e+02
1.396345977783203125e+02
1.391467895507812500e+02
1.386584167480468750e+02
1.381695098876953125e+02
1.376801300048828125e+02
1.371903228759765625e+02
1.367001800537109375e+02
1.362097167968750000e+02
1.357190246582031250e+02
1.352281341552734375e+02
1.347371215820312500e+02
1.342460327148437500e+02
1.337548980712890625e+02
1.332637939453125000e+02
1.327727508544921875e+02
1.322818298339843750e+02
1.317910614013671875e+02
1.313005218505859375e+02
1.308102416992187500e+02
1.303202972412109375e+02
1.298306884765625000e+02
1.293414916992187500e+02
1.288527832031250000e+02
1.283645629882812500e+02
1.278769073486328125e+02
1.273898773193359375e+02
1.269034881591796875e+02
1.264178237915039062e+02
1.259329071044921875e+02
1.254488067626953125e+02
1.249655609130859375e+02
1.244832077026367188e+02
1.240018234252929688e+02
1.235214614868164062e+02
1.230421371459960938e+02
1.225639114379882812e+02
1.220868453979492188e+02
1.216109924316406250e+02
1.211363754272460938e+02
1.206630706787109375e+02
1.201911087036132812e+02
1.197205505371093750e+02
1.192514495849609375e+02
1.187838363647460938e+02
1.183177795410156250e+02
1.178533172607421875e+02
1.173905105590820312e+02
1.169293899536132812e+02
1.164700164794921875e+02
1.160124435424804688e+02
1.155567092895507812e+02
1.151028747558593750e+02
1.146509857177734375e+02
1.142010803222656250e+02
1.137532196044921875e+02
1.133074569702148438e+02
1.128638381958007812e+02
1.124224014282226562e+02
1.119832153320312500e+02
1.115463027954101562e+02
1.111117324829101562e+02
1.106795196533203125e+02
1.102496719360351562e+02
1.098221969604492188e+02
1.093971328735351562e+02
1.089744720458984375e+02
1.085542449951171875e+02
1.081364517211914062e+02
1.077211227416992188e+02
1.073082580566406250e+02
1.068978958129882812e+02
1.064900207519531250e+02
1.060846633911132812e+02
1.056818389892578125e+02
1.052815628051757812e+02
1.048838424682617188e+02
1.044887084960937500e+02
1.040961532592773438e+02
1.037062072753906250e+02
1.033188781738281250e+02
1.029341812133789062e+02
1.025521469116210938e+02
1.021727676391601562e+02
1.017960586547851562e+02
1.014220581054687500e+02
1.010507583618164062e+02
1.006821823120117188e+02
1.003163452148437500e+02
9.995326995849609375e+01
9.959294891357421875e+01
9.923542022705078125e+01
9.888067626953125000e+01
9.852875518798828125e+01
9.817965698242187500e+01
9.783341217041015625e+01
9.749000549316406250e+01
9.714948272705078125e+01
9.681184387207031250e+01
9.647710418701171875e+01
9.614527893066406250e+01
9.581639099121093750e+01
9.549043273925781250e+01
9.516744995117187500e+01
9.484743499755859375e+01
9.453041839599609375e+01
9.421639251708984375e+01
9.390539550781250000e+01
9.359743499755859375e+01
9.329251861572265625e+01
9.299066162109375000e+01
9.269188690185546875e+01
9.239616394042968750e+01
9.210347747802734375e+01
9.181381225585937500e+01
9.152715301513671875e+01
9.124346160888671875e+01
9.096273040771484375e+01
9.068492889404296875e+01
9.041005706787109375e+01
9.013807678222656250e+01
8.986896514892578125e+01
8.960271453857421875e+01
8.933930206298828125e+01
8.907870483398437500e+01
8.882089996337890625e+01
8.856587219238281250e+01
8.831360626220703125e+01
8.806406402587890625e+01
8.781723785400390625e+01
8.757311248779296875e+01
8.733165740966796875e+01
8.709285736083984375e+01
8.685668945312500000e+01
8.662313842773437500e+01
8.639218139648437500e+01
8.616378784179687500e+01
8.593795776367187500e+01
8.571465301513671875e+01
8.549386596679687500e+01
8.527555847167968750e+01
8.505973815917968750e+01
8.484636688232421875e+01
8.463542175292968750e+01
8.442688751220703125e+01
8.422074890136718750e+01
8.401697540283203125e+01
8.381555938720703125e+01
8.361647033691406250e+01
8.341969299316406250e+01
8.322520446777343750e+01
8.303298187255859375e+01
8.284301757812500000e+01
8.265527343750000000e+01
8.246974182128906250e+01
8.228639984130859375e+01
8.210522460937500000e+01
8.192619323730468750e+01
8.174929809570312500e+01
8.157450866699218750e+01
8.140180969238281250e+01
8.123117065429687500e+01
8.106256103515625000e+01
8.089595794677734375e+01
8.073132324218750000e+01
8.056862640380859375e+01
8.040782928466796875e+01
8.024889373779296875e+01
8.009179687500000000e+01
7.993650817871093750e+01
7.978298950195312500e+01
7.963119506835937500e+01
7.948110961914062500e+01
7.933269500732421875e+01
7.918591308593750000e+01
7.904073333740234375e+01
7.889712524414062500e+01
7.875505065917968750e+01
7.861448669433593750e+01
7.847538757324218750e+01
7.833772277832031250e+01
7.820146942138671875e+01
7.806658172607421875e+01
7.793302917480468750e+01
7.780078125000000000e+01
7.766980743408203125e+01
7.754006958007812500e+01
7.741153717041015625e+01
7.728417968750000000e+01
7.715795135498046875e+01
7.703284454345703125e+01
7.690879058837890625e+01
7.678578948974609375e+01
7.666378784179687500e+01
7.654276275634765625e+01
7.642266845703125000e+01
7.630348968505859375e+01
7.618517303466796875e+01
7.606770324707031250e+01
7.595104217529296875e+01
7.583514404296875000e+01
7.572000122070312500e+01
7.560555267333984375e+01
7.549178314208984375e+01
7.537865447998046875e+01
7.526612854003906250e+01
7.515418243408203125e+01
7.504277801513671875e+01
7.493188476562500000e+01
7.482144927978515625e+01
7.471147155761718750e+01
7.460189819335937500e+01
7.449271392822265625e+01
7.438388824462890625e+01
7.427540588378906250e+01
7.416724395751953125e+01
7.405937957763671875e+01
7.395178222656250000e+01
7.384444427490234375e+01
7.373733520507812500e+01
7.363043212890625000e+01
7.352371215820312500e+01
7.341715240478515625e+01
7.331073760986328125e+01
7.320443725585937500e+01
7.309823608398437500e+01
7.299210357666015625e+01
7.288602447509765625e+01
7.277996826171875000e+01
7.267392730712890625e+01
7.256786346435546875e+01
7.246176147460937500e+01
7.235559844970703125e+01
7.224935913085937500e+01
7.214300537109375000e+01
7.203652954101562500e+01
7.192989349365234375e+01
7.182308959960937500e+01
7.171608734130859375e+01
7.160887908935546875e+01
7.150141906738281250e+01
7.139369964599609375e+01
7.128570556640625000e+01
7.117738342285156250e+01
7.106874847412109375e+01
7.095976257324218750e+01
7.085039520263671875e+01
7.074063110351562500e+01
7.063045501708984375e+01
7.051982879638671875e+01
7.040874481201171875e+01
7.029717254638671875e+01
7.018509674072265625e+01
7.007248687744140625e+01
6.995932769775390625e+01
6.984558868408203125e+01
6.973125457763671875e+01
6.961629486083984375e+01
6.950070190429687500e+01
6.938443756103515625e+01
6.926748657226562500e+01
6.914982604980468750e+01
6.903146362304687500e+01
6.891237640380859375e+01
6.879257965087890625e+01
6.867206573486328125e+01
6.855083465576171875e+01
6.842887115478515625e+01
6.830618286132812500e+01
6.818276977539062500e+01
6.805863189697265625e+01
6.793376159667968750e+01
6.780815124511718750e+01
6.768180084228515625e+01
6.755471038818359375e+01
6.742688751220703125e+01
6.729831695556640625e+01
6.716900634765625000e+01
6.703894042968750000e+01
6.690813446044921875e+01
6.677655792236328125e+01
6.664424133300781250e+01
6.651116180419921875e+01
6.637732696533203125e+01
6.624272918701171875e+01
6.610736846923828125e+01
6.597123718261718750e+01
6.583433532714843750e+01
6.569667053222656250e+01
6.555822753906250000e+01
6.541901397705078125e+01
6.527902221679687500e+01
6.513825225830078125e+01
6.499669647216796875e+01
6.485435485839843750e+01
6.471122741699218750e+01
6.456731414794921875e+01
6.442260742187500000e+01
6.427710723876953125e+01
6.413080596923828125e+01
6.398371505737304688e+01
6.383581542968750000e+01
6.368712234497070312e+01
6.353762435913085938e+01
6.338731765747070312e+01
6.323619842529296875e+01
6.308426284790039062e+01
6.293152618408203125e+01
6.277796554565429688e+01
6.262358856201171875e+01
6.246838760375976562e+01
6.231237030029296875e+01
6.215554046630859375e+01
6.199790954589843750e+01
6.183948516845703125e+01
6.168029022216796875e+01
6.152032852172851562e+01
6.135961532592773438e+01
6.119815063476562500e+01
6.103596496582031250e+01
6.087305068969726562e+01
6.070943069458007812e+01
6.054511642456054688e+01
6.038011550903320312e+01
6.021443557739257812e+01
6.004809570312500000e+01
5.988110733032226562e+01
5.971347427368164062e+01
5.954521560668945312e+01
5.937633895874023438e+01
5.920685577392578125e+01
5.903677749633789062e+01
5.886612319946289062e+01
5.869489288330078125e+01
5.852310180664062500e+01
5.835076522827148438e+01
5.817788314819335938e+01
5.800448226928710938e+01
5.783057022094726562e+01
5.765615081787109375e+01
5.748123931884765625e+01
5.730584716796875000e+01
5.712998962402343750e+01
5.695367431640625000e+01
5.677691268920898438e+01
5.659972000122070312e+01
5.642210388183593750e+01
5.624407577514648438e+01
5.606564331054687500e+01
5.588682937622070312e+01
5.570763397216796875e+01
5.552807617187500000e+01
5.534816360473632812e+01
5.516790390014648438e+01
5.498731994628906250e+01
5.480641174316406250e+01
5.462519454956054688e+01
5.444368743896484375e+01
5.426188659667968750e+01
5.407981491088867188e+01
5.389748382568359375e+01
5.371489334106445312e+01
5.353208160400390625e+01
5.334906005859375000e+01
5.316585159301757812e+01
5.298247909545898438e+01
5.279896545410156250e+01
5.261532211303710938e+01
5.243158340454101562e+01
5.224776458740234375e+01
5.206388854980468750e+01
5.187997436523437500e+01
5.169604873657226562e+01
5.151212692260742188e+01
5.132823562622070312e+01
5.114439392089843750e+01
5.096062088012695312e+01
5.077694702148437500e+01
5.059337997436523438e+01
5.040995025634765625e+01
5.022668075561523438e+01
5.004358673095703125e+01
4.986069869995117188e+01
4.967802810668945312e+01
4.949560165405273438e+01
4.931344223022460938e+01
4.913156509399414062e+01
4.894999694824218750e+01
4.876876068115234375e+01
4.858787536621093750e+01
4.840736007690429688e+01
4.822723770141601562e+01
4.804753112792968750e+01
4.786826324462890625e+01
4.768945312500000000e+01
4.751112365722656250e+01
4.733329391479492188e+01
4.715598297119140625e+01
4.697922134399414062e+01
4.680302429199218750e+01
4.662741470336914062e+01
4.645241546630859375e+01
4.627804565429687500e+01
4.610432815551757812e+01
4.593128204345703125e+01
4.575893402099609375e+01
4.558729553222656250e+01
4.541640090942382812e+01
4.524626541137695312e+01
4.507690811157226562e+01
4.490835571289062500e+01
4.474061965942382812e+01
4.457368850708007812e+01
4.440755081176757812e+01
4.424218750000000000e+01
4.407758331298828125e+01
4.391371536254882812e+01
4.375057983398437500e+01
4.358814620971679688e+01
4.342640686035156250e+01
4.326534271240234375e+01
4.310493850708007812e+01
4.294517898559570312e+01
4.278604125976562500e+01
4.262751388549804688e+01
4.246958160400390625e+01
4.231222534179687500e+01
4.215542984008789062e+01
4.199917602539062500e+01
4.184344863891601562e+01
4.168823623657226562e+01
4.153351211547851562e+01
4.137927246093750000e+01
4.122549057006835938e+01
4.107215499877929688e+01
4.091924667358398438e+01
4.076675033569335938e+01
4.061465072631835938e+01
4.046292877197265625e+01
4.031156921386718750e+01
4.016055679321289062e+01
4.000986862182617188e+01
3.985950088500976562e+01
3.970942687988281250e+01
3.955963134765625000e+01
3.941010284423828125e+01
3.926081848144531250e+01
3.911176300048828125e+01
3.896292495727539062e+01
3.881428527832031250e+01
3.866582489013671875e+01
3.851753234863281250e+01
3.836938476562500000e+01
3.822137069702148438e+01
3.807347106933593750e+01
3.792567062377929688e+01
3.777795028686523438e+01
3.763029861450195312e+01
3.748269653320312500e+01
3.733512878417968750e+01
3.718757247924804688e+01
