# tt
1.082057250976562500e+03
1.021186645507812500e+03
9.592200317382812500e+02
9.094549560546875000e+02
8.720635986328125000e+02
8.453967895507812500e+02
8.270510864257812500e+02
8.152784423828125000e+02
8.086445312500000000e+02
8.060075073242187500e+02
8.073279418945312500e+02
8.107814941406250000e+02
8.154622192382812500e+02
8.216560668945312500e+02
8.297416992187500000e+02
8.395725708007812500e+02
8.501405029296875000e+02
8.622720336914062500e+02
8.743049926757812500e+02
8.866079711914062500e+02
8.994699707031250000e+02
9.126865844726562500e+02
9.262979125976562500e+02
9.402559814453125000e+02
9.543833007812500000e+02
9.688881225585937500e+02
9.835962524414062500e+02
9.985694580078125000e+02
1.013730834960937500e+03
1.028952148437500000e+03
1.044479492187500000e+03
1.060320678710937500e+03
1.076312744140625000e+03
1.092442260742187500e+03
1.108656005859375000e+03
1.124965454101562500e+03
1.141669799804687500e+03
1.158745239257812500e+03
1.175920288085937500e+03
1.193301269531250000e+03
1.210651000976562500e+03
1.228110351562500000e+03
1.245522949218750000e+03
1.263252685546875000e+03
1.281221679687500000e+03
1.299293212890625000e+03
1.317408935546875000e+03
1.335659179687500000e+03
1.354282958984375000e+03
1.373068969726562500e+03
1.392235839843750000e+03
1.411403076171875000e+03
1.430487915039062500e+03
1.449704589843750000e+03
1.469269897460937500e+03
1.489114624023437500e+03
1.509246582031250000e+03
1.529524414062500000e+03
1.549956298828125000e+03
1.570845092773437500e+03
1.591593994140625000e+03
1.612422485351562500e+03
1.633623657226562500e+03
1.654821899414062500e+03
1.676309448242187500e+03
1.697926635742187500e+03
1.719958618164062500e+03
1.742170288085937500e+03
1.764697875976562500e+03
1.787388916015625000e+03
1.810271850585937500e+03
1.833309570312500000e+03
1.856538818359375000e+03
1.880070800781250000e+03
1.903855468750000000e+03
1.927941162109375000e+03
1.952364257812500000e+03
1.976937011718750000e+03
2.001770019531250000e+03
2.026759521484375000e+03
2.051986816406250000e+03
2.077394042968750000e+03
2.103071777343750000e+03
2.128887451171875000e+03
2.154927978515625000e+03
2.181412353515625000e+03
2.207887207031250000e+03
2.234716552734375000e+03
2.261744140625000000e+03
2.288889648437500000e+03
2.316302001953125000e+03
2.343983154296875000e+03
2.371712158203125000e+03
2.399713623046875000e+03
2.427692382812500000e+03
2.456096191406250000e+03
2.484704101562500000e+03
2.513369384765625000e+03
2.542316650390625000e+03
2.571399414062500000e+03
2.600991210937500000e+03
2.630499267578125000e+03
2.660222900390625000e+03
2.690089843750000000e+03
2.720176025390625000e+03
2.750186279296875000e+03
2.780568359375000000e+03
2.811101562500000000e+03
2.841712890625000000e+03
2.872479003906250000e+03
2.903398437500000000e+03
2.934545410156250000e+03
2.965770263671875000e+03
2.997220703125000000e+03
3.028672851562500000e+03
3.060422851562500000e+03
3.092322021484375000e+03
3.124220214843750000e+03
3.156265380859375000e+03
3.188307617187500000e+03
3.220421142578125000e+03
3.252604736328125000e+03
3.284857177734375000e+03
3.317104003906250000e+03
3.349418212890625000e+03
3.381724365234375000e+03
3.414022460937500000e+03
3.446385009765625000e+03
3.478737548828125000e+03
3.511079101562500000e+03
3.543485351562500000e+03
3.575809082031250000e+03
3.608125488281250000e+03
3.640436767578125000e+03
3.672595703125000000e+03
3.704751464843750000e+03
3.736832275390625000e+03
3.768689941406250000e+03
3.800624023437500000e+03
3.832338134765625000e+03
3.864057128906250000e+03
3.895707275390625000e+03
3.927142578125000000e+03
3.958437500000000000e+03
3.989817382812500000e+03
4.020837402343750000e+03
4.051721923828125000e+03
4.082546875000000000e+03
4.113090820312500000e+03
4.143502929687500000e+03
4.173634765625000000e+03
4.203634277343750000e+03
4.233427246093750000e+03
4.263012207031250000e+03
4.292240722656250000e+03
4.321409179687500000e+03
4.350293945312500000e+03
4.378894042968750000e+03
4.407284667968750000e+03
4.435464355468750000e+03
4.463358398437500000e+03
4.491115234375000000e+03
4.518436523437500000e+03
4.545619140625000000e+03
4.572514160156250000e+03
4.599195312500000000e+03
4.625439453125000000e+03
4.651394531250000000e+03
4.677059570312500000e+03
4.702285644531250000e+03
4.727146972656250000e+03
4.751568359375000000e+03
4.775698730468750000e+03
4.799461914062500000e+03
4.822709960937500000e+03
4.845592773437500000e+03
4.868035644531250000e+03
4.890041015625000000e+03
4.911757324218750000e+03
4.932963378906250000e+03
4.953734375000000000e+03
4.973997070312500000e+03
4.993901367187500000e+03
5.013373535156250000e+03
5.032042480468750000e+03
5.050579589843750000e+03
5.068612792968750000e+03
5.086069824218750000e+03
5.103397460937500000e+03
5.119853027343750000e+03
5.135958496093750000e+03
5.151491699218750000e+03
5.166676269531250000e+03
5.181290527343750000e+03
5.195335449218750000e+03
5.208960937500000000e+03
5.222093750000000000e+03
5.234734863281250000e+03
5.246885253906250000e+03
5.258470703125000000e+03
5.269566894531250000e+03
5.280098144531250000e+03
5.289991210937500000e+03
5.299393554687500000e+03
5.308156250000000000e+03
5.316428222656250000e+03
5.323986816406250000e+03
5.330979492187500000e+03
5.337406738281250000e+03
5.343268554687500000e+03
5.348415527343750000e+03
5.353070800781250000e+03
5.357085449218750000e+03
5.360533203125000000e+03
5.363340332031250000e+03
5.365655273437500000e+03
5.367328125000000000e+03
5.368434082031250000e+03
5.368973144531250000e+03
5.368944335937500000e+03
5.368348144531250000e+03
5.367035156250000000e+03
5.365302246093750000e+03
5.362927734375000000e+03
5.359984375000000000e+03
5.356398437500000000e+03
5.352317871093750000e+03
5.347668457031250000e+03
5.342375976562500000e+03
5.336439453125000000e+03
5.330008789062500000e+03
5.323007324218750000e+03
5.315288574218750000e+03
5.307073730468750000e+03
5.298214355468750000e+03
5.288785156250000000e+03
5.278785644531250000e+03
5.268290039062500000e+03
5.257074707031250000e+03
5.245437011718750000e+03
5.233228515625000000e+03
5.220449218750000000e+03
5.207098144531250000e+03
5.193175781250000000e+03
5.178755371093750000e+03
5.163837890625000000e+03
5.148348632812500000e+03
5.132435546875000000e+03
5.115949707031250000e+03
5.099040527343750000e+03
5.081483886718750000e+03
5.063651367187500000e+03
5.045245605468750000e+03
5.026340820312500000e+03
5.007011718750000000e+03
4.987256347656250000e+03
4.967001953125000000e+03
4.946321289062500000e+03
4.925289550781250000e+03
4.903756835937500000e+03
4.881723632812500000e+03
4.859561035156250000e+03
4.836823242187500000e+03
4.813583496093750000e+03
4.790065429687500000e+03
4.766044921875000000e+03
4.741670898437500000e+03
4.716794921875000000e+03
4.691713378906250000e+03
4.666202636718750000e+03
4.640486328125000000e+03
4.614340332031250000e+03
4.587913574218750000e+03
4.561131347656250000e+03
4.534142089843750000e+03
4.506722656250000000e+03
4.479094726562500000e+03
4.451184570312500000e+03
4.422992187500000000e+03
4.394665039062500000e+03
4.365906250000000000e+03
4.337012695312500000e+03
4.307908691406250000e+03
4.278595703125000000e+03
4.248997558593750000e+03
4.219189453125000000e+03
4.189244140625000000e+03
4.159087890625000000e+03
4.128794433593750000e+03
4.098363281250000000e+03
4.067497314453125000e+03
4.036790771484375000e+03
4.005796386718750000e+03
3.974886718750000000e+03
3.943688720703125000e+03
3.912425781250000000e+03
3.880948486328125000e+03
3.849479980468750000e+03
3.817870849609375000e+03
3.786195312500000000e+03
3.754526855468750000e+03
3.722791015625000000e+03
3.690987304687500000e+03
3.659189453125000000e+03
3.627322265625000000e+03
3.595460693359375000e+03
3.563603027343750000e+03
3.531823730468750000e+03
3.499973388671875000e+03
3.468200439453125000e+03
3.436503906250000000e+03
3.404809814453125000e+03
3.373191162109375000e+03
3.341647705078125000e+03
3.310179443359375000e+03
3.278785156250000000e+03
3.247464599609375000e+03
3.216291503906250000e+03
3.185265625000000000e+03
3.154311767578125000e+03
3.123504150390625000e+03
3.092842041015625000e+03
3.062324707031250000e+03
3.032026123046875000e+03
3.001797363281250000e+03
2.971786132812500000e+03
2.941991943359375000e+03
2.912340576171875000e+03
2.882904785156250000e+03
2.853759033203125000e+03
2.824753906250000000e+03
2.795963378906250000e+03
2.767460937500000000e+03
2.739097656250000000e+03
2.711021484375000000e+03
2.683231933593750000e+03
2.655653808593750000e+03
2.628435546875000000e+03
2.601427734375000000e+03
2.574629882812500000e+03
2.548190185546875000e+03
2.522033691406250000e+03
2.496234130859375000e+03
2.470642089843750000e+03
2.445405761718750000e+03
2.420450439453125000e+03
2.395849609375000000e+03
2.371528564453125000e+03
2.347561035156250000e+03
2.324094726562500000e+03
2.300758544921875000e+03
2.277849121093750000e+03
2.255217773437500000e+03
2.233012939453125000e+03
2.211160156250000000e+03
2.189659667968750000e+03
2.168584960937500000e+03
2.147787353515625000e+03
2.127416015625000000e+03
2.107395751953125000e+03
2.087801269531250000e+03
2.068557617187500000e+03
2.049739501953125000e+03
2.031271972656250000e+03
2.013229492187500000e+03
1.995611816406250000e+03
1.978270385742187500e+03
1.961502075195312500e+03
1.945084228515625000e+03
1.929016235351562500e+03
1.913372680664062500e+03
1.898153076171875000e+03
1.883357666015625000e+03
1.868911865234375000e+03
1.854964233398437500e+03
1.841440307617187500e+03
1.828265869140625000e+03
1.815515014648437500e+03
1.803261840820312500e+03
1.791357910156250000e+03
1.779802856445312500e+03
1.768745361328125000e+03
1.758185302734375000e+03
1.747899902343750000e+03
1.738111572265625000e+03
1.728672119140625000e+03
1.719655395507812500e+03
1.711061401367187500e+03
1.702890380859375000e+03
1.695141845703125000e+03
1.687741577148437500e+03
1.680838256835937500e+03
1.674283203125000000e+03
1.668076049804687500e+03
1.662365722656250000e+03
1.656929077148437500e+03
1.651988891601562500e+03
1.647396728515625000e+03
1.643152343750000000e+03
1.639330200195312500e+03
1.635930297851562500e+03
1.632878784179687500e+03
1.630175781250000000e+03
1.627895996093750000e+03
1.625891113281250000e+03
1.624309692382812500e+03
1.623078002929687500e+03
1.622270629882812500e+03
1.621739135742187500e+03
1.621632324218750000e+03
1.621802001953125000e+03
1.622322753906250000e+03
1.623120483398437500e+03
1.624344238281250000e+03
1.625845458984375000e+03
1.627624633789062500e+03
1.629756347656250000e+03
1.632240844726562500e+03
1.635004028320312500e+03
1.638120727539062500e+03
1.641516845703125000e+03
1.645118286132812500e+03
1.648999877929687500e+03
1.653236206054687500e+03
1.657753173828125000e+03
1.662476928710937500e+03
1.667482055664062500e+03
1.672694580078125000e+03
1.678263549804687500e+03
1.684040649414062500e+03
1.689952026367187500e+03
1.696220825195312500e+03
1.702624511718750000e+03
1.709237915039062500e+03
1.716135498046875000e+03
1.723243408203125000e+03
1.730488037109375000e+03
1.738017944335937500e+03
1.745685058593750000e+03
1.753564453125000000e+03
1.761507324218750000e+03
1.769737426757812500e+03
1.778106445312500000e+03
1.786614624023437500e+03
1.795188476562500000e+03
1.803976684570312500e+03
1.812831176757812500e+03
1.821901245117187500e+03
1.831112548828125000e+03
1.840391723632812500e+03
1.849738769531250000e+03
1.859302612304687500e+03
1.868860839843750000e+03
1.878488037109375000e+03
1.888333129882812500e+03
1.898099243164062500e+03
1.908009643554687500e+03
1.917990234375000000e+03
1.928041625976562500e+03
1.938089599609375000e+03
1.948208862304687500e+03
1.958325439453125000e+03
1.968439697265625000e+03
1.978552124023437500e+03
1.988737182617187500e+03
1.998995239257812500e+03
2.009177978515625000e+03
2.019360351562500000e+03
2.029616577148437500e+03
2.039650268554687500e+03
2.049832763671875000e+03
2.059941894531250000e+03
2.070052246093750000e+03
2.080163818359375000e+03
2.090128662109375000e+03
2.100021484375000000e+03
2.109916748046875000e+03
2.119740478515625000e+03
2.129493164062500000e+03
2.139175048828125000e+03
2.148860839843750000e+03
2.158327880859375000e+03
2.167650878906250000e+03
2.177052978515625000e+03
2.186312011718750000e+03
2.195427734375000000e+03
2.204400878906250000e+03
2.213305908203125000e+03
2.222143066406250000e+03
2.230690429687500000e+03
2.239244628906250000e+03
2.247657958984375000e+03
2.255930664062500000e+03
2.263988769531250000e+03
2.271906738281250000e+03
2.279685302734375000e+03
2.287324462890625000e+03
2.294898925781250000e+03
2.302260742187500000e+03
2.309335449218750000e+03
2.316420898437500000e+03
2.323219726562500000e+03
2.329806884765625000e+03
2.336405273437500000e+03
2.342643310546875000e+03
2.348819335937500000e+03
2.354709716796875000e+03
2.360464111328125000e+03
2.365933349609375000e+03
2.371341064453125000e+03
2.376464111328125000e+03
2.381452148437500000e+03
2.386230468750000000e+03
2.390799316406250000e+03
2.395159179687500000e+03
2.399235595703125000e+03
2.403177734375000000e+03
2.406985595703125000e+03
2.410510742187500000e+03
2.413753662109375000e+03
2.416788574218750000e+03
2.419690185546875000e+03
2.422384033203125000e+03
2.424722167968750000e+03
2.426927734375000000e+03
2.429074462890625000e+03
2.430865966796875000e+03
2.432451171875000000e+03
2.433755371093750000e+03
2.435076416015625000e+03
2.435968261718750000e+03
2.436654052734375000e+03
2.437134277343750000e+03
2.437408691406250000e+03
2.437477539062500000e+03
2.437415283203125000e+03
2.436999267578125000e+03
2.436452392578125000e+03
2.435700439453125000e+03
2.434669433593750000e+03
2.433507812500000000e+03
2.432067382812500000e+03
2.430496337890625000e+03
2.428646484375000000e+03
2.426666748046875000e+03
2.424408203125000000e+03
2.422019775390625000e+03
2.419427246093750000e+03
2.416630371093750000e+03
2.413703857421875000e+03
2.410498779296875000e+03
2.407163330078125000e+03
2.403623291015625000e+03
2.399877685546875000e+03
2.395927001953125000e+03
2.391844970703125000e+03
2.387557128906250000e+03
2.383063232421875000e+03
2.378510986328125000e+03
2.373603759765625000e+03
2.368712402343750000e+03
2.363613525390625000e+03
2.358381347656250000e+03
2.352941406250000000e+03
2.347367431640625000e+03
2.341659423828125000e+03
2.335816894531250000e+03
2.329764892578125000e+03
2.323652343750000000e+03
2.317329833984375000e+03
2.310871826171875000e+03
2.304351562500000000e+03
2.297695312500000000e+03
2.290902343750000000e+03
2.284046386718750000e+03
2.276978759765625000e+03
2.269847656250000000e+03
2.262653076171875000e+03
2.255394042968750000e+03
2.247848144531250000e+03
2.240311279296875000e+03
2.232709472656250000e+03
2.225042236328125000e+03
2.217309082031250000e+03
2.209435546875000000e+03
2.201569824218750000e+03
2.193562744140625000e+03
2.185488281250000000e+03
2.177346435546875000e+03
2.169210693359375000e+03
2.161006591796875000e+03
2.152733886718750000e+03
2.144317382812500000e+03
2.135906005859375000e+03
2.127572998046875000e+03
2.119169921875000000e+03
2.110918701171875000e+03
2.102522216796875000e+03
2.094054199218750000e+03
2.085588623046875000e+03
2.077124755859375000e+03
2.068588623046875000e+03
2.060202392578125000e+03
2.051742675781250000e+03
2.043357910156250000e+03
2.034750732421875000e+03
2.026366210937500000e+03
2.018055664062500000e+03
2.009670166015625000e+03
2.001357666015625000e+03
1.993118286132812500e+03
1.984802490234375000e+03
1.976633178710937500e+03
1.968461303710937500e+03
1.960360961914062500e+03
1.952405639648437500e+03
1.944446777343750000e+03
1.936483642578125000e+03
1.928739257812500000e+03
1.920915405273437500e+03
1.913235229492187500e+03
1.905697875976562500e+03
1.898154785156250000e+03
1.890679687500000000e+03
1.883346313476562500e+03
1.876154418945312500e+03
1.869029541015625000e+03
1.862045410156250000e+03
1.855053100585937500e+03
1.848200805664062500e+03
1.841562500000000000e+03
1.834914672851562500e+03
1.828480346679687500e+03
1.822184448242187500e+03
1.815878173828125000e+03
1.809784057617187500e+03
1.803827636718750000e+03
1.798008178710937500e+03
1.792325439453125000e+03
1.786779174804687500e+03
1.781294677734375000e+03
1.776020385742187500e+03
1.770955810546875000e+03
1.765952026367187500e+03
1.761083007812500000e+03
1.756496948242187500e+03
1.751896484375000000e+03
1.747578491210937500e+03
1.743393798828125000e+03
1.739342407226562500e+03
1.735424072265625000e+03
1.731787231445312500e+03
1.728208984375000000e+03
1.724763305664062500e+03
1.721599121093750000e+03
1.718567382812500000e+03
1.715593750000000000e+03
1.712975341796875000e+03
1.710489257812500000e+03
1.708135375976562500e+03
1.705987792968750000e+03
1.703972290039062500e+03
1.702163085937500000e+03
1.700485717773437500e+03
1.699014404296875000e+03
1.697749267578125000e+03
1.696541503906250000e+03
1.695688232421875000e+03
1.694892089843750000e+03
1.694376220703125000e+03
1.693917480468750000e+03
1.693738647460937500e+03
1.693691284179687500e+03
1.693849609375000000e+03
1.694139160156250000e+03
1.694634277343750000e+03
1.695334838867187500e+03
1.696166748046875000e+03
1.697278320312500000e+03
1.698521118164062500e+03
1.699895019531250000e+03
1.701548706054687500e+03
1.703259033203125000e+03
1.705100708007812500e+03
1.707147705078125000e+03
1.709474365234375000e+03
1.711857910156250000e+03
1.714446777343750000e+03
1.717166992187500000e+03
1.720092651367187500e+03
1.723149414062500000e+03
1.726411865234375000e+03
1.729731201171875000e+03
1.733330444335937500e+03
1.737061157226562500e+03
1.740923339843750000e+03
1.744916992187500000e+03
1.749042114257812500e+03
1.753373168945312500e+03
1.757835937500000000e+03
1.762430908203125000e+03
1.767157592773437500e+03
1.772016967773437500e+03
1.776934448242187500e+03
1.782059326171875000e+03
1.787242919921875000e+03
1.792708374023437500e+03
1.798158935546875000e+03
1.803817504882812500e+03
1.809535888671875000e+03
1.815388793945312500e+03
1.821450561523437500e+03
1.827424560546875000e+03
1.833608032226562500e+03
1.839927124023437500e+03
1.846307617187500000e+03
1.852750122070312500e+03
1.859328979492187500e+03
1.865896118164062500e+03
1.872749145507812500e+03
1.879516601562500000e+03
1.886421752929687500e+03
1.893390869140625000e+03
1.900424194335937500e+03
1.907596313476562500e+03
1.914758911132812500e+03
1.921986694335937500e+03
1.929280273437500000e+03
1.936565307617187500e+03
1.944065307617187500e+03
1.951483520507812500e+03
1.959042968750000000e+03
1.966595581054687500e+03
1.974216064453125000e+03
1.981756103515625000e+03
1.989439086914062500e+03
1.997042480468750000e+03
2.004715087890625000e+03
2.012383178710937500e+03
2.020121459960937500e+03
2.027856079101562500e+03
2.035587280273437500e+03
2.043389892578125000e+03
2.051115478515625000e+03
2.058764892578125000e+03
2.066412353515625000e+03
2.074132812500000000e+03
2.081852539062500000e+03
2.089497558593750000e+03
2.097142333984375000e+03
2.104787353515625000e+03
2.112358398437500000e+03
2.119856445312500000e+03
2.127430175781250000e+03
2.134782226562500000e+03
2.142285156250000000e+03
2.149567626953125000e+03
2.156927001953125000e+03
2.164140625000000000e+03
2.171283691406250000e+03
2.178504638671875000e+03
2.185506835937500000e+03
2.192513427734375000e+03
2.199376708984375000e+03
2.206244628906250000e+03
2.212969726562500000e+03
2.219626464843750000e+03
2.226215332031250000e+03
2.232662109375000000e+03
2.239041503906250000e+03
2.245279785156250000e+03
2.251451416015625000e+03
2.257482910156250000e+03
2.263522460937500000e+03
2.269273681640625000e+03
2.274959960937500000e+03
2.280730224609375000e+03
2.286138671875000000e+03
2.291483154296875000e+03
2.296764160156250000e+03
2.301833007812500000e+03
2.306839355468750000e+03
2.311708496093750000e+03
2.316366943359375000e+03
2.320963623046875000e+03
2.325350097656250000e+03
2.329601074218750000e+03
2.333717041015625000e+03
2.337772705078125000e+03
2.341619628906250000e+03
2.345332519531250000e+03
2.348837402343750000e+03
2.352134521484375000e+03
2.355298828125000000e+03
2.358479003906250000e+03
2.361303955078125000e+03
2.363997070312500000e+03
2.366558105468750000e+03
2.368987792968750000e+03
2.371212402343750000e+03
2.373157226562500000e+03
2.375120361328125000e+03
2.376803955078125000e+03
2.378431396484375000e+03
2.379780029296875000e+03
2.380924316406250000e+03
2.381864013671875000e+03
2.382748046875000000e+03
2.383354003906250000e+03
2.383755615234375000e+03
2.384028076171875000e+03
2.384096435546875000e+03
2.384109863281250000e+03
2.383845458984375000e+03
2.383303222656250000e+03
2.382631835937500000e+03
2.381905761718750000e+03
2.380902099609375000e+03
2.379769531250000000e+03
2.378359619140625000e+03
2.376821044921875000e+03
2.375079345703125000e+03
2.373060302734375000e+03
2.370986816406250000e+03
2.368636474609375000e+03
2.366083007812500000e+03
2.363475341796875000e+03
2.360590576171875000e+03
2.357577392578125000e+03
2.354361083984375000e+03
2.350942138671875000e+03
2.347394775390625000e+03
2.343569824218750000e+03
2.339691162109375000e+03
2.335460693359375000e+03
2.331175781250000000e+03
2.326688232421875000e+03
2.321923339843750000e+03
2.317104003906250000e+03
2.312081542968750000e+03
2.306855712890625000e+03
2.301501464843750000e+03
2.295869140625000000e+03
2.290182617187500000e+03
2.284366699218750000e+03
2.278421630859375000e+03
2.272272949218750000e+03
2.265846191406250000e+03
2.259438720703125000e+03
2.252752929687500000e+03
2.245937744140625000e+03
2.238992431640625000e+03
2.231842773437500000e+03
2.224488769531250000e+03
2.217152832031250000e+03
2.209538085937500000e+03
2.201792480468750000e+03
2.193916259765625000e+03
2.185983154296875000e+03
2.177844482421875000e+03
2.169574462890625000e+03
2.161172851562500000e+03
2.152639648437500000e+03
2.143825439453125000e+03
2.135250976562500000e+03
2.126320556640625000e+03
2.117332031250000000e+03
2.108210693359375000e+03
2.098956298828125000e+03
2.089642333984375000e+03
2.080195068359375000e+03
2.070614013671875000e+03
2.060972900390625000e+03
2.051197265625000000e+03
2.041287109375000000e+03
2.031464599609375000e+03
2.021358642578125000e+03
2.011265380859375000e+03
2.001110595703125000e+03
1.990819702148437500e+03
1.980466796875000000e+03
1.970125610351562500e+03
1.959573242187500000e+03
1.948957763671875000e+03
1.938352905273437500e+03
1.927610229492187500e+03
1.916952148437500000e+03
1.906006713867187500e+03
1.895145141601562500e+03
1.884292846679687500e+03
1.873375366210937500e+03
1.862317626953125000e+03
1.851342407226562500e+03
1.840226562500000000e+03
1.829118164062500000e+03
1.817942626953125000e+03
1.806848388671875000e+03
1.795686157226562500e+03
1.784455810546875000e+03
1.773305297851562500e+03
1.762086059570312500e+03
1.750722900390625000e+03
1.739587158203125000e+03
1.728307128906250000e+03
1.717030639648437500e+03
1.705831909179687500e+03
1.694710205078125000e+03
1.683516723632812500e+03
1.672250854492187500e+03
1.661061035156250000e+03
1.649872436523437500e+03
1.638461791992187500e+03
1.627422851562500000e+03
1.616235595703125000e+03
1.605196289062500000e+03
1.594081909179687500e+03
1.583114868164062500e+03
1.572146362304687500e+03
1.561175537109375000e+03
1.550350952148437500e+03
1.539449218750000000e+03
1.528618408203125000e+03
1.517858398437500000e+03
1.507242797851562500e+03
1.496548461914062500e+03
1.485997680664062500e+03
1.475516113281250000e+03
1.465028808593750000e+03
1.454683959960937500e+03
1.444332641601562500e+03
1.434123168945312500e+03
1.423980712890625000e+03
1.413904907226562500e+03
1.403895385742187500e+03
1.394026000976562500e+03
1.384147827148437500e+03
1.374409057617187500e+03
1.364809448242187500e+03
1.355199707031250000e+03
1.345728393554687500e+03
1.336320678710937500e+03
1.327124755859375000e+03
1.317991821289062500e+03
1.308921386718750000e+03
1.299987304687500000e+03
1.291115112304687500e+03
1.282230102539062500e+03
1.273629028320312500e+03
1.265088745117187500e+03
1.256682983398437500e+03
1.248411743164062500e+03
1.240200439453125000e+03
1.232123168945312500e+03
1.224105224609375000e+03
1.216220703125000000e+03
1.208543701171875000e+03
1.200851196289062500e+03
1.193439941406250000e+03
1.186086914062500000e+03
1.178791992187500000e+03
1.171703491210937500e+03
1.164746948242187500e+03
1.157922119140625000e+03
1.151154418945312500e+03
1.144592285156250000e+03
1.138087158203125000e+03
1.131712768554687500e+03
1.125543579101562500e+03
1.119504882812500000e+03
1.113522460937500000e+03
1.107670288085937500e+03
1.101948120117187500e+03
1.096430175781250000e+03
1.091042236328125000e+03
1.085783935546875000e+03
1.080655151367187500e+03
1.075581542968750000e+03
1.070785888671875000e+03
1.066045043945312500e+03
1.061433349609375000e+03
1.056950683593750000e+03
1.052671142578125000e+03
1.048446289062500000e+03
1.044424316406250000e+03
1.040456787109375000e+03
1.036617797851562500e+03
1.032981689453125000e+03
1.029474121093750000e+03
1.026094848632812500e+03
1.022844055175781250e+03
1.019721679687500000e+03
1.016653259277343750e+03
1.013787475585937500e+03
1.011124267578125000e+03
1.008514953613281250e+03
1.006034057617187500e+03
1.003681274414062500e+03
1.001456848144531250e+03
9.993605957031250000e+02
9.973927001953125000e+02
9.954789428710937500e+02
9.937681884765625000e+02
9.921862182617187500e+02
9.908076171875000000e+02
9.894838867187500000e+02
9.882152099609375000e+02
9.868532714843750000e+02
9.858441162109375000e+02
9.849649658203125000e+02
9.841417846679687500e+02
9.834490966796875000e+02
9.828870239257812500e+02
9.824559326171875000e+02
9.820074462890625000e+02
9.817647094726562500e+02
9.816536254882812500e+02
9.816000976562500000e+02
9.816045532226562500e+02
9.818156127929687500e+02
9.820850830078125000e+02
9.824132690429687500e+02
9.828746337890625000e+02
9.833951416015625000e+02
9.839752197265625000e+02
9.849122314453125000e+02
9.856863403320312500e+02
9.865208129882812500e+02
9.874902343750000000e+02
9.885205688476562500e+02
9.894635620117187500e+02
9.906908569335937500e+02
9.919058227539062500e+02
9.933315429687500000e+02
9.947454223632812500e+02
9.962221069335937500e+02
9.977620239257812500e+02
9.994395751953125000e+02
1.001180847167968750e+03
1.002837829589843750e+03
1.004707702636718750e+03
1.006568237304687500e+03
1.008493835449218750e+03
1.010559387207031250e+03
1.012541992187500000e+03
1.014665283203125000e+03
1.016855102539062500e+03
1.018963317871093750e+03
1.021213134765625000e+03
1.023456359863281250e+03
1.025767578125000000e+03
1.028147338867187500e+03
1.030447021484375000e+03
1.032815917968750000e+03
1.035179687500000000e+03
1.037613159179687500e+03
1.040116699218750000e+03
1.042764770507812500e+03
1.045334838867187500e+03
1.047901733398437500e+03
1.050465576171875000e+03
1.053101074218750000e+03
1.055585693359375000e+03
1.058216796875000000e+03
1.060846313476562500e+03
1.063400268554687500e+03
1.066101928710937500e+03
1.068728637695312500e+03
1.071354980468750000e+03
1.074055786132812500e+03
1.076608276367187500e+03
1.079235961914062500e+03
1.081938964843750000e+03
1.084494873046875000e+03
1.087126831054687500e+03
1.089686523437500000e+03
1.092322998046875000e+03
1.094813598632812500e+03
1.097307250976562500e+03
1.099878906250000000e+03
1.102305419921875000e+03
1.104736328125000000e+03
1.107171508789062500e+03
1.109611572265625000e+03
1.111982177734375000e+03
1.114358398437500000e+03
1.116665893554687500e+03
1.118905273437500000e+03
1.121150878906250000e+03
1.123328857421875000e+03
1.125513793945312500e+03
1.127706054687500000e+03
1.129757080078125000e+03
1.131667480468750000e+03
1.133734619140625000e+03
1.135661499023437500e+03
1.137522827148437500e+03
1.139393066406250000e+03
1.141198364257812500e+03
1.142938842773437500e+03
1.144614868164062500e+03
1.146375122070312500e+03
1.147922729492187500e+03
1.149480834960937500e+03
1.150900878906250000e+03
1.152331787109375000e+03
1.153699584960937500e+03
1.155004150390625000e+03
1.156171630859375000e+03
1.157350708007812500e+03
1.158392944335937500e+03
1.159521484375000000e+03
1.160439331054687500e+03
1.161295043945312500e+03
1.162163452148437500e+03
1.162970092773437500e+03
1.163640869140625000e+03
1.164250366210937500e+03
1.164872924804687500e+03
1.165360229492187500e+03
1.165786621093750000e+03
1.166152099609375000e+03
1.166382690429687500e+03
1.166626953125000000e+03
1.166736572265625000e+03
1.166786010742187500e+03
1.166775024414062500e+03
1.166704101562500000e+03
1.166573242187500000e+03
1.166233886718750000e+03
1.165983276367187500e+03
1.165598510742187500e+03
1.165080078125000000e+03
1.164576293945312500e+03
1.163938720703125000e+03
1.163241821289062500e+03
1.162485473632812500e+03
1.161669799804687500e+03
1.160795043945312500e+03
1.159786743164062500e+03
1.158719116210937500e+03
1.157592651367187500e+03
1.156406982421875000e+03
1.155013549804687500e+03
1.153709716796875000e+03
1.152272705078125000e+03
1.150776489257812500e+03
1.149146972656250000e+03
1.147532836914062500e+03
1.145785278320312500e+03
1.144052978515625000e+03
1.142112915039062500e+03
1.140262207031250000e+03
1.138277954101562500e+03
1.136234252929687500e+03
1.134056640625000000e+03
1.131819458007812500e+03
1.129596679687500000e+03
1.127313964843750000e+03
1.124822753906250000e+03
1.122419921875000000e+03
1.119882324218750000e+03
1.117284423828125000e+03
1.114700073242187500e+03
1.111980712890625000e+03
1.109126098632812500e+03
1.106359008789062500e+03
1.103456176757812500e+03
1.100566284179687500e+03
1.097614624023437500e+03
1.094526855468750000e+03
1.091451416015625000e+03
1.088313720703125000e+03
1.085113403320312500e+03
1.081850585937500000e+03
1.078450561523437500e+03
1.075136108398437500e+03
1.071683959960937500e+03
1.068316894531250000e+03
1.064811767578125000e+03
1.061317138671875000e+03
1.057683837890625000e+03
1.054060424804687500e+03
1.050372192382812500e+03
1.046693481445312500e+03
1.042949462890625000e+03
1.039214355468750000e+03
1.035413696289062500e+03
1.031546752929687500e+03
1.027688232421875000e+03
1.023763061523437500e+03
1.019845458984375000e+03
1.015860900878906250e+03
1.011883300781250000e+03
1.007912597656250000e+03
1.003799682617187500e+03
9.997672119140625000e+02
9.956664428710937500e+02
9.915713500976562500e+02
9.874072875976562500e+02
9.833226318359375000e+02
9.790942382812500000e+02
9.749445800781250000e+02
9.707249145507812500e+02
9.665092773437500000e+02
9.622972412109375000e+02
9.581630249023437500e+02
9.539575805664062500e+02
9.496806640625000000e+02
9.454807128906250000e+02
9.412085571289062500e+02
9.370128173828125000e+02
9.327445068359375000e+02
9.285518798828125000e+02
9.243603515625000000e+02
9.201695556640625000e+02
9.158308105468750000e+02
9.116409912109375000e+02
9.073766479492187500e+02
9.031864013671875000e+02
8.989954223632812500e+02
8.948035888671875000e+02
8.906104125976562500e+02
8.864158325195312500e+02
8.822938232421875000e+02
8.781695556640625000e+02
8.741174316406250000e+02
8.699880981445312500e+02
8.659302368164062500e+02
8.617203979492187500e+02
8.576557006835937500e+02
8.535872192382812500e+02
8.496631469726562500e+02
8.456604003906250000e+02
8.419501342773437500e+02
8.380864257812500000e+02
8.342173461914062500e+02
8.304170532226562500e+02
8.266109619140625000e+02
8.227987670898437500e+02
8.191289062500000000e+02
8.153780517578125000e+02
8.116945800781250000e+02
8.080783081054687500e+02
8.045289306640625000e+02
8.009718627929687500e+02
7.974067993164062500e+02
7.939078979492187500e+02
7.904748535156250000e+02
7.871074829101562500e+02
7.837311401367187500e+02
7.804942626953125000e+02
7.771737670898437500e+02
7.739180908203125000e+02
7.707269287109375000e+02
7.676745605468750000e+02
7.646121215820312500e+02
7.615393676757812500e+02
7.585305786132812500e+02
7.555854492187500000e+02
7.527038574218750000e+02
7.498856811523437500e+02
7.471307373046875000e+02
7.443645019531250000e+02
7.417355957031250000e+02
7.390952148437500000e+02
7.365173950195312500e+02
7.340095214843750000e+02
7.315715332031250000e+02
7.291660766601562500e+02
7.268302001953125000e+02
7.245341186523437500e+02
7.222775878906250000e+02
7.200903930664062500e+02
7.179575195312500000e+02
7.158713378906250000e+02
7.138467407226562500e+02
7.118762207031250000e+02
7.099670410156250000e+02
7.081191406250000000e+02
7.063250122070312500e+02
7.045921020507812500e+02
7.029128417968750000e+02
7.012946166992187500e+02
6.997225341796875000e+02
6.982114257812500000e+02
6.967611694335937500e+02
6.953717651367187500e+02
6.940357666015625000e+02
6.927531738281250000e+02
6.915312500000000000e+02
6.903627319335937500e+02
6.892474365234375000e+02
6.882003784179687500e+02
6.871990356445312500e+02
6.862510375976562500e+02
6.853637695312500000e+02
6.845297241210937500e+02
6.837415161132812500e+02
6.830215454101562500e+02
6.823547973632812500e+02
6.817340087890625000e+02
6.811667480468750000e+02
6.806530151367187500e+02
6.801928100585937500e+02
6.797714843750000000e+02
6.794188842773437500e+02
6.791126708984375000e+02
6.788456420898437500e+02
6.786400756835937500e+02
6.784739379882812500e+02
6.783843383789062500e+02
6.783194580078125000e+02
6.783091430664062500e+02
6.783386840820312500e+02
6.784230346679687500e+02
6.785548706054687500e+02
6.787195434570312500e+02
6.789320678710937500e+02
6.791850585937500000e+02
6.794787597656250000e+02
6.798206787109375000e+02
6.802036743164062500e+02
6.806278076171875000e+02
6.810858764648437500e+02
6.815928344726562500e+02
6.821192626953125000e+02
6.827023925781250000e+02
6.833127441406250000e+02
6.839579467773437500e+02
6.846456298828125000e+02
6.853535766601562500e+02
6.861044311523437500e+02
6.868835449218750000e+02
6.876910400390625000e+02
6.885346069335937500e+02
6.894069824218750000e+02
6.903010864257812500e+02
6.912318115234375000e+02
6.921847534179687500e+02
6.931599121093750000e+02
6.941577148437500000e+02
6.951856689453125000e+02
6.962366943359375000e+02
6.972961425781250000e+02
6.983865356445312500e+02
6.995007324218750000e+02
7.006240234375000000e+02
7.017790527343750000e+02
7.029363403320312500e+02
7.041183471679687500e+02
7.053031616210937500e+02
7.065131835937500000e+02
7.077264404296875000e+02
7.089655151367187500e+02
7.102158203125000000e+02
7.114700317382812500e+02
7.127211914062500000e+02
7.139842529296875000e+02
7.152372436523437500e+02
7.165175781250000000e+02
7.177808837890625000e+02
7.190572509765625000e+02
7.203097534179687500e+02
7.216500244140625000e+02
7.229149169921875000e+02
7.241789550781250000e+02
7.255168457031250000e+02
7.267800903320312500e+02
7.280433349609375000e+02
7.293067016601562500e+02
7.305706176757812500e+02
7.318352661132812500e+02
7.331009521484375000e+02
7.343679199218750000e+02
7.356362915039062500e+02
7.369064941406250000e+02
7.381788330078125000e+02
7.393790283203125000e+02
7.405817871093750000e+02
7.417873535156250000e+02
7.428472900390625000e+02
7.440591430664062500e+02
7.451259155273437500e+02
7.461965332031250000e+02
7.472711181640625000e+02
7.482756958007812500e+02
7.494334106445312500e+02
7.504472656250000000e+02
7.513918457031250000e+02
7.524158935546875000e+02
7.533711547851562500e+02
7.543321533203125000e+02
7.552247314453125000e+02
7.561235351562500000e+02
7.570286865234375000e+02
7.578662109375000000e+02
7.586362304687500000e+02
7.594134521484375000e+02
7.601978759765625000e+02
7.609154663085937500e+02
7.616408691406250000e+02
7.622998046875000000e+02
7.628925170898437500e+02
7.635677490234375000e+02
7.641028442382812500e+02
7.645722045898437500e+02
7.651989746093750000e+02
7.656117553710937500e+02
7.661079101562500000e+02
7.665390625000000000e+02
7.669053344726562500e+02
7.671325073242187500e+02
7.674437866210937500e+02
7.676905517578125000e+02
7.679474487304687500e+02
7.680658569335937500e+02
7.681945800781250000e+02
7.682593383789062500e+02
7.683347778320312500e+02
7.683466186523437500e+02
7.683692016601562500e+02
7.682541503906250000e+02
7.682244873046875000e+02
7.680573120117187500e+02
7.678270874023437500e+02
7.676825561523437500e+02
7.674008789062500000e+02
7.670565185546875000e+02
7.667236938476562500e+02
7.663283691406250000e+02
7.658705444335937500e+02
7.654989013671875000e+02
7.649906005859375000e+02
7.644199829101562500e+02
7.638614501953125000e+02
7.631665039062500000e+02
7.624837036132812500e+02
7.617387695312500000e+02
7.610061645507812500e+02
7.602115478515625000e+02
7.593549804687500000e+02
7.584365234375000000e+02
7.575303955078125000e+02
7.564880371093750000e+02
7.555324707031250000e+02
7.543664550781250000e+02
7.532870483398437500e+02
7.521458129882812500e+02
7.509427490234375000e+02
7.497520751953125000e+02
7.484251708984375000e+02
7.471105346679687500e+02
7.458082275390625000e+02
7.444438476562500000e+02
7.430172119140625000e+02
7.414541625976562500e+02
7.399774169921875000e+02
7.384382934570312500e+02
7.368367309570312500e+02
7.352470092773437500e+02
7.335946044921875000e+02
7.318052368164062500e+02
7.301017456054687500e+02
7.282609863281250000e+02
7.265059204101562500e+02
7.246134643554687500e+02
7.227321166992187500e+02
7.208617553710937500e+02
7.187793579101562500e+02
7.168563842773437500e+02
7.148696899414062500e+02
7.128192749023437500e+02
7.106306152343750000e+02
7.085265502929687500e+02
7.063582763671875000e+02
7.042000122070312500e+02
7.019773559570312500e+02
6.997643432617187500e+02
6.974866333007812500e+02
6.951513671875000000e+02
6.928328857421875000e+02
6.904640502929687500e+02
6.880967407226562500e+02
6.856787719726562500e+02
6.832322998046875000e+02
6.807571411132812500e+02
6.782754516601562500e+02
6.757423706054687500e+02
6.731950073242187500e+02
6.706256713867187500e+02
6.680416259765625000e+02
6.654278564453125000e+02
6.627916259765625000e+02
6.601401367187500000e+02
6.574658203125000000e+02
6.547684326171875000e+02
6.520626831054687500e+02
6.493334350585937500e+02
6.465880737304687500e+02
6.438262329101562500e+02
6.410478515625000000e+02
6.382600708007812500e+02
6.354553222656250000e+02
6.326333618164062500e+02
6.298013305664062500e+02
6.269591064453125000e+02
6.241065063476562500e+02
6.212358398437500000e+02
6.183691406250000000e+02
6.154765625000000000e+02
6.125800781250000000e+02
6.096721191406250000e+02
6.067672729492187500e+02
6.038727416992187500e+02
6.009512329101562500e+02
5.980321655273437500e+02
5.951079101562500000e+02
5.921782226562500000e+02
5.892577514648437500e+02
5.863240356445312500e+02
5.833840942382812500e+02
5.804528198242187500e+02
5.775149536132812500e+02
5.745776977539062500e+02
5.716483154296875000e+02
5.687191162109375000e+02
5.657899169921875000e+02
5.628678588867187500e+02
5.599527587890625000e+02
5.570368652343750000e+02
5.541349487304687500e+02
5.512318725585937500e+02
5.483422851562500000e+02
5.454584960937500000e+02
5.425803222656250000e+02
5.397223510742187500e+02
5.368770141601562500e+02
5.340067749023437500e+02
5.311710815429687500e+02
5.283472900390625000e+02
5.255351562500000000e+02
5.227271728515625000e+02
5.199378662109375000e+02
5.171670532226562500e+02
5.143997192382812500e+02
5.116505126953125000e+02
5.089265747070312500e+02
5.062129211425781250e+02
5.035242004394531250e+02
5.008379516601562500e+02
4.981836547851562500e+02
4.955388488769531250e+02
4.929182739257812500e+02
4.903068847656250000e+02
4.877268066406250000e+02
4.851629638671875000e+02
4.826227416992187500e+02
4.801132812500000000e+02
4.776196594238281250e+02
4.751268310546875000e+02
4.726568908691406250e+02
4.702171936035156250e+02
4.678075866699218750e+02
4.654279174804687500e+02
4.630631713867187500e+02
4.607131958007812500e+02
4.583927307128906250e+02
4.561091308593750000e+02
4.538474121093750000e+02
4.516147460937500000e+02
4.493963317871093750e+02
4.472067871093750000e+02
4.450609130859375000e+02
4.429288635253906250e+02
4.408253784179687500e+02
4.387503356933593750e+02
4.367037353515625000e+02
4.346928100585937500e+02
4.326952209472656250e+02
4.307257080078125000e+02
4.287990722656250000e+02
4.268854980468750000e+02
4.250145874023437500e+02
4.231565856933593750e+02
4.213411254882812500e+02
4.195532836914062500e+02
4.178004455566406250e+02
4.160676269531250000e+02
4.143622436523437500e+02
4.126990356445312500e+02
4.110557250976562500e+02
4.094471435546875000e+02
4.078582763671875000e+02
4.063114624023437500e+02
4.047992248535156250e+02
4.033066101074218750e+02
4.018484497070312500e+02
4.004173583984375000e+02
3.990206909179687500e+02
3.976509704589843750e+02
3.963008117675781250e+02
3.949999389648437500e+02
3.937185974121093750e+02
3.924717102050781250e+02
3.912518615722656250e+02
3.900590209960937500e+02
3.888932800292968750e+02
3.877695007324218750e+02
3.866728210449218750e+02
3.855958862304687500e+02
3.845610351562500000e+02
3.835385437011718750e+02
3.825582275390625000e+02
3.816052551269531250e+02
3.806722412109375000e+02
3.797740783691406250e+02
3.789034423828125000e+02
3.780455322265625000e+02
3.772375488281250000e+02
3.764498596191406250e+02
3.756899108886718750e+02
3.749504089355468750e+02
3.742462768554687500e+02
3.735701904296875000e+02
3.729147644042968750e+02
3.722800903320312500e+02
3.716737060546875000e+02
3.710957336425781250e+02
3.705462646484375000e+02
3.700030517578125000e+02
3.695034179687500000e+02
3.690251159667968750e+02
3.685831909179687500e+02
3.681480102539062500e+02
3.677419433593750000e+02
3.673577270507812500e+02
3.669880065917968750e+02
3.666552124023437500e+02
3.663372192382812500e+02
3.660341186523437500e+02
3.657608642578125000e+02
3.655028076171875000e+02
3.652600708007812500e+02
3.650401611328125000e+02
3.648358764648437500e+02
3.646621398925781250e+02
3.645042419433593750e+02
3.643623962402343750e+02
3.642366638183593750e+02
3.641272583007812500e+02
3.640417480468750000e+02
3.639654235839843750e+02
3.639058532714843750e+02
3.638706359863281250e+02
3.638450927734375000e+02
3.638219604492187500e+02
3.638310852050781250e+02
3.638503723144531250e+02
3.638725280761718750e+02
3.639200134277343750e+02
3.639707336425781250e+02
3.640397033691406250e+02
3.641122131347656250e+02
3.642032775878906250e+02
3.643057250976562500e+02
3.644122009277343750e+02
3.645377807617187500e+02
3.646677856445312500e+02
3.648023376464843750e+02
3.649565124511718750e+02
3.651156311035156250e+02
3.652723999023437500e+02
3.654493103027343750e+02
3.656168212890625000e+02
3.658048400878906250e+02
3.659986267089843750e+02
3.661835327148437500e+02
3.663819885253906250e+02
3.665868225097656250e+02
3.667981262207031250e+02
3.670012512207031250e+02
3.672186584472656250e+02
3.674356384277343750e+02
3.676597900390625000e+02
3.678839111328125000e+02
3.681007080078125000e+02
3.683326416015625000e+02
3.685501708984375000e+02
3.687683410644531250e+02
3.689947204589843750e+02
3.692220458984375000e+02
3.694431152343750000e+02
3.696580200195312500e+02
3.698818359375000000e+02
3.700998535156250000e+02
3.703048095703125000e+02
3.705191650390625000e+02
3.707282104492187500e+02
3.709320983886718750e+02
3.711235961914062500e+02
3.713251037597656250e+02
3.715144958496093750e+02
3.716993408203125000e+02
3.718797607421875000e+02
3.720485229492187500e+02
3.722205505371093750e+02
3.723811645507812500e+02
3.725379638671875000e+02
3.726835632324218750e+02
3.728181457519531250e+02
3.729566955566406250e+02
3.730770874023437500e+02
3.731867980957031250e+02
3.732860107421875000e+02
3.733897094726562500e+02
3.734756774902343750e+02
3.735440673828125000e+02
3.736098632812500000e+02
3.736731262207031250e+02
3.737191772460937500e+02
3.737629394531250000e+02
3.737896728515625000e+02
3.737994689941406250e+02
3.737998657226562500e+02
3.737909545898437500e+02
3.737728576660156250e+02
3.737381896972656250e+02
3.737019653320312500e+02
3.736344909667968750e+02
3.735656127929687500e+02
3.734805297851562500e+02
3.733867797851562500e+02
3.732769470214843750e+02
3.731511840820312500e+02
3.730169677734375000e+02
3.728669128417968750e+02
3.727011108398437500e+02
3.725344543457031250e+02
3.723372802734375000e+02
3.721468811035156250e+02
3.719260253906250000e+02
3.716971435546875000e+02
3.714528808593750000e+02
3.711932067871093750e+02
3.709181823730468750e+02
3.706353149414062500e+02
3.703297119140625000e+02
3.700089111328125000e+02
3.696729125976562500e+02
3.693217468261718750e+02
3.689628601074218750e+02
3.685888366699218750e+02
3.681996459960937500e+02
3.677953491210937500e+02
3.673833312988281250e+02
3.669487304687500000e+02
3.664915771484375000e+02
3.660341491699218750e+02
3.655541381835937500e+02
3.650588989257812500e+02
3.645485229492187500e+02
3.640303344726562500e+02
3.635043945312500000e+02
3.629483337402343750e+02
3.623843994140625000e+02
3.618051757812500000e+02
3.612106018066406250e+02
3.606081237792968750e+02
3.599827880859375000e+02
3.593494262695312500e+02
3.587080078125000000e+02
3.580361633300781250e+02
3.573636474609375000e+02
3.566754760742187500e+02
3.559790649414062500e+02
3.552520751953125000e+02
3.545241394042968750e+02
3.537803344726562500e+02
3.530280456542968750e+02
3.522672119140625000e+02
3.514754638671875000e+02
3.506824951171875000e+02
3.498881835937500000e+02
3.490702209472656250e+02
3.482433166503906250e+02
3.474074401855468750e+02
3.465625305175781250e+02
3.457010192871093750e+02
3.448228759765625000e+02
3.439428405761718750e+02
3.430534057617187500e+02
3.421396179199218750e+02
3.412311401367187500e+02
3.403129577636718750e+02
3.393552856445312500e+02
3.384249267578125000e+02
3.374697265625000000e+02
3.365044555664062500e+02
3.355364379882812500e+02
3.345656127929687500e+02
3.335917968750000000e+02
3.326000671386718750e+02
3.315903320312500000e+02
3.305773010253906250e+02
3.295682983398437500e+02
3.285409240722656250e+02
3.275099182128906250e+02
3.264751892089843750e+02
3.254366149902343750e+02
3.243791503906250000e+02
3.233250732421875000e+02
3.222667236328125000e+02
3.211966247558593750e+02
3.201294860839843750e+02
3.190577697753906250e+02
3.179738769531250000e+02
3.168851318359375000e+02
3.157765808105468750e+02
3.146852111816406250e+02
3.135960083007812500e+02
3.124940490722656250e+02
3.114163513183593750e+02
3.103106994628906250e+02
3.092067565917968750e+02
3.080968933105468750e+02
3.069959106445312500e+02
3.058813476562500000e+02
3.047679443359375000e+02
3.036555786132812500e+02
3.025440979003906250e+02
3.014259338378906250e+02
3.003158264160156250e+02
2.992062377929687500e+02
2.980895996093750000e+02
2.969731750488281250e+02
2.958642883300781250e+02
2.947554016113281250e+02
2.936389160156250000e+02
2.925370178222656250e+02
2.914346923828125000e+02
2.903318481445312500e+02
2.892283325195312500e+02
2.881314392089843750e+02
2.870559082031250000e+02
2.859570617675781250e+02
2.848719177246093750e+02
2.837854919433593750e+02
2.827050476074218750e+02
2.816305236816406250e+02
2.805394897460937500e+02
2.794838256835937500e+02
2.784114074707031250e+02
2.773518676757812500e+02
2.762976379394531250e+02
2.752560424804687500e+02
2.742120971679687500e+02
2.731731567382812500e+02
2.721465454101562500e+02
2.711172485351562500e+02
2.701074829101562500e+02
2.691022949218750000e+02
2.680867004394531250e+02
2.670977478027343750e+02
2.661056823730468750e+02
2.651325988769531250e+02
2.641487426757812500e+02
2.631837158203125000e+02
2.622300109863281250e+02
2.612800903320312500e+02
2.603338928222656250e+02
2.594061584472656250e+02
2.584819335937500000e+02
2.575686340332031250e+02
2.566660766601562500e+02
2.557668457031250000e+02
2.548782196044921875e+02
2.539927368164062500e+02
2.531251525878906250e+02
2.522679901123046875e+02
2.514211578369140625e+02
2.505771484375000000e+02
2.497507781982421875e+02
2.489345245361328125e+02
2.481283569335937500e+02
2.473247375488281250e+02
2.465310668945312500e+02
2.457621612548828125e+02
2.449882202148437500e+02
2.442314605712890625e+02
2.434918670654296875e+02
2.427545013427734375e+02
2.420267639160156250e+02
2.413160400390625000e+02
2.406073913574218750e+02
2.399156646728515625e+02
2.392408294677734375e+02
2.385679779052734375e+02
2.379119110107421875e+02
2.372577514648437500e+02
2.366203155517578125e+02
2.359995880126953125e+02
2.353807220458984375e+02
2.347933959960937500e+02
2.341855773925781250e+02
2.336018829345703125e+02
2.330348205566406250e+02
2.324770050048828125e+02
2.319209289550781250e+02
2.313815307617187500e+02
2.308587799072265625e+02
2.303452606201171875e+02
2.298483581542968750e+02
2.293533020019531250e+02
2.288748931884765625e+02
2.283983154296875000e+02
2.279458770751953125e+02
2.274953155517578125e+02
2.270614471435546875e+02
2.266369323730468750e+02
2.262143402099609375e+02
2.258159790039062500e+02
2.254196166992187500e+02
2.250252532958984375e+02
2.246626434326171875e+02
2.242946777343750000e+02
2.239288024902343750e+02
2.235948333740234375e+02
2.232556152343750000e+02
2.229335021972656250e+02
2.226285247802734375e+02
2.223258819580078125e+02
2.220330200195312500e+02
2.217500457763671875e+02
2.214769897460937500e+02
2.212138824462890625e+02
2.209533843994140625e+02
2.207103881835937500e+02
2.204775848388671875e+02
2.202475280761718750e+02
2.200351867675781250e+02
2.198183135986328125e+02
2.196193084716796875e+02
2.194307861328125000e+02
2.192379302978515625e+02
2.190631561279296875e+02
2.188842315673828125e+02
2.187309570312500000e+02
2.185736694335937500e+02
2.184273071289062500e+02
2.182919464111328125e+02
2.181602783203125000e+02
2.180398101806640625e+02
2.179231414794921875e+02
2.178104248046875000e+02
2.177017059326171875e+02
2.176342315673828125e+02
2.175189056396484375e+02
2.174375915527343750e+02
2.173532409667968750e+02
2.172807312011718750e+02
2.172127838134765625e+02
2.171494598388671875e+02
2.170908813476562500e+02
2.170445556640625000e+02
2.169957122802734375e+02
2.169593200683593750e+02
2.169131622314453125e+02
2.168871002197265625e+02
2.168514404296875000e+02
2.168286285400390625e+02
2.168038482666015625e+02
2.167846984863281250e+02
2.167786407470703125e+02
2.167635345458984375e+02
2.167542724609375000e+02
2.167510223388671875e+02
2.167464141845703125e+02
2.167479553222656250e+02
2.167558135986328125e+02
2.167551727294921875e+02
2.167610015869140625e+02
2.167734222412109375e+02
2.167850799560546875e+02
2.168035125732421875e+02
2.168139648437500000e+02
2.168239593505859375e+02
2.168410339355468750e+02
2.168578338623046875e+02
2.168819122314453125e+02
2.168910980224609375e+02
2.169002990722656250e+02
2.169171142578125000e+02
2.169341583251953125e+02
2.169589538574218750e+02
2.169693756103515625e+02
2.169803314208984375e+02
2.169993591308593750e+02
2.170117034912109375e+02
2.170174865722656250e+02
2.170316314697265625e+02
2.170393981933593750e+02
2.170482940673828125e+02
2.170583953857421875e+02
2.170549926757812500e+02
2.170604553222656250e+02
2.170525360107421875e+02
2.170536804199218750e+02
2.170490875244140625e+02
2.170314331054687500e+02
2.170231018066406250e+02
2.170092773437500000e+02
2.169826965332031250e+02
2.169656829833984375e+02
2.169434661865234375e+02
2.169235839843750000e+02
2.168838195800781250e+02
2.168465728759765625e+02
2.168044738769531250e+02
2.167650299072265625e+02
2.167208862304687500e+02
2.166647338867187500e+02
2.166040496826171875e+02
2.165463104248046875e+02
2.164693908691406250e+02
2.164029693603515625e+02
2.163323516845703125e+02
2.162427062988281250e+02
2.161638488769531250e+02
2.160660858154296875e+02
2.159643554687500000e+02
2.158661651611328125e+02
2.157567138671875000e+02
2.156509094238281250e+02
2.155265045166015625e+02
2.153984527587890625e+02
2.152742004394531250e+02
2.151240997314453125e+02
2.149853515625000000e+02
2.148431396484375000e+02
2.146826171875000000e+02
2.145261535644531250e+02
2.143514862060546875e+02
2.141883697509765625e+02
2.140071411132812500e+02
2.138300933837890625e+02
2.136349945068359375e+02
2.134367218017578125e+02
2.132353057861328125e+02
2.130233306884765625e+02
2.127934112548828125e+02
2.125752868652343750e+02
2.123392486572265625e+02
2.121001434326171875e+02
2.118506011962890625e+02
2.115980224609375000e+02
2.113424377441406250e+02
2.110764160156250000e+02
2.108074188232421875e+02
2.105279998779296875e+02
2.102455749511718750e+02
2.099527435302734375e+02
2.096569366455078125e+02
2.093432922363281250e+02
2.090266723632812500e+02
2.087144775390625000e+02
2.083844451904296875e+02
2.080439758300781250e+02
2.077079620361328125e+02
2.073540649414062500e+02
2.069971771240234375e+02
2.066372528076171875e+02
2.062668914794921875e+02
2.058934631347656250e+02
2.055095825195312500e+02
2.051151733398437500e+02
2.047251586914062500e+02
2.043246002197265625e+02
2.038986206054687500e+02
2.034918365478515625e+02
2.030670471191406250e+02
2.026390991210937500e+02
2.022079467773437500e+02
2.017587432861328125e+02
2.013211822509765625e+02
2.008654937744140625e+02
2.004065246582031250e+02
1.999368286132812500e+02
1.994712219238281250e+02
1.989873962402343750e+02
1.985150299072265625e+02
1.980243682861328125e+02
1.975228118896484375e+02
1.970251770019531250e+02
1.965240020751953125e+02
1.960118103027343750e+02
1.954960021972656250e+02
1.949765167236328125e+02
1.944532928466796875e+02
1.939263153076171875e+02
1.933880920410156250e+02
1.928459930419921875e+02
1.922999725341796875e+02
1.917573852539062500e+02
1.911958923339843750e+02
1.906377105712890625e+02
1.900753631591796875e+02
1.895013275146484375e+02
1.889378509521484375e+02
1.883625793457031250e+02
1.877828369140625000e+02
1.871985626220703125e+02
1.866097106933593750e+02
1.860235900878906250e+02
1.854253082275390625e+02
1.848370361328125000e+02
1.842364349365234375e+02
1.836308441162109375e+02
1.830276031494140625e+02
1.824117584228515625e+02
1.817981109619140625e+02
1.811791534423828125e+02
1.805621948242187500e+02
1.799471893310546875e+02
1.793191680908203125e+02
1.787003326416015625e+02
1.780683288574218750e+02
1.774453277587890625e+02
1.768089904785156250e+02
1.761740570068359375e+02
1.755404510498046875e+02
1.749081268310546875e+02
1.742695159912109375e+02
1.736320037841796875e+02
1.729880523681640625e+02
1.723450012207031250e+02
1.717028045654296875e+02
1.710539398193359375e+02
1.704131774902343750e+02
1.697655944824218750e+02
1.691259460449218750e+02
1.684718780517578125e+02
1.678181915283203125e+02
1.671647949218750000e+02
1.665190582275390625e+02
1.658660278320312500e+02
1.652130737304687500e+02
1.645749969482421875e+02
1.639294433593750000e+02
1.632762908935546875e+02
1.626304168701171875e+02
1.619842376708984375e+02
1.613377685546875000e+02
1.606908874511718750e+02
1.600509948730468750e+02
1.594105987548828125e+02
1.587696228027343750e+02
1.581354522705078125e+02
1.574931488037109375e+02
1.568575286865234375e+02
1.562210845947265625e+02
1.555912170410156250e+02
1.549604187011718750e+02
1.543285980224609375e+02
1.537031860351562500e+02
1.530840759277343750e+02
1.524563598632812500e+02
1.518348388671875000e+02
1.512268829345703125e+02
1.506175689697265625e+02
1.499994049072265625e+02
1.493945922851562500e+02
1.487956848144531250e+02
1.481951599121093750e+02
1.475929718017578125e+02
1.469964447021484375e+02
1.464204406738281250e+02
1.458351135253906250e+02
1.452478332519531250e+02
1.446660156250000000e+02
1.440895233154296875e+02
1.435183563232421875e+02
1.429449768066406250e+02
1.423767700195312500e+02
1.418136444091796875e+02
1.412555847167968750e+02
1.407098999023437500e+02
1.401542510986328125e+02
1.396109008789062500e+02
1.390797576904296875e+02
1.385384674072265625e+02
1.380092773437500000e+02
1.374772491455078125e+02
1.369571990966796875e+02
1.364342041015625000e+02
1.359230804443359375e+02
1.354163360595703125e+02
1.349064941406250000e+02
1.344009399414062500e+02
1.339070739746093750e+02
1.334173736572265625e+02
1.329244384765625000e+02
1.324504699707031250e+02
1.319657440185546875e+02
1.314999542236328125e+02
1.310307769775390625e+02
1.305655975341796875e+02
1.301118621826171875e+02
1.296546783447265625e+02
1.292089080810546875e+02
1.287670593261718750e+02
1.283291778564453125e+02
1.278952255249023438e+02
1.274652099609375000e+02
1.270391311645507812e+02
1.266169891357421875e+02
1.262062225341796875e+02
1.257919769287109375e+02
1.253965301513671875e+02
1.249976348876953125e+02
1.245952835083007812e+02
1.242117919921875000e+02
1.238323135375976562e+02
1.234494400024414062e+02
1.230706024169921875e+02
1.227032775878906250e+02
1.223400344848632812e+02
1.219809036254882812e+02
1.216333389282226562e+02
1.212825164794921875e+02
1.209433059692382812e+02
1.206008834838867188e+02
1.202701187133789062e+02
1.199510498046875000e+02
1.196362686157226562e+02
1.193258056640625000e+02
1.190122375488281250e+02
1.187030334472656250e+02
1.184056396484375000e+02
1.180977935791015625e+02
1.178017883300781250e+02
1.175251159667968750e+02
1.172677612304687500e+02
1.169926071166992188e+02
1.167219619750976562e+02
1.164558410644531250e+02
1.162016830444335938e+02
1.159446640014648438e+02
1.156922225952148438e+02
1.154518051147460938e+02
1.152085571289062500e+02
1.149699325561523438e+02
1.147433700561523438e+02
1.145214691162109375e+02
1.142968063354492188e+02
1.140842590332031250e+02
1.138689956665039062e+02
1.136584472656250000e+02
1.134600601196289062e+02
1.132590103149414062e+02
1.130627212524414062e+02
1.128712387084960938e+02
1.126845779418945312e+02
1.124953308105468750e+02
1.123034973144531250e+02
1.121240081787109375e+02
1.119568634033203125e+02
1.117872467041015625e+02
1.116151733398437500e+02
1.114481201171875000e+02
1.112935638427734375e+02
1.111366806030273438e+02
1.109774856567382812e+02
1.108309326171875000e+02
1.106747360229492188e+02
1.105386962890625000e+02
1.104005584716796875e+02
1.102529449462890625e+02
1.101182327270507812e+02
1.099815902709960938e+02
1.098505401611328125e+02
1.097176971435546875e+02
1.095831451416015625e+02
1.094617996215820312e+02
1.093388977050781250e+02
1.091996307373046875e+02
1.090663757324218750e+02
1.089615097045898438e+02
1.088405227661132812e+02
1.087257843017578125e+02
1.086248245239257812e+02
1.085377044677734375e+02
1.084273605346679688e+02
1.083236160278320312e+02
1.082265167236328125e+02
1.081139068603515625e+02
1.080229873657226562e+02
1.079315490722656250e+02
1.078322601318359375e+02
1.077474746704101562e+02
1.076401290893554688e+02
1.075474548339843750e+02
1.074695205688476562e+02
1.073766632080078125e+02
1.072912673950195312e+02
1.072059478759765625e+02
1.070984802246093750e+02
1.070209579467773438e+02
1.069585494995117188e+02
1.068816146850585938e+02
1.067976226806640625e+02
1.067214889526367188e+02
1.066383895874023438e+02
1.065632476806640625e+02
1.064886627197265625e+02
1.064072418212890625e+02
1.063338928222656250e+02
1.062611999511718750e+02
1.061817779541015625e+02
1.061105117797851562e+02
1.060474243164062500e+02
1.059702453613281250e+02
1.058864288330078125e+02
1.058182830810546875e+02
1.057435531616210938e+02
1.056696701049804688e+02
1.055966491699218750e+02
1.055393753051757812e+02
1.054681320190429688e+02
1.053903656005859375e+02
1.053060989379882812e+02
1.052301940917968750e+02
1.051552581787109375e+02
1.050589828491210938e+02
1.049785690307617188e+02
1.048991470336914062e+02
1.048133239746093750e+02
1.047285385131835938e+02
1.046373977661132812e+02
1.045473327636718750e+02
1.044732589721679688e+02
1.043780212402343750e+02
1.042839584350585938e+02
1.041911087036132812e+02
1.040994949340820312e+02
1.040091552734375000e+02
1.039201354980468750e+02
1.038176116943359375e+02
1.037313461303710938e+02
1.036168060302734375e+02
1.035037612915039062e+02
1.033996887207031250e+02
1.032897796630859375e+02
1.031889419555664062e+02
1.030749435424804688e+02
1.029626846313476562e+02
1.028448028564453125e+02
1.027287902832031250e+02
1.026072463989257812e+02
1.024876785278320312e+02
1.023701324462890625e+02
1.022472381591796875e+02
1.021190414428710938e+02
1.019930267333984375e+02
1.018692474365234375e+02
1.017328948974609375e+02
1.016063079833984375e+02
1.014746551513671875e+02
1.013379974365234375e+02
1.011963653564453125e+02
1.010646591186523438e+02
1.009280319213867188e+02
1.007791061401367188e+02
1.006401824951171875e+02
1.004889984130859375e+02
1.003478546142578125e+02
1.001944732666015625e+02
1.000511627197265625e+02
9.989561462402343750e+01
9.975012969970703125e+01
9.959984588623046875e+01
9.944475555419921875e+01
9.928482055664062500e+01
9.912747192382812500e+01
9.896524810791015625e+01
9.880555725097656250e+01
9.864093017578125000e+01
9.847133636474609375e+01
9.830416870117187500e+01
9.813936614990234375e+01
9.796205139160156250e+01
9.778701782226562500e+01
9.762165832519531250e+01
9.743618011474609375e+01
9.726026916503906250e+01
9.707901763916015625e+01
9.689977264404296875e+01
9.670762634277343750e+01
9.653225708007812500e+01
9.634387969970703125e+01
9.614986419677734375e+01
9.596501159667968750e+01
9.576699066162109375e+01
9.557060241699218750e+01
9.536836242675781250e+01
9.517509460449218750e+01
9.496844482421875000e+01
9.476323699951171875e+01
9.455200195312500000e+01
9.434956359863281250e+01
9.414102935791015625e+01
9.391893005371093750e+01
9.370554351806640625e+01
9.348597717285156250e+01
9.326763916015625000e+01
9.305051422119140625e+01
9.282717132568359375e+01
9.260501098632812500e+01
9.237661743164062500e+01
9.214941406250000000e+01
9.191596221923828125e+01
9.169113922119140625e+01
9.145264434814453125e+01
9.121536254882812500e+01
9.098672485351562500e+01
9.074445343017578125e+01
9.050343322753906250e+01
9.027109527587890625e+01
9.002516937255859375e+01
8.978796386718750000e+01
8.953720092773437500e+01
8.930261230468750000e+01
8.904706573486328125e+01
8.880772399902343750e+01
8.856230163574218750e+01
8.831824493408203125e+01
8.807555389404296875e+01
8.782679748535156250e+01
8.757941436767578125e+01
8.734081268310546875e+01
8.708870697021484375e+01
8.684537506103515625e+01
8.659593200683593750e+01
8.634779357910156250e+01
8.610092926025390625e+01
8.585530090332031250e+01
8.561088562011718750e+01
8.536020660400390625e+01
8.511806488037109375e+01
8.486955261230468750e+01
8.462206268310546875e+01
8.436808013916015625e+01
8.412983703613281250e+01
8.388497161865234375e+01
8.364084625244140625e+01
8.339737701416015625e+01
8.315447998046875000e+01
8.290464019775390625e+01
8.267006683349609375e+01
8.242835998535156250e+01
8.217945098876953125e+01
8.194551849365234375e+01
8.170418548583984375e+01
8.146277618408203125e+01
8.122863769531250000e+01
8.098680114746093750e+01
8.074460601806640625e+01
8.050196838378906250e+01
8.025878906250000000e+01
8.001497650146484375e+01
7.977787780761718750e+01
7.953997802734375000e+01
7.930120849609375000e+01
7.906147766113281250e+01
7.882072448730468750e+01
7.858631896972656250e+01
7.834333038330078125e+01
7.810657501220703125e+01
7.786112976074218750e+01
7.762926483154296875e+01
7.738120269775390625e+01
7.714664459228515625e+01
7.690327453613281250e+01
7.666369628906250000e+01
7.642865753173828125e+01
7.619294738769531250e+01
7.595507049560546875e+01
7.572098541259765625e+01
7.548400878906250000e+01
7.524937438964843750e+01
7.501560211181640625e+01
7.478048706054687500e+01
7.454853820800781250e+01
7.431754302978515625e+01
7.408678436279296875e+01
7.385707092285156250e+01
7.362916564941406250e+01
7.340164184570312500e+01
7.317749786376953125e+01
7.295307922363281250e+01
0.000000000000000000e+00
0.000000000000000000e+00
0.000000000000000000e+00
0.000000000000000000e+00
0.000000000000000000e+00
0.000000000000000000e+00
0.000000000000000000e+00
0.000000000000000000e+00
0.000000000000000000e+00
0.000000000000000000e+00
0.000000000000000000e+00
0.000000000000000000e+00
0.000000000000000000e+00
0.000000000000000000e+00
0.000000000000000000e+00
0.000000000000000000e+00
0.000000000000000000e+00
0.000000000000000000e+00
0.000000000000000000e+00
0.000000000000000000e+00
0.000000000000000000e+00
0.000000000000000000e+00
0.000000000000000000e+00
0.000000000000000000e+00
0.000000000000000000e+00
0.000000000000000000e+00
0.000000000000000000e+00
0.000000000000000000e+00
0.000000000000000000e+00
0.000000000000000000e+00
0.000000000000000000e+00
0.000000000000000000e+00
0.000000000000000000e+00
0.000000000000000000e+00
0.000000000000000000e+00
0.000000000000000000e+00
0.000000000000000000e+00
0.000000000000000000e+00
0.000000000000000000e+00
0.000000000000000000e+00
0.000000000000000000e+00
0.000000000000000000e+00
0.000000000000000000e+00
0.000000000000000000e+00
0.000000000000000000e+00
0.000000000000000000e+00
0.000000000000000000e+00
0.000000000000000000e+00
0.000000000000000000e+00
0.000000000000000000e+00
0.000000000000000000e+00
0.000000000000000000e+00
0.000000000000000000e+00
0.000000000000000000e+00
0.000000000000000000e+00
0.000000000000000000e+00
0.000000000000000000e+00
0.000000000000000000e+00
0.000000000000000000e+00
0.000000000000000000e+00
0.000000000000000000e+00
0.000000000000000000e+00
0.000000000000000000e+00
0.000000000000000000e+00
0.000000000000000000e+00
0.000000000000000000e+00
0.000000000000000000e+00
0.000000000000000000e+00
0.000000000000000000e+00
0.000000000000000000e+00
0.000000000000000000e+00
0.000000000000000000e+00
0.000000000000000000e+00
0.000000000000000000e+00
0.000000000000000000e+00
0.000000000000000000e+00
0.000000000000000000e+00
0.000000000000000000e+00
0.000000000000000000e+00
0.000000000000000000e+00
0.000000000000000000e+00
0.000000000000000000e+00
0.000000000000000000e+00
0.000000000000000000e+00
0.000000000000000000e+00
0.000000000000000000e+00
0.000000000000000000e+00
0.000000000000000000e+00
0.000000000000000000e+00
0.000000000000000000e+00
0.000000000000000000e+00
0.000000000000000000e+00
0.000000000000000000e+00
0.000000000000000000e+00
0.000000000000000000e+00
0.000000000000000000e+00
0.000000000000000000e+00
0.000000000000000000e+00
0.000000000000000000e+00
0.000000000000000000e+00
