# bb
2.388881284787203185e-06
4.779843493452062830e-06
7.971001650730613619e-06
1.196507037093397230e-05
1.676537613093387336e-05
2.237583248643204570e-05
2.880089050449896604e-05
3.604549056035466492e-05
4.411501868162304163e-05
5.301521377987228334e-05
6.275214400375261903e-05
7.333209214266389608e-05
8.476153743686154485e-05
9.704702097224071622e-05
1.101951056625694036e-04
1.242122962139546871e-04
1.391049154335632920e-04
1.548791042296215892e-04
1.715406833682209253e-04
1.890950516099110246e-04
2.075472148135304451e-04
2.269015676574781537e-04
2.471619809512048960e-04
2.683316706679761410e-04
2.904130087699741125e-04
3.134077123831957579e-04
3.373166837263852358e-04
3.621398645918816328e-04
3.878763818647712469e-04
4.145243728999048471e-04
4.420811019372195005e-04
4.705428436864167452e-04
4.999049124307930470e-04
5.301616038195788860e-04
5.613064276985824108e-04
5.933317588642239571e-04
6.262292736209928989e-04
6.599897169508039951e-04
6.946029607206583023e-04
7.300580618903040886e-04
7.663436117582023144e-04
8.034472120925784111e-04
8.413560572080314159e-04
8.800568757578730583e-04
9.195358725264668465e-04
9.597788448445498943e-04
1.000771299004554749e-03
1.042498741298913956e-03
1.084946212358772755e-03
1.128099160268902779e-03
1.171942800283432007e-03
1.216462696902453899e-03
1.261644298210740089e-03
1.307473517954349518e-03
1.353937201201915741e-03
1.401021727360785007e-03
1.448714756406843662e-03
1.497004297561943531e-03
1.545879058539867401e-03
1.595328445546329021e-03
1.645342679694294930e-03
1.695912797003984451e-03
1.747030881233513355e-03
1.798689714632928371e-03
1.850883010774850845e-03
1.903605530969798565e-03
1.956852851435542107e-03
2.010622061789035797e-03
2.064910251647233963e-03
2.119716256856918335e-03
2.175039146095514297e-03
2.230879850685596466e-03
2.287239301949739456e-03
2.344119828194379807e-03
2.401523757725954056e-03
2.459455281496047974e-03
2.517918590456247330e-03
2.576918341219425201e-03
2.636460354551672935e-03
2.696550684049725533e-03
2.757195616140961647e-03
2.818402368575334549e-03
2.880177926272153854e-03
2.942529739812016487e-03
3.005465725436806679e-03
3.068993799388408661e-03
3.133121877908706665e-03
3.197857644408941269e-03
3.263209247961640358e-03
3.329184837639331818e-03
3.395791631191968918e-03
3.463037544861435890e-03
3.530930029228329659e-03
3.599475836381316185e-03
3.668682649731636047e-03
3.738556988537311554e-03
3.809104906395077705e-03
3.880333388224244118e-03
3.952247090637683868e-03
4.024852998554706573e-03
4.098155535757541656e-03
4.172161221504211426e-03
4.246873781085014343e-03
4.322298336774110794e-03
4.398440942168235779e-03
4.475304856896400452e-03
4.552895668894052505e-03
4.631217569112777710e-03
4.710276145488023758e-03
4.790076520293951035e-03
4.870622884482145309e-03
4.951921757310628891e-03
5.033979658037424088e-03
5.116801243275403976e-03
5.200394894927740097e-03
5.284767597913742065e-03
5.369926802814006805e-03
5.455881357192993164e-03
5.542641039937734604e-03
5.630215629935264587e-03
5.718615837395191193e-03
5.807854235172271729e-03
5.897942930459976196e-03
5.988895893096923828e-03
6.080726627260446548e-03
6.173451431095600128e-03
6.267087068408727646e-03
6.361649837344884872e-03
6.457158830016851425e-03
6.553632672876119614e-03
6.651091389358043671e-03
6.749556399881839752e-03
6.849049124866724014e-03
6.949591916054487228e-03
7.051207590848207474e-03
7.153920829296112061e-03
7.257754914462566376e-03
7.362735457718372345e-03
7.468887139111757278e-03
7.576235570013523102e-03
7.684805896133184433e-03
7.794625125825405121e-03
7.905717939138412476e-03
8.018109947443008423e-03
8.131827227771282196e-03
8.246893994510173798e-03
8.363335393369197845e-03
8.481175638735294342e-03
8.600438013672828674e-03
8.721144869923591614e-03
8.843317627906799316e-03
8.966977708041667938e-03
9.092144668102264404e-03
9.218838065862655640e-03
9.347072802484035492e-03
9.476867504417896271e-03
9.608236141502857208e-03
9.741190820932388306e-03
9.875744581222534180e-03
1.001190673559904099e-02
1.014968659728765488e-02
1.028909068554639816e-02
1.043012551963329315e-02
1.057279389351606369e-02
1.071709953248500824e-02
1.086303964257240295e-02
1.101061701774597168e-02
1.115982793271541595e-02
1.131066773086786270e-02
1.146313082426786423e-02
1.161721255630254745e-02
1.177290175110101700e-02
1.193018909543752670e-02
1.208906620740890503e-02
1.224952004849910736e-02
1.241153664886951447e-02
1.257510483264923096e-02
1.274020690470933914e-02
1.290682889521121979e-02
1.307495404034852982e-02
1.324456557631492615e-02
1.341564860194921494e-02
1.358818076550960541e-02
1.376214995980262756e-02
1.393753383308649063e-02
1.411431469023227692e-02
1.429247390478849411e-02
1.447199657559394836e-02
1.465285941958427429e-02
1.483504846692085266e-02
1.501854229718446732e-02
1.520332694053649902e-02
1.538938470184803009e-02
1.557669416069984436e-02
1.576524414122104645e-02
1.595501601696014404e-02
1.614599116146564484e-02
1.633815839886665344e-02
1.653150096535682678e-02
1.672600209712982178e-02
1.692165061831474304e-02
1.711842790246009827e-02
1.731632463634014130e-02
1.751532219350337982e-02
1.771540939807891846e-02
1.791657134890556335e-02
1.811879314482212067e-02
1.832206360995769501e-02
1.852636411786079407e-02
1.873168535530567169e-02
1.893800497055053711e-02
1.914531365036964417e-02
1.935359276831150055e-02
1.956282556056976318e-02
1.977299526333808899e-02
1.998408138751983643e-02
2.019606716930866241e-02
2.040893211960792542e-02
2.062265202403068542e-02
2.083720639348030090e-02
2.105257101356983185e-02
2.126871980726718903e-02
2.148563042283058167e-02
2.170326933264732361e-02
2.192160859704017639e-02
2.214062027633190155e-02
2.236027084290981293e-02
2.258052676916122437e-02
2.280135266482830048e-02
2.302271313965320587e-02
2.324456907808780670e-02
2.346688136458396912e-02
2.368960902094841003e-02
2.391271293163299561e-02
2.413614466786384583e-02
2.435986697673797607e-02
2.458383142948150635e-02
2.480798959732055664e-02
2.503229677677154541e-02
2.525670453906059265e-02
2.548116631805896759e-02
2.570563182234764099e-02
2.593005076050758362e-02
2.615437470376491547e-02
2.637855149805545807e-02
2.660253457725048065e-02
2.682627551257610321e-02
2.704971842467784882e-02
2.727282047271728516e-02
2.749552950263023376e-02
2.771779522299766541e-02
2.793957851827144623e-02
2.816082723438739777e-02
2.838149480521678925e-02
2.860154025256633759e-02
2.882091514766216278e-02
2.903958596289157867e-02
2.925750426948070526e-02
2.947463095188140869e-02
2.969093248248100281e-02
2.990636974573135376e-02
3.012091107666492462e-02
3.033451735973358154e-02
3.054716065526008606e-02
3.075880557298660278e-02
3.096943162381649017e-02
3.117900714278221130e-02
3.138750791549682617e-02
3.159490972757339478e-02
3.180118650197982788e-02
3.200632333755493164e-02
3.221029043197631836e-02
3.241308033466339111e-02
3.261467069387435913e-02
3.281504660844802856e-02
3.301419317722320557e-02
3.321209177374839783e-02
3.340873494744300842e-02
3.360410779714584351e-02
3.379819914698600769e-02
3.399099409580230713e-02
3.418248891830444336e-02
3.437266871333122253e-02
3.456151857972145081e-02
3.474903851747512817e-02
3.493520990014076233e-02
3.512002900242805481e-02
3.530348092317581177e-02
3.548555821180343628e-02
3.566625341773033142e-02
3.584555163979530334e-02
3.602344170212745667e-02
3.619991615414619446e-02
3.637496009469032288e-02
3.654856234788894653e-02
3.672071173787117004e-02
3.689139336347579956e-02
3.706059604883193970e-02
3.722830861806869507e-02
3.739451244473457336e-02
3.755919635295867920e-02
3.772233799099922180e-02
3.788393363356590271e-02
3.804396837949752808e-02
3.820241987705230713e-02
3.835926949977874756e-02
3.851452097296714783e-02
3.866814076900482178e-02
3.882012143731117249e-02
3.897045180201530457e-02
3.911911696195602417e-02
3.926610201597213745e-02
3.941139578819274902e-02
3.955499082803726196e-02
3.969687223434448242e-02
3.983703255653381348e-02
3.997546434402465820e-02
4.011216014623641968e-02
4.024711623787879944e-02
4.038032516837120056e-02
4.051179066300392151e-02
4.064150527119636536e-02
4.076947271823883057e-02
4.089570045471191406e-02
4.102018848061561584e-02
4.114294052124023438e-02
4.126397147774696350e-02
4.138329252600669861e-02
4.150091111660003662e-02
4.161684215068817139e-02
4.173110052943229675e-02
4.184371605515480042e-02
4.195469245314598083e-02
4.206406325101852417e-02
4.217184707522392273e-02
4.227807372808456421e-02
4.238276928663253784e-02
4.248596355319023132e-02
4.258768260478973389e-02
4.268796369433403015e-02
4.278684034943580627e-02
4.288434237241744995e-02
4.298051074147224426e-02
4.307538270950317383e-02
4.316899552941322327e-02
4.326137900352478027e-02
4.335258528590202332e-02
4.344264417886734009e-02
4.353160038590431213e-02
4.361949488520622253e-02
4.370636492967605591e-02
4.379225149750709534e-02
4.387719929218292236e-02
4.396123811602592468e-02
4.404441639780998230e-02
4.412677139043807983e-02
4.420834034681320190e-02
4.428916051983833313e-02
4.436926916241645813e-02
4.444870352745056152e-02
4.452750086784362793e-02
4.460569098591804504e-02
4.468331485986709595e-02
4.476039484143257141e-02
4.483696818351745605e-02
4.491307213902473450e-02
4.498872533440589905e-02
4.506395757198333740e-02
4.513880237936973572e-02
4.521328210830688477e-02
4.528742656111717224e-02
4.536125808954238892e-02
4.543479904532432556e-02
4.550807178020477295e-02
4.558110237121582031e-02
4.565391317009925842e-02
4.572652652859687805e-02
4.579896107316017151e-02
4.587123915553092957e-02
4.594337567687034607e-02
4.601540416479110718e-02
4.608732834458351135e-02
4.615918174386024475e-02
4.623098298907279968e-02
4.630275070667266846e-02
4.637450352311134338e-02
4.644626751542091370e-02
4.651806503534317017e-02
4.658991470932960510e-02
4.666183888912200928e-02
4.673387110233306885e-02
4.680602997541427612e-02
4.687833786010742188e-02
4.695082455873489380e-02
4.702352359890937805e-02
4.709645360708236694e-02
4.716964438557624817e-02
4.724312946200370789e-02
4.731693863868713379e-02
4.739110544323921204e-02
4.746565967798233032e-02
4.754063487052917480e-02
4.761606454849243164e-02
4.769198223948478699e-02
4.776842892169952393e-02
4.784543067216873169e-02
4.792302846908569336e-02
4.800125584006309509e-02
4.808015003800392151e-02
4.815975204110145569e-02
4.824009165167808533e-02
4.832120612263679504e-02
4.840312898159027100e-02
4.848590493202209473e-02
4.856955632567405701e-02
4.865412414073944092e-02
4.873963817954063416e-02
4.882613569498062134e-02
4.891364648938179016e-02
4.900219291448593140e-02
4.909181222319602966e-02
4.918253049254417419e-02
4.927437752485275269e-02
4.936736449599266052e-02
4.946152865886688232e-02
4.955688863992691040e-02
4.965345561504364014e-02
4.975125193595886230e-02
4.985029622912406921e-02
4.995059594511985779e-02
5.005216971039772034e-02
5.015502870082855225e-02
5.025916919112205505e-02
5.036460980772972107e-02
5.047135055065155029e-02
5.057939141988754272e-02
5.068873614072799683e-02
5.079938471317291260e-02
5.091132596135139465e-02
5.102456361055374146e-02
5.113909021019935608e-02
5.125489458441734314e-02
5.137196928262710571e-02
5.149030685424804688e-02
5.160989239811897278e-02
5.173071473836898804e-02
5.185275524854660034e-02
5.197600647807121277e-02
5.210044980049133301e-02
5.222606658935546875e-02
5.235284566879272461e-02
5.248076468706130981e-02
5.260980874300003052e-02
5.273995921015739441e-02
5.287120118737220764e-02
5.300351232290267944e-02
5.313688144087791443e-02
5.327127873897552490e-02
5.340670421719551086e-02
5.354312807321548462e-02
5.368053540587425232e-02
5.381891131401062012e-02
5.395824462175369263e-02
5.409850552678108215e-02
5.423969775438308716e-02
5.438179150223731995e-02
5.452478304505348206e-02
5.466865748167037964e-02
5.481339246034622192e-02
5.495898798108100891e-02
5.510542541742324829e-02
5.525269731879234314e-02
5.540078505873680115e-02
5.554968491196632385e-02
5.569938197731971741e-02
5.584987625479698181e-02
5.600113794207572937e-02
5.615317076444625854e-02
5.630595982074737549e-02
5.645950138568878174e-02
5.661376938223838806e-02
5.676876753568649292e-02
5.692447349429130554e-02
5.708088353276252747e-02
5.723797529935836792e-02
5.739574506878852844e-02
5.755417421460151672e-02
5.771324783563613892e-02
5.787294358015060425e-02
5.803325399756431580e-02
5.819414928555488586e-02
5.835562199354171753e-02
5.851764604449272156e-02
5.868019163608551025e-02
5.884324759244918823e-02
5.900678038597106934e-02
5.917076766490936279e-02
5.933518335223197937e-02
5.949999019503593445e-02
5.966516956686973572e-02
5.983068421483039856e-02
5.999649688601493835e-02
6.016258150339126587e-02
6.032889336347579956e-02
6.049540266394615173e-02
6.066207215189933777e-02
6.082886084914207458e-02
6.099573150277137756e-02
6.116263940930366516e-02
6.132954359054565430e-02
6.149640679359436035e-02
6.166318058967590332e-02
6.182982772588729858e-02
6.199629977345466614e-02
6.216255947947502136e-02
6.232856214046478271e-02
6.249425560235977173e-02
6.265960633754730225e-02
6.282456964254379272e-02
6.298910826444625854e-02
6.315316259860992432e-02
6.331670284271240234e-02
6.347969174385070801e-02
6.364208459854125977e-02
6.380384415388107300e-02
6.396493315696716309e-02
6.412530690431594849e-02
6.428493559360504150e-02
6.444378197193145752e-02
6.460182368755340576e-02
6.475901603698730469e-02
6.491532921791076660e-02
6.507073342800140381e-02
6.522520631551742554e-02
6.537871807813644409e-02
6.553125381469726562e-02
6.568276882171630859e-02
6.583325564861297607e-02
6.598269194364547729e-02
6.613104790449142456e-02
6.627832353115081787e-02
6.642448157072067261e-02
6.656951457262039185e-02
6.671341508626937866e-02
6.685616075992584229e-02
6.699772924184799194e-02
6.713812798261642456e-02
6.727732717990875244e-02
6.741533428430557251e-02
6.755211949348449707e-02
6.768768280744552612e-02
6.782201677560806274e-02
6.795511394739151001e-02
6.808695942163467407e-02
6.821754574775695801e-02
6.834686547517776489e-02
6.847490370273590088e-02
6.860166788101196289e-02
6.872713565826416016e-02
6.885129958391189575e-02
6.897415965795516968e-02
6.909568607807159424e-02
6.921590119600296021e-02
6.933476030826568604e-02
6.945227086544036865e-02
6.956842541694641113e-02
6.968320906162261963e-02
6.979659944772720337e-02
6.990859657526016235e-02
7.001917809247970581e-02
7.012834399938583374e-02
7.023607194423675537e-02
7.034234702587127686e-02
7.044716179370880127e-02
7.055049389600753784e-02
7.065234333276748657e-02
7.075268030166625977e-02
7.085149735212326050e-02
7.094878703355789185e-02
7.104451954364776611e-02
7.113869488239288330e-02
7.123129814863204956e-02
7.132230699062347412e-02
7.141172140836715698e-02
7.149952650070190430e-02
7.158569991588592529e-02
7.167024910449981689e-02
7.175315916538238525e-02
7.183441519737243652e-02
7.191401720046997070e-02
7.199195772409439087e-02
7.206822931766510010e-02
7.214283198118209839e-02
7.221575826406478882e-02
7.228701561689376831e-02
7.235660403966903687e-02
7.242451608180999756e-02
7.249076664447784424e-02
7.255535572767257690e-02
7.261829078197479248e-02
7.267957925796508789e-02
7.273923605680465698e-02
7.279726862907409668e-02
7.285369187593460083e-02
7.290852814912796021e-02
7.296177744865417480e-02
7.301346212625503540e-02
7.306360453367233276e-02
7.311222702264785767e-02
7.315935939550399780e-02
7.320500165224075317e-02
7.324919104576110840e-02
7.329195737838745117e-02
7.333331555128097534e-02
7.337329536676406860e-02
7.341193407773971558e-02
7.344924658536911011e-02
7.348526269197463989e-02
7.352001965045928955e-02
7.355353981256484985e-02
7.358585298061370850e-02
7.361699640750885010e-02
7.364699244499206543e-02
7.367587089538574219e-02
7.370366901159286499e-02
7.373040914535522461e-02
7.375612109899520874e-02
7.378084212541580200e-02
7.380458712577819824e-02
7.382739335298538208e-02
7.384928315877914429e-02
7.387029379606246948e-02
7.389044016599655151e-02
7.390975207090377808e-02
7.392825931310653687e-02
7.394597679376602173e-02
7.396293431520462036e-02
7.397915422916412354e-02
7.399466633796691895e-02
7.400947809219360352e-02
7.402361184358596802e-02
7.403710484504699707e-02
7.404995709657669067e-02
7.406219840049743652e-02
7.407384365797042847e-02
7.408490777015686035e-02
7.409542053937911987e-02
7.410538941621780396e-02
7.411483675241470337e-02
7.412377744913101196e-02
7.413222640752792358e-02
7.414019852876663208e-02
7.414772361516952515e-02
7.415480166673660278e-02
7.416145503520965576e-02
7.416771352291107178e-02
7.417356967926025391e-02
7.417906820774078369e-02
7.418420910835266113e-02
7.418901473283767700e-02
7.419351488351821899e-02
7.419770956039428711e-02
7.420162856578826904e-02
7.420530170202255249e-02
7.420873641967773438e-02
7.421196252107620239e-02
7.421499490737915039e-02
7.421787083148956299e-02
7.422060519456863403e-02
7.422321289777755737e-02
7.422573864459991455e-02
7.422819733619689941e-02
7.423061877489089966e-02
7.423302531242370605e-02
7.423545420169830322e-02
7.423792779445648193e-02
7.424046844244003296e-02
7.424311339855194092e-02
7.424589246511459351e-02
7.424883544445037842e-02
7.425196468830108643e-02
7.425531744956970215e-02
7.425891607999801636e-02
7.426279783248901367e-02
7.426699250936508179e-02
7.427152246236801147e-02
7.427642494440078735e-02
7.428172230720520020e-02
7.428745180368423462e-02
7.429362088441848755e-02
7.430028170347213745e-02
7.430744916200637817e-02
7.431514561176300049e-02
7.432340085506439209e-02
7.433223724365234375e-02
7.434167712926864624e-02
7.435174286365509033e-02
7.436244934797286987e-02
7.437381893396377563e-02
7.438588142395019531e-02
7.439863681793212891e-02
7.441211491823196411e-02
7.442632317543029785e-02
7.444126904010772705e-02
7.445698231458663940e-02
7.447345554828643799e-02
7.449071109294891357e-02
7.450874149799346924e-02
7.452756911516189575e-02
7.454719394445419312e-02
7.456761598587036133e-02
7.458885759115219116e-02
7.461088895797729492e-02
7.463374733924865723e-02
7.465741038322448730e-02
7.468187808990478516e-02
7.470715790987014771e-02
7.473324239253997803e-02
7.476013153791427612e-02
7.478781789541244507e-02
7.481630891561508179e-02
7.484558224678039551e-02
7.487564533948898315e-02
7.490649074316024780e-02
7.493811100721359253e-02
7.497049868106842041e-02
7.500364631414413452e-02
7.503755390644073486e-02
7.507221400737762451e-02
7.510761171579360962e-02
7.514374703168869019e-02
7.518061995506286621e-02
7.521821558475494385e-02
7.525652647018432617e-02
7.529556006193161011e-02
7.533528655767440796e-02
7.537572085857391357e-02
7.541685551404953003e-02
7.545868307352066040e-02
7.550119608640670776e-02
7.554438710212707520e-02
7.558826357126235962e-02
7.563281059265136719e-02
7.567802816629409790e-02
7.572391629219055176e-02
7.577046006917953491e-02
7.581767439842224121e-02
7.586553692817687988e-02
7.591405510902404785e-02
7.596322149038314819e-02
7.601303607225418091e-02
7.606349140405654907e-02
7.611458003520965576e-02
7.616630941629409790e-02
7.621866464614868164e-02
7.627164572477340698e-02
7.632524520158767700e-02
7.637945562601089478e-02
7.643427699804306030e-02
7.648969441652297974e-02
7.654570043087005615e-02
7.660229504108428955e-02
7.665946334600448608e-02
7.671719789505004883e-02
7.677548378705978394e-02
7.683430612087249756e-02
7.689366489648818970e-02
7.695353776216506958e-02
7.701390981674194336e-02
7.707478106021881104e-02
7.713611423969268799e-02
7.719790190458297729e-02
7.726012915372848511e-02
7.732277363538742065e-02
7.738581299781799316e-02
7.744922488927841187e-02
7.751299440860748291e-02
7.757709920406341553e-02
7.764151692390441895e-02
7.770621031522750854e-02
7.777117192745208740e-02
7.783637195825576782e-02
7.790177315473556519e-02
7.796736806631088257e-02
7.803311198949813843e-02
7.809899747371673584e-02
7.816497236490249634e-02
7.823102921247482300e-02
7.829713076353073120e-02
7.836325466632843018e-02
7.842936366796493530e-02
7.849543541669845581e-02
7.856144011020660400e-02
7.862734794616699219e-02
7.869313657283782959e-02
7.875877618789672852e-02
7.882424443960189819e-02
7.888949662446975708e-02
7.895452529191970825e-02
7.901929318904876709e-02
7.908378541469573975e-02
7.914796471595764160e-02
7.921180874109268188e-02
7.927531003952026367e-02
7.933843135833740234e-02
7.940115034580230713e-02
7.946343719959259033e-02
7.952529191970825195e-02
7.958667725324630737e-02
7.964758574962615967e-02
7.970798760652542114e-02
7.976786792278289795e-02
7.982721179723739624e-02
7.988601177930831909e-02
7.994423061609268188e-02
8.000186085700988770e-02
8.005890250205993652e-02
8.011531829833984375e-02
8.017111569643020630e-02
8.022625744342803955e-02
8.028075844049453735e-02
8.033458143472671509e-02
8.038772642612457275e-02
8.044017106294631958e-02
8.049192279577255249e-02
8.054295927286148071e-02
8.059326559305191040e-02
8.064284175634384155e-02
8.069166541099548340e-02
8.073972910642623901e-02
8.078701794147491455e-02
8.083353191614151001e-02
8.087925612926483154e-02
8.092417567968368530e-02
8.096827566623687744e-02
8.101155608892440796e-02
8.105399459600448608e-02
8.109558373689651489e-02
8.113631606101989746e-02
8.117616921663284302e-02
8.121514320373535156e-02
8.125322312116622925e-02
8.129037916660308838e-02
8.132661879062652588e-02
8.136192709207534790e-02
8.139628171920776367e-02
8.142966777086257935e-02
8.146207779645919800e-02
8.149351179599761963e-02
8.152392506599426270e-02
8.155332505702972412e-02
8.158169686794281006e-02
8.160902559757232666e-02
8.163529634475708008e-02
8.166049420833587646e-02
8.168460428714752197e-02
8.170761913061141968e-02
8.172953128814697266e-02
8.175031095743179321e-02
8.176996558904647827e-02
8.178847283124923706e-02
8.180583268404006958e-02
8.182201534509658813e-02
8.183703571557998657e-02
8.185086399316787720e-02
8.186350762844085693e-02
8.187494426965713501e-02
8.188518136739730835e-02
8.189421147108078003e-02
8.190201967954635620e-02
8.190861344337463379e-02
8.191397041082382202e-02
8.191811293363571167e-02
8.192102611064910889e-02
8.192270994186401367e-02
8.192316442728042603e-02
8.192238956689834595e-02
8.192040026187896729e-02
8.191718161106109619e-02
8.191274851560592651e-02
8.190710842609405518e-02
8.190026134252548218e-02
8.189220726490020752e-02
8.188296109437942505e-02
8.187253773212432861e-02
8.186093717813491821e-02
8.184817433357238770e-02
8.183425664901733398e-02
8.181919157505035400e-02
8.180299401283264160e-02
8.178568631410598755e-02
8.176726102828979492e-02
8.174774795770645142e-02
8.172715455293655396e-02
8.170548826456069946e-02
8.168277889490127563e-02
8.165902644395828247e-02
8.163425326347351074e-02
8.160846680402755737e-02
8.158168941736221313e-02
8.155393600463867188e-02
8.152521401643753052e-02
8.149553835391998291e-02
8.146493881940841675e-02
8.143340796232223511e-02
8.140098303556442261e-02
8.136765658855438232e-02
8.133345842361450195e-02
8.129840344190597534e-02
8.126249164342880249e-02
8.122575283050537109e-02
8.118818700313568115e-02
8.114981651306152344e-02
8.111064881086349487e-02
8.107069879770278931e-02
8.102997392416000366e-02
8.098849654197692871e-02
8.094626665115356445e-02
8.090330660343170166e-02
8.085962384939193726e-02
8.081524074077606201e-02
8.077014237642288208e-02
8.072436600923538208e-02
8.067790418863296509e-02
8.063077926635742188e-02
8.058300614356994629e-02
8.053458482027053833e-02
8.048553019762039185e-02
8.043584972620010376e-02
8.038557320833206177e-02
8.033468574285507202e-02
8.028320968151092529e-02
8.023116737604141235e-02
8.017855882644653320e-02
8.012540638446807861e-02
8.007171005010604858e-02
8.001748472452163696e-02
7.996276021003723145e-02
7.990752905607223511e-02
7.985182106494903564e-02
7.979563623666763306e-02
7.973900437355041504e-02
7.968193292617797852e-02
7.962443679571151733e-02
7.956653833389282227e-02
7.950824499130249023e-02
7.944957911968231201e-02
7.939056307077407837e-02
7.933121174573898315e-02
7.927153259515762329e-02
7.921156287193298340e-02
7.915130257606506348e-02
7.909078150987625122e-02
7.903001457452774048e-02
7.896903157234191895e-02
7.890783995389938354e-02
7.884646207094192505e-02
7.878492027521133423e-02
7.872324436902999878e-02
7.866143435239791870e-02
7.859952747821807861e-02
7.853753864765167236e-02
7.847549021244049072e-02
7.841339707374572754e-02
7.835128158330917358e-02
7.828915864229202271e-02
7.822705805301666260e-02
7.816500216722488403e-02
7.810299098491668701e-02
7.804106175899505615e-02
7.797922939062118530e-02
7.791749387979507446e-02
7.785589247941970825e-02
7.779444009065628052e-02
7.773314416408538818e-02
7.767201960086822510e-02
7.761109620332717896e-02
7.755037397146224976e-02
7.748986780643463135e-02
7.742960005998611450e-02
7.736957818269729614e-02
7.730980962514877319e-02
7.725030928850173950e-02
7.719109207391738892e-02
7.713216543197631836e-02
7.707353681325912476e-02
7.701521366834640503e-02
7.695721089839935303e-02
7.689952850341796875e-02
7.684218138456344604e-02
7.678516954183578491e-02
7.672850042581558228e-02
7.667218148708343506e-02
7.661622017621994019e-02
7.656061649322509766e-02
7.650537788867950439e-02
7.645050436258316040e-02
7.639600336551666260e-02
7.634188234806060791e-02
7.628813385963439941e-02
7.623476535081863403e-02
7.618177682161331177e-02
7.612918317317962646e-02
7.607697695493698120e-02
7.602515071630477905e-02
7.597372680902481079e-02
7.592269778251647949e-02
7.587206363677978516e-02
7.582183927297592163e-02
7.577200233936309814e-02
7.572258263826370239e-02
7.567356526851654053e-02
7.562495768070220947e-02
7.557675987482070923e-02
7.552897930145263672e-02
7.548162341117858887e-02
7.543467730283737183e-02
7.538815587759017944e-02
7.534206658601760864e-02
7.529640197753906250e-02
7.525117695331573486e-02
7.520637661218643188e-02
7.516203075647354126e-02
7.511811703443527222e-02
7.507465779781341553e-02
7.503164559602737427e-02
7.498908787965774536e-02
7.494698464870452881e-02
7.490534335374832153e-02
7.486415654420852661e-02
7.482344657182693481e-02
7.478319853544235229e-02
7.474342733621597290e-02
7.470412552356719971e-02
7.466530054807662964e-02
7.462695240974426270e-02
7.458908110857009888e-02
7.455168664455413818e-02
7.451477646827697754e-02
7.447833567857742310e-02
7.444238662719726562e-02
7.440690696239471436e-02
7.437190413475036621e-02
7.433738559484481812e-02
7.430332899093627930e-02
7.426974177360534668e-02
7.423663139343261719e-02
7.420396804809570312e-02
7.417176663875579834e-02
7.414001226425170898e-02
7.410870492458343506e-02
7.407783716917037964e-02
7.404740154743194580e-02
7.401739060878753662e-02
7.398778945207595825e-02
7.395859062671661377e-02
7.392979413270950317e-02
7.390138506889343262e-02
7.387334853410720825e-02
7.384567707777023315e-02
7.381836324930191040e-02
7.379138469696044922e-02
7.376474142074584961e-02
7.373841106891632080e-02
7.371237874031066895e-02
7.368665188550949097e-02
7.366119325160980225e-02
7.363600283861160278e-02
7.361106574535369873e-02
7.358636707067489624e-02
7.356189191341400146e-02
7.353761792182922363e-02
7.351354509592056274e-02
7.348965108394622803e-02
7.346592843532562256e-02
7.344236224889755249e-02
7.341893762350082397e-02
7.339563220739364624e-02
7.337244600057601929e-02
7.334936410188674927e-02
7.332636415958404541e-02
7.330344617366790771e-02
7.328059524297714233e-02
7.325778901576995850e-02
7.323502004146575928e-02
7.321228832006454468e-02
7.318957149982452393e-02
7.316686213016510010e-02
7.314415276050567627e-02
7.312142103910446167e-02
7.309867441654205322e-02
7.307588309049606323e-02
7.305306196212768555e-02
7.303019613027572632e-02
7.300725579261779785e-02
7.298425585031509399e-02
7.296118885278701782e-02
7.293803244829177856e-02
7.291477918624877930e-02
7.289143651723861694e-02
7.286798954010009766e-02
7.284442335367202759e-02
7.282073795795440674e-02
7.279693335294723511e-02
7.277298718690872192e-02
7.274889945983886719e-02
7.272467017173767090e-02
7.270029187202453613e-02
7.267574220895767212e-02
7.265102118253707886e-02
7.262612879276275635e-02
7.260105758905410767e-02
7.257579267024993896e-02
7.255033403635025024e-02
7.252465933561325073e-02
7.249877601861953735e-02
7.247266918420791626e-02
7.244633883237838745e-02
7.241976261138916016e-02
7.239294797182083130e-02
7.236587256193161011e-02
7.233852893114089966e-02
7.231091707944869995e-02
7.228302210569381714e-02
7.225482910871505737e-02
7.222633063793182373e-02
7.219752669334411621e-02
7.216840237379074097e-02
7.213893532752990723e-02
7.210913300514221191e-02
7.207897305488586426e-02
7.204845547676086426e-02
7.201755791902542114e-02
7.198628783226013184e-02
7.195460796356201172e-02
7.192253321409225464e-02
7.189004868268966675e-02
7.185713946819305420e-02
7.182379812002182007e-02
7.179000973701477051e-02
7.175577431917190552e-02
7.172106951475143433e-02
7.168591022491455078e-02
7.165026664733886719e-02
7.161413878202438354e-02
7.157751917839050293e-02
7.154040038585662842e-02
7.150277495384216309e-02
7.146464288234710693e-02
7.142598927021026611e-02
7.138681411743164062e-02
7.134711742401123047e-02
7.130687683820724487e-02
7.126610726118087769e-02
7.122480124235153198e-02
7.118295133113861084e-02
7.114055752754211426e-02
7.109762728214263916e-02
7.105413824319839478e-02
7.101010531187057495e-02
7.096552848815917969e-02
7.092040777206420898e-02
7.087474316358566284e-02
7.082852721214294434e-02
7.078176736831665039e-02
7.073447108268737793e-02
7.068663835525512695e-02
7.063826918601989746e-02
7.058936357498168945e-02
7.053993642330169678e-02
7.048998028039932251e-02
7.043950259685516357e-02
7.038850337266921997e-02
7.033700495958328247e-02
7.028498500585556030e-02
7.023247331380844116e-02
7.017946243286132812e-02
7.012595236301422119e-02
7.007195800542831421e-02
7.001747936010360718e-02
6.996252387762069702e-02
6.990709900856018066e-02
6.985120475292205811e-02
6.979484111070632935e-02
6.973803043365478516e-02
6.968075782060623169e-02
6.962303817272186279e-02
6.956487894058227539e-02
6.950628012418746948e-02
6.944724172353744507e-02
6.938777863979339600e-02
6.932789087295532227e-02
6.926757842302322388e-02
6.920684128999710083e-02
6.914569437503814697e-02
6.908413767814636230e-02
6.902217864990234375e-02
6.895980983972549438e-02
6.889704614877700806e-02
6.883388012647628784e-02
6.877032667398452759e-02
6.870637834072113037e-02
6.864204257726669312e-02
6.857733428478240967e-02
6.851224601268768311e-02
6.844677776098251343e-02
6.838092952966690063e-02
6.831472367048263550e-02
6.824815273284912109e-02
6.818121671676635742e-02
6.811392307281494141e-02
6.804627925157546997e-02
6.797829270362854004e-02
6.790996342897415161e-02
6.784129142761230469e-02
6.777229160070419312e-02
6.770296394824981689e-02
6.763331592082977295e-02
6.756335496902465820e-02
6.749308109283447266e-02
6.742251664400100708e-02
6.735164672136306763e-02
6.728049367666244507e-02
6.720906496047973633e-02
6.713736802339553833e-02
6.706540286540985107e-02
6.699318438768386841e-02
6.692072749137878418e-02
6.684803217649459839e-02
6.677511334419250488e-02
6.670197844505310059e-02
6.662863492965698242e-02
6.655509769916534424e-02
6.648137420415878296e-02
6.640747934579849243e-02
6.633342802524566650e-02
6.625922024250030518e-02
6.618487089872360229e-02
6.611039489507675171e-02
6.603579968214035034e-02
6.596109271049499512e-02
6.588629633188247681e-02
6.581141799688339233e-02
6.573646515607833862e-02
6.566145271062850952e-02
6.558638811111450195e-02
6.551128625869750977e-02
6.543615460395812988e-02
6.536100804805755615e-02
6.528586149215698242e-02
6.521070748567581177e-02
6.513557583093643188e-02
6.506047397851943970e-02
6.498539447784423828e-02
6.491035968065261841e-02
6.483538448810577393e-02
6.476046890020370483e-02
6.468562036752700806e-02
6.461084634065628052e-02
6.453616917133331299e-02
6.446158140897750854e-02
6.438709050416946411e-02
6.431271135807037354e-02
6.423844397068023682e-02
6.416430324316024780e-02
6.409028172492980957e-02
6.401639431715011597e-02
6.394264847040176392e-02
6.386905163526535034e-02
6.379559636116027832e-02
6.372229754924774170e-02
6.364915519952774048e-02
6.357617676258087158e-02
6.350336223840713501e-02
6.343072652816772461e-02
6.335826218128204346e-02
6.328597664833068848e-02
6.321386992931365967e-02
6.314194947481155396e-02
6.307022273540496826e-02
6.299868226051330566e-02
6.292734295129776001e-02
6.285620480775833130e-02
6.278526037931442261e-02
6.271452456712722778e-02
6.264400482177734375e-02
6.257369369268417358e-02
6.250360608100891113e-02
6.243372708559036255e-02
6.236408278346061707e-02
6.229465454816818237e-02
6.222546473145484924e-02
6.215650588274002075e-02
6.208778917789459229e-02
6.201931089162826538e-02
6.195108219981193542e-02
6.188310310244560242e-02
6.181538105010986328e-02
6.174791604280471802e-02
6.168071180582046509e-02
6.161377951502799988e-02
6.154711544513702393e-02
6.148072704672813416e-02
6.141461804509162903e-02
6.134879589080810547e-02
6.128326058387756348e-02
6.121801957488059998e-02
6.115307286381721497e-02
6.108842417597770691e-02
6.102408096194267273e-02
6.096005067229270935e-02
6.089632958173751831e-02
6.083292141556739807e-02
6.076983362436294556e-02
6.070706620812416077e-02
6.064462661743164062e-02
6.058250367641448975e-02
6.052071973681449890e-02
6.045925989747047424e-02
6.039813533425331116e-02
6.033735349774360657e-02
6.027689576148986816e-02
6.021678447723388672e-02
6.015699729323387146e-02
6.009756028652191162e-02
6.003845483064651489e-02
5.997968465089797974e-02
5.992126092314720154e-02
5.986316502094268799e-02
5.980540812015533447e-02
5.974797531962394714e-02
5.969088152050971985e-02
5.963411927223205566e-02
5.957767739892005920e-02
5.952155590057373047e-02
5.946576222777366638e-02
5.941028147935867310e-02
5.935511365532875061e-02
5.930025875568389893e-02
5.924570932984352112e-02
5.919145792722702026e-02
5.913750827312469482e-02
5.908384919166564941e-02
5.903047323226928711e-02
5.897738784551620483e-02
5.892457813024520874e-02
5.887203663587570190e-02
5.881976336240768433e-02
5.876775085926055908e-02
5.871599912643432617e-02
5.866450071334838867e-02
5.861323699355125427e-02
5.856222286820411682e-02
5.851144343614578247e-02
5.846088752150535583e-02
5.841056630015373230e-02
5.836044996976852417e-02
5.831055343151092529e-02
5.826086550951004028e-02
5.821137875318527222e-02
5.816209316253662109e-02
5.811299756169319153e-02
5.806408450007438660e-02
5.801535770297050476e-02
5.796680971980094910e-02
5.791843682527542114e-02
5.787022784352302551e-02
5.782218277454376221e-02
5.777430161833763123e-02
5.772657319903373718e-02
5.767899379134178162e-02
5.763156339526176453e-02
5.758427456021308899e-02
5.753711611032485962e-02
5.749010667204856873e-02
5.744321271777153015e-02
5.739644914865493774e-02
5.734980851411819458e-02
5.730328708887100220e-02
5.725687742233276367e-02
5.721057578921318054e-02
5.716438218951225281e-02
5.711828917264938354e-02
5.707229673862457275e-02
5.702638998627662659e-02
5.698058009147644043e-02
5.693485215306282043e-02
5.688919872045516968e-02
5.684362724423408508e-02
5.679812654852867126e-02
5.675269290804862976e-02
5.670732259750366211e-02
5.666200444102287292e-02
5.661673843860626221e-02
5.657152831554412842e-02
5.652635172009468079e-02
5.648121610283851624e-02
5.643611028790473938e-02
5.639103427529335022e-02
5.634598061442375183e-02
5.630093812942504883e-02
5.625590309500694275e-02
5.621087923645973206e-02
5.616584792733192444e-02
5.612080544233322144e-02
5.607575550675392151e-02
5.603068321943283081e-02
5.598558485507965088e-02
5.594045296311378479e-02
5.589528381824493408e-02
5.585006996989250183e-02
5.580480769276618958e-02
5.575949326157569885e-02
5.571411177515983582e-02
5.566865950822830200e-02
5.562313273549079895e-02
5.557752400636672974e-02
5.553183332085609436e-02
5.548604950308799744e-02
5.544016137719154358e-02
5.539417639374732971e-02
5.534807965159416199e-02
5.530186742544174194e-02
5.525553598999977112e-02
5.520907789468765259e-02
5.516248568892478943e-02
5.511575564742088318e-02
5.506889522075653076e-02
5.502188205718994141e-02
5.497472360730171204e-02
5.492740869522094727e-02
5.487993732094764709e-02
5.483230203390121460e-02
5.478449910879135132e-02
5.473653227090835571e-02
5.468838661909103394e-02
5.464006960391998291e-02
5.459157004952430725e-02
5.454289168119430542e-02
5.449401959776878357e-02
5.444496870040893555e-02
5.439572781324386597e-02
5.434629321098327637e-02
5.429666861891746521e-02
5.424683913588523865e-02
5.419681966304779053e-02
5.414659529924392700e-02
5.409617349505424500e-02
5.404554679989814758e-02
5.399471893906593323e-02
5.394368246197700500e-02
5.389244854450225830e-02
5.384100228548049927e-02
5.378935113549232483e-02
5.373749136924743652e-02
5.368542671203613281e-02
5.363314598798751831e-02
5.358066037297248840e-02
5.352796614170074463e-02
5.347505956888198853e-02
5.342194065451622009e-02
5.336862429976463318e-02
5.331508815288543701e-02
5.326133966445922852e-02
5.320739373564720154e-02
5.315322801470756531e-02
5.309885740280151367e-02
5.304427444934844971e-02
5.298948660492897034e-02
5.293448641896247864e-02
5.287927761673927307e-02
5.282386764883995056e-02
5.276824533939361572e-02
5.271241441369056702e-02
5.265638232231140137e-02
5.260013788938522339e-02
5.254369229078292847e-02
5.248704180121421814e-02
5.243018642067909241e-02
5.237312614917755127e-02
5.231586471199989319e-02
5.225839838385581970e-02
5.220073461532592773e-02
5.214286595582962036e-02
5.208479613065719604e-02
5.202652886509895325e-02
5.196806788444519043e-02
5.190940573811531067e-02
5.185054615139961243e-02
5.179149284958839417e-02
5.173224210739135742e-02
5.167280510067939758e-02
5.161317065358161926e-02
5.155334621667861938e-02
5.149333551526069641e-02
5.143313482403755188e-02
5.137274786829948425e-02
5.131217837333679199e-02
5.125142261385917664e-02
5.119049176573753357e-02
5.112937465310096741e-02
5.106808245182037354e-02
5.100661888718605042e-02
5.094498023390769958e-02
5.088317021727561951e-02
5.082118883728981018e-02
5.075904726982116699e-02
5.069674178957939148e-02
5.063427239656448364e-02
5.057164281606674194e-02
5.050886422395706177e-02
5.044592916965484619e-02
5.038284510374069214e-02
5.031961947679519653e-02
5.025624856352806091e-02
5.019273608922958374e-02
5.012908950448036194e-02
5.006531253457069397e-02
5.000140890479087830e-02
4.993737861514091492e-02
4.987322539091110229e-02
4.980896040797233582e-02
4.974458366632461548e-02
4.968009516596794128e-02
4.961550608277320862e-02
4.955081641674041748e-02
4.948602989315986633e-02
4.942115396261215210e-02
4.935619235038757324e-02
4.929115250706672668e-02
4.922603443264961243e-02
4.916084557771682739e-02
4.909558594226837158e-02
4.903026670217514038e-02
4.896489158272743225e-02
4.889946058392524719e-02
4.883398488163948059e-02
4.876846075057983398e-02
4.870290309190750122e-02
4.863731190562248230e-02
4.857169464230537415e-02
4.850604757666587830e-02
4.844038188457489014e-02
4.837470501661300659e-02
4.830901697278022766e-02
4.824332520365715027e-02
4.817762970924377441e-02
4.811193794012069702e-02
4.804625734686851501e-02
4.798058792948722839e-02
4.791492968797683716e-02
4.784929379820823669e-02
4.778368771076202393e-02
4.771810397505760193e-02
4.765255376696586609e-02
4.758703708648681641e-02
4.752155765891075134e-02
4.745612666010856628e-02
4.739073663949966431e-02
4.732539504766464233e-02
4.726010560989379883e-02
4.719487205147743225e-02
4.712969437241554260e-02
4.706457629799842834e-02
4.699952527880668640e-02
4.693453386425971985e-02
4.686961695551872253e-02
4.680476710200309753e-02
4.673998802900314331e-02
4.667528718709945679e-02
4.661065712571144104e-02
4.654611274600028992e-02
4.648164659738540649e-02
4.641726240515708923e-02
4.635296389460563660e-02
4.628875479102134705e-02
4.622463136911392212e-02
4.616060107946395874e-02
4.609666019678115845e-02
4.603281617164611816e-02
4.596906900405883789e-02
4.590541869401931763e-02
4.584186896681785583e-02
4.577841982245445251e-02
4.571507871150970459e-02
4.565184190869331360e-02
4.558870941400527954e-02
4.552569240331649780e-02
4.546278342604637146e-02
4.539999365806579590e-02
4.533731937408447266e-02
4.527476429939270020e-02
4.521232843399047852e-02
4.515001922845840454e-02
4.508783668279647827e-02
4.502578452229499817e-02
4.496385902166366577e-02
4.490207508206367493e-02
4.484042525291442871e-02
4.477891325950622559e-02
4.471754655241966248e-02
4.465632513165473938e-02
4.459524899721145630e-02
4.453432187438011169e-02
4.447355493903160095e-02
4.441293701529502869e-02
4.435247927904129028e-02
4.429218545556068420e-02
4.423205554485321045e-02
4.417208954691886902e-02
4.411229491233825684e-02
4.405266791582107544e-02
4.399321973323822021e-02
4.393394291400909424e-02
4.387484490871429443e-02
4.381592199206352234e-02
4.375718161463737488e-02
4.369862750172615051e-02
4.364025592803955078e-02
4.358206689357757568e-02
4.352406784892082214e-02
4.346625134348869324e-02
4.340862482786178589e-02
4.335118457674980164e-02
4.329393431544303894e-02
4.323687031865119934e-02
4.317999631166458130e-02
4.312330856919288635e-02
4.306681081652641296e-02
4.301049932837486267e-02
4.295436665415763855e-02
4.289842769503593445e-02
4.284266754984855652e-02
4.278708994388580322e-02
4.273168742656707764e-02
4.267647117376327515e-02
4.262142628431320190e-02
4.256655648350715637e-02
4.251185804605484009e-02
4.245732724666595459e-02
4.240296408534049988e-02
4.234876483678817749e-02
4.229473322629928589e-02
4.224085435271263123e-02
4.218713194131851196e-02
4.213356599211692810e-02
4.208014905452728271e-02
4.202688112854957581e-02
4.197375476360321045e-02
4.192077368497848511e-02
4.186793044209480286e-02
4.181522876024246216e-02
4.176265746355056763e-02
4.171022027730941772e-02
4.165791347622871399e-02
4.160572960972785950e-02
4.155367612838745117e-02
4.150174185633659363e-02
4.144992679357528687e-02
4.139823466539382935e-02
4.134666174650192261e-02
4.129520431160926819e-02
4.124385491013526917e-02
4.119262471795082092e-02
4.114150255918502808e-02
4.109049215912818909e-02
4.103959351778030396e-02
4.098880290985107422e-02
4.093812406063079834e-02
4.088754951953887939e-02
4.083708301186561584e-02
4.078672453761100769e-02
4.073647037148475647e-02
4.068632423877716064e-02
4.063628613948822021e-02
4.058634862303733826e-02
4.053651914000511169e-02
4.048679769039154053e-02
4.043717682361602783e-02
4.038766399025917053e-02
4.033825919032096863e-02
4.028895497322082520e-02
4.023975506424903870e-02
4.019065946340560913e-02
4.014166444540023804e-02
4.009277373552322388e-02
4.004398360848426819e-02
3.999529406428337097e-02
3.994670510292053223e-02
3.989821299910545349e-02
3.984982147812843323e-02
3.980151936411857605e-02
3.975331038236618042e-02
3.970519825816154480e-02
3.965717181563377380e-02
3.960923105478286743e-02
3.956137225031852722e-02
3.951360285282135010e-02
3.946590796113014221e-02
3.941828757524490356e-02
3.937073424458503723e-02
3.932325541973114014e-02
3.927584365010261536e-02
3.922849148511886597e-02
3.918119519948959351e-02
3.913395106792449951e-02
3.908675909042358398e-02
3.903961554169654846e-02
3.899250924587249756e-02
3.894544020295143127e-02
3.889840468764305115e-02
3.885139897465705872e-02
3.880441188812255859e-02
3.875745087862014771e-02
3.871050104498863220e-02
3.866356238722801208e-02
3.861663490533828735e-02
3.856971114873886108e-02
3.852278366684913635e-02
3.847585245966911316e-02
3.842891380190849304e-02
3.838196396827697754e-02
3.833499923348426819e-02
3.828801959753036499e-02
3.824101388454437256e-02
3.819398954510688782e-02
3.814693912863731384e-02
3.809985890984535217e-02
3.805275261402130127e-02
3.800561651587486267e-02
3.795844316482543945e-02
3.791123628616333008e-02
3.786399587988853455e-02
3.781672194600105286e-02
3.776941075921058655e-02
3.772206231951713562e-02
3.767467662692070007e-02
3.762725740671157837e-02
3.757980093359947205e-02
3.753230720758438110e-02
3.748477995395660400e-02
3.743721917271614075e-02
3.738962486386299133e-02
3.734199702739715576e-02
3.729433938860893250e-02
3.724665194749832153e-02
3.719893842935562134e-02
3.715119510889053345e-02
3.710342943668365479e-02
3.705563396215438843e-02
3.700781986117362976e-02
3.695997968316078186e-02
3.691212087869644165e-02
3.686424344778060913e-02
3.681634739041328430e-02
3.676843270659446716e-02
3.672050312161445618e-02
3.667255491018295288e-02
3.662459179759025574e-02
3.657661750912666321e-02
3.652862459421157837e-02
3.648061677813529968e-02
3.643259406089782715e-02
3.638455644249916077e-02
3.633650019764900208e-02
3.628842905163764954e-02
3.624034300446510315e-02
3.619223833084106445e-02
3.614411130547523499e-02
3.609596565365791321e-02
3.604779392480850220e-02
3.599959611892700195e-02
3.595137596130371094e-02
3.590312600135803223e-02
3.585484996438026428e-02
3.580653667449951172e-02
3.575818985700607300e-02
3.570980578660964966e-02
3.566138446331024170e-02
3.561292216181755066e-02
3.556441143155097961e-02
3.551585972309112549e-02
3.546725958585739136e-02
3.541860729455947876e-02
3.536990284919738770e-02
3.532114624977111816e-02
3.527233377099037170e-02
3.522346541285514832e-02
3.517453372478485107e-02
3.512554615736007690e-02
3.507649526000022888e-02
3.502738103270530701e-02
3.497820720076560974e-02
3.492897003889083862e-02
3.487966954708099365e-02
3.483030200004577637e-02
3.478087484836578369e-02
3.473138809204101562e-02
3.468183428049087524e-02
3.463222831487655640e-02
3.458255901932716370e-02
3.453283384442329407e-02
3.448305279016494751e-02
3.443321958184242249e-02
3.438333794474601746e-02
3.433340787887573242e-02
3.428343310952186584e-02
3.423341363668441772e-02
3.418335691094398499e-02
3.413326665759086609e-02
3.408314660191535950e-02
3.403299301862716675e-02
3.398282080888748169e-02
3.393262252211570740e-02
3.388240933418273926e-02
3.383218124508857727e-02
3.378194570541381836e-02
3.373170271515846252e-02
3.368145972490310669e-02
3.363122045993804932e-02
3.358098492026329041e-02
3.353076055645942688e-02
3.348054736852645874e-02
3.343034908175468445e-02
3.338016942143440247e-02
3.333001583814620972e-02
3.327988460659980774e-02
3.322977945208549500e-02
3.317970409989356995e-02
3.312966600060462952e-02
3.307965770363807678e-02
3.302968665957450867e-02
3.297975286841392517e-02
3.292985633015632629e-02
3.287999704480171204e-02
3.283018246293067932e-02
3.278040513396263123e-02
3.273066878318786621e-02
3.268097713589668274e-02
3.263132646679878235e-02
3.258171305060386658e-02
3.253214061260223389e-02
3.248261287808418274e-02
3.243312239646911621e-02
3.238366544246673584e-02
3.233425319194793701e-02
3.228487446904182434e-02
3.223553299903869629e-02
3.218622133135795593e-02
3.213694691658020020e-02
3.208770230412483215e-02
3.203849121928215027e-02
3.198930621147155762e-02
3.194015100598335266e-02
3.189102560281753540e-02
3.184193000197410583e-02
3.179285302758216858e-02
3.174380958080291748e-02
3.169478848576545715e-02
3.164579346776008606e-02
3.159682080149650574e-02
3.154787793755531311e-02
3.149896115064620972e-02
3.145006671547889709e-02
3.140120580792427063e-02
3.135236725211143494e-02
3.130356222391128540e-02
3.125478699803352356e-02
3.120604343712329865e-02
3.115733899176120758e-02
3.110866621136665344e-02
3.106003627181053162e-02
3.101144731044769287e-02
3.096290118992328644e-02
3.091440722346305847e-02
3.086596168577671051e-02
3.081756643950939178e-02
3.076923638582229614e-02
3.072096034884452820e-02
3.067275322973728180e-02
3.062460944056510925e-02
3.057654201984405518e-02
3.052854724228382111e-02
3.048063255846500397e-02
3.043280169367790222e-02
3.038505464792251587e-02
3.033740073442459106e-02
3.028983995318412781e-02
3.024237416684627533e-02
3.019500896334648132e-02
3.014774620532989502e-02
3.010059334337711334e-02
3.005354851484298706e-02
3.000661358237266541e-02
2.995979413390159607e-02
2.991308830678462982e-02
2.986650355160236359e-02
2.982003986835479736e-02
2.977369353175163269e-02
2.972747012972831726e-02
2.968137338757514954e-02
2.963539585471153259e-02
2.958954870700836182e-02
2.954382263123989105e-02
2.949821949005126953e-02
2.945273928344249725e-02
2.940738573670387268e-02
2.936215326189994812e-02
2.931704185903072357e-02
2.927205339074134827e-02
2.922718040645122528e-02
2.918242476880550385e-02
2.913778461515903473e-02
2.909325808286666870e-02
2.904884144663810730e-02
2.900453470647335052e-02
2.896033599972724915e-02
2.891624160110950470e-02
2.887224964797496796e-02
2.882835641503334045e-02
2.878456003963947296e-02
2.874086052179336548e-02
2.869725227355957031e-02
2.865373715758323669e-02
2.861030772328376770e-02
2.856696769595146179e-02
2.852371335029602051e-02
2.848054096102714539e-02
2.843744866549968719e-02
2.839444018900394440e-02
2.835150808095932007e-02
2.830865234136581421e-02
2.826587669551372528e-02
2.822317555546760559e-02
2.818055078387260437e-02
2.813800238072872162e-02
2.809552848339080811e-02
2.805313281714916229e-02
2.801081165671348572e-02
2.796856686472892761e-02
2.792640216648578644e-02
2.788431011140346527e-02
2.784230187535285950e-02
2.780037559568881989e-02
2.775852940976619720e-02
2.771677076816558838e-02
2.767509408295154572e-02
2.763350494205951691e-02
2.759200520813465118e-02
2.755059860646724701e-02
2.750928141176700592e-02
2.746806293725967407e-02
2.742693945765495300e-02
2.738591469824314117e-02
2.734499238431453705e-02
2.730417251586914062e-02
2.726345695555210114e-02
2.722284942865371704e-02
2.718234807252883911e-02
2.714195661246776581e-02
2.710167691111564636e-02
2.706150524318218231e-02
2.702145092189311981e-02
2.698150649666786194e-02
2.694167941808700562e-02
2.690196782350540161e-02
2.686236985027790070e-02
2.682288549840450287e-02
2.678351663053035736e-02
2.674426138401031494e-02
2.670511975884437561e-02
2.666609175503253937e-02
2.662717364728450775e-02
2.658836543560028076e-02
2.654966525733470917e-02
2.651107124984264374e-02
2.647258341312408447e-02
2.643419429659843445e-02
2.639590762555599213e-02
2.635771594941616058e-02
2.631961926817893982e-02
2.628161385655403137e-02
2.624369785189628601e-02
2.620586566627025604e-02
2.616811729967594147e-02
2.613044716417789459e-02
2.609285339713096619e-02
2.605533041059970856e-02
2.601787820458412170e-02
2.598049119114875793e-02
2.594316564500331879e-02
2.590589970350265503e-02
2.586869336664676666e-02
2.583153732120990753e-02
2.579443342983722687e-02
2.575737610459327698e-02
2.572036348283290863e-02
2.568339370191097260e-02
2.564646489918231964e-02
2.560957521200180054e-02
2.557271905243396759e-02
2.553589828312397003e-02
2.549910917878150940e-02
2.546235360205173492e-02
2.542562782764434814e-02
2.538893185555934906e-02
2.535226196050643921e-02
2.531562186777591705e-02
2.527900971472263336e-02
2.524242363870143890e-02
2.520586550235748291e-02
2.516933530569076538e-02
2.513283491134643555e-02
2.509636245667934418e-02
2.505991794168949127e-02
2.502350509166717529e-02
2.498712390661239624e-02
2.495077624917030334e-02
2.491446025669574738e-02
2.487818151712417603e-02
2.484193816781044006e-02
2.480573207139968872e-02
2.476956509053707123e-02
2.473344095051288605e-02
2.469735778868198395e-02
2.466131746768951416e-02
2.462532185018062592e-02
2.458937279880046844e-02
2.455347031354904175e-02
2.451761811971664429e-02
2.448181621730327606e-02
2.444606274366378784e-02
2.441035956144332886e-02
2.437471039593219757e-02
2.433911338448524475e-02
2.430356852710247040e-02
2.426807768642902374e-02
2.423263899981975555e-02
2.419725060462951660e-02
2.416191808879375458e-02
2.412663400173187256e-02
2.409140393137931824e-02
2.405622042715549469e-02
2.402108907699584961e-02
2.398600429296493530e-02
2.395096607506275177e-02
2.391597069799900055e-02
2.388102002441883087e-02
2.384611032903194427e-02
2.381123788654804230e-02
2.377640455961227417e-02
2.374160476028919220e-02
2.370683662593364716e-02
2.367209829390048981e-02
2.363738790154457092e-02
2.360270172357559204e-02
2.356803789734840393e-02
2.353339269757270813e-02
2.349876612424850464e-02
2.346415445208549500e-02
2.342955395579338074e-02
2.339496277272701263e-02
2.336037904024124146e-02
2.332580089569091797e-02
2.329122461378574371e-02
2.325665019452571869e-02
2.322207391262054443e-02
2.318749390542507172e-02
2.315290644764900208e-02
2.311831712722778320e-02
2.308371849358081818e-02
2.304911054670810699e-02
2.301449142396450043e-02
2.297986485064029694e-02
2.294522523880004883e-02
2.291057445108890533e-02
2.287591248750686646e-02
2.284123748540878296e-02
2.280655317008495331e-02
2.277185395359992981e-02
2.273714728653430939e-02
2.270243130624294281e-02
2.266770415008068085e-02
2.263296954333782196e-02
2.259822934865951538e-02
2.256348729133605957e-02
2.252873778343200684e-02
2.249398641288280487e-02
2.245923876762390137e-02
2.242449112236499786e-02
2.238974720239639282e-02
2.235501073300838470e-02
2.232028171420097351e-02
2.228556200861930847e-02
2.225085906684398651e-02
2.221616730093955994e-02
2.218149229884147644e-02
2.214683964848518372e-02
2.211220562458038330e-02
2.207759581506252289e-02
2.204301394522190094e-02
2.200845628976821899e-02
2.197392843663692474e-02
2.193943224847316742e-02
2.190496772527694702e-02
2.187053672969341278e-02
2.183614298701286316e-02
2.180178277194499969e-02
2.176746167242527008e-02
2.173317782580852509e-02
2.169893309473991394e-02
2.166472747921943665e-02
2.163056284189224243e-02
2.159643545746803284e-02
2.156235091388225555e-02
2.152830362319946289e-02
2.149429731070995331e-02
2.146032825112342834e-02
2.142639830708503723e-02
2.139250375330448151e-02
2.135864645242691040e-02
2.132482454180717468e-02
2.129103615880012512e-02
2.125728130340576172e-02
2.122355438768863678e-02
2.118985913693904877e-02
2.115619182586669922e-02
2.112255245447158813e-02
2.108893543481826782e-02
2.105534076690673828e-02
2.102177031338214874e-02
2.098821662366390228e-02
2.095468156039714813e-02
2.092116139829158783e-02
2.088765613734722137e-02
2.085416391491889954e-02
2.082068286836147308e-02
2.078721299767494202e-02
2.075375244021415710e-02
2.072029747068881989e-02
2.068684808909893036e-02
2.065340802073478699e-02
2.061996981501579285e-02
2.058653905987739563e-02
2.055311203002929688e-02
2.051968686282634735e-02
2.048626914620399475e-02
2.045285329222679138e-02
2.041944302618503571e-02
2.038603648543357849e-02
2.035263739526271820e-02
2.031924389302730560e-02
2.028585970401763916e-02
2.025248482823371887e-02
2.021912112832069397e-02
2.018577046692371368e-02
2.015243098139762878e-02
2.011911012232303619e-02
2.008580788969993591e-02
2.005252614617347717e-02
2.001926861703395844e-02
1.998603716492652893e-02
1.995283178985118866e-02
1.991965807974338531e-02
1.988651789724826813e-02
1.985341124236583710e-02
1.982034556567668915e-02
1.978732272982597351e-02
1.975434273481369019e-02
1.972140930593013763e-02
1.968852616846561432e-02
1.965569518506526947e-02
1.962291821837425232e-02
1.959019713103771210e-02
1.955753751099109650e-02
1.952493749558925629e-02
1.949240267276763916e-02
1.945993117988109589e-02
1.942752674221992493e-02
1.939519122242927551e-02
1.936292462050914764e-02
1.933072693645954132e-02
1.929860375821590424e-02
1.926655136048793793e-02
1.923457160592079163e-02
1.920266449451446533e-02
1.917082816362380981e-02
1.913906633853912354e-02
1.910737715661525726e-02
1.907575689256191254e-02
1.904421113431453705e-02
1.901273243129253387e-02
1.898132264614105225e-02
1.894997991621494293e-02
1.891870424151420593e-02
1.888749003410339355e-02
1.885633915662765503e-02
1.882524788379669189e-02
1.879421249032020569e-02
1.876323483884334564e-02
1.873231306672096252e-02
1.870143972337245941e-02
1.867061667144298553e-02
1.863983832299709320e-02
1.860910654067993164e-02
1.857841573655605316e-02
1.854776591062545776e-02
1.851715333759784698e-02
1.848657615482807159e-02
1.845603436231613159e-02
1.842552237212657928e-02
1.839504204690456390e-02
1.836458966135978699e-02
1.833416521549224854e-02
1.830376684665679932e-02
1.827339269220829010e-02
1.824304461479187012e-02
1.821271888911724091e-02
1.818241737782955170e-02
1.815213821828365326e-02
1.812188327312469482e-02
1.809165067970752716e-02
1.806144230067729950e-02
1.803126186132431030e-02
1.800110377371311188e-02
1.797097548842430115e-02
1.794087328016757965e-02
1.791080459952354431e-02
1.788076758384704590e-02
1.785076409578323364e-02
1.782079599797725677e-02
1.779086701571941376e-02
1.776098087430000305e-02
1.773113757371902466e-02
1.770134083926677704e-02
1.767159439623355865e-02
1.764189824461936951e-02
1.761225983500480652e-02
1.758267730474472046e-02
1.755315437912940979e-02
1.752369664609432220e-02
1.749430596828460693e-02
1.746498420834541321e-02
1.743573136627674103e-02
1.740655489265918732e-02
1.737745292484760284e-02
1.734843105077743530e-02
1.731948740780353546e-02
1.729062758386135101e-02
1.726184971630573273e-02
1.723315566778182983e-02
1.720454916357994080e-02
1.717602834105491638e-02
1.714759320020675659e-02
1.711924746632575989e-02
1.709098741412162781e-02
1.706281490623950958e-02
1.703472808003425598e-02
1.700672507286071777e-02
1.697880588471889496e-02
1.695097051560878754e-02
1.692321524024009705e-02
1.689553819596767426e-02
1.686793938279151917e-02
1.684041135013103485e-02
1.681295782327651978e-02
1.678557135164737701e-02
1.675825007259845734e-02
1.673099212348461151e-02
1.670379191637039185e-02
1.667664758861064911e-02
1.664955727756023407e-02
1.662251353263854980e-02
1.659551449120044708e-02
1.656855829060077667e-02
1.654163934290409088e-02
1.651475578546524048e-02
1.648790203034877777e-02
1.646107994019985199e-02
1.643427833914756775e-02
1.640750095248222351e-02
1.638074219226837158e-02
1.635399833321571350e-02
1.632727123796939850e-02
1.630055718123912811e-02
1.627385057508945465e-02
1.624715514481067657e-02
1.622046530246734619e-02
1.619378291070461273e-02
1.616710610687732697e-02
1.614043489098548889e-02
1.611377112567424774e-02
1.608711108565330505e-02
1.606045849621295929e-02
1.603381335735321045e-02
1.600717753171920776e-02
1.598055101931095123e-02
1.595393754541873932e-02
1.592733711004257202e-02
1.590075343847274780e-02
1.587418839335441589e-02
1.584764569997787476e-02
1.582112908363342285e-02
1.579463668167591095e-02
1.576817966997623444e-02
1.574175432324409485e-02
1.571536809206008911e-02
1.568902283906936646e-02
1.566272042691707611e-02
1.563646644353866577e-02
1.561026740819215775e-02
1.558412052690982819e-02
1.555803138762712479e-02
1.553200371563434601e-02
1.550604123622179031e-02
1.548014488071203232e-02
1.545431744307279587e-02
1.542856264859437943e-02
1.540287956595420837e-02
1.537727285176515579e-02
1.535174064338207245e-02
1.532628759741783142e-02
1.530091185122728348e-02
1.527561619877815247e-02
1.525039784610271454e-02
1.522525865584611893e-02
1.520019583404064178e-02
1.517520844936370850e-02
1.515029650181531906e-02
1.512545906007289886e-02
1.510069053620100021e-02
1.507599186152219772e-02
1.505135837942361832e-02
1.502678822726011276e-02
1.500227674841880798e-02
1.497781928628683090e-02
1.495341584086418152e-02
1.492905989289283752e-02
1.490474771708250046e-02
1.488047558814287186e-02
1.485623698681592941e-02
1.483203098177909851e-02
1.480784919112920761e-02
1.478369161486625671e-02
1.475954893976449966e-02
1.473541930317878723e-02
1.471129991114139557e-02
1.468718610703945160e-02
1.466307044029235840e-02
1.463895384222269058e-02
1.461482979357242584e-02
1.459069736301898956e-02
1.456655189394950867e-02
1.454239245504140854e-02
1.451821625232696533e-02
1.449402049183845520e-02
1.446980424225330353e-02
1.444556750357151031e-02
1.442131120711565018e-02
1.439703069627285004e-02
1.437272783368825912e-02
1.434840448200702667e-02
1.432406064122915268e-02
1.429969817399978638e-02
1.427531894296407700e-02
1.425092667341232300e-02
1.422652043402194977e-02
1.420210581272840500e-02
1.417768467217683792e-02
1.415326166898012161e-02
1.412884052842855453e-02
1.410442497581243515e-02
1.408001780509948730e-02
1.405562553554773331e-02
1.403125096112489700e-02
1.400690153241157532e-02
1.398257818073034286e-02
1.395828835666179657e-02
1.393403392285108566e-02
1.390982232987880707e-02
1.388565544039011002e-02
1.386153977364301682e-02
1.383747998625040054e-02
1.381347607821226120e-02
1.378953550010919571e-02
1.376566104590892792e-02
1.374185271561145782e-02
1.371811609715223312e-02
1.369445398449897766e-02
1.367086451500654221e-02
1.364735327661037445e-02
1.362391933798789978e-02
1.360056269913911819e-02
1.357728429138660431e-02
1.355408411473035812e-02
1.353096216917037964e-02
1.350791472941637039e-02
1.348494179546833038e-02
1.346204150468111038e-02
1.343921013176441193e-02
1.341644674539566040e-02
1.339374575763940811e-02
1.337110530585050583e-02
1.334852073341608047e-02
1.332598738372325897e-02
1.330350060015916824e-02
1.328105572611093521e-02
1.325864996761083603e-02
1.323627587407827377e-02
1.321392972022294998e-02
1.319160405546426773e-02
1.316929608583450317e-02
1.314700022339820862e-02
1.312471088021993637e-02
1.310242339968681335e-02
1.308013312518596649e-02
1.305783446878194809e-02
1.303552463650703430e-02
1.301319804042577744e-02
1.299085281789302826e-02
1.296848431229591370e-02
1.294608972966670990e-02
1.292366627603769302e-02
1.290121302008628845e-02
1.287872716784477234e-02
1.285620871931314468e-02
1.283365581184625626e-02
1.281106844544410706e-02
1.278844755142927170e-02
1.276579406112432480e-02
1.274310983717441559e-02
1.272039487957954407e-02
1.269765291363000870e-02
1.267488673329353333e-02
1.265209913253784180e-02
1.262929476797580719e-02
1.260647550225257874e-02
1.258364785462617874e-02
1.256081648170948029e-02
1.253798510879278183e-02
1.251516025513410568e-02
1.249234564602375031e-02
1.246954873204231262e-02
1.244677603244781494e-02
1.242403034120798111e-02
1.240131910890340805e-02
1.237864978611469269e-02
1.235602516680955887e-02
1.233345177024602890e-02
1.231093611568212509e-02
1.228848192840814590e-02
1.226609386503696442e-02
1.224377844482660294e-02
1.222153753042221069e-02
1.219937764108181000e-02
1.217729877680540085e-02
1.215530745685100555e-02
1.213340274989604950e-02
1.211158931255340576e-02
1.208986714482307434e-02
1.206823810935020447e-02
1.204670127481222153e-02
1.202525664120912552e-02
1.200390420854091644e-02
1.198264304548501968e-02
1.196147035807371140e-02
1.194038335233926773e-02
1.191938016563653946e-02
1.189845800399780273e-02
1.187761127948760986e-02
1.185683719813823700e-02
1.183613017201423645e-02
1.181548647582530975e-02
1.179489959031343460e-02
1.177436392754316330e-02
1.175387576222419739e-02
1.173342671245336533e-02
1.171301212161779404e-02
1.169262547045946121e-02
1.167226023972034454e-02
1.165191177278757095e-02
1.163157261908054352e-02
1.161123812198638916e-02
1.159090176224708557e-02
1.157055795192718506e-02
1.155020296573638916e-02
1.152983121573925018e-02
1.150943804532289505e-02
1.148902066051959991e-02
1.146857440471649170e-02
1.144809648394584656e-02
1.142758503556251526e-02
1.140703819692134857e-02
1.138645317405462265e-02
1.136583182960748672e-02
1.134517136961221695e-02
1.132447365671396255e-02
1.130373869091272354e-02
1.128297019749879837e-02
0.000000000000000000e+00
0.000000000000000000e+00
0.000000000000000000e+00
0.000000000000000000e+00
0.000000000000000000e+00
0.000000000000000000e+00
0.000000000000000000e+00
0.000000000000000000e+00
0.000000000000000000e+00
0.000000000000000000e+00
0.000000000000000000e+00
0.000000000000000000e+00
0.000000000000000000e+00
0.000000000000000000e+00
0.000000000000000000e+00
0.000000000000000000e+00
0.000000000000000000e+00
0.000000000000000000e+00
0.000000000000000000e+00
0.000000000000000000e+00
0.000000000000000000e+00
0.000000000000000000e+00
0.000000000000000000e+00
0.000000000000000000e+00
0.000000000000000000e+00
0.000000000000000000e+00
0.000000000000000000e+00
0.000000000000000000e+00
0.000000000000000000e+00
0.000000000000000000e+00
0.000000000000000000e+00
0.000000000000000000e+00
0.000000000000000000e+00
0.000000000000000000e+00
0.000000000000000000e+00
0.000000000000000000e+00
0.000000000000000000e+00
0.000000000000000000e+00
0.000000000000000000e+00
0.000000000000000000e+00
0.000000000000000000e+00
0.000000000000000000e+00
0.000000000000000000e+00
0.000000000000000000e+00
0.000000000000000000e+00
0.000000000000000000e+00
0.000000000000000000e+00
0.000000000000000000e+00
0.000000000000000000e+00
0.000000000000000000e+00
0.000000000000000000e+00
0.000000000000000000e+00
0.000000000000000000e+00
0.000000000000000000e+00
0.000000000000000000e+00
0.000000000000000000e+00
0.000000000000000000e+00
0.000000000000000000e+00
0.000000000000000000e+00
0.000000000000000000e+00
0.000000000000000000e+00
0.000000000000000000e+00
0.000000000000000000e+00
0.000000000000000000e+00
0.000000000000000000e+00
0.000000000000000000e+00
0.000000000000000000e+00
0.000000000000000000e+00
0.000000000000000000e+00
0.000000000000000000e+00
0.000000000000000000e+00
0.000000000000000000e+00
0.000000000000000000e+00
0.000000000000000000e+00
0.000000000000000000e+00
0.000000000000000000e+00
0.000000000000000000e+00
0.000000000000000000e+00
0.000000000000000000e+00
0.000000000000000000e+00
0.000000000000000000e+00
0.000000000000000000e+00
0.000000000000000000e+00
0.000000000000000000e+00
0.000000000000000000e+00
0.000000000000000000e+00
0.000000000000000000e+00
0.000000000000000000e+00
0.000000000000000000e+00
0.000000000000000000e+00
0.000000000000000000e+00
0.000000000000000000e+00
0.000000000000000000e+00
0.000000000000000000e+00
0.000000000000000000e+00
0.000000000000000000e+00
0.000000000000000000e+00
0.000000000000000000e+00
0.000000000000000000e+00
0.000000000000000000e+00
