# d_l
# unit = Mpc
0.000000000000000000e+00
4.495015214446859630e+01
9.072015746838417272e+01
1.373068756005324644e+02
1.847071279551626901e+02
2.329176982749932279e+02
2.819353331928998045e+02
3.317567428118049975e+02
3.823786013023104147e+02
4.337975475175498445e+02
4.860101856247758860e+02
5.390130857531294168e+02
5.928027846570562360e+02
6.473757863948170552e+02
7.027285630215102401e+02
7.588575552960203368e+02
8.157591734013200266e+02
8.734297976774820427e+02
9.318657793668191971e+02
9.910634413705087127e+02
1.051019079016070464e+03
1.111728960835069756e+03
1.173189329350384241e+03
1.235396401872395927e+03
1.298346371303450269e+03
1.362035406949928074e+03
1.426459655341260486e+03
1.491615241055240858e+03
1.557498267548968215e+03
1.624104817994756786e+03
1.691430956120356768e+03
1.759472727052835808e+03
1.828226158165469769e+03
1.897687259926980460e+03
1.967852026752499114e+03
2.038716437855607410e+03
2.110276458100832315e+03
2.182528038855964496e+03
2.255467118843595017e+03
2.329089624991283017e+03
2.403391473279707952e+03
2.478368569588301398e+03
2.554016810537703805e+03
2.630332084328563269e+03
2.707310271576061496e+03
2.784947246139675826e+03
2.863238875947648012e+03
2.942181023815636308e+03
3.021769548259073417e+03
3.102000304298755964e+03
3.182869144259179848e+03
3.264371918559193091e+03
3.346504476494539631e+03
3.429262667011864323e+03
3.512642339473764878e+03
3.596639344414561947e+03
3.681249534286361722e+03
3.766468764195084532e+03
3.852292892626156117e+03
3.938717782159475064e+03
4.025739300173449010e+03
4.113353319537719472e+03
4.201555719294409755e+03
4.290342385327551710e+03
4.379709211020557632e+03
4.469652097901415800e+03
4.560166956275521443e+03
4.651249705845853896e+03
4.742896276320461766e+03
4.835102608006933224e+03
4.927864652393930555e+03
5.021178372719448816e+03
5.115039744525895003e+03
5.209444756201745804e+03
5.304389409509809411e+03
5.399869720101980420e+03
5.495881718020458720e+03
5.592421448185423287e+03
5.689484970869079916e+03
5.787068362156142939e+03
5.885167714390747278e+03
5.983779136609759007e+03
6.082898754962589010e+03
6.182522713117487910e+03
6.282647172654413225e+03
6.383268313444554224e+03
6.484382334016484492e+03
6.585985451909205949e+03
6.688073904011950617e+03
6.790643946891076666e+03
6.893691857103989605e+03
6.997213931500298713e+03
7.101206487510296029e+03
7.205665863420946152e+03
7.310588418639430529e+03
7.415970533944540875e+03
7.521808611725873561e+03
7.628099076211221472e+03
7.734838373682109705e+03
7.842022972677801590e+03
7.949649364187856008e+03
8.057714061833470623e+03
8.166213602037763849e+03
8.275144544185175619e+03
8.384503470770210697e+03
8.494286987535710068e+03
8.604491723600793193e+03
8.715114331578723068e+03
8.826151487684890526e+03
8.937599891835125163e+03
9.049456267734467474e+03
9.161717362956665966e+03
9.274379949014639351e+03
9.387440821422018416e+03
9.500896799746034958e+03
9.614744727651928770e+03
9.728981472939123705e+03
9.843603927569307416e+03
9.958609007686749464e+03
1.007399365363084326e+04
1.018975482994132108e+04
1.030588952535616227e+04
1.042239475280251827e+04
1.053926754938074555e+04
1.065650497634181011e+04
1.077410411905828005e+04
1.089206208698903538e+04
1.101037601363792783e+04
1.112904305650658171e+04
1.124806039704149771e+04
1.136742524057569790e+04
1.148713481626501743e+04
1.160718637701931948e+04
1.172757719942869517e+04
1.184830458368496875e+04
1.196936585349855704e+04
1.209075835601089238e+04
1.221247946170258365e+04
1.233452656429756280e+04
1.245689708066316052e+04
1.257958845070653297e+04
1.270259813726737048e+04
1.282592362600724846e+04
1.294956242529553856e+04
1.307351206609228757e+04
1.319777010182794038e+04
1.332233410828026172e+04
1.344720168344855119e+04
1.357237044742512444e+04
1.369783804226443681e+04
1.382360213184976601e+04
1.394966040175779199e+04
1.407601055912095580e+04
1.420265033248787404e+04
1.432957747168196329e+04
1.445678974765822386e+04
1.458428495235844093e+04
1.471206089856482504e+04
1.484011541975225919e+04
1.496844636993921631e+04
1.509705162353743435e+04
1.522592907520049448e+04
1.535507663967134249e+04
1.548449225162890798e+04
1.561417386553385222e+04
1.574411945547350479e+04
1.587432701500618168e+04
1.600479455700492690e+04
1.613552011350064640e+04
1.626650173552482011e+04
1.639773749295188827e+04
1.652922547434127773e+04
1.666096378677923349e+04
1.679295055572048295e+04
1.692518392482971103e+04
1.705766205582312250e+04
1.719038312830992800e+04
1.732334533963397553e+04
1.745654690471536742e+04
1.758998605589246290e+04
1.772366104276397527e+04
1.785757013203137831e+04
1.799171160734162913e+04
1.812608376913033862e+04
1.826068493446527282e+04
1.839551343689037822e+04
1.853056762627023272e+04
1.866584586863513323e+04
1.880134654602669252e+04
1.893706805634405828e+04
1.907300881319076507e+04
1.920916724572232488e+04
1.934554179849441789e+04
1.948213093131196001e+04
1.961893311907876705e+04
1.975594685164812108e+04
1.989317063367418086e+04
2.003060298446408706e+04
2.016824243783109705e+04
2.030608754194845824e+04
2.044413685920427815e+04
2.058238896605730770e+04
2.072084245289352839e+04
2.085949592388398378e+04
2.099834799684323661e+04
2.113739730308907747e+04
2.127664248730310283e+04
2.141608220739231547e+04
2.155571513435180896e+04
2.169553995212840164e+04
2.183555535748543844e+04
2.197576005986844757e+04
2.211615278127208512e+04
2.225673225610801092e+04
2.239749723107386308e+04
2.253844646502332762e+04
2.267957872883731397e+04
2.282089280529618190e+04
2.296238748895313984e+04
2.310406158600858907e+04
2.324591391418581043e+04
2.338794330260751667e+04
2.353014859167370014e+04
2.367252863294040799e+04
2.381508228219518060e+04
2.395780842610470427e+04
2.410070594260489452e+04
2.424377372668661701e+04
2.438701068390789806e+04
2.453041573027944833e+04
2.467398779215124159e+04
2.481772580610032674e+04
2.496162871881962565e+04
2.510569548700785163e+04
2.524992507726059193e+04
2.539431646596237988e+04
2.553886863917993469e+04
2.568358059255643457e+04
2.582845133120686660e+04
2.597347986961450442e+04
2.611866523152839363e+04
2.626400644986190673e+04
2.640950256659238585e+04
2.655515263266181864e+04
2.670095570787855831e+04
2.684691086082010588e+04
2.699301716873685291e+04
2.713927371745697747e+04
2.728567960129221683e+04
2.743223392294477162e+04
2.757893579341513760e+04
2.772578433191100339e+04
2.787277866575708686e+04
2.801991793030594272e+04
2.816720126884983256e+04
2.831462783253352245e+04
2.846219678026795009e+04
2.860990727864503788e+04
2.875775850185329909e+04
2.890574963159438630e+04
2.905387985700077115e+04
2.920214837455398811e+04
2.935055438800419506e+04
2.949909710829030882e+04
2.964777575346130834e+04
2.979658954859818550e+04
2.994553772573701281e+04
3.009461952379267677e+04
3.024383418848368092e+04
3.039318097225760357e+04
3.054265913421760342e+04
3.069226794004953990e+04
3.084200666195036320e+04
3.099187457855663160e+04
3.114187097487452047e+04
3.129199514221043137e+04
3.144224637810202694e+04
3.159262398625075366e+04
3.174312727645455379e+04
3.189375556454162142e+04
3.204450817230494431e+04
3.219538442743756605e+04
3.234638366346848852e+04
3.249750521969955298e+04
3.264874844114282678e+04
3.280011267845890688e+04
3.295159728789588553e+04
3.310320163122894883e+04
3.325492507570076850e+04
3.340676699396261392e+04
3.355872676401605713e+04
3.371080376915554370e+04
3.386299739791134925e+04
3.401530704399353272e+04
3.416773210623635532e+04
3.432027198854333983e+04
3.447292609983310831e+04
3.462569385398577288e+04
3.477857466978997400e+04
3.493156797089046449e+04
3.508467318573658122e+04
3.523788974753094953e+04
3.539121709417904640e+04
3.554465466823943279e+04
3.569820191687416082e+04
3.585185829180033761e+04
3.600562324924176210e+04
3.615949624988145661e+04
3.631347675881466421e+04
3.646756424550231168e+04
3.662175818372506910e+04
3.677605805153814435e+04
3.693046333122637589e+04
3.708497350925976934e+04
3.723958807625002373e+04
3.739430652690705028e+04
3.754912835999634990e+04
3.770405307829666708e+04
3.785908018855836417e+04
3.801420920146210847e+04
3.816943963157817052e+04
3.832477099732606439e+04
3.848020282093481364e+04
3.863573462840363209e+04
3.879136594946304103e+04
3.894709631753643771e+04
3.910292526970220933e+04
3.925885234665615280e+04
3.941487709267448372e+04
3.957099905557719467e+04
3.972721778669178457e+04
3.988353284081759921e+04
4.003994377619043371e+04
4.019645015444765886e+04
4.035305154059358756e+04
4.050974750296548154e+04
4.066653761319974728e+04
4.082342144619867759e+04
4.098039858009751333e+04
4.113746859623188357e+04
4.129463107910563849e+04
4.145188561635911174e+04
4.160923179873763729e+04
4.176666922006061213e+04
4.192419747719070438e+04
4.208181617000359256e+04
4.223952490135795233e+04
4.239732327706587967e+04
4.255521090586351056e+04
4.271318739938233921e+04
4.287125237212024513e+04
4.302940544141358259e+04
4.318764622740892082e+04
4.334597435303570819e+04
4.350438944397883461e+04
4.366289112865163770e+04
4.382147903816920734e+04
4.398015280632220674e+04
4.413891206955052621e+04
4.429775646691784641e+04
4.445668564008591056e+04
4.461569923328949517e+04
4.477479689331140980e+04
4.493397826945812994e+04
4.509324301353526971e+04
4.525259077982352755e+04
4.541202122505519219e+04
4.557153400839035749e+04
4.573112879139384313e+04
4.589080523801228992e+04
4.605056301455135690e+04
4.621040178965325322e+04
4.637032123427473562e+04
4.653032102166504774e+04
4.669040082734420866e+04
4.685056032908167253e+04
4.701079920687518461e+04
4.717111714292963006e+04
4.733151382163647213e+04
4.749198892955316114e+04
4.765254215538306744e+04
4.781317318995523237e+04
4.797388172620470868e+04
4.813466745915293723e+04
4.829553008588842204e+04
4.845646930554747814e+04
4.861748481929547415e+04
4.877857633030800207e+04
4.893974354375228722e+04
4.910098616676912206e+04
4.926230390845452348e+04
4.942369647984205221e+04
4.958516359388487763e+04
4.974670496543841000e+04
4.990832031124311470e+04
5.007000934990706446e+04
5.023177180188923376e+04
5.039360738948283688e+04
5.055551583679849864e+04
5.071749686974801443e+04
5.087955021602830675e+04
