# d_m
# unit = Mpc
0.000000000000000000e+00
4.450510113313722371e+01
8.894133085135703709e+01
1.333076462141091838e+02
1.776030076491948932e+02
2.218263793095173639e+02
2.659767294272639333e+02
3.100530306652382819e+02
3.540542604651022316e+02
3.979794013922475528e+02
4.418274414770689305e+02
4.855973745523687626e+02
5.292882005866573536e+02
5.728989260131124865e+02
6.164285640539562792e+02
6.598761350400177434e+02
7.032406667252759007e+02
7.465211945961385709e+02
7.897167621752705600e+02
8.328264213197552408e+02
8.758492325133921668e+02
9.187842651529502973e+02
9.616305978281837952e+02
1.004387318595443844e+03
1.047053525244718003e+03
1.089628325559942368e+03
1.132110837572428863e+03
1.174500189807276229e+03
1.216795521522631361e+03
1.258995982941671855e+03
1.301100735477197532e+03
1.343108951948729555e+03
1.385019816792022539e+03
1.426832526260887562e+03
1.468546288621267877e+03
1.510160324337486827e+03
1.551673866250612036e+03
1.593086159748879027e+03
1.634396462930141524e+03
1.675604046756318439e+03
1.716708195199791362e+03
1.757708205381773723e+03
1.798603387702608416e+03
1.839393065964030257e+03
1.880076577483376241e+03
1.920653273199776550e+03
1.961122517772361789e+03
2.001483689670500780e+03
2.041736181256130749e+03
2.081879398858225613e+03
2.121912762839453080e+03
2.161835707655094666e+03
2.201647681904302317e+03
2.241348148373767344e+03
2.280936584073873291e+03
2.320412480267459159e+03
2.359775342491257561e+03
2.399024690570117400e+03
2.438160058624149315e+03
2.477180995068852553e+03
2.516087062608405631e+03
2.554877838222186256e+03
2.593552913144697413e+03
2.632111892838989206e+03
2.670554396963754698e+03
2.708880059334191628e+03
2.747088527876820081e+03
2.785179464578355692e+03
2.823152545428845769e+03
2.861007460359132438e+03
2.898743913172900193e+03
2.936361621473361993e+03
2.973860316584822613e+03
3.011239743469217046e+03
3.048499660637821762e+03
3.085639840058274331e+03
3.122660067057078777e+03
3.159560140217753087e+03
3.196339871274763937e+03
3.232999085003431901e+03
3.269537619105970407e+03
3.305955324093789386e+03
3.342252063166257813e+03
3.378427712086058818e+03
3.414482159051311555e+03
3.450415304564623511e+03
3.486227061299185607e+03
3.521917353962141988e+03
3.557486119155293181e+03
3.592933305233373630e+03
3.628258872159994553e+03
3.663462791361412656e+03
3.698545045578279314e+03
3.733505628715515741e+03
3.768344545690428276e+03
3.803061812279251171e+03
3.837657454962180509e+03
3.872131510767117561e+03
3.906484027112176591e+03
3.940715061647136281e+03
3.974824682093928004e+03
4.008812966086304186e+03
4.042680001008794079e+03
4.076425883835061086e+03
4.110050720965789878e+03
4.143554628066200166e+03
4.176937729903297623e+03
4.210200160182957006e+03
4.243342061386966634e+03
4.276363584610107864e+03
4.309264889397365550e+03
4.342046143581357683e+03
4.374707523120112455e+03
4.407249211935220046e+03
4.439671401750483710e+03
4.471974291931129301e+03
4.504158089323667809e+03
4.536223008096455487e+03
4.568169269581077970e+03
4.599997102114540212e+03
4.631706740882418671e+03
4.663298427762969368e+03
4.694772411172306420e+03
4.726128945910648326e+03
4.757368293009736590e+03
4.788490719581457597e+03
4.819496498667715059e+03
4.850385909091598478e+03
4.881159235309904034e+03
4.911816767267029718e+03
4.942358800250303830e+03
4.972785634746760479e+03
5.003097576301430308e+03
5.033294935377121874e+03
5.063378027215799193e+03
5.093347171701513616e+03
5.123202693224953691e+03
5.152944920549613016e+03
5.182574186679648847e+03
5.212090828729355962e+03
5.241495187794387675e+03
5.270787608824634844e+03
5.299968440498862947e+03
5.329038035101045352e+03
5.357996748398478303e+03
5.386844939521607557e+03
5.415582970845634918e+03
5.444211207873908279e+03
5.472730019123034253e+03
5.501139776009813431e+03
5.529440852739906404e+03
5.557633626198324237e+03
5.585718475841648797e+03
5.613695783592044791e+03
5.641565933733056227e+03
5.669329312807147289e+03
5.696986309515015819e+03
5.724537314616663025e+03
5.751982720834208521e+03
5.779322922756454318e+03
5.806558316745166849e+03
5.833689300843100682e+03
5.860716274683718439e+03
5.887639639402626926e+03
5.914459797550701296e+03
5.941177153008869027e+03
5.967792110904579204e+03
5.994305077529935261e+03
6.020716460261435714e+03
6.047026667481345612e+03
6.073236108500698720e+03
6.099345193483865842e+03
6.125354333374718408e+03
6.151263939824352747e+03
6.177074425120331398e+03
6.202786202117499670e+03
6.228399684170264663e+03
6.253915285066417709e+03
6.279333418962361975e+03
6.304654500319878935e+03
6.329878943844277273e+03
6.355007164423977883e+03
6.380039577071499480e+03
6.404976596865843931e+03
6.429818638896223092e+03
6.454566118207149884e+03
6.479219449744836311e+03
6.503779048304924800e+03
6.528245328481491015e+03
6.552618704617320873e+03
6.576899590755435383e+03
6.601088400591863319e+03
6.625185547429595317e+03
6.649191444133774894e+03
6.673106503088016325e+03
6.696931136151904866e+03
6.720665754619655672e+03
6.744310769179827730e+03
6.767866589876207399e+03
6.791333626069717866e+03
6.814712286401426354e+03
6.838002978756579978e+03
6.861206110229645674e+03
6.884322087090423338e+03
6.907351314751064820e+03
6.930294197734124282e+03
6.953151139641537156e+03
6.975922543124533149e+03
6.998608809854483297e+03
7.021210340494629236e+03
7.043727534672721958e+03
7.066160790954484582e+03
7.088510506817975511e+03
7.110777078628757408e+03
7.132960901615880175e+03
7.155062369848676099e+03
7.177081876214339900e+03
7.199019812396271846e+03
7.220876568853188473e+03
7.242652534798930901e+03
7.264348098183065304e+03
7.285963645672123675e+03
7.307499562631584013e+03
7.328956233108485321e+03
7.350334037714561418e+03
7.371633361878371034e+03
7.392854583621132406e+03
7.413998081555540011e+03
7.435064232898748742e+03
7.456053413458798786e+03
7.476965997621588031e+03
7.497802358338467457e+03
7.518562867114344954e+03
7.539247893996352104e+03
7.559857807563052120e+03
7.580392974914143451e+03
7.600853761660695454e+03
7.621240531915856081e+03
7.641553648286055250e+03
7.661793471862685692e+03
7.681960362214234010e+03
7.702054677378858287e+03
7.722076773857423177e+03
7.742027006606944269e+03
7.761905729034464457e+03
7.781713292991335038e+03
7.801450048767876979e+03
7.821116345088466005e+03
7.840712529106958755e+03
7.860238946402512738e+03
7.879695940975753729e+03
7.899083855245299674e+03
7.918403030044626576e+03
7.937653804619246330e+03
7.956836516624246542e+03
7.975951502122118654e+03
7.994999095580884386e+03
8.013979629872559599e+03
8.032893436271870996e+03
8.051740844455261140e+03
8.070522182500213603e+03
8.089237776884761843e+03
8.107887952487346411e+03
8.126473032586862246e+03
8.144993338862996097e+03
8.163449191396763126e+03
8.181840908671314537e+03
8.200168807572936203e+03
8.218433203392303767e+03
8.236634409825908733e+03
8.254772738977730114e+03
8.272848501361062517e+03
8.290862005900635268e+03
8.308813559934753357e+03
8.326703469217785823e+03
8.344532037922781456e+03
8.362299568644155443e+03
8.380006362400730723e+03
8.397652718638770239e+03
8.415238935235256577e+03
8.432765308501300751e+03
8.450232133185712883e+03
8.467639702478662002e+03
8.484988308015548682e+03
8.502278239880944966e+03
8.519509786612703465e+03
8.536683235206188328e+03
8.553798871118591705e+03
8.570856978273393906e+03
8.587857839064938162e+03
8.604801734363090873e+03
8.621688943518041924e+03
8.638519744365139559e+03
8.655294413229905331e+03
8.672013224933085439e+03
8.688676452795782097e+03
8.705284368644724964e+03
8.721837242817575316e+03
8.738335344168335723e+03
8.754778940072797923e+03
8.771168296434145304e+03
8.787503677688517200e+03
8.803785346810709598e+03
8.820013565319957706e+03
8.836188593285683964e+03
8.852310689333415212e+03
8.868380110650679853e+03
8.884397112992986877e+03
8.900361950689868536e+03
8.916274876650932129e+03
8.932136142371968162e+03
8.947945997941154928e+03
8.963704692045235788e+03
8.979412471975731023e+03
8.995069583635269737e+03
9.010676271543867188e+03
9.026232778845276698e+03
9.041739347313348844e+03
9.057196217358461581e+03
9.072603628033917630e+03
9.087961817042421899e+03
9.103271020742533437e+03
9.118531474155168326e+03
9.133743410970124387e+03
9.148907063552604086e+03
9.164022662949750156e+03
9.179090438897232161e+03
9.194110619825798494e+03
9.209083432867870215e+03
9.224009103864147619e+03
9.238887857370180427e+03
9.253719916663014374e+03
9.268505503747785042e+03
9.283244839364355357e+03
9.297938142993914880e+03
9.312585632865628213e+03
9.327187525963245207e+03
9.341744038031732998e+03
9.356255383583908042e+03
9.370721775907033589e+03
9.385143427069462632e+03
9.399520547927235384e+03
9.413853348130687664e+03
9.428142036131064742e+03
9.442386819187096989e+03
9.456587903371593711e+03
9.470745493578016976e+03
9.484859793527040893e+03
9.498931005773103607e+03
9.512959331710988408e+03
9.526944971582277503e+03
9.540888124481947671e+03
9.554788988364805846e+03
9.568647760052032027e+03
9.582464635237629409e+03
9.596239808494863610e+03
9.609973473282720079e+03
9.623665821952341503e+03
9.637317045753390630e+03
9.650927334840489493e+03
9.664496878279545854e+03
9.678025864054121485e+03
9.691514479071733149e+03
9.704962909170222702e+03
9.718371339123979851e+03
9.731739952650219493e+03
9.745068932415277231e+03
9.758358460040761202e+03
9.771608716109796660e+03
9.784819880173197816e+03
9.797992130755606922e+03
9.811125645361624265e+03
9.824220600481934525e+03
9.837277171599374924e+03
9.850295533194979726e+03
9.863275858754035653e+03
9.876218320772097286e+03
9.889123090760929699e+03
9.901990339254491118e+03
9.914820235814855550e+03
9.927612949038137231e+03
9.940368646560338675e+03
9.953087495063216920e+03
9.965769660280111566e+03
9.978415307001740075e+03
9.991024599081954875e+03
1.000359769944351501e+04
1.001613477008377777e+04
1.002863597208038664e+04
1.004110146559695568e+04
1.005353140988867744e+04
1.006592596330795277e+04
1.007828528330993504e+04
1.009060952645809630e+04
1.010289884842978063e+04
1.011515340402162838e+04
1.012737334715508769e+04
1.013955883088185692e+04
1.015171000738925613e+04
1.016382702800561310e+04
1.017591004320566208e+04
