# bb
1.779032800186541863e-06
3.558686330507043749e-06
5.932512522122124210e-06
8.901334695110563189e-06
1.246615101990755647e-05
1.662814975134097040e-05
2.138868512702174485e-05
2.674927600310184062e-05
3.271158857387490571e-05
3.927742000087164342e-05
4.644868386094458401e-05
5.422739923233166337e-05
6.261566886678338051e-05
7.161567191360518336e-05
8.122961298795416951e-05
9.145974763669073582e-05
1.023083314066752791e-04
1.137776343966834247e-04
1.258698466699570417e-04
1.385872019454836845e-04
1.519317884230986238e-04
1.659056433709338307e-04
1.805107167456299067e-04
1.957488420885056257e-04
2.116217219736427069e-04
2.281309134559705853e-04
2.452778571750968695e-04
2.630637609399855137e-04
2.814897161442786455e-04
3.005565667990595102e-04
3.202651278115808964e-04
3.406158066354691982e-04
3.616089525166898966e-04
3.832447109743952751e-04
4.055229946970939636e-04
4.284435417503118515e-04
4.520058282651007175e-04
4.762093594763427973e-04
5.010532331652939320e-04
5.265364306978881359e-04
5.526578752323985100e-04
5.794162862002849579e-04
6.068101502023637295e-04
6.348381284624338150e-04
6.634984165430068970e-04
6.927893846295773983e-04
7.227091700769960880e-04
7.532560266554355621e-04
7.844280335120856762e-04
8.162232115864753723e-04
8.486398728564381599e-04
8.816759218461811543e-04
9.153297869488596916e-04
9.495994308963418007e-04
9.844832820817828178e-04
1.019979943521320820e-03
1.056087552569806576e-03
1.092805061489343643e-03
1.130131073296070099e-03
1.168064656667411327e-03
1.206604763865470886e-03
1.245750812813639641e-03
1.285502105019986629e-03
1.325858524069190025e-03
1.366819720715284348e-03
1.408385811373591423e-03
1.450557145290076733e-03
1.493334188126027584e-03
1.536717754788696766e-03
1.580708660185337067e-03
1.625308068469166756e-03
1.670517376624047756e-03
1.716338330879807472e-03
1.762772444635629654e-03
1.809821813367307186e-03
1.857488532550632954e-03
1.905775163322687149e-03
1.954684033989906311e-03
2.004218054935336113e-03
2.054379554465413094e-03
2.105172025039792061e-03
2.156598493456840515e-03
2.208662452176213264e-03
2.261366462334990501e-03
2.314714714884757996e-03
2.368710469454526901e-03
2.423357451334595680e-03
2.478659152984619141e-03
2.534619066864252090e-03
2.591241849586367607e-03
2.648530527949333191e-03
2.706489292904734612e-03
2.765121869742870331e-03
2.824432682245969772e-03
2.884424990043044090e-03
2.945102984085679054e-03
3.006470855325460434e-03
3.068532329052686691e-03
3.131291596218943596e-03
3.194752382114529610e-03
3.258919110521674156e-03
3.323795972391963005e-03
3.389386693015694618e-03
3.455695230513811111e-03
3.522726008668541908e-03
3.590483916923403740e-03
3.658972447738051414e-03
3.728196490556001663e-03
3.798160236328840256e-03
3.868868108838796616e-03
3.940325230360031128e-03
4.012536257505416870e-03
4.085505846887826920e-03
4.159239586442708969e-03
4.233742132782936096e-03
4.309019073843955994e-03
4.385076463222503662e-03
4.461919423192739487e-03
4.539553541690111160e-03
4.617985337972640991e-03
4.697221796959638596e-03
4.777267575263977051e-03
4.858131520450115204e-03
4.939818754792213440e-03
5.022336728870868683e-03
5.105693358927965164e-03
5.189895629882812500e-03
5.274951923638582230e-03
5.360868759453296661e-03
5.447654984891414642e-03
5.535318516194820404e-03
5.623866803944110870e-03
5.713310092687606812e-03
5.803655367344617844e-03
5.894911941140890121e-03
5.987088195979595184e-03
6.080192513763904572e-03
6.174234673380851746e-03
6.269222125411033630e-03
6.365164183080196381e-03
6.462070159614086151e-03
6.559947505593299866e-03
6.658804602921009064e-03
6.758650764822959900e-03
6.859493907541036606e-03
6.961341015994548798e-03
7.064200937747955322e-03
7.168080192059278488e-03
7.272987160831689835e-03
7.378927432000637054e-03
7.485907990485429764e-03
7.593934889882802963e-03
7.703014183789491653e-03
7.813151925802230835e-03
7.924350909888744354e-03
8.036617189645767212e-03
8.149954490363597870e-03
8.264366537332534790e-03
8.379856124520301819e-03
8.496425114572048187e-03
8.614075370132923126e-03
8.732808753848075867e-03
8.852626197040081024e-03
8.973527699708938599e-03
9.095513261854648590e-03
9.218581020832061768e-03
9.342730976641178131e-03
9.467961266636848450e-03
9.594267234206199646e-03
9.721647016704082489e-03
9.850097820162773132e-03
9.979614056646823883e-03
1.011019293218851089e-02
1.024182699620723724e-02
1.037451345473527908e-02
1.050824392586946487e-02
1.064301189035177231e-02
1.077881269156932831e-02
1.091563701629638672e-02
1.105347741395235062e-02
1.119232643395662308e-02
1.133217662572860718e-02
1.147301681339740753e-02
1.161483954638242722e-02
1.175763551145792007e-02
1.190139353275299072e-02
1.204610615968704224e-02
1.219176221638917923e-02
1.233835052698850632e-02
1.248586270958185196e-02
1.263428572565317154e-02
1.278361026197671890e-02
1.293382514268159866e-02
1.308491919189691544e-02
1.323688030242919922e-02
1.338969729840755463e-02
1.354335900396108627e-02
1.369785331189632416e-02
1.385316811501979828e-02
1.400929130613803864e-02
1.416621077805757523e-02
1.432391349226236343e-02
1.448238827288150787e-02
1.464162115007638931e-02
1.480159908533096313e-02
1.496230904012918472e-02
1.512373611330986023e-02
1.528587006032466888e-02
1.544869504868984222e-02
1.561219617724418640e-02
1.577636227011680603e-02
1.594117283821105957e-02
1.610661670565605164e-02
1.627267897129058838e-02
1.643934100866317749e-02
1.660659164190292358e-02
1.677440851926803589e-02
1.694277673959732056e-02
1.711168326437473297e-02
1.728110387921333313e-02
1.745102554559707642e-02
1.762142777442932129e-02
1.779229007661342621e-02
1.796359568834304810e-02
1.813532412052154541e-02
1.830745488405227661e-02
1.847996935248374939e-02
1.865284331142902374e-02
1.882605440914630890e-02
1.899958588182926178e-02
1.917341165244579315e-02
1.934750936925411224e-02
1.952185854315757751e-02
1.969643309712409973e-02
1.987121067941188812e-02
2.004616893827915192e-02
2.022127807140350342e-02
2.039651945233345032e-02
2.057186700403690338e-02
2.074729464948177338e-02
2.092278003692626953e-02
2.109829522669315338e-02
2.127381786704063416e-02
2.144932001829147339e-02
2.162477746605873108e-02
2.180016785860061646e-02
2.197546325623989105e-02
2.215063944458961487e-02
2.232567220926284790e-02
2.250053733587265015e-02
2.267520874738693237e-02
2.284966409206390381e-02
2.302387915551662445e-02
2.319782972335815430e-02
2.337149530649185181e-02
2.354485169053077698e-02
2.371787652373313904e-02
2.389054745435714722e-02
2.406284585595130920e-02
2.423474751412868500e-02
2.440623380243778229e-02
2.457728609442710876e-02
2.474788203835487366e-02
2.491800673305988312e-02
2.508763782680034637e-02
2.525676228106021881e-02
2.542535774409770966e-02
2.559341490268707275e-02
2.576091140508651733e-02
2.592783607542514801e-02
2.609417401254177094e-02
2.625990845263004303e-02
2.642502635717391968e-02
2.658951841294765472e-02
2.675336785614490509e-02
2.691656164824962616e-02
2.707909606397151947e-02
2.724094875156879425e-02
2.740211971104145050e-02
2.756259590387344360e-02
2.772236242890357971e-02
2.788141556084156036e-02
2.803974412381649017e-02
2.819734066724777222e-02
2.835419587790966034e-02
2.851030416786670685e-02
2.866565436124801636e-02
2.882024459540843964e-02
2.897406369447708130e-02
2.912710979580879211e-02
2.927936986088752747e-02
2.943084202706813812e-02
2.958152256906032562e-02
2.973140217363834381e-02
2.988047711551189423e-02
3.002874180674552917e-02
3.017619438469409943e-02
3.032282553613185883e-02
3.046863712370395660e-02
3.061361983418464661e-02
3.075777366757392883e-02
3.090109676122665405e-02
3.104357980191707611e-02
3.118522465229034424e-02
3.132602944970130920e-02
3.146599233150482178e-02
3.160511329770088196e-02
3.174338489770889282e-02
3.188080713152885437e-02
3.201739117503166199e-02
3.215312212705612183e-02
3.228801116347312927e-02
3.242205828428268433e-02
3.255525976419448853e-02
3.268762305378913879e-02
3.281914815306663513e-02
3.294984251260757446e-02
3.307970613241195679e-02
3.320874646306037903e-02
3.333696722984313965e-02
3.346437960863113403e-02
3.359098359942436218e-02
3.371679410338401794e-02
3.384181484580039978e-02
3.396605327725410461e-02
3.408952802419662476e-02
3.421223908662796021e-02
3.433420881628990173e-02
3.445544093847274780e-02
3.457595035433769226e-02
3.469575569033622742e-02
3.481486812233924866e-02
3.493329882621765137e-02
3.505107387900352478e-02
3.516820073127746582e-02
3.528470173478126526e-02
3.540059551596641541e-02
3.551589697599411011e-02
3.563062474131584167e-02
3.574480488896369934e-02
3.585845977067947388e-02
3.597160056233406067e-02
3.608425334095954895e-02
3.619644045829772949e-02
3.630818426609039307e-02
3.641951084136962891e-02
3.653043881058692932e-02
3.664099425077438354e-02
3.675119951367378235e-02
3.686107695102691650e-02
3.697065263986587524e-02
3.707995638251304626e-02
3.718900308012962341e-02
3.729781880974769592e-02
3.740643337368965149e-02
3.751486912369728088e-02
3.762314841151237488e-02
3.773129731416702271e-02
3.783933818340301514e-02
3.794730082154273987e-02
3.805520385503768921e-02
3.816307336091995239e-02
3.827092796564102173e-02
3.837880119681358337e-02
3.848671168088912964e-02
3.859467804431915283e-02
3.870273008942604065e-02
3.881088271737098694e-02
3.891916945576667786e-02
3.902760148048400879e-02
3.913620486855506897e-02
3.924500569701194763e-02
3.935401514172554016e-02
3.946326300501823425e-02
3.957276418805122375e-02
3.968254476785659790e-02
3.979262709617614746e-02
3.990301862359046936e-02
4.001375287771224976e-02
4.012484475970268250e-02
4.023630917072296143e-02
4.034817218780517578e-02
4.046045243740081787e-02
4.057316482067108154e-02
4.068633168935775757e-02
4.079997166991233826e-02
4.091410338878631592e-02
4.102874174714088440e-02
4.114391282200813293e-02
4.125963151454925537e-02
4.137591272592544556e-02
4.149277880787849426e-02
4.161025211215019226e-02
4.172834008932113647e-02
4.184707254171371460e-02
4.196646064519882202e-02
4.208652675151824951e-02
4.220728576183319092e-02
4.232875257730484009e-02
4.245095327496528625e-02
4.257389903068542480e-02
4.269761219620704651e-02
4.282210394740104675e-02
4.294739663600921631e-02
4.307350888848304749e-02
4.320045560598373413e-02
4.332824796438217163e-02
4.345690831542015076e-02
4.358645528554916382e-02
4.371689632534980774e-02
4.384825378656387329e-02
4.398053884506225586e-02
4.411377012729644775e-02
4.424795508384704590e-02
4.438311234116554260e-02
4.451925307512283325e-02
4.465639218688011169e-02
4.479453712701797485e-02
4.493370279669761658e-02
4.507389664649963379e-02
4.521512985229492188e-02
4.535741358995437622e-02
4.550075158476829529e-02
4.564515128731727600e-02
4.579062759876251221e-02
4.593717679381370544e-02
4.608481004834175110e-02
4.623352736234664917e-02
4.638333246111869812e-02
4.653422906994819641e-02
4.668621718883514404e-02
4.683930054306983948e-02
4.699347540736198425e-02
4.714873805642127991e-02
4.730509594082832336e-02
4.746253788471221924e-02
4.762105643749237061e-02
4.778065532445907593e-02
4.794132709503173828e-02
4.810306057333946228e-02
4.826584830880165100e-02
4.842968657612800598e-02
4.859456792473793030e-02
4.876047372817993164e-02
4.892739653587341309e-02
4.909532889723777771e-02
4.926425963640213013e-02
4.943417012691497803e-02
4.960504546761512756e-02
4.977687820792198181e-02
4.994965344667434692e-02
5.012335255742073059e-02
5.029796436429023743e-02
5.047346279025077820e-02
5.064984411001205444e-02
5.082708224654197693e-02
5.100516602396965027e-02
5.118407309055328369e-02
5.136378854513168335e-02
5.154429003596305847e-02
5.172556266188621521e-02
5.190758779644966125e-02
5.209034681320190430e-02
5.227381363511085510e-02
5.245797708630561829e-02
5.264281108975410461e-02
5.282830074429512024e-02
5.301441997289657593e-02
5.320115387439727783e-02
5.338848009705543518e-02
5.357638001441955566e-02
5.376482754945755005e-02
5.395380407571792603e-02
5.414328351616859436e-02
5.433326214551925659e-02
5.452369153499603271e-02
5.471457540988922119e-02
5.490587651729583740e-02
5.509757250547409058e-02
5.528964474797248840e-02
5.548207089304924011e-02
5.567482858896255493e-02
5.586789175868034363e-02
5.606124177575111389e-02
5.625484511256217957e-02
5.644867941737174988e-02
5.664272978901863098e-02
5.683696642518043518e-02
5.703135579824447632e-02
5.722588673233985901e-02
5.742052197456359863e-02
5.761523917317390442e-02
5.781001225113868713e-02
5.800480395555496216e-02
5.819960311055183411e-02
5.839436873793601990e-02
5.858908593654632568e-02
5.878371000289916992e-02
5.897822231054306030e-02
5.917258933186531067e-02
5.936678126454353333e-02
5.956077575683593750e-02
5.975452810525894165e-02
5.994801968336105347e-02
6.014121323823928833e-02
6.033407896757125854e-02
6.052658706903457642e-02
6.071870401501655579e-02
6.091040000319480896e-02
6.110164150595664978e-02
6.129239127039909363e-02
6.148263439536094666e-02
6.167232245206832886e-02
6.186142936348915100e-02
6.204992160201072693e-02
6.223776564002037048e-02
6.242493540048599243e-02
6.261140108108520508e-02
6.279712170362472534e-02
6.298207491636276245e-02
6.316623091697692871e-02
6.334955245256423950e-02
6.353200972080230713e-02
6.371358782052993774e-02
6.389423459768295288e-02
6.407393515110015869e-02
6.425266712903976440e-02
6.443039327859878540e-02
6.460709869861602783e-02
6.478273868560791016e-02
6.495729833841323853e-02
6.513075530529022217e-02
6.530307978391647339e-02
6.547425687313079834e-02
6.564424932003021240e-02
6.581304967403411865e-02
6.598062813282012939e-02
6.614696979522705078e-02
6.631204485893249512e-02
6.647585332393646240e-02
6.663835048675537109e-02
6.679954379796981812e-02
6.695939600467681885e-02
6.711789965629577637e-02
6.727503985166549683e-02
6.743080168962478638e-02
6.758517771959304810e-02
6.773813068866729736e-02
6.788967549800872803e-02
6.803978234529495239e-02
6.818845123052597046e-02
6.833566725254058838e-02
6.848140805959701538e-02
6.862567365169525146e-02
6.876846402883529663e-02
6.890974938869476318e-02
6.904953718185424805e-02
6.918781250715255737e-02
6.932456791400909424e-02
6.945979595184326172e-02
6.959349662065505981e-02
6.972566246986389160e-02
6.985627859830856323e-02
6.998535245656967163e-02
7.011286169290542603e-02
7.023882120847702026e-02
7.036320865154266357e-02
7.048603892326354980e-02
7.060728967189788818e-02
7.072697579860687256e-02
7.084508240222930908e-02
7.096160948276519775e-02
7.107655704021453857e-02
7.118992507457733154e-02
7.130170613527297974e-02
7.141191512346267700e-02
7.152052968740463257e-02
7.162757217884063721e-02
7.173302769660949707e-02
7.183691114187240601e-02
7.193921506404876709e-02
7.203994691371917725e-02
7.213909924030303955e-02
7.223668694496154785e-02
7.233271747827529907e-02
7.242718338966369629e-02
7.252009958028793335e-02
7.261146605014801025e-02
7.270130515098571777e-02
7.278960198163986206e-02
7.287637889385223389e-02
7.296164333820343018e-02
7.304541021585464478e-02
7.312768697738647461e-02
7.320847362279891968e-02
7.328779995441436768e-02
7.336566597223281860e-02
7.344210147857666016e-02
7.351710647344589233e-02
7.359069585800170898e-02
7.366289943456649780e-02
7.373373210430145264e-02
7.380319386720657349e-02
7.387133687734603882e-02
7.393813878297805786e-02
7.400365918874740601e-02
7.406789809465408325e-02
7.413087785243988037e-02
7.419262826442718506e-02
7.425317168235778809e-02
7.431252300739288330e-02
7.437072694301605225e-02
7.442779093980789185e-02
7.448373734951019287e-02
7.453861087560653687e-02
7.459241896867752075e-02
7.464520633220672607e-02
7.469698786735534668e-02
7.474779337644577026e-02
7.479766756296157837e-02
7.484661042690277100e-02
7.489467412233352661e-02
7.494188100099563599e-02
7.498826086521148682e-02
7.503384351730346680e-02
7.507865130901336670e-02
7.512272894382476807e-02
7.516609877347946167e-02
7.520878314971923828e-02
7.525082677602767944e-02
7.529224455356597900e-02
7.533308118581771851e-02
7.537335157394409180e-02
7.541310042142868042e-02
7.545235008001327515e-02
7.549113035202026367e-02
7.552947849035263062e-02
7.556740939617156982e-02
7.560496777296066284e-02
7.564216107130050659e-02
7.567904144525527954e-02
7.571563124656677246e-02
7.575195282697677612e-02
7.578803598880767822e-02
7.582391053438186646e-02
7.585960626602172852e-02
7.589514553546905518e-02
7.593055814504623413e-02
7.596587389707565308e-02
7.600111514329910278e-02
7.603631168603897095e-02
7.607149332761764526e-02
7.610667496919631958e-02
7.614190131425857544e-02
7.617718726396560669e-02
7.621256262063980103e-02
7.624804228544235229e-02
7.628367096185684204e-02
7.631945610046386719e-02
7.635543495416641235e-02
7.639162987470626831e-02
7.642807066440582275e-02
7.646477222442626953e-02
7.650176435708999634e-02
7.653907686471939087e-02
7.657673954963684082e-02
7.661475241184234619e-02
7.665317505598068237e-02
7.669200748205184937e-02
7.673127949237823486e-02
7.677102088928222656e-02
7.681124657392501831e-02
7.685199379920959473e-02
7.689327746629714966e-02
7.693512737751007080e-02
7.697756588459014893e-02
7.702060788869857788e-02
7.706429064273834229e-02
7.710862159729003906e-02
7.715364545583724976e-02
7.719935476779937744e-02
7.724580168724060059e-02
7.729298621416091919e-02
7.734093815088272095e-02
7.738967984914779663e-02
7.743923366069793701e-02
7.748961448669433594e-02
7.754083722829818726e-02
7.759292423725128174e-02
7.764590531587600708e-02
7.769978791475296021e-02
7.775458693504333496e-02
7.781033217906951904e-02
7.786701619625091553e-02
7.792467623949050903e-02
7.798331230878829956e-02
7.804294675588607788e-02
7.810359448194503784e-02
7.816524803638458252e-02
7.822795212268829346e-02
7.829167693853378296e-02
7.835646718740463257e-02
7.842232286930084229e-02
7.848923653364181519e-02
7.855723053216934204e-02
7.862629741430282593e-02
7.869645953178405762e-02
7.876770198345184326e-02
7.884005457162857056e-02
7.891348749399185181e-02
7.898803055286407471e-02
7.906367629766464233e-02
7.914041727781295776e-02
7.921825349330902100e-02
7.929719239473342896e-02
7.937722653150558472e-02
7.945835590362548828e-02
7.954056560993194580e-02
7.962387055158615112e-02
7.970824837684631348e-02
7.979369908571243286e-02
7.988022267818450928e-02
7.996780425310134888e-02
8.005643635988235474e-02
8.014611154794692993e-02
8.023682236671447754e-02
8.032855391502380371e-02
8.042130619287490845e-02
8.051505684852600098e-02
8.060979843139648438e-02
8.070552349090576172e-02
8.080222457647323608e-02
8.089987188577651978e-02
8.099845796823501587e-02
8.109799027442932129e-02
8.119842410087585449e-02
8.129976689815521240e-02
8.140200376510620117e-02
8.150510489940643311e-02
8.160907030105590820e-02
8.171387016773223877e-02
8.181949704885482788e-02
8.192593604326248169e-02
8.203317970037460327e-02
8.214119076728820801e-02
8.224996179342269897e-02
8.235947042703628540e-02
8.246970921754837036e-02
8.258065581321716309e-02
8.269229531288146973e-02
8.280459791421890259e-02
8.291754871606826782e-02
8.303114026784896851e-02
8.314533531665802002e-02
8.326011896133422852e-02
8.337547630071640015e-02
8.349139243364334106e-02
8.360782265663146973e-02
8.372476696968078613e-02
8.384219557046890259e-02
8.396008610725402832e-02
8.407840132713317871e-02
8.419714868068695068e-02
8.431627601385116577e-02
8.443577587604522705e-02
8.455561846494674683e-02
8.467577397823333740e-02
8.479622006416320801e-02
8.491693437099456787e-02
8.503788709640502930e-02
8.515904843807220459e-02
8.528039604425430298e-02
8.540190011262893677e-02
8.552352339029312134e-02
8.564525842666625977e-02
8.576706051826477051e-02
8.588889986276626587e-02
8.601075410842895508e-02
8.613259345293045044e-02
8.625437319278717041e-02
8.637608587741851807e-02
8.649767935276031494e-02
8.661913126707077026e-02
8.674041181802749634e-02
8.686149120330810547e-02
8.698233217000961304e-02
8.710290491580963135e-02
8.722318708896636963e-02
8.734312653541564941e-02
8.746271580457687378e-02
8.758189529180526733e-02
8.770065754652023315e-02
8.781897276639938354e-02
8.793678134679794312e-02
8.805407583713531494e-02
8.817081898450851440e-02
8.828697353601455688e-02
8.840252459049224854e-02
8.851741999387741089e-02
8.863164484500885010e-02
8.874516189098358154e-02
8.885795623064041138e-02
8.896997570991516113e-02
8.908120542764663696e-02
8.919160813093185425e-02
8.930116891860961914e-02
8.940984308719635010e-02
8.951761573553085327e-02
8.962445706129074097e-02
8.973034471273422241e-02
8.983524143695831299e-02
8.993913978338241577e-02
9.004199504852294922e-02
9.014379233121871948e-02
9.024451673030853271e-02
9.034412354230880737e-02
9.044261276721954346e-02
9.053995460271835327e-02
9.063611179590225220e-02
9.073107689619064331e-02
9.082483500242233276e-02
9.091735631227493286e-02
9.100861847400665283e-02
9.109860658645629883e-02
9.118731319904327393e-02
9.127470105886459351e-02
9.136075526475906372e-02
9.144546836614608765e-02
9.152881801128387451e-02
9.161078929901123047e-02
9.169135987758636475e-02
9.177052229642868042e-02
9.184825420379638672e-02
9.192454814910888672e-02
9.199938178062438965e-02
9.207274019718170166e-02
9.214461594820022583e-02
9.221500158309936523e-02
9.228386729955673218e-02
9.235121309757232666e-02
9.241701662540435791e-02
9.248128533363342285e-02
9.254398196935653687e-02
9.260511398315429688e-02
9.266466647386550903e-02
9.272262454032897949e-02
9.277898073196411133e-02
9.283374249935150146e-02
9.288687258958816528e-02
9.293837100267410278e-02
9.298823773860931396e-02
9.303646534681320190e-02
9.308303892612457275e-02
9.312796592712402344e-02
9.317122399806976318e-02
9.321281313896179199e-02
9.325273334980010986e-02
9.329097718000411987e-02
9.332753717899322510e-02
9.336241334676742554e-02
9.339560568332672119e-02
9.342711418867111206e-02
9.345693141222000122e-02
9.348505735397338867e-02
9.351149946451187134e-02
9.353625029325485229e-02
9.355930984020233154e-02
9.358068555593490601e-02
9.360039234161376953e-02
9.361840784549713135e-02
9.363475441932678223e-02
9.364943206310272217e-02
9.366244822740554810e-02
9.367381036281585693e-02
9.368353337049484253e-02
9.369160979986190796e-02
9.369804710149765015e-02
9.370287507772445679e-02
9.370608627796173096e-02
9.370770305395126343e-02
9.370772540569305420e-02
9.370617568492889404e-02
9.370306879281997681e-02
9.369841217994689941e-02
9.369222074747085571e-02
9.368451684713363647e-02
9.367530792951583862e-02
9.366462379693984985e-02
9.365246444940567017e-02
9.363885223865509033e-02
9.362381696701049805e-02
9.360736608505249023e-02
9.358952194452285767e-02
9.357029944658279419e-02
9.354972839355468750e-02
9.352782368659973145e-02
9.350461512804031372e-02
9.348011016845703125e-02
9.345433861017227173e-02
9.342732280492782593e-02
9.339908510446548462e-02
9.336965531110763550e-02
9.333904087543487549e-02
9.330727905035018921e-02
9.327438473701477051e-02
9.324038028717041016e-02
9.320530295372009277e-02
9.316916763782501221e-02
9.313198924064636230e-02
9.309381991624832153e-02
9.305465221405029297e-02
9.301453083753585815e-02
9.297347813844680786e-02
9.293151646852493286e-02
9.288866817951202393e-02
9.284497052431106567e-02
9.280043095350265503e-02
9.275508671998977661e-02
9.270895272493362427e-02
9.266207367181777954e-02
9.261445701122283936e-02
9.256613254547119141e-02
9.251712262630462646e-02
9.246747195720672607e-02
9.241718053817749023e-02
9.236628562211990356e-02
9.231481701135635376e-02
9.226279705762863159e-02
9.221024811267852783e-02
9.215719997882843018e-02
9.210367500782012939e-02
9.204970300197601318e-02
9.199531376361846924e-02
9.194052219390869141e-02
9.188536554574966431e-02
9.182985872030258179e-02
9.177403151988983154e-02
9.171792864799499512e-02
9.166155010461807251e-02
9.160493314266204834e-02
9.154810756444931030e-02
9.149110317230224609e-02
9.143392741680145264e-02
9.137663245201110840e-02
9.131922572851181030e-02
9.126174449920654297e-02
9.120421111583709717e-02
9.114664793014526367e-02
9.108909219503402710e-02
9.103155881166458130e-02
9.097408503293991089e-02
9.091669321060180664e-02
9.085941314697265625e-02
9.080226719379425049e-02
9.074527770280838013e-02
9.068848192691802979e-02
9.063189476728439331e-02
9.057554602622985840e-02
9.051945805549621582e-02
9.046366065740585327e-02
9.040818363428115845e-02
9.035304933786392212e-02
9.029827266931533813e-02
9.024388343095779419e-02
9.018991142511367798e-02
9.013636410236358643e-02
9.008328616619110107e-02
9.003069251775741577e-02
8.997859805822372437e-02
8.992703258991241455e-02
8.987601846456527710e-02
8.982557058334350586e-02
8.977571129798889160e-02
8.972645550966262817e-02
8.967784047126770020e-02
8.962987363338470459e-02
8.958256244659423828e-02
8.953594416379928589e-02
8.949001878499984741e-02
8.944483101367950439e-02
8.940036594867706299e-02
8.935665339231491089e-02
8.931370079517364502e-02
8.927153795957565308e-02
8.923016488552093506e-02
8.918959647417068481e-02
8.914985507726669312e-02
8.911094069480895996e-02
8.907287567853927612e-02
8.903566002845764160e-02
8.899930864572525024e-02
8.896384388208389282e-02
8.892925083637237549e-02
8.889555186033248901e-02
8.886276185512542725e-02
8.883087337017059326e-02
8.879990875720977783e-02
8.876986056566238403e-02
8.874074369668960571e-02
8.871255815029144287e-02
8.868531882762908936e-02
8.865901082754135132e-02
8.863366395235061646e-02
8.860926330089569092e-02
8.858582377433776855e-02
8.856333047151565552e-02
8.854181319475173950e-02
8.852124959230422974e-02
8.850164711475372314e-02
8.848301321268081665e-02
8.846535533666610718e-02
8.844865113496780396e-02
8.843292295932769775e-02
8.841816335916519165e-02
8.840436488389968872e-02
8.839154243469238281e-02
8.837967365980148315e-02
8.836877346038818359e-02
8.835882693529129028e-02
8.834984153509140015e-02
8.834180980920791626e-02
8.833473920822143555e-02
8.832861483097076416e-02
8.832343667745590210e-02
8.831918984651565552e-02
8.831588923931121826e-02
8.831351250410079956e-02
8.831206709146499634e-02
8.831153810024261475e-02
8.831191807985305786e-02
8.831321448087692261e-02
8.831540495157241821e-02
8.831848949193954468e-02
8.832245320081710815e-02
8.832728862762451172e-02
8.833300322294235229e-02
8.833956718444824219e-02
8.834698051214218140e-02
8.835522830486297607e-02
8.836430311203002930e-02
8.837419748306274414e-02
8.838488906621932983e-02
8.839637041091918945e-02
8.840863406658172607e-02
8.842166513204574585e-02
8.843544125556945801e-02
8.844995498657226562e-02
8.846519142389297485e-02
8.848113566637039185e-02
8.849776536226272583e-02
8.851508051156997681e-02
8.853304386138916016e-02
8.855164796113967896e-02
8.857088536024093628e-02
8.859072625637054443e-02
8.861114829778671265e-02
8.863214403390884399e-02
8.865368366241455078e-02
8.867575973272323608e-02
8.869834244251251221e-02
8.872142434120178223e-02
8.874496817588806152e-02
8.876895904541015625e-02
8.879338204860687256e-02
8.881821483373641968e-02
8.884342759847640991e-02
8.886900544166564941e-02
8.889492601156234741e-02
8.892115950584411621e-02
8.894769847393035889e-02
8.897450566291809082e-02
8.900157362222671509e-02
8.902885764837265015e-02
8.905635774135589600e-02
8.908404409885406494e-02
8.911188691854476929e-02
8.913986384868621826e-02
8.916796743869781494e-02
8.919615298509597778e-02
8.922441303730010986e-02
8.925272524356842041e-02
8.928105235099792480e-02
8.930939435958862305e-02
8.933770656585693359e-02
8.936598151922225952e-02
8.939418196678161621e-02
8.942230790853500366e-02
8.945032209157943726e-02
8.947820961475372314e-02
8.950593322515487671e-02
8.953350037336349487e-02
8.956085890531539917e-02
8.958800882101058960e-02
8.961491286754608154e-02
8.964157104492187500e-02
8.966794610023498535e-02
8.969402313232421875e-02
8.971977978944778442e-02
8.974519371986389160e-02
8.977025747299194336e-02
8.979494124650955200e-02
8.981922268867492676e-02
8.984309434890747070e-02
8.986651897430419922e-02
8.988949656486511230e-02
8.991199731826782227e-02
8.993400633335113525e-02
8.995550125837326050e-02
8.997646719217300415e-02
8.999688178300857544e-02
9.001673758029937744e-02
9.003600478172302246e-02
9.005467593669891357e-02
9.007272869348526001e-02
9.009013324975967407e-02
9.010689705610275269e-02
9.012298285961151123e-02
9.013839811086654663e-02
9.015309065580368042e-02
9.016707539558410645e-02
9.018032252788543701e-02
9.019280970096588135e-02
9.020453691482543945e-02
9.021548181772232056e-02
9.022562950849533081e-02
9.023495763540267944e-02
9.024345874786376953e-02
9.025112539529800415e-02
9.025792777538299561e-02
9.026385843753814697e-02
9.026890993118286133e-02
9.027305990457534790e-02
9.027630090713500977e-02
9.027861803770065308e-02
9.027999639511108398e-02
9.028043597936630249e-02
9.027990698814392090e-02
9.027840942144393921e-02
9.027592837810516357e-02
9.027244895696640015e-02
9.026798605918884277e-02
9.026249498128890991e-02
9.025598317384719849e-02
9.024844318628311157e-02
9.023986756801605225e-02
9.023024141788482666e-02
9.021956473588943481e-02
9.020783007144927979e-02
9.019502252340316772e-02
9.018114954233169556e-02
9.016618877649307251e-02
9.015015512704849243e-02
9.013302624225616455e-02
9.011480957269668579e-02
9.009549766778945923e-02
9.007508307695388794e-02
9.005358070135116577e-02
9.003096818923950195e-02
9.000726044178009033e-02
8.998243510723114014e-02
8.995652198791503906e-02
8.992949128150939941e-02
8.990136533975601196e-02
8.987213671207427979e-02
8.984181284904479980e-02
8.981037884950637817e-02
8.977785706520080566e-02
8.974424749612808228e-02
8.970954269170761108e-02
8.967375755310058594e-02
8.963688462972640991e-02
8.959893882274627686e-02
8.955992758274078369e-02
8.951985090970993042e-02
8.947871625423431396e-02
8.943652361631393433e-02
8.939328789710998535e-02
8.934902399778366089e-02
8.930371701717376709e-02
8.925738930702209473e-02
8.921004831790924072e-02
8.916169404983520508e-02
8.911234885454177856e-02
8.906201273202896118e-02
8.901070058345794678e-02
8.895841240882873535e-02
8.890516310930252075e-02
8.885096013545989990e-02
8.879581838846206665e-02
8.873975276947021484e-02
8.868276327848434448e-02
8.862486481666564941e-02
8.856607228517532349e-02
8.850639313459396362e-02
8.844584226608276367e-02
8.838441967964172363e-02
8.832215517759323120e-02
8.825904875993728638e-02
8.819512277841567993e-02
8.813037723302841187e-02
8.806483447551727295e-02
8.799850940704345703e-02
8.793140947818756104e-02
8.786354959011077881e-02
8.779493719339370728e-02
8.772560209035873413e-02
8.765554428100585938e-02
8.758477866649627686e-02
8.751332759857177734e-02
8.744120597839355469e-02
8.736842125654220581e-02
8.729499578475952148e-02
8.722093701362609863e-02
8.714626729488372803e-02
8.707100152969360352e-02
8.699515461921691895e-02
8.691874146461486816e-02
8.684177696704864502e-02
8.676429092884063721e-02
8.668627589941024780e-02
8.660776913166046143e-02
8.652878552675247192e-02
8.644933253526687622e-02
8.636943250894546509e-02
8.628910034894943237e-02
8.620836585760116577e-02
8.612723648548126221e-02
8.604571968317031860e-02
8.596386015415191650e-02
8.588165044784545898e-02
8.579913526773452759e-02
8.571630716323852539e-02
8.563319593667984009e-02
8.554982393980026245e-02
8.546620607376098633e-02
8.538235723972320557e-02
8.529829978942871094e-02
8.521405607461929321e-02
8.512964099645614624e-02
8.504506945610046387e-02
8.496037125587463379e-02
8.487555384635925293e-02
8.479064702987670898e-02
8.470565825700759888e-02
8.462061733007431030e-02
8.453553169965744019e-02
8.445042371749877930e-02
8.436531573534011841e-02
8.428022265434265137e-02
8.419515937566757202e-02
8.411014825105667114e-02
8.402520418167114258e-02
8.394034951925277710e-02
8.385559916496276855e-02
8.377096801996231079e-02
8.368647098541259766e-02
8.360213041305541992e-02
8.351796865463256836e-02
8.343398571014404297e-02
8.335020393133163452e-02
8.326665312051773071e-02
8.318333327770233154e-02
8.310026675462722778e-02
8.301745355129241943e-02
8.293493092060089111e-02
8.285269886255264282e-02
8.277077972888946533e-02
8.268918097019195557e-02
8.260792493820190430e-02
8.252701163291931152e-02
8.244646340608596802e-02
8.236630260944366455e-02
8.228652179241180420e-02
8.220714330673217773e-02
8.212817460298538208e-02
8.204963803291320801e-02
8.197153359651565552e-02
8.189388364553451538e-02
8.181668817996978760e-02
8.173996210098266602e-02
8.166372776031494141e-02
8.158797770738601685e-02
8.151272684335708618e-02
8.143798261880874634e-02
8.136375993490219116e-02
8.129006624221801758e-02
8.121691644191741943e-02
8.114431053400039673e-02
8.107225596904754639e-02
8.100076764822006226e-02
8.092984557151794434e-02
8.085949718952178955e-02
8.078974485397338867e-02
8.072058111429214478e-02
8.065202087163925171e-02
8.058405667543411255e-02
8.051671087741851807e-02
8.044997602701187134e-02
8.038387447595596313e-02
8.031839132308959961e-02
8.025354892015457153e-02
8.018933981657028198e-02
8.012577891349792480e-02
8.006286621093750000e-02
8.000060170888900757e-02
7.993899285793304443e-02
7.987803965806961060e-02
7.981775701045989990e-02
7.975813001394271851e-02
7.969918102025985718e-02
7.964090257883071899e-02
7.958328723907470703e-02
7.952634990215301514e-02
7.947008311748504639e-02
7.941449433565139771e-02
7.935958355665206909e-02
7.930535078048706055e-02
7.925180345773696899e-02
7.919891923666000366e-02
7.914671301841735840e-02
7.909519225358963013e-02
7.904433459043502808e-02
7.899415493011474609e-02
7.894465327262878418e-02
7.889580726623535156e-02
7.884763926267623901e-02
7.880012691020965576e-02
7.875327020883560181e-02
7.870707660913467407e-02
7.866153866052627563e-02
7.861664891242980957e-02
7.857239246368408203e-02
7.852878421545028687e-02
7.848580181598663330e-02
7.844345271587371826e-02
7.840172201395034790e-02
7.836060971021652222e-02
7.832010835409164429e-02
7.828020304441452026e-02
7.824089378118515015e-02
7.820218056440353394e-02
7.816403359174728394e-02
7.812646776437759399e-02
7.808946818113327026e-02
7.805301994085311890e-02
7.801711559295654297e-02
7.798174768686294556e-02
7.794691622257232666e-02
7.791259884834289551e-02
7.787878811359405518e-02
7.784547656774520874e-02
7.781265676021575928e-02
7.778031378984451294e-02
7.774843275547027588e-02
7.771701365709304810e-02
7.768604159355163574e-02
7.765550911426544189e-02
7.762538641691207886e-02
7.759568095207214355e-02
7.756637781858444214e-02
7.753746211528778076e-02
7.750891894102096558e-02
7.748074829578399658e-02
7.745292782783508301e-02
7.742544263601303101e-02
7.739830017089843750e-02
7.737145572900772095e-02
7.734492421150207520e-02
7.731868326663970947e-02
7.729271799325942993e-02
7.726701349020004272e-02
7.724157720804214478e-02
7.721636444330215454e-02
7.719139009714126587e-02
7.716662436723709106e-02
7.714206725358963013e-02
7.711769640445709229e-02
7.709349691867828369e-02
7.706946879625320435e-02
7.704558223485946655e-02
7.702183723449707031e-02
7.699821144342422485e-02
7.697471231222152710e-02
7.695129513740539551e-02
7.692797482013702393e-02
7.690472155809402466e-02
7.688152790069580078e-02
7.685838639736175537e-02
7.683527469635009766e-02
7.681219279766082764e-02
7.678911089897155762e-02
7.676602900028228760e-02
7.674292474985122681e-02
7.671979814767837524e-02
7.669661939144134521e-02
7.667339593172073364e-02
7.665009796619415283e-02
7.662671804428100586e-02
7.660325616598129272e-02
7.657967507839202881e-02
7.655598223209381104e-02
7.653216272592544556e-02
7.650819420814514160e-02
7.648407667875289917e-02
7.645978778600692749e-02
7.643532007932662964e-02
7.641066610813140869e-02
7.638579607009887695e-02
7.636071741580963135e-02
7.633540779352188110e-02
7.630986720323562622e-02
7.628406584262847900e-02
7.625801116228103638e-02
7.623166590929031372e-02
7.620504498481750488e-02
7.617812603712081909e-02
7.615089416503906250e-02
7.612334191799163818e-02
7.609546184539794922e-02
7.606723904609680176e-02
7.603865116834640503e-02
7.600971311330795288e-02
7.598040252923965454e-02
7.595069706439971924e-02
7.592060416936874390e-02
7.589010149240493774e-02
7.585918158292770386e-02
7.582784444093704224e-02
7.579606771469116211e-02
7.576385140419006348e-02
7.573118060827255249e-02
7.569804787635803223e-02
7.566444575786590576e-02
7.563035935163497925e-02
7.559579610824584961e-02
7.556073367595672607e-02
7.552516460418701172e-02
7.548908889293670654e-02
7.545249909162521362e-02
7.541538774967193604e-02
7.537773996591567993e-02
7.533954828977584839e-02
7.530082017183303833e-02
7.526154071092605591e-02
7.522170990705490112e-02
7.518131285905838013e-02
7.514035701751708984e-02
7.509882748126983643e-02
7.505672425031661987e-02
7.501403242349624634e-02
7.497077435255050659e-02
7.492692023515701294e-02
7.488247752189636230e-02
7.483743876218795776e-02
7.479180395603179932e-02
7.474557310342788696e-02
7.469874620437622070e-02
7.465130835771560669e-02
7.460327446460723877e-02
7.455462962388992310e-02
7.450538128614425659e-02
7.445552200078964233e-02
7.440505921840667725e-02
7.435398548841476440e-02
7.430230081081390381e-02
7.425002008676528931e-02
7.419712096452713013e-02
7.414361834526062012e-02
7.408950477838516235e-02
7.403478771448135376e-02
7.397947460412979126e-02
7.392354309558868408e-02
7.386702299118041992e-02
7.380990684032440186e-02
7.375218719244003296e-02
7.369387894868850708e-02
7.363497465848922729e-02
7.357548177242279053e-02
7.351540774106979370e-02
7.345474511384963989e-02
7.339350879192352295e-02
7.333169132471084595e-02
7.326930761337280273e-02
7.320635020732879639e-02
7.314282655715942383e-02
7.307874411344528198e-02
7.301411032676696777e-02
7.294891774654388428e-02
7.288318127393722534e-02
7.281689345836639404e-02
7.275006920099258423e-02
7.268271595239639282e-02
7.261483371257781982e-02
7.254642993211746216e-02
7.247749716043472290e-02
7.240806519985198975e-02
7.233811914920806885e-02
7.226767390966415405e-02
7.219672948122024536e-02
7.212530076503753662e-02
7.205338776111602783e-02
7.198099792003631592e-02
7.190813869237899780e-02
7.183481752872467041e-02
7.176104187965393066e-02
7.168681174516677856e-02
7.161214202642440796e-02
7.153702527284622192e-02
7.146149873733520508e-02
7.138554006814956665e-02
7.130917906761169434e-02
7.123241573572158813e-02
7.115524262189865112e-02
7.107769697904586792e-02
7.099976390600204468e-02
7.092146575450897217e-02
7.084279507398605347e-02
7.076378166675567627e-02
7.068442553281784058e-02
7.060473412275314331e-02
7.052472233772277832e-02
7.044438272714614868e-02
7.036375254392623901e-02
7.028282433748245239e-02
7.020160555839538574e-02
7.012011855840682983e-02
7.003836333751678467e-02
6.995635479688644409e-02
6.987410038709640503e-02
6.979162245988845825e-02
6.970891356468200684e-02
6.962599605321884155e-02
6.954287737607955933e-02
6.945957243442535400e-02
6.937608122825622559e-02
6.929243355989456177e-02
6.920862942934036255e-02
6.912467628717422485e-02
6.904058903455734253e-02
6.895637512207031250e-02
6.887205690145492554e-02
6.878762692213058472e-02
6.870311498641967773e-02
6.861852109432220459e-02
6.853386759757995605e-02
6.844915449619293213e-02
6.836438924074172974e-02
6.827959418296813965e-02
6.819476932287216187e-02
6.810993701219558716e-02
6.802510470151901245e-02
6.794027239084243774e-02
6.785545498132705688e-02
6.777066737413406372e-02
6.768592447042465210e-02
6.760121881961822510e-02
6.751657277345657349e-02
6.743199378252029419e-02
6.734748929738998413e-02
6.726307421922683716e-02
6.717874854803085327e-02
6.709452718496322632e-02
6.701041758060455322e-02
6.692642718553543091e-02
6.684257090091705322e-02
6.675884872674942017e-02
6.667526811361312866e-02
6.659185141324996948e-02
6.650859117507934570e-02
6.642549484968185425e-02
6.634258478879928589e-02
6.625986099243164062e-02
6.617732346057891846e-02
6.609498709440231323e-02
6.601285189390182495e-02
6.593093276023864746e-02
6.584923714399337769e-02
6.576777249574661255e-02
6.568653881549835205e-02
6.560553610324859619e-02
6.552479416131973267e-02
6.544430553913116455e-02
6.536407023668289185e-02
6.528410315513610840e-02
6.520441174507141113e-02
6.512499600648880005e-02
6.504587084054946899e-02
6.496702879667282104e-02
6.488849222660064697e-02
6.481025367975234985e-02
6.473232805728912354e-02
6.465471535921096802e-02
6.457742303609848022e-02
6.450045108795166016e-02
6.442382186651229858e-02
6.434752792119979858e-02
6.427156180143356323e-02
6.419596076011657715e-02
6.412070244550704956e-02
6.404580920934677124e-02
6.397127360105514526e-02
6.389710307121276855e-02
6.382331252098083496e-02
6.374989449977874756e-02
6.367686390876770020e-02
6.360421329736709595e-02
6.353195756673812866e-02
6.346008926630020142e-02
6.338863074779510498e-02
6.331756711006164551e-02
6.324690580368041992e-02
6.317665427923202515e-02
6.310681998729705811e-02
6.303739547729492188e-02
6.296839565038681030e-02
6.289980560541152954e-02
6.283164024353027344e-02
6.276389956474304199e-02
6.269659101963043213e-02
6.262970715761184692e-02
6.256324052810668945e-02
6.249721348285675049e-02
6.243161857128143311e-02
6.236644834280014038e-02
6.230171769857406616e-02
6.223740801215171814e-02
6.217353045940399170e-02
6.211008504033088684e-02
6.204707175493240356e-02
6.198447942733764648e-02
6.192231550812721252e-02
6.186057999730110168e-02
6.179926171898841858e-02
6.173836812376976013e-02
6.167789176106452942e-02
6.161783263087272644e-02
6.155818700790405273e-02
6.149894744157791138e-02
6.144011393189430237e-02
6.138169020414352417e-02
6.132366508245468140e-02
6.126603111624717712e-02
6.120879203081130981e-02
6.115194037556648254e-02
6.109547242522239685e-02
6.103938445448875427e-02
6.098366528749465942e-02
6.092832610011100769e-02
6.087334454059600830e-02
6.081872805953025818e-02
6.076446920633316040e-02
6.071055680513381958e-02
6.065699458122253418e-02
6.060377508401870728e-02
6.055088713765144348e-02
6.049833819270133972e-02
6.044610589742660522e-02
6.039420142769813538e-02
6.034260615706443787e-02
6.029133498668670654e-02
6.024035438895225525e-02
6.018968671560287476e-02
6.013931334018707275e-02
6.008921936154365540e-02
6.003941968083381653e-02
5.998990312218666077e-02
5.994066223502159119e-02
5.989168584346771240e-02
5.984297767281532288e-02
5.979453027248382568e-02
5.974633246660232544e-02
5.969839543104171753e-02
5.965069681406021118e-02
5.960324406623840332e-02
5.955602228641510010e-02
5.950902774930000305e-02
5.946226045489311218e-02
5.941572040319442749e-02
5.936938896775245667e-02
5.932326242327690125e-02
5.927734449505805969e-02
5.923162400722503662e-02
5.918609723448753357e-02
5.914075672626495361e-02
5.909560248255729675e-02
5.905062332749366760e-02
5.900580435991287231e-02
5.896116048097610474e-02
5.891666933894157410e-02
5.887232720851898193e-02
5.882813408970832825e-02
5.878408625721931458e-02
5.874016508460044861e-02
5.869636684656143188e-02
5.865269154310226440e-02
5.860912799835205078e-02
5.856567248702049255e-02
5.852231010794639587e-02
5.847904086112976074e-02
5.843585357069969177e-02
5.839274451136589050e-02
5.834970250725746155e-02
5.830672010779380798e-02
5.826379731297492981e-02
5.822091549634933472e-02
5.817807465791702271e-02
5.813525989651679993e-02
5.809247121214866638e-02
5.804969370365142822e-02
5.800692364573478699e-02
5.796415358781814575e-02
5.792137607932090759e-02
5.787857621908187866e-02
5.783575400710105896e-02
5.779290199279785156e-02
5.775000527501106262e-02
5.770706757903099060e-02
5.766407027840614319e-02
5.762100219726562500e-02
5.757787451148033142e-02
5.753466859459877014e-02
5.749137699604034424e-02
5.744799599051475525e-02
5.740451440215110779e-02
5.736092478036880493e-02
5.731723085045814514e-02
5.727342143654823303e-02
5.722948536276817322e-02
5.718541890382766724e-02
5.714121833443641663e-02
5.709688365459442139e-02
5.705239996314048767e-02
5.700776726007461548e-02
5.696298182010650635e-02
5.691803991794586182e-02
5.687292665243148804e-02
5.682765319943428040e-02
5.678220093250274658e-02
5.673657730221748352e-02
5.669078230857849121e-02
5.664479359984397888e-02
5.659862607717514038e-02
5.655226483941078186e-02
5.650572106242179871e-02
5.645897611975669861e-02
5.641204118728637695e-02
5.636490136384963989e-02
5.631756782531738281e-02
5.627001821994781494e-02
5.622227862477302551e-02
5.617431923747062683e-02
5.612615495920181274e-02
5.607778206467628479e-02
5.602919682860374451e-02
5.598039552569389343e-02
5.593137443065643311e-02
5.588214099407196045e-02
5.583268776535987854e-02
5.578301101922988892e-02
5.573311448097229004e-02
5.568299442529678345e-02
5.563264340162277222e-02
5.558207631111145020e-02
5.553126707673072815e-02
5.548023805022239685e-02
5.542897060513496399e-02
5.537747591733932495e-02
5.532574281096458435e-02
5.527377501130104065e-02
5.522156879305839539e-02
5.516912415623664856e-02
5.511644110083580017e-02
5.506351217627525330e-02
5.501033738255500793e-02
5.495692417025566101e-02
5.490325763821601868e-02
5.484934523701667786e-02
5.479518324136734009e-02
5.474076792597770691e-02
5.468609929084777832e-02
5.463118106126785278e-02
5.457600578665733337e-02
5.452056974172592163e-02
5.446488410234451294e-02
5.440894141793251038e-02
5.435273796319961548e-02
5.429627746343612671e-02
5.423955246806144714e-02
5.418257042765617371e-02
5.412532761693000793e-02
5.406782776117324829e-02
5.401007086038589478e-02
5.395205691456794739e-02
5.389377474784851074e-02
5.383524298667907715e-02
5.377645418047904968e-02
5.371741205453872681e-02
5.365811288356781006e-02
5.359856784343719482e-02
5.353877320885658264e-02
5.347872525453567505e-02
5.341843515634536743e-02
5.335791036486625671e-02
5.329713597893714905e-02
5.323613062500953674e-02
5.317489430308341980e-02
5.311343073844909668e-02
5.305173620581626892e-02
5.298982560634613037e-02
5.292769521474838257e-02
5.286535620689392090e-02
5.280280113220214844e-02
5.274004861712455750e-02
5.267709121108055115e-02
5.261394754052162170e-02
5.255061015486717224e-02
5.248709022998809814e-02
5.242339149117469788e-02
5.235951766371726990e-02
5.229547619819641113e-02
5.223127454519271851e-02
5.216691270470619202e-02
5.210239812731742859e-02
5.203774198889732361e-02
5.197294056415557861e-02
5.190800502896308899e-02
5.184293910861015320e-02
5.177774652838706970e-02
5.171243846416473389e-02
5.164701119065284729e-02
5.158147588372230530e-02
5.151583999395370483e-02
5.145009979605674744e-02
5.138426646590232849e-02
5.131834372878074646e-02
5.125233530998229980e-02
5.118624866008758545e-02
5.112008377909660339e-02
5.105384811758995056e-02
5.098754167556762695e-02
5.092117190361022949e-02
5.085474997758865356e-02
5.078826472163200378e-02
5.072173103690147400e-02
5.065514892339706421e-02
5.058851838111877441e-02
5.052184686064720154e-02
5.045514181256294250e-02
5.038839951157569885e-02
5.032163113355636597e-02
5.025482922792434692e-02
5.018800497055053711e-02
5.012115836143493652e-02
5.005429312586784363e-02
4.998740926384925842e-02
4.992052167654037476e-02
4.985361546277999878e-02
4.978670924901962280e-02
4.971980303525924683e-02
4.965289682149887085e-02
4.958599060773849487e-02
4.951909184455871582e-02
4.945220798254013062e-02
4.938533902168273926e-02
4.931848868727684021e-02
4.925165697932243347e-02
4.918485507369041443e-02
4.911807924509048462e-02
4.905134066939353943e-02
4.898463934659957886e-02
4.891797900199890137e-02
4.885136708617210388e-02
4.878480359911918640e-02
4.871830344200134277e-02
4.865185916423797607e-02
4.858548194169998169e-02
4.851917177438735962e-02
4.845293983817100525e-02
4.838678985834121704e-02
4.832072183489799500e-02
4.825474694371223450e-02
4.818887263536453247e-02
4.812309518456459045e-02
4.805742576718330383e-02
4.799186810851097107e-02
4.792642965912818909e-02
4.786111414432525635e-02
4.779592528939247131e-02
4.773087054491043091e-02
4.766595736145973206e-02
4.760118573904037476e-02
4.753656312823295593e-02
4.747209325432777405e-02
4.740778729319572449e-02
4.734364151954650879e-02
4.727966710925102234e-02
4.721586406230926514e-02
4.715223610401153564e-02
4.708879068493843079e-02
4.702553153038024902e-02
4.696246236562728882e-02
4.689957946538925171e-02
4.683689773082733154e-02
4.677441343665122986e-02
4.671213030815124512e-02
4.665005207061767578e-02
4.658818244934082031e-02
4.652651771903038025e-02
4.646506533026695251e-02
4.640382528305053711e-02
4.634279757738113403e-02
4.628198593854904175e-02
4.622139036655426025e-02
4.616101458668708801e-02
4.610085487365722656e-02
4.604091122746467590e-02
4.598118737339973450e-02
4.592168331146240234e-02
4.586239531636238098e-02
4.580332338809967041e-02
4.574447125196456909e-02
4.568583518266677856e-02
4.562741518020629883e-02
4.556921124458312988e-02
4.551121965050697327e-02
4.545344412326812744e-02
4.539588093757629395e-02
4.533852636814117432e-02
4.528138041496276855e-02
4.522444680333137512e-02
4.516772180795669556e-02
4.511119797825813293e-02
4.505488649010658264e-02
4.499877616763114929e-02
4.494287073612213135e-02
4.488716647028923035e-02
4.483166337013244629e-02
4.477636143565177917e-02
4.472126066684722900e-02
4.466635733842849731e-02
4.461165517568588257e-02
4.455715045332908630e-02
4.450283944606781006e-02
4.444872960448265076e-02
4.439482092857360840e-02
4.434110224246978760e-02
4.428758472204208374e-02
4.423426464200019836e-02
4.418114572763442993e-02
4.412821680307388306e-02
4.407548904418945312e-02
4.402296245098114014e-02
4.397063329815864563e-02
4.391850158572196960e-02
4.386657103896141052e-02
4.381483793258666992e-02
4.376330971717834473e-02
4.371197894215583801e-02
4.366085305809974670e-02
4.360992833971977234e-02
4.355920478701591492e-02
4.350868612527847290e-02
4.345836862921714783e-02
4.340825602412223816e-02
4.335834458470344543e-02
4.330863431096076965e-02
4.325912892818450928e-02
4.320982471108436584e-02
4.316072538495063782e-02
4.311182722449302673e-02
4.306312277913093567e-02
4.301462322473526001e-02
4.296631366014480591e-02
4.291820526123046875e-02
4.287028685212135315e-02
4.282256215810775757e-02
4.277503117918968201e-02
4.272768273949623108e-02
4.268051683902740479e-02
4.263353720307350159e-02
4.258673638105392456e-02
4.254010692238807678e-02
4.249365255236625671e-02
4.244736209511756897e-02
4.240123182535171509e-02
4.235526919364929199e-02
4.230945929884910583e-02
4.226379841566085815e-02
4.221828281879425049e-02
4.217291250824928284e-02
4.212767630815505981e-02
4.208257421851158142e-02
4.203759506344795227e-02
4.199273884296417236e-02
4.194799810647964478e-02
4.190337285399436951e-02
4.185884818434715271e-02
4.181442782282829285e-02
4.177010059356689453e-02
4.172586649656295776e-02
4.168171808123588562e-02
4.163765162229537964e-02
4.159365594387054443e-02
4.154973849654197693e-02
4.150588065385818481e-02
4.146209359169006348e-02
4.141835495829582214e-02
4.137467592954635620e-02
4.133104532957077026e-02
4.128746315836906433e-02
4.124392196536064148e-02
4.120042175054550171e-02
4.115695506334304810e-02
4.111352562904357910e-02
4.107012599706649780e-02
4.102675244212150574e-02
4.098340868949890137e-02
4.094008728861808777e-02
4.089678823947906494e-02
4.085350781679153442e-02
4.081024974584579468e-02
4.076700657606124878e-02
4.072378203272819519e-02
4.068057239055633545e-02
4.063738137483596802e-02
4.059420153498649597e-02
4.055103287100791931e-02
4.050787910819053650e-02
4.046474024653434753e-02
4.042161256074905396e-02
4.037849605083465576e-02
4.033539444208145142e-02
4.029230400919914246e-02
4.024922475218772888e-02
4.020615294575691223e-02
4.016309604048728943e-02
4.012004286050796509e-02
4.007700458168983459e-02
4.003397375345230103e-02
3.999095410108566284e-02
3.994793817400932312e-02
3.990492597222328186e-02
3.986192494630813599e-02
3.981892019510269165e-02
3.977592289447784424e-02
3.973292186856269836e-02
3.968992456793785095e-02
3.964691981673240662e-02
3.960391134023666382e-02
3.956089168787002563e-02
3.951786458492279053e-02
3.947481885552406311e-02
3.943175822496414185e-02
3.938867896795272827e-02
3.934557735919952393e-02
3.930244594812393188e-02
3.925928846001625061e-02
3.921608999371528625e-02
3.917285799980163574e-02
3.912958130240440369e-02
3.908626362681388855e-02
3.904289379715919495e-02
3.899946808815002441e-02
3.895598277449607849e-02
3.891243785619735718e-02
3.886882215738296509e-02
3.882514312863349915e-02
3.878138586878776550e-02
3.873755037784576416e-02
3.869363665580749512e-02
3.864962980151176453e-02
3.860554099082946777e-02
3.856135904788970947e-02
3.851708024740219116e-02
3.847270458936691284e-02
3.842822834849357605e-02
3.838365152478218079e-02
3.833897039294242859e-02
3.829417750239372253e-02
3.824928030371665955e-02
3.820427134633064270e-02
3.815915435552597046e-02
3.811392933130264282e-02
3.806858882308006287e-02
3.802314028143882751e-02
3.797757625579833984e-02
3.793190792202949524e-02
3.788612782955169678e-02
3.784024342894554138e-02
3.779424726963043213e-02
3.774815052747726440e-02
3.770194947719573975e-02
3.765565156936645508e-02
3.760924935340881348e-02
3.756275773048400879e-02
3.751617297530174255e-02
3.746949508786201477e-02
3.742273524403572083e-02
3.737589344382286072e-02
3.732896968722343445e-02
3.728197142481803894e-02
3.723489865660667419e-02
3.718775883316993713e-02
3.714055195450782776e-02
3.709328547120094299e-02
3.704595565795898438e-02
3.699857741594314575e-02
3.695114329457283020e-02
3.690365701913833618e-02
3.685612604022026062e-02
3.680855035781860352e-02
3.676093369722366333e-02
3.671327978372573853e-02
3.666558861732482910e-02
3.661786392331123352e-02
3.657010570168495178e-02
3.652231395244598389e-02
3.647449240088462830e-02
3.642664104700088501e-02
3.637875989079475403e-02
3.633084893226623535e-02
3.628291189670562744e-02
3.623494878411293030e-02
3.618694841861724854e-02
3.613892570137977600e-02
3.609087318181991577e-02
3.604278713464736938e-02
3.599466383457183838e-02
3.594651445746421814e-02
3.589832782745361328e-02
3.585010394454002380e-02
3.580183908343315125e-02
3.575354069471359253e-02
3.570519760251045227e-02
3.565680980682373047e-02
3.560837730765342712e-02
3.555989637970924377e-02
3.551137074828147888e-02
3.546279296278953552e-02
3.541416302323341370e-02
3.536548092961311340e-02
3.531674295663833618e-02
3.526795282959938049e-02
3.521911054849624634e-02
3.517020493745803833e-02
3.512124717235565186e-02
3.507223352789878845e-02
3.502316027879714966e-02
3.497403487563133240e-02
3.492485359311103821e-02
3.487562015652656555e-02
3.482633456587791443e-02
3.477700054645538330e-02
3.472761809825897217e-02
3.467819094657897949e-02
3.462872281670570374e-02
3.457921743392944336e-02
3.452967479825019836e-02
3.448010236024856567e-02
3.443050384521484375e-02
3.438088297843933105e-02
3.433124348521232605e-02
3.428159281611442566e-02
3.423193097114562988e-02
3.418226912617683411e-02
3.413261473178863525e-02
3.408296406269073486e-02
3.403332456946372986e-02
3.398371115326881409e-02
3.393412008881568909e-02
3.388455882668495178e-02
3.383503481745719910e-02
3.378555923700332642e-02
3.373612463474273682e-02
3.368674963712692261e-02
3.363743424415588379e-02
3.358817845582962036e-02
3.353899344801902771e-02
3.348987922072410583e-02
3.344084694981575012e-02
3.339189663529396057e-02
3.334302827715873718e-02
3.329425305128097534e-02
3.324557095766067505e-02
3.319698199629783630e-02
3.314848616719245911e-02
3.310009464621543884e-02
3.305179998278617859e-02
3.300360962748527527e-02
3.295552358031272888e-02
3.290753811597824097e-02
3.285965695977210999e-02
3.281188011169433594e-02
3.276420757174491882e-02
3.271663561463356018e-02
3.266915678977966309e-02
3.262178599834442139e-02
3.257450833916664124e-02
3.252732753753662109e-02
3.248023614287376404e-02
3.243323415517807007e-02
3.238632529973983765e-02
3.233949467539787292e-02
3.229275345802307129e-02
3.224608674645423889e-02
3.219949826598167419e-02
3.215298429131507874e-02
3.210654109716415405e-02
3.206016495823860168e-02
3.201385214924812317e-02
3.196761012077331543e-02
3.192142024636268616e-02
3.187529370188713074e-02
3.182922676205635071e-02
3.178321197628974915e-02
3.173725306987762451e-02
3.169134631752967834e-02
3.164549544453620911e-02
3.159969672560691833e-02
3.155395016074180603e-02
3.150825947523117065e-02
3.146262094378471375e-02
3.141704201698303223e-02
3.137151896953582764e-02
3.132605180144309998e-02
3.128064796328544617e-02
3.123531304299831390e-02
3.119004145264625549e-02
3.114484436810016632e-02
3.109971992671489716e-02
3.105467371642589569e-02
3.100970946252346039e-02
3.096483461558818817e-02
3.092005290091037750e-02
3.087536618113517761e-02
3.083078004419803619e-02
3.078630380332469940e-02
3.074193373322486877e-02
3.069768473505973816e-02
3.065355680882930756e-02
3.060955740511417389e-02
3.056568466126918793e-02
3.052195161581039429e-02
3.047835640609264374e-02
3.043491020798683167e-02
3.039161115884780884e-02
3.034846484661102295e-02
3.030547499656677246e-02
3.026264160871505737e-02
3.021997585892677307e-02
3.017746843397617340e-02
3.013513050973415375e-02
3.009295836091041565e-02
3.005095571279525757e-02
3.000912256538867950e-02
2.996745705604553223e-02
2.992596104741096497e-02
2.988463453948497772e-02
2.984347380697727203e-02
2.980247512459754944e-02
2.976164035499095917e-02
2.972096204757690430e-02
2.968044206500053406e-02
2.964007668197154999e-02
2.959985844790935516e-02
2.955978177487850189e-02
2.951984666287899017e-02
2.948004752397537231e-02
2.944037690758705139e-02
2.940083295106887817e-02
2.936140447854995728e-02
2.932208962738513947e-02
2.928288280963897705e-02
2.924377471208572388e-02
2.920476533472537994e-02
2.916584536433219910e-02
2.912700921297073364e-02
2.908825129270553589e-02
2.904956601560115814e-02
2.901094965636730194e-02
2.897239290177822113e-02
2.893389947712421417e-02
2.889546006917953491e-02
2.885706722736358643e-02
2.881872467696666718e-02
2.878042310476303101e-02
2.874216623604297638e-02
2.870394475758075714e-02
2.866576239466667175e-02
2.862761169672012329e-02
2.858950011432170868e-02
2.855142205953598022e-02
2.851337566971778870e-02
2.847536653280258179e-02
2.843739278614521027e-02
2.839945256710052490e-02
2.836155705153942108e-02
2.832370065152645111e-02
2.828588895499706268e-02
2.824812568724155426e-02
2.821041084825992584e-02
2.817275188863277435e-02
2.813515253365039825e-02
2.809761278331279755e-02
2.806014195084571838e-02
2.802274003624916077e-02
2.798541821539402008e-02
2.794817090034484863e-02
2.791101112961769104e-02
2.787393704056739807e-02
2.783696167171001434e-02
2.780007943511009216e-02
2.776329778134822845e-02
2.772662416100502014e-02
2.769005671143531799e-02
2.765360288321971893e-02
2.761725895106792450e-02
2.758103422820568085e-02
2.754492685198783875e-02
2.750893868505954742e-02
2.747307345271110535e-02
2.743732370436191559e-02
2.740169875323772430e-02
2.736619114875793457e-02
2.733080461621284485e-02
2.729553356766700745e-02
2.726037614047527313e-02
2.722533233463764191e-02
2.719039842486381531e-02
2.715556509792804718e-02
2.712083607912063599e-02
2.708619832992553711e-02
2.705165557563304901e-02
2.701719291508197784e-02
2.698281034827232361e-02
2.694850228726863861e-02
2.691425755620002747e-02
2.688007242977619171e-02
2.684593945741653442e-02
2.681184746325016022e-02
2.677779830992221832e-02
2.674377709627151489e-02
2.670977823436260223e-02
2.667579427361488342e-02
2.664181776344776154e-02
2.660784311592578888e-02
2.657386660575866699e-02
2.653987333178520203e-02
2.650586515665054321e-02
2.647183462977409363e-02
2.643777243793010712e-02
2.640367858111858368e-02
2.636954560875892639e-02
2.633536793291568756e-02
2.630114741623401642e-02
2.626687474548816681e-02
2.623255364596843719e-02
2.619818039238452911e-02
2.616375312209129333e-02
2.612926997244358063e-02
2.609473466873168945e-02
2.606014534831047058e-02
2.602550387382507324e-02
2.599081397056579590e-02
2.595607563853263855e-02
2.592129260301589966e-02
2.588647045195102692e-02
2.585160732269287109e-02
2.581671439111232758e-02
2.578179165720939636e-02
2.574684657156467438e-02
2.571188285946846008e-02
2.567690983414649963e-02
2.564192935824394226e-02
2.560695074498653412e-02
2.557197585701942444e-02
2.553701214492321014e-02
2.550206892192363739e-02
2.546714805066585541e-02
2.543225698173046112e-02
2.539740130305290222e-02
2.536258846521377563e-02
2.532781846821308136e-02
2.529310062527656555e-02
2.525843679904937744e-02
2.522383257746696472e-02
2.518928982317447662e-02
2.515481226146221161e-02
2.512039989233016968e-02
2.508605644106864929e-02
2.505178563296794891e-02
2.501758374273777008e-02
2.498345077037811279e-02
2.494939044117927551e-02
2.491539716720581055e-02
2.488146908581256866e-02
2.484760619699954987e-02
2.481380291283130646e-02
2.478005737066268921e-02
2.474636584520339966e-02
2.471272274851799011e-02
2.467911876738071442e-02
2.464555576443672180e-02
2.461202256381511688e-02
2.457851544022560120e-02
2.454502321779727936e-02
2.451154589653015137e-02
2.447807043790817261e-02
2.444459311664104462e-02
2.441110648214817047e-02
2.437760122120380402e-02
2.434407174587249756e-02
2.431050874292850494e-02
2.427691034972667694e-02
2.424326539039611816e-02
2.420957013964653015e-02
2.417581528425216675e-02
2.414199896156787872e-02
2.410811558365821838e-02
2.407415769994258881e-02
2.404012531042098999e-02
2.400601282715797424e-02
2.397181838750839233e-02
2.393753640353679657e-02
2.390317060053348541e-02
2.386871725320816040e-02
2.383417449891567230e-02
2.379954792559146881e-02
2.376483567059040070e-02
2.373003959655761719e-02
2.369516342878341675e-02
2.366020902991294861e-02
2.362518198788166046e-02
2.359008789062500000e-02
2.355493046343326569e-02
2.351971343159675598e-02
2.348444610834121704e-02
2.344913594424724579e-02
2.341378666460514069e-02
2.337840758264064789e-02
2.334300614893436432e-02
2.330758795142173767e-02
2.327216789126396179e-02
2.323674596846103668e-02
2.320133708417415619e-02
2.316594682633876801e-02
2.313058264553546906e-02
2.309525385499000549e-02
2.305996604263782501e-02
2.302472852170467377e-02
2.298954688012599945e-02
2.295443043112754822e-02
2.291938476264476776e-02
2.288440987467765808e-02
2.284951880574226379e-02
2.281471341848373413e-02
2.277999557554721832e-02
2.274536900222301483e-02
2.271083742380142212e-02
2.267640270292758942e-02
2.264206670224666595e-02
2.260782755911350250e-02
2.257368527352809906e-02
2.253963984549045563e-02
2.250568941235542297e-02
2.247183024883270264e-02
2.243805862963199615e-02
2.240437455475330353e-02
2.237076871097087860e-02
2.233723737299442291e-02
2.230377867817878723e-02
2.227038145065307617e-02
2.223704382777214050e-02
2.220375649631023407e-02
2.217051014304161072e-02
2.213730290532112122e-02
2.210412360727787018e-02
2.207096479833126068e-02
2.203782089054584503e-02
2.200468070805072784e-02
2.197154052555561066e-02
2.193839102983474731e-02
2.190522663295269012e-02
2.187203802168369293e-02
2.183882333338260651e-02
2.180557139217853546e-02
2.177228219807147980e-02
2.173894643783569336e-02
2.170556411147117615e-02
2.167212590575218201e-02
2.163863368332386017e-02
2.160508371889591217e-02
2.157147787511348724e-02
2.153780870139598846e-02
2.150408178567886353e-02
2.147029526531696320e-02
2.143645286560058594e-02
2.140255644917488098e-02
2.136860787868499756e-02
0.000000000000000000e+00
0.000000000000000000e+00
0.000000000000000000e+00
0.000000000000000000e+00
0.000000000000000000e+00
0.000000000000000000e+00
0.000000000000000000e+00
0.000000000000000000e+00
0.000000000000000000e+00
0.000000000000000000e+00
0.000000000000000000e+00
0.000000000000000000e+00
0.000000000000000000e+00
0.000000000000000000e+00
0.000000000000000000e+00
0.000000000000000000e+00
0.000000000000000000e+00
0.000000000000000000e+00
0.000000000000000000e+00
0.000000000000000000e+00
0.000000000000000000e+00
0.000000000000000000e+00
0.000000000000000000e+00
0.000000000000000000e+00
0.000000000000000000e+00
0.000000000000000000e+00
0.000000000000000000e+00
0.000000000000000000e+00
0.000000000000000000e+00
0.000000000000000000e+00
0.000000000000000000e+00
0.000000000000000000e+00
0.000000000000000000e+00
0.000000000000000000e+00
0.000000000000000000e+00
0.000000000000000000e+00
0.000000000000000000e+00
0.000000000000000000e+00
0.000000000000000000e+00
0.000000000000000000e+00
0.000000000000000000e+00
0.000000000000000000e+00
0.000000000000000000e+00
0.000000000000000000e+00
0.000000000000000000e+00
0.000000000000000000e+00
0.000000000000000000e+00
0.000000000000000000e+00
0.000000000000000000e+00
0.000000000000000000e+00
0.000000000000000000e+00
0.000000000000000000e+00
0.000000000000000000e+00
0.000000000000000000e+00
0.000000000000000000e+00
0.000000000000000000e+00
0.000000000000000000e+00
0.000000000000000000e+00
0.000000000000000000e+00
0.000000000000000000e+00
0.000000000000000000e+00
0.000000000000000000e+00
0.000000000000000000e+00
0.000000000000000000e+00
0.000000000000000000e+00
0.000000000000000000e+00
0.000000000000000000e+00
0.000000000000000000e+00
0.000000000000000000e+00
0.000000000000000000e+00
0.000000000000000000e+00
0.000000000000000000e+00
0.000000000000000000e+00
0.000000000000000000e+00
0.000000000000000000e+00
0.000000000000000000e+00
0.000000000000000000e+00
0.000000000000000000e+00
0.000000000000000000e+00
0.000000000000000000e+00
0.000000000000000000e+00
0.000000000000000000e+00
0.000000000000000000e+00
0.000000000000000000e+00
0.000000000000000000e+00
0.000000000000000000e+00
0.000000000000000000e+00
0.000000000000000000e+00
0.000000000000000000e+00
0.000000000000000000e+00
0.000000000000000000e+00
0.000000000000000000e+00
0.000000000000000000e+00
0.000000000000000000e+00
0.000000000000000000e+00
0.000000000000000000e+00
0.000000000000000000e+00
0.000000000000000000e+00
0.000000000000000000e+00
0.000000000000000000e+00
