# pp
1.083439016698419584e-08
6.494581195225808905e-09
4.443283738704647669e-09
3.274983812461100148e-09
2.532010679148215682e-09
2.024862079673805189e-09
1.660626191331753826e-09
1.388944457060140110e-09
1.179996724611824869e-09
1.015663841461693831e-09
8.835891904958220435e-10
7.756792264355605943e-10
6.863518865106552757e-10
6.114924240967659952e-10
5.480843735599334394e-10
4.938924987092103053e-10
4.472107092744193023e-10
4.066757535988478046e-10
3.712277269397765535e-10
3.400612096881333414e-10
3.125297241777021523e-10
2.880821172538827223e-10
2.662672870581589069e-10
2.467236400858770994e-10
2.291525203077693093e-10
2.133002911410491799e-10
1.989508820083563083e-10
1.859131548915644797e-10
1.740271623543369765e-10
1.631690159378958655e-10
1.532323538887440515e-10
1.441164618373898645e-10
1.357328837472872919e-10
1.280066602732330755e-10
1.208726960598640923e-10
1.142733558515342974e-10
1.081577079329825243e-10
1.024801457940903419e-10
9.720027279622622128e-11
9.228239915051322737e-11
8.769498423601803972e-11
8.340997807738875592e-11
7.940233329073253143e-11
7.564962135172828533e-11
7.213162261187287255e-11
6.882982603718163875e-11
6.572748054079951245e-11
6.280946618581621405e-11
6.006210477046012406e-11
5.747294537746733875e-11
5.503048615721444384e-11
5.272422555869512030e-11
5.054460241128138797e-11
4.848289569552544208e-11
4.653110651910869492e-11
4.468179893250233902e-11
4.292813542841536359e-11
4.126384608742081430e-11
3.968317262483960848e-11
3.818084026754249388e-11
3.675207258342752368e-11
3.539247902754743730e-11
3.409799885272809058e-11
3.286487148656314358e-11
3.168958431517639742e-11
3.056877796885861104e-11
2.949931172848623431e-11
2.847826963328424955e-11
2.750294138129707511e-11
2.657078930815151447e-11
2.567938895333281398e-11
2.482646801077648619e-11
2.400990927568035910e-11
2.322773815497615850e-11
2.247812321824234576e-11
2.175939908436546878e-11
2.107001739578490574e-11
2.040852641819013750e-11
1.977356386356654461e-11
1.916384637438565331e-11
1.857815242603348235e-11
1.801532994469625373e-11
1.747429521980128540e-11
1.695402808902760015e-11
1.645356356574762141e-11
1.597197665028130891e-11
1.550839161817506327e-11
1.506198253181383633e-11
1.463196989553024741e-11
1.421761594861056502e-11
1.381821723467056983e-11
1.343310729217410032e-11
1.306165584689636576e-11
1.270326649561869637e-11
1.235737456030631145e-11
1.202344509861193522e-11
1.170097105785521140e-11
1.138947156080198120e-11
1.108849031262415415e-11
1.079759411937219976e-11
1.051637150915002678e-11
1.024443144795622152e-11
9.981402142854825873e-12
9.726929925771448502e-12
9.480678211782899968e-12
9.242326526287383710e-12
9.011569595912803166e-12
8.788116498447808018e-12
8.571689867468513787e-12
8.362024163544458429e-12
8.158862164809478040e-12
7.961957498934581581e-12
7.771075023614073826e-12
7.585990225940372887e-12
7.406488658654891629e-12
7.232365410721295501e-12
7.063424609864178521e-12
6.899478954896237748e-12
6.740349275821832652e-12
6.585864119856050869e-12
6.435859361637048308e-12
6.290177836036747916e-12
6.148668992091916782e-12
6.011188566685214351e-12
5.877598276704689724e-12
5.747765528501266202e-12
5.621563143547706808e-12
5.498869099279803830e-12
5.379566284171944369e-12
5.263542004288768251e-12
5.150687010356217685e-12
5.040896129245514028e-12
4.934068332632870939e-12
4.830106546264829929e-12
4.728917469280066829e-12
4.630411402989926979e-12
4.534502088559548196e-12
4.441106553068033363e-12
4.350144963460085190e-12
4.261540487933158614e-12
4.175219164333394509e-12
4.091109775160895307e-12
4.009143728810214580e-12
3.929254946695478151e-12
3.851379755931475439e-12
3.775456787262492852e-12
3.701426877949684589e-12
3.629232979345461654e-12
3.558820068899985672e-12
3.490135095580018870e-12
3.423126984619178377e-12
3.357746468601921429e-12
3.293945985370820767e-12
3.231679609292523565e-12
3.170902985695083681e-12
3.111573268311809862e-12
3.053649059576165217e-12
2.997090353621339273e-12
2.941858481846368423e-12
2.887916060918580743e-12
2.835226943089473945e-12
2.783756168708050325e-12
2.733469920822057362e-12
2.684335481763714569e-12
2.636321191622169055e-12
2.589396408510272638e-12
2.543531470538357221e-12
2.498697659412345718e-12
2.454867165578044070e-12
2.412013054837616050e-12
2.370109236368182510e-12
2.329130432076211501e-12
2.289052147224835151e-12
2.249850642274538311e-12
2.211502880703773893e-12
2.173986429854804668e-12
2.137279515471402880e-12
2.101361023336306367e-12
2.066210476119081068e-12
2.031808011151131425e-12
1.998134359086065450e-12
1.965170823405702940e-12
1.932899260734003675e-12
1.901302061923071780e-12
1.870362133877136872e-12
1.840062882082117427e-12
1.810388193809928479e-12
1.781322421968210302e-12
1.752850369567559548e-12
1.724957274779699947e-12
1.697628796561285815e-12
1.670851000819249358e-12
1.644610347094739535e-12
1.618893675743773385e-12
1.593688195593758540e-12
1.568981472056017639e-12
1.544761415675352280e-12
1.521016271098584047e-12
1.497734606444818153e-12
1.474905352211580221e-12
1.452517934958700599e-12
1.430562113717562528e-12
1.409027921088058429e-12
1.387905654791623234e-12
1.367185869521979627e-12
1.346859369081772347e-12
1.326917198793800994e-12
1.307350638176062270e-12
1.288151193870262894e-12
1.269310592813937610e-12
1.250820775646726354e-12
1.232673890341763303e-12
1.214862286053530753e-12
1.197378507173899593e-12
1.180215287588419165e-12
1.163365545125270943e-12
1.146822376189606801e-12
1.130579050576310699e-12
1.114629006454497686e-12
1.098965845517365017e-12
1.083583328291247668e-12
1.068475369598009024e-12
1.053636034165122685e-12
1.039059532378037015e-12
1.024740216169632555e-12
1.010672575041806797e-12
9.968512322143872199e-13
9.832709408968115770e-13
9.699265806781588278e-13
9.568131540313077709e-13
9.439257829271747148e-13
9.312597055551168333e-13
9.188102731457710139e-13
9.065729468927258465e-13
8.945432949695656573e-13
8.827169896389718096e-13
8.710898044506833155e-13
8.596576115252454279e-13
8.484163789205964527e-13
8.373621680786495502e-13
8.264911313491440305e-13
8.157995095881284939e-13
8.052836298285594399e-13
7.949399030205727775e-13
7.847648218390883627e-13
7.747549585564972521e-13
7.649069629782563852e-13
7.552175604393012366e-13
7.456835498592658401e-13
7.363018271347883168e-13
7.270694575421870197e-13
7.179835953724499367e-13
7.090414566547052924e-13
7.002403176138520152e-13
6.915775131721189278e-13
6.830504757327176106e-13
6.746565325671823256e-13
6.663932684804200204e-13
6.582583138577078219e-13
6.502491975781997711e-13
6.423635062067724477e-13
6.345990218307991343e-13
6.269535679165034611e-13
6.194248754526200511e-13
6.120107276673988289e-13
6.047090855903954286e-13
5.975179478652912880e-13
5.904352287730472680e-13
5.834588899674500645e-13
5.765870550025656798e-13
5.698178816680025536e-13
5.631494506947564525e-13
5.565798858308934858e-13
5.501074584353679728e-13
5.437304710660553437e-13
5.374471558061321482e-13
5.312557838513615427e-13
5.251547611483433204e-13
5.191425221093409027e-13
5.132174366150564356e-13
5.073779101535700289e-13
5.016224713734344618e-13
4.959496749251780566e-13
4.903580162999714112e-13
4.848460234450164945e-13
4.794123370072471462e-13
4.740556214118154082e-13
4.687744867872923150e-13
4.635675728810644024e-13
4.584336226860422775e-13
4.533714009634832725e-13
4.483796225856666775e-13
4.434570294857760361e-13
4.386024582864919335e-13
4.338147655599298258e-13
4.290927619895792987e-13
4.244352830106504090e-13
4.198412509944672598e-13
4.153096066136199431e-13
4.108392579539790050e-13
4.064291739192714593e-13
4.020784115894125122e-13
3.977860433666798417e-13
3.935511012613000362e-13
3.893726366469743794e-13
3.852497730302409472e-13
3.811816480226017647e-13
3.771673619942321573e-13
3.732060330997535271e-13
3.692968459433401237e-13
3.654389981259679317e-13
3.616316528792045129e-13
3.578739897853445307e-13
3.541652496999263780e-13
3.505046854654095864e-13
3.468915181754633054e-13
3.433249839711789419e-13
3.398043755471031109e-13
3.363289966633671411e-13
3.328981217251656039e-13
3.295110389990109300e-13
3.261670889966650246e-13
3.228656224540111954e-13
3.196059629409995801e-13
3.163874468082553681e-13
3.132094587149536195e-13
3.100713927750657221e-13
3.069726179403819815e-13
3.039125149577435838e-13
3.008905092815561915e-13
2.979060351169302424e-13
2.949585033428421154e-13
2.920473357334070471e-13
2.891719954730336834e-13
2.863319538518020830e-13
2.835266605177260800e-13
2.807555751914584627e-13
2.780181959817388242e-13
2.753140285114725935e-13
2.726425583077023464e-13
2.700032802176036590e-13
2.673957247036189324e-13
2.648194291994219386e-13
2.622739124638373428e-13
2.597587018866792750e-13
2.572733579265508015e-13
2.548174475144727218e-13
2.523905202138415922e-13
2.499921335873204406e-13
2.476218800591277364e-13
2.452793744137379962e-13
2.429642188939987641e-13
2.406760226153380241e-13
2.384144227318451843e-13
2.361790614650395576e-13
2.339695654687980317e-13
2.317855677819514294e-13
2.296267275422844602e-13
2.274927086089901833e-13
2.253831603387244342e-13
2.232977380245595584e-13
2.212361212703911602e-13
2.191979940822198648e-13
2.171830269463541072e-13
2.151908958725765275e-13
2.132212995317405904e-13
2.112739407019099450e-13
2.093485095491093610e-13
2.074447013823379881e-13
2.055622326483567118e-13
2.037008236285626678e-13
2.018601828311765555e-13
2.000400235564959060e-13
1.982400788349068248e-13
1.964600852792889273e-13
1.946997685052248533e-13
1.929588585965089080e-13
1.912371040651966324e-13
1.895342567724125544e-13
1.878500583001508504e-13
1.861842543994626020e-13
1.845366080447983320e-13
1.829068853434163192e-13
1.812948427886874842e-13
1.797002407664933931e-13
1.781228557701551825e-13
1.765624672252939270e-13
1.750188455603162335e-13
1.734917648402958594e-13
1.719810142033633906e-13
1.704863855339114629e-13
1.690076622911834873e-13
1.675446313342216263e-13
1.660970936356558942e-13
1.646648527416432882e-13
1.632477043042581687e-13
1.618454471559111055e-13
1.604578933519805466e-13
1.590848573608767197e-13
1.577261480028816644e-13
1.563815840157652059e-13
1.550509980954925494e-13
1.537342249979861279e-13
1.524310923370169217e-13
1.511414303180314906e-13
1.498650805804114906e-13
1.486018866993548982e-13
1.473516855489474442e-13
1.461143164337321854e-13
1.448896377385481746e-13
1.436774762772010518e-13
1.424776945694260682e-13
1.412901563849640652e-13
1.401146953800159468e-13
1.389511792837094950e-13
1.377994618264692931e-13
1.366593988798729770e-13
1.355308631567533327e-13
1.344136995024284403e-13
1.333077842824362961e-13
1.322129949788576405e-13
1.311291824716561497e-13
1.300562277430056018e-13
1.289939994083473038e-13
1.279423679735877362e-13
1.269012188407247255e-13
1.258704127621642107e-13
1.248498383735274153e-13
1.238393853094507297e-13
1.228389196561592878e-13
1.218483341488812924e-13
1.208675105754499989e-13
1.198963323963856695e-13
1.189346962744796630e-13
1.179824770253877353e-13
1.170395741803898582e-13
1.161058881660721895e-13
1.151812985223336597e-13
1.142657084280084794e-13
1.133590113517531445e-13
1.124611022452574345e-13
1.115718877841697127e-13
1.106912552431226405e-13
1.098191138473625472e-13
1.089553736257444917e-13
1.080999260456620228e-13
1.072526835837659685e-13
1.064135500873855329e-13
1.055824307213325131e-13
1.047592413812072672e-13
1.039438818904036349e-13
1.031362718749669399e-13
1.023363316522047450e-13
1.015439649830400346e-13
1.007590943051814973e-13
9.998163434371338872e-14
9.921150096724462917e-14
9.844861931313195177e-14
9.769289910509712385e-14
9.694426745018843825e-14
9.620265207850831948e-14
9.546796595347926571e-14
9.474013869900296726e-14
9.401909306023579578e-14
9.330475280245245505e-14
9.259704996758418345e-14
9.189590283507734789e-14
9.120124520815269002e-14
9.051301145238824450e-14
8.983112273989212534e-14
8.915551513061158819e-14
8.848611853875164823e-14
8.782286379016366841e-14
8.716568911416161121e-14
8.651452043075443879e-14
8.586929754687716443e-14
8.522996077771697742e-14
8.459643863058930390e-14
8.396867293917598432e-14
8.334660003699797985e-14
8.273015707368197654e-14
8.211928783228252650e-14
8.151392506795327803e-14
8.091401397917719206e-14
8.031950022438030837e-14
7.973031887680360901e-14
7.914641695796115162e-14
7.856773655887305580e-14
7.799422050234841820e-14
7.742581756427493822e-14
7.686246662470070321e-14
7.630411773143880883e-14
7.575072134904267328e-14
7.520221843782618546e-14
7.465856068784887048e-14
7.411969536229342241e-14
7.358557038157753036e-14
7.305613901697497490e-14
7.253134564589006339e-14
7.201114505579747248e-14
7.149549388629140729e-14
7.098434056927182178e-14
7.047764315218793703e-14
6.997535566738804404e-14
6.947743270465354343e-14
6.898383363733655073e-14
6.849450980058082489e-14
6.800942153446138110e-14
6.752852949060019230e-14
6.705178659188290123e-14
6.657915442279504418e-14
6.611059095231404884e-14
6.564605851933859326e-14
6.518550448860908465e-14
6.472890745468412210e-14
6.427621575475449603e-14
6.382739347496590637e-14
6.338241223529070076e-14
6.294121491864458250e-14
6.250377406914242225e-14
6.207006213683231236e-14
6.164002391412540824e-14
6.121363274269010186e-14
6.079085515568955319e-14
6.037164467435494897e-14
5.995598196449037465e-14
5.954382139511195694e-14
5.913513102639960289e-14
5.872987916611384464e-14
5.832802190289640258e-14
5.792954081511427800e-14
5.753439278615170455e-14
5.714254755631921175e-14
5.675398102915091657e-14
5.636864562116118254e-14
5.598651799219249729e-14
5.560757473773618417e-14
5.523176982506319504e-14
5.485908058002055840e-14
5.448947876331799541e-14
5.412292547732757048e-14
5.375940406384896547e-14
5.339887632064282573e-14
5.304131526480423262e-14
5.268669412041707655e-14
5.233497608580856880e-14
5.198614527808155432e-14
5.164016554860012998e-14
5.129701130215924310e-14
5.095666210383236477e-14
5.061907858081072339e-14
5.028424136669246375e-14
4.995213104421764091e-14
4.962270957568396741e-14
4.929595813000623751e-14
4.897185329516776881e-14
4.865036287495006968e-14
4.833147298308980791e-14
4.801515198228366918e-14
4.770137747055451965e-14
4.739012721267215716e-14
4.708137069738044138e-14
4.677509466371951083e-14
4.647126912626885836e-14
4.616987280074293466e-14
4.587088858676861475e-14
4.557428343608673286e-14
4.528004075008196375e-14
4.498814389600665581e-14
4.469856084677065605e-14
4.441127545505866773e-14
4.412626778965462590e-14
4.384351064932726873e-14
4.356299198994467751e-14
4.328468507368989076e-14
4.300857080924247393e-14
4.273463024600697141e-14
4.246283757346465974e-14
4.219318128287008698e-14
4.192563600037894447e-14
4.166018356737193138e-14
4.139680930097964770e-14
4.113548528097263458e-14
4.087619724164380466e-14
4.061893089518813284e-14
4.036365916441229013e-14
4.011036816540840093e-14
3.985904087331200171e-14
3.960965421728877683e-14
3.936219773420803901e-14
3.911664873925049589e-14
3.887299090909491981e-14
3.863120803959271309e-14
3.839127821333046626e-14
3.815319142651953461e-14
3.791692612602903248e-14
3.768246677018867593e-14
3.744980071821936928e-14
3.721890429011452821e-14
3.698976527211341675e-14
3.676237174939954740e-14
3.653670120529209748e-14
3.631274212928511736e-14
3.609048038525041779e-14
3.586989677981695818e-14
3.565098264903968772e-14
3.543371911070415736e-14
3.521809259354439449e-14
3.500408962182444088e-14
3.479169193424446214e-14
3.458089123315030174e-14
3.437166955135445558e-14
3.416401394739696218e-14
3.395791390628579013e-14
3.375334966033103223e-14
3.355031097617176263e-14
3.334878760788964575e-14
3.314876035503066718e-14
3.295021924479766837e-14
3.275315210491853173e-14
3.255754251943462935e-14
3.236338290980851387e-14
3.217065712171305735e-14
3.197935345908686455e-14
3.178946030746288488e-14
3.160096203130447092e-14
3.141385136877693231e-14
3.122811293197424154e-14
3.104373555744175155e-14
3.086071012459109363e-14
3.067901972883048506e-14
3.049865548692709341e-14
3.031960850832042039e-14
3.014186236337534396e-14
2.996540839186425406e-14
2.979023608314844504e-14
2.961633135055423823e-14
2.944368755589135114e-14
2.927229083334240096e-14
2.910213107526472519e-14
2.893319824390868705e-14
2.876547890875818302e-14
2.859896670593468811e-14
2.843364841422441597e-14
2.826951437801998567e-14
2.810655500818928005e-14
2.794476078191311705e-14
2.778411899004873042e-14
2.762462356148700336e-14
2.746625885006961396e-14
2.730902235357921037e-14
2.715289893720927685e-14
2.699788304931713306e-14
2.684396601162228275e-14
2.669113315366109767e-14
2.653937909501634709e-14
2.638869838734673668e-14
2.623907671622867313e-14
2.609050587245317555e-14
2.594298057534160680e-14
2.579648694539831971e-14
2.565102265568833751e-14
2.550657405085792084e-14
2.536313603602023984e-14
2.522069799234216683e-14
2.507925216887635859e-14
2.493879086592897971e-14
2.479930643494768127e-14
2.466078865459128798e-14
2.452323265460328997e-14
2.438662836666786448e-14
2.425096842171309349e-14
2.411624549940425203e-14
2.398244983267399063e-14
2.384957674330683342e-14
2.371761660962485606e-14
2.358656237698152234e-14
2.345640703719544980e-14
2.332714362843876063e-14
2.319876288454770442e-14
2.307126033298723170e-14
2.294462454056119413e-14
2.281885342844330349e-14
2.269393574366246711e-14
2.256986716779069621e-14
2.244664112191757613e-14
2.232424668374251591e-14
2.220267966270149496e-14
2.208193582418564311e-14
2.196200450169575817e-14
2.184287945649748653e-14
2.172455657911105904e-14
2.160702551366365266e-14
2.149028430025004783e-14
2.137432274443166841e-14
2.125913687717900178e-14
2.114471871112289262e-14
2.103106234589786904e-14
2.091816191953609964e-14
2.080601164962471237e-14
2.069460404180045740e-14
2.058393554364003828e-14
2.047399880862773347e-14
2.036478845694511131e-14
2.025629914261123449e-14
2.014852372894603488e-14
2.004145879662746963e-14
1.993509731025815526e-14
1.982943410886844381e-14
1.972446406382192488e-14
1.962018207874375919e-14
1.951658136644557287e-14
1.941365865039967662e-14
1.931140554878356029e-14
1.920982053791477412e-14
1.910889536212276809e-14
1.900862685225571500e-14
1.890901017923053555e-14
1.881003731925620549e-14
1.871170519251841377e-14
1.861401068796852341e-14
1.851694596131192026e-14
1.842050642194627040e-14
1.832468904635407200e-14
1.822948620866560807e-14
1.813489646656914408e-14
1.804091230774990631e-14
1.794753080699738381e-14
1.785474607391563100e-14
1.776255375542911823e-14
1.767094952542421529e-14
1.757992908468275983e-14
1.748948674554414671e-14
1.739961970366144994e-14
1.731032235028557513e-14
1.722159053087989601e-14
1.713342011663851994e-14
1.704580565286277305e-14
1.695874443825504591e-14
1.687223109341375360e-14
1.678626162765743933e-14
1.670083207492931498e-14
1.661593849373248615e-14
1.653157568769490613e-14
1.644774106680287289e-14
1.636442824989273885e-14
1.628163595068239779e-14
1.619935788101226493e-14
1.611759153355077790e-14
1.603633319921152191e-14
1.595557691491012763e-14
1.587532042598901079e-14
1.579556145494484084e-14
1.571629419674057156e-14
1.563751526740166356e-14
1.555922245048001395e-14
1.548141009573163697e-14
1.540407716384282600e-14
1.532721808492338992e-14
1.525083071094633177e-14
1.517491067842321158e-14
1.509945477013011351e-14
1.502445978771494964e-14
1.494992255165674842e-14
1.487583884210302129e-14
1.480220659490326218e-14
1.472902164598899745e-14
1.465628091795798762e-14
1.458398135146070902e-14
1.451211889190648258e-14
1.444069154697817649e-14
1.436969531542207375e-14
1.429912723557717462e-14
1.422898436309441372e-14
1.415926377089650548e-14
1.408996158797385376e-14
1.402107589959313098e-14
1.395260194102604141e-14
1.388453877543392006e-14
1.381688170445945544e-14
1.374962887141318628e-14
1.368277749161066928e-14
1.361632298842091248e-14
1.355026355329687649e-14
1.348459736214395703e-14
1.341931993316742693e-14
1.335442860831734450e-14
1.328992161071433970e-14
1.322579457377866805e-14
1.316204660971678630e-14
1.309867341219557629e-14
1.303567325781450669e-14
1.297304275056915385e-14
1.291077936015496427e-14
1.284888057090354998e-14
1.278734388174588815e-14
1.272616600479352493e-14
1.266534528308301185e-14
1.260487847110810513e-14
1.254476316797588090e-14
1.248499707554482331e-14
1.242557716280177516e-14
1.236650196020842862e-14
1.230776847471925732e-14
1.224937449997615162e-14
1.219131784179683016e-14
1.213359631815120079e-14
1.207620702928426374e-14
1.201914855951803038e-14
1.196241732767124052e-14
1.190601265924728617e-14
1.184993102075374187e-14
1.179417103719469971e-14
1.173873062756448862e-14
1.168360634624553131e-14
1.162879753458646136e-14
1.157430079261976467e-14
1.152011411905818468e-14
1.146623685441395888e-14
1.141266566604528262e-14
1.135939858548676683e-14
1.130643235696923246e-14
1.125376764051702997e-14
1.120139991432170127e-14
1.114932855073263202e-14
1.109755163470292085e-14
1.104606601649184954e-14
1.099486983312435575e-14
1.094396245662380312e-14
1.089334079900178436e-14
1.084300302763496496e-14
1.079294731987966092e-14
1.074317186305027609e-14
1.069367485439691110e-14
1.064445333511977100e-14
1.059550670726494339e-14
1.054683319748388126e-14
1.049842990459428302e-14
1.045029510267245991e-14
1.040242819432199065e-14
1.035482522457233597e-14
1.030748672485517103e-14
1.026040988724204666e-14
1.021359303224824867e-14
1.016703341492162907e-14
1.012073046609844838e-14
1.007468253350724343e-14
1.002888692514215758e-14
9.983343072648770557e-15
9.938048333473470668e-15
9.893001189654554859e-15
9.848200145762495734e-15
9.803644721467005208e-15
9.759331413930907801e-15
9.715259766361801965e-15
9.671428314121924215e-15
9.627834624692685087e-15
9.584478239852131390e-15
9.541357717694429079e-15
9.498470671520928341e-15
9.455815697362756617e-15
9.413392335758892159e-15
9.371197314976269680e-15
9.329230197373412970e-15
9.287490522828007652e-15
9.245975085448265192e-15
9.204683446653180779e-15
9.163614252434918426e-15
9.122765269224386233e-15
9.082135178118104250e-15
9.041723539623777126e-15
9.001528161724463046e-15
8.961547745699497418e-15
8.921781851799252150e-15
8.882227483234502108e-15
8.842884220242574592e-15
8.803750790594082649e-15
8.764825928649504070e-15
8.726107555838171571e-15
8.687595251947757004e-15
8.649286964073383007e-15
8.611181471461892738e-15
8.573278353819233638e-15
8.535575596137590824e-15
8.498071996348678504e-15
8.460765582609501810e-15
8.423656722993151163e-15
8.386742687897724133e-15
8.350023075539694637e-15
8.313496714309972812e-15
8.277161692291126862e-15
8.241016867285317936e-15
8.205061837784283499e-15
8.169294726844620082e-15
8.133714409645030917e-15
8.098319767083099496e-15
8.063109685763377781e-15
8.028083057985073654e-15
7.993238079990962854e-15
7.958574377245016358e-15
7.924090905456610422e-15
7.889785949090835341e-15
7.855658499215359313e-15
7.821708227116816111e-15
7.787932777710652102e-15
7.754332502288213593e-15
7.720905736079148548e-15
7.687651494501898158e-15
7.654568147700333588e-15
7.621655380667886052e-15
7.588912223131232774e-15
7.556337074165728089e-15
7.523929618124849266e-15
7.491688273081765961e-15
7.459612101920269824e-15
7.427700172040668332e-15
7.395952167204215628e-15
7.364365935520143461e-15
7.332941174384786490e-15
7.301676969190343645e-15
7.270571816122344553e-15
7.239625412097343405e-15
7.208836855802573263e-15
7.178204669919877484e-15
7.147727975036484282e-15
7.117406467778194229e-15
7.087238129243316639e-15
7.057222668764065819e-15
7.027359782886517691e-15
6.997647490755367529e-15
6.968085501470745974e-15
6.938672964967137492e-15
6.909408492614236001e-15
6.880291254716969522e-15
6.851320960242712083e-15
6.822496244748593789e-15
6.793816290445335942e-15
6.765280806425649947e-15
6.736887932959572692e-15
6.708637390848075726e-15
6.680528377943606863e-15
6.652560095990187036e-15
6.624731246613314073e-15
6.597041550714129868e-15
6.569489724934387513e-15
6.542074997323399002e-15
6.514797088991610748e-15
6.487654738775690590e-15
6.460647185804260543e-15
6.433773199521916996e-15
6.407033014297023714e-15
6.380424958258181261e-15
6.353948795607194182e-15
6.327603815153093264e-15
6.301388847475756959e-15
6.275303198120945398e-15
6.249346630706256408e-15
6.223517995618718764e-15
6.197816607980770904e-15
6.172241786070347737e-15
6.146792851316055186e-15
6.121469128292101755e-15
6.096269509188068904e-15
6.071193766655176971e-15
6.046241234595752948e-15
6.021410823850675424e-15
5.996701883753244244e-15
5.972114186684793865e-15
5.947646244718446279e-15
5.923298253268975051e-15
5.899069153484808020e-15
5.874958309543317994e-15
5.850964683304144559e-15
5.827088055863863576e-15
5.803327800132291161e-15
5.779682895299721731e-15
5.756153122412098900e-15
5.732737472050210648e-15
5.709435337058052897e-15
5.686246113046961405e-15
5.663169581132227757e-15
5.640204374249915183e-15
5.617350281762826845e-15
5.594606710305034573e-15
5.571972697240778339e-15
5.549448031956166626e-15
5.527032129236283062e-15
5.504724042404914356e-15
5.482523199396927680e-15
5.460429389816579954e-15
5.438441326104794800e-15
5.416558805586895968e-15
5.394781618102796796e-15
5.373108498932786892e-15
5.351539245549799291e-15
5.330073303949801751e-15
5.308709780885139284e-15
5.287448134638232236e-15
5.266288162971018358e-15
5.245228990245313280e-15
5.224270096837638039e-15
5.203411298415592241e-15
5.182651420511104218e-15
5.161990285663171734e-15
5.141427386327922777e-15
5.120962217230020526e-15
5.100593956631531192e-15
5.080322426928858041e-15
5.060146815251541490e-15
5.040066631833082088e-15
5.020081699044809949e-15
5.000191217136040760e-15
4.980394702820930703e-15
4.960691371334518658e-15
4.941081352983884487e-15
4.921563565710712000e-15
4.902137838320963217e-15
4.882803698127304665e-15
4.863560381246055124e-15
4.844407425260464353e-15
4.825344659075456184e-15
4.806371331036693982e-15
4.787486984814740521e-15
4.768691166087171393e-15
4.749983422535223922e-15
4.731363303840325390e-15
4.712830361680525018e-15
4.694383598230665170e-15
4.676023128157820491e-15
4.657748509021068460e-15
4.639559300361718882e-15
4.621454527053426393e-15
4.603434296519119658e-15
4.585498174138370223e-15
4.567644675650892438e-15
4.549874958450953884e-15
4.532187545621016981e-15
4.514582020814049745e-15
4.497057969471931107e-15
4.479615487097538579e-15
4.462253142726921469e-15
4.444971540327676890e-15
4.427770262346315809e-15
4.410647903708197250e-15
4.393604562053856371e-15
4.376639835343400705e-15
4.359753323301423206e-15
4.342944627413629076e-15
4.326213350923397911e-15
4.309558625271577211e-15
4.292980546676883693e-15
4.276478733057347047e-15
4.260052804002676051e-15
4.243701918179579177e-15
4.227426167266371393e-15
4.211224719327838209e-15
4.195097663059989378e-15
4.179044175822500497e-15
4.163064343410174157e-15
4.147156907934018144e-15
4.131322402700638299e-15
4.115560461857704401e-15
4.099869849856348554e-15
4.084251086976648628e-15
4.068702952287554126e-15
4.053225957545971000e-15
4.037818896256905499e-15
4.022482271814578306e-15
4.007215310678825575e-15
3.992017251943179210e-15
3.976888173543198096e-15
3.961827733423931979e-15
3.946835183212221229e-15
3.931911002084284349e-15
3.917054039455645823e-15
3.902263967082439460e-15
3.887540855290448233e-15
3.872883976126462614e-15
3.858293397497502078e-15
3.843768399452464298e-15
3.829309047545772540e-15
3.814914245318562075e-15
3.800584445465908261e-15
3.786319323161721067e-15
3.772117801085753292e-15
3.757980321027987050e-15
3.743905818195443299e-15
3.729894357563454349e-15
3.715945995745318047e-15
3.702059686452507602e-15
3.688235853879671684e-15
3.674473463886016478e-15
3.660772218106376590e-15
3.647132530515708449e-15
3.633553384866524960e-15
3.620034837515177775e-15
3.606576239510255636e-15
3.593177645161501297e-15
3.579838412537487555e-15
3.566558594947714667e-15
3.553337902203394861e-15
3.540175370991440697e-15
3.527071398624630956e-15
3.514025366173920948e-15
3.501036995716935662e-15
3.488106339596790376e-15
3.475232788851028194e-15
3.462415744094074051e-15
3.449655583950062163e-15
3.436951388414539181e-15
3.424303530093734231e-15
3.411711099475600152e-15
3.399174463258354034e-15
3.386692722296216045e-15
3.374265616007727506e-15
3.361893502387626810e-15
3.349575497564267227e-15
3.337311649018933419e-15
3.325101391666218672e-15
3.312944771249156982e-15
3.300841228681361790e-15
3.288790808014757570e-15
3.276792956099194056e-15
3.264847421836541021e-15
3.252953955150756656e-15
3.241112596808838580e-15
3.229322805307986750e-15
3.217584333666721061e-15
3.205896935918227831e-15
3.194260367108487834e-15
3.182674383294377907e-15
3.171139020626082881e-15
3.159653477261856838e-15
3.148217517516856538e-15
3.136831454402968243e-15
3.125494499488576553e-15
3.114206690422603019e-15
3.102967790245771207e-15
3.091777562993440746e-15
3.080635242780340626e-15
3.069541396944273843e-15
3.058495263170341620e-15
3.047496614296963352e-15
3.036545483002401089e-15
3.025641381820301413e-15
3.014784086363750889e-15
3.003973373156041937e-15
2.993209272202019341e-15
2.982491306146648607e-15
2.971819255000524963e-15
2.961192902603986632e-15
2.950612034404919290e-15
2.940076436720362152e-15
2.929585896734852541e-15
2.919140202498741277e-15
2.908738902537433234e-15
2.898382029968630555e-15
2.888069375399090771e-15
2.877800730294634233e-15
2.867575652432205629e-15
2.857394172407546400e-15
2.847256084222818139e-15
2.837160722194497053e-15
2.827108577051264127e-15
2.817098986165249071e-15
2.807131751066281198e-15
2.797206674071241472e-15
2.787323781616196736e-15
2.777482429562412030e-15
2.767682867906615510e-15
2.757924898079637600e-15
2.748207886438593299e-15
2.738531860645877510e-15
2.728896628515161872e-15
2.719301998635315072e-15
2.709747780368823543e-15
2.700233783850195203e-15
2.690759609827519543e-15
2.681325282668889784e-15
2.671930614789161442e-15
2.662575419368820561e-15
2.653259305219298770e-15
2.643982294649574972e-15
2.634744000429669227e-15
2.625544443868246158e-15
2.616383241654440047e-15
2.607260414123888725e-15
2.598175383997103766e-15
2.589128370882922535e-15
2.580119194652990690e-15
2.571147287295883498e-15
2.562212863457158220e-15
2.553315361201277673e-15
2.544454991921107488e-15
2.535631199688736320e-15
2.526844192700878193e-15
2.518093608430910696e-15
2.509379089551292298e-15
2.500700654331071658e-15
2.492058133812987241e-15
2.483451179356016495e-15
2.474879993863842781e-15
2.466344048711789569e-15
2.457843184159282866e-15
2.449377419817435544e-15
2.440946416310391255e-15
2.432550192380992858e-15
2.424188412027321590e-15
2.415861093147163318e-15
2.407567729556782254e-15
2.399308513900054363e-15
2.391083288286901763e-15
2.382891554521771683e-15
2.374733500957206974e-15
2.366608634635944501e-15
2.358516973611881368e-15
2.350458532564718745e-15
2.342432826286352058e-15
2.334440036186372765e-15
2.326479682151421641e-15
2.318551617627108252e-15
2.310656019979382221e-15
2.302792416612875476e-15
2.294960822467565167e-15
2.287160931568575071e-15
2.279392758115007049e-15
2.271655999131224575e-15
2.263950668095438044e-15
2.256276620200572490e-15
2.248633402628548627e-15
2.241021183910387118e-15
2.233439668433421955e-15
2.225888716325185939e-15
2.218368338999001871e-15
2.210878245171451093e-15
2.203418147602521306e-15
2.195988207463560090e-15
2.188587990435253510e-15
2.181217655312568779e-15
2.173876772271441677e-15
2.166565497770552906e-15
2.159283406432160045e-15
2.152030366245916183e-15
2.144806530223455966e-15
2.137611479550010635e-15
2.130445224367166127e-15
2.123307492433364763e-15
2.116198293283380949e-15
2.109117357308527608e-15
2.102064694074460291e-15
2.095040039677753685e-15
2.088043270324333167e-15
2.081074262685044812e-15
2.074133028206999516e-15
2.067219308641830229e-15
2.060332982064883602e-15
2.053473927012906691e-15
2.046642022483172900e-15
2.039837147932587015e-15
2.033059313058859902e-15
2.026308137933046698e-15
2.019583505600100426e-15
2.012885554695789466e-15
2.006213911060106389e-15
1.999568585184769493e-15
1.992949459704281951e-15
1.986356417705312934e-15
1.979789094712907815e-15
1.973247748838550502e-15
1.966732017185755230e-15
1.960241786704241839e-15
1.953777065991679118e-15
1.947337620243883291e-15
1.940923337683781894e-15
1.934534106952723360e-15
1.928169935627212206e-15
1.921830593332065834e-15
1.915515969971732303e-15
1.909225955865740530e-15
1.902960441747867257e-15
1.896719318765291386e-15
1.890502478477737281e-15
1.884309812856610961e-15
1.878141100984400970e-15
1.871996350220784728e-15
1.865875453754973462e-15
1.859778305184402871e-15
1.853704687726050529e-15
1.847654607815169570e-15
1.841627960256717311e-15
1.835624422370768047e-15
1.829644110086741899e-15
1.823686919397815160e-15
1.817752746699096248e-15
1.811841275705437721e-15
1.805952619060858343e-15
1.800086463616526387e-15
1.794242920402679975e-15
1.788421887765715997e-15
1.782623057806446040e-15
1.776846336073202603e-15
1.771091833991067823e-15
1.765359454965526832e-15
1.759648900082002986e-15
1.753960076843935933e-15
1.748293093542206239e-15
1.742647655664597223e-15
1.737023869972519503e-15
1.731421444857617880e-15
1.725840289496660991e-15
1.720280313391184806e-15
1.714741620296720008e-15
1.709223731438178147e-15
1.703727135901998844e-15
1.698251165908691364e-15
1.692795925459558177e-15
1.687361514682048028e-15
1.681947466982860369e-15
1.676554070779767956e-15
1.671181049840351000e-15
1.665828316920530981e-15
1.660495601525885431e-15
1.655183185186664829e-15
1.649890797035225961e-15
1.644618351096463598e-15
1.639365582112282023e-15
1.634132764912879272e-15
1.628919456236388353e-15
1.623725927631483788e-15
1.618551740349046224e-15
1.613396987930289207e-15
1.608261412755877456e-15
1.603145279927631172e-15
1.598048159556078919e-15
1.592970142581231869e-15
1.587911146429672135e-15
1.582870919668817707e-15
1.577849551337316522e-15
1.572846792423558288e-15
1.567862730718128187e-15
1.562897285149814064e-15
1.557950210301015284e-15
1.553021592135208875e-15
1.548111187595204672e-15
1.543219081445023008e-15
1.538345032964137306e-15
1.533489125736008364e-15
1.528651121353260409e-15
1.523830943683986523e-15
1.519028675084192951e-15
1.514244083140890896e-15
1.509477095617095472e-15
1.504727795706865422e-15
1.499995954827860746e-15
1.495281501503371511e-15
1.490584517210585896e-15
1.485904624739438949e-15
1.481242057961646736e-15
1.476596593696576362e-15
1.471968161715748478e-15
1.467356692036100729e-15
1.462762114919562360e-15
1.458184507971478042e-15
1.453623506962580325e-15
1.449079190772797547e-15
1.444551635405897212e-15
1.440040482041185420e-15
1.435545807940381592e-15
1.431067545067830844e-15
1.426605625629237585e-15
1.422159982071191800e-15
1.417730547080679965e-15
1.413317253584598705e-15
1.408919896003979571e-15
1.404538547954901775e-15
1.400173143068052286e-15
1.395823478652345956e-15
1.391489762653489159e-15
1.387171657006575900e-15
1.382869098425804290e-15
1.378582291246794455e-15
1.374310902381937377e-15
1.370054869202014102e-15
1.365814260895689458e-15
1.361589013180444086e-15
1.357378931777100069e-15
1.353183954918283189e-15
1.349004149913554129e-15
1.344839453387464059e-15
1.340689674673568922e-15
1.336554752860114537e-15
1.332434753434626595e-15
1.328329488388242120e-15
1.324238897440912937e-15
1.320163044744208876e-15
1.316101744908187348e-15
1.312054938280959664e-15
1.308022565415477493e-15
1.304004688725579856e-15
1.300001126673217187e-15
1.296011822544234584e-15
1.292036720237409451e-15
1.288075763840066213e-15
1.284129016155413805e-15
1.280196183976721654e-15
1.276277448402549537e-15
1.272372519060866363e-15
1.268481458889755178e-15
1.264604328589370849e-15
1.260740841984432558e-15
1.256891175044972352e-15
1.253055044357099462e-15
1.249232510766804088e-15
1.245423520414377972e-15
1.241628019624736682e-15
1.237845954907064027e-15
1.234077162150918643e-15
1.230321700177609007e-15
1.226579516037158813e-15
1.222850556962493095e-15
1.219134661828298055e-15
1.215431887888192699e-15
1.211742182911987189e-15
1.208065387973570130e-15
1.204401559178968679e-15
1.200750644831852641e-15
1.197112488173966851e-15
1.193487039485845443e-15
1.189874353376888268e-15
1.186274378851607895e-15
1.182686961988205040e-15
1.179112053728730308e-15
1.175549707230225737e-15
1.171999872192634485e-15
1.168462296460757838e-15
1.164937134180969184e-15
1.161424335566722462e-15
1.157923652046966276e-15
1.154435235172850222e-15
1.150958937197389076e-15
1.147494710521092893e-15
1.144042605174982634e-15
1.140602475412409760e-15
1.137174274114790105e-15
1.133757954320453602e-15
1.130353469224374882e-15
1.126960772177898364e-15
1.123579816688457214e-15
1.120210650485934368e-15
1.116853039091980313e-15
1.113507032581610190e-15
1.110172679589683430e-15
1.106849750485252280e-15
1.103538294662144376e-15
1.100238268540225144e-15
1.096949628683033079e-15
1.093672331797525729e-15
1.090406244853953041e-15
1.087151505057368381e-15
1.083907890230944237e-15
1.080675447525066520e-15
1.077454134352421746e-15
1.074243820624113005e-15
1.071044552559495410e-15
1.067856287988785158e-15
1.064678898552029220e-15
1.061512429557800788e-15
1.058356839251652507e-15
1.055212000978604906e-15
1.052077959156221657e-15
1.048954588250653391e-15
1.045841932093860778e-15
1.042739866262779826e-15
1.039648434012272120e-15
1.036567512019804643e-15
1.033497060859294023e-15
1.030437122932178593e-15
1.027387576544322977e-15
1.024348463540780136e-15
1.021319663302773709e-15
1.018301137038245587e-15
1.015292925769391269e-15
1.012294831173677358e-15
1.009306973819031816e-15
1.006329235722083696e-15
1.003361656833327235e-15
1.000404042477315622e-15
9.974565105868394237e-16
9.945188682796776209e-16
9.915912321922544955e-16
9.886734874233382146e-16
9.857655965412802297e-16
9.828674467815230402e-16
9.799791522355970522e-16
9.771006000061589644e-16
9.742317531452660694e-16
9.713725008494416644e-16
9.685229547276434735e-16
9.656829306011372635e-16
9.628524661930925666e-16
9.600315987813351824e-16
9.572200758588068234e-16
9.544180802085047984e-16
9.516254331411098981e-16
9.488421722413893615e-16
9.460682630326007470e-16
9.433036711493019983e-16
9.405482922637122770e-16
9.378021629924148449e-16
9.350651799083693753e-16
9.323373791515589532e-16
9.296187268988723504e-16
9.269091210619699435e-16
9.242085290401234698e-16
9.215169860403373215e-16
9.188344586678732384e-16
9.161608465876803185e-16
9.134961176043229718e-16
9.108403060181040518e-16
9.081933127856690825e-16
9.055551717635744306e-16
9.029257847616908701e-16
9.003051200850328168e-16
8.976931461361713397e-16
8.950898958977656531e-16
8.924952728581088022e-16
8.899092457166543332e-16
8.873317832698151787e-16
8.847629176509229663e-16
8.822024910631769933e-16
8.796505987699957467e-16
8.771071467189590616e-16
8.745721041939270822e-16
8.720454405747867086e-16
8.695271253372937264e-16
8.670171280529153300e-16
8.645154183886714632e-16
8.620219661069719192e-16
8.595367410654546245e-16
8.570597132168195831e-16
8.545907929401695978e-16
8.521300700022288193e-16
8.496773955872494649e-16
8.472327996904304232e-16
8.447962527327264168e-16
8.423677252291659020e-16
8.399471298219109976e-16
8.375344957371152811e-16
8.351297937665337965e-16
8.327329949400724829e-16
8.303440140962789412e-16
8.279628805766223377e-16
8.255895100810031567e-16
8.232239315738767802e-16
8.208661172457320593e-16
8.185159838611791663e-16
8.161735045826383150e-16
8.138387076362076457e-16
8.115115655548599717e-16
8.091919964982620960e-16
8.068799739534063183e-16
8.045755254284128721e-16
8.022785701111768827e-16
7.999891351582829358e-16
7.977071404369724605e-16
7.954325598351482088e-16
7.931653673189265188e-16
7.909055893523774143e-16
7.886530949689118209e-16
7.864080148847853418e-16
7.841701668695323555e-16
7.819395774532971848e-16
7.797162722603149258e-16
7.775001231876228254e-16
7.752912069613525619e-16
7.730894470667430033e-16
7.708948182533647379e-16
7.687072453609716317e-16
7.665268035025926477e-16
7.643534174337958953e-16
7.621870622109915405e-16
7.600276639183815447e-16
7.578752960937152751e-16
7.557298361540615820e-16
7.535913568634072320e-16
7.514597367118286924e-16
7.493349997954441046e-16
7.472170740214758068e-16
7.451060306300130309e-16
7.430017502234729785e-16
7.409042562870223191e-16
7.388135247032573735e-16
7.367294848622221262e-16
7.346521598009962503e-16
7.325814794917797084e-16
7.305174666769307811e-16
7.284600976057328912e-16
7.264093031159516980e-16
7.243651055171195916e-16
7.223274363117089532e-16
7.202963179984475434e-16
7.182716831159583987e-16
7.162535539717168556e-16
7.142418636587146978e-16
7.122365901841436389e-16
7.102377554314964527e-16
7.082452933148395548e-16
7.062591820362655645e-16
7.042794430639389901e-16
7.023060111225064654e-16
7.003388646080790756e-16
6.983780245819578371e-16
6.964233841654036671e-16
6.944750069519646303e-16
6.925328289922637373e-16
6.905968290017261058e-16
6.886669857587388994e-16
6.867432781045558750e-16
6.848257261790536047e-16
6.829142262860713708e-16
6.810087988828652938e-16
6.791094637264959907e-16
6.772161184522057936e-16
6.753287831309057015e-16
6.734474370411533308e-16
6.715720595235745645e-16
6.697026299807596191e-16
6.678391278771556615e-16
6.659815327389634678e-16
6.641297457820082210e-16
6.622839037611078250e-16
6.604438300007689816e-16
6.586096599329548390e-16
6.567812184430220485e-16
6.549585630710347742e-16
6.531416737670304157e-16
6.513304546615451372e-16
6.495250379358987321e-16
6.477252523069162775e-16
6.459311538427221344e-16
6.441427227915156131e-16
6.423598653076744628e-16
6.405827104084145437e-16
6.388110905508923572e-16
6.370449872338641490e-16
6.352845276145152043e-16
6.335295463494024346e-16
6.317800972360017473e-16
6.300360891823462557e-16
6.282976469727306003e-16
6.265645372898263927e-16
6.248369558227462958e-16
6.231147418848293216e-16
6.213979479853333349e-16
6.196864856704879478e-16
6.179804069108914567e-16
6.162796239973059179e-16
6.145841883678072006e-16
6.128940816520738645e-16
6.112092172474483199e-16
6.095296458069229910e-16
6.078552814556532202e-16
6.061861743291035734e-16
6.045222392736823547e-16
6.028635259132018068e-16
6.012099498088223900e-16
5.995615600785070815e-16
5.979182729917293223e-16
5.962801371663329124e-16
5.946470695737233747e-16
5.930190533797067121e-16
5.913961364603193015e-16
5.897782368258487520e-16
5.881654018662505365e-16
5.865575502780942330e-16
5.849546654679175964e-16
5.833567941046595000e-16
5.817638559006240626e-16
5.801758344050576251e-16
5.785927755780602061e-16
5.770146001340637974e-16
5.754412917643661064e-16
5.738728342060817835e-16
5.723092724913618329e-16
5.707505286486022437e-16
5.691965865560950736e-16
5.676474905647186243e-16
5.661031636740104006e-16
5.645635899027389643e-16
5.630287533150056566e-16
5.614986380201814892e-16
5.599732872563625827e-16
5.584525667914754704e-16
5.569365787752238850e-16
5.554252484177712321e-16
5.539185600577131613e-16
5.524164980784893040e-16
5.509191044228517602e-16
5.494262482776297161e-16
5.479379719769099384e-16
5.464543170482662441e-16
5.449751546112424604e-16
5.435005828202323158e-16
5.420305298853478013e-16
5.405649250652535412e-16
5.391038651351994371e-16
5.376472791901959880e-16
5.361950973588792044e-16
5.347474150588154319e-16
5.333041077458711396e-16
5.318652699442278951e-16
5.304307781688627181e-16
5.290007260598419083e-16
5.275749911814555805e-16
5.261536129861198747e-16
5.247365769395668334e-16
5.233238685497319661e-16
5.219154733666774337e-16
5.205113769825179943e-16
5.191115650313437932e-16
5.177159712778177944e-16
5.163246338102696933e-16
5.149375383849006688e-16
5.135546707996028045e-16
5.121760168938805963e-16
5.108015117743285900e-16
5.094311925860220859e-16
5.080650452895585888e-16
5.067030057813812033e-16
5.053451605364067800e-16
5.039913956466861574e-16
5.026417473398706038e-16
5.012961525505987053e-16
4.999546471447126480e-16
4.986172173640373703e-16
4.972838009092485467e-16
4.959544814809921642e-16
4.946291003346668210e-16
4.933077889771109118e-16
4.919904377474379114e-16
4.906770337559994444e-16
4.893676114639406931e-16
4.880621574280084480e-16
4.867606113422867997e-16
4.854630071573383024e-16
4.841692850541019220e-16
4.828794786464256835e-16
4.815935746851897216e-16
4.803115140751971920e-16
4.790332842845962604e-16
4.777589184464247230e-16
4.764883583941393016e-16
4.752216369694923824e-16
4.739586964742199589e-16
4.726995694259029737e-16
4.714441985905160481e-16
4.701926161650067224e-16
4.689447653755816207e-16
4.677006341782453416e-16
4.664602542941523519e-16
4.652235696310644890e-16
4.639905682448691582e-16
4.627612813886897499e-16
4.615356536430900155e-16
4.603136731633812471e-16
4.590953707422796063e-16
4.578806916245127315e-16
4.566696240643448518e-16
4.554621984015737539e-16
4.542583605365669264e-16
4.530580988220593445e-16
4.518614016426385100e-16
4.506682574147008674e-16
4.494786957377435046e-16
4.482926635845476141e-16
4.471101494691884682e-16
4.459311419373480377e-16
4.447556700111511836e-16
4.435836412350568414e-16
4.424151249661769858e-16
4.412500694337292238e-16
4.400884633431644125e-16
4.389302954312358045e-16
4.377755544659499409e-16
4.366242292465157698e-16
4.354763476748641296e-16
4.343318203012850277e-16
4.331907139949857970e-16
4.320529400404360761e-16
4.309185646998010740e-16
4.297874999852016941e-16
4.286597734826750458e-16
4.275354121510323695e-16
4.264143290817723850e-16
4.252965890459175040e-16
4.241821058465619760e-16
4.230709436686867495e-16
4.219630170206656871e-16
4.208583525595040740e-16
4.197569395811016458e-16
4.186587675509438563e-16
4.175638259988540280e-16
4.164721044839795629e-16
4.153835564298061584e-16
4.142982439382154256e-16
4.132160844790803873e-16
4.121371038910971469e-16
4.110612918771030853e-16
4.099886381689574801e-16
4.089190972780627715e-16
4.078526945437830709e-16
4.067894197826142465e-16
4.057292628398717207e-16
4.046722135896346086e-16
4.036182274288015195e-16
4.025673290879682654e-16
4.015195085251230251e-16
4.004747216587809322e-16
3.994329928612057195e-16
3.983943121738633201e-16
3.973586360303740351e-16
3.963259884503736237e-16
3.952963595583683496e-16
3.942697062966548104e-16
3.932460523378469302e-16
3.922253878890454984e-16
3.912076703948781076e-16
3.901929231864444766e-16
3.891811040391328983e-16
3.881722360587386484e-16
3.871662773486681955e-16
3.861632507918027688e-16
3.851631148168484994e-16
3.841658920861330388e-16
3.831715730499402645e-16
3.821801166208064929e-16
3.811915137031877230e-16
3.802057865252829119e-16
3.792228944756093463e-16
3.782428595687342660e-16
3.772656415078308652e-16
3.762912313196709349e-16
3.753196507016928764e-16
3.743508903415438334e-16
3.733848801738601846e-16
3.724217024934616094e-16
3.714612572782642114e-16
3.705035960988973409e-16
3.695486798896130179e-16
3.685964999060627916e-16
3.676470772023660858e-16
3.667003733760632214e-16
3.657564093156645026e-16
3.648151176525705025e-16
3.638765485834889544e-16
3.629406642945083463e-16
3.620074563794026267e-16
3.610769452301967612e-16
3.601490934684876992e-16
3.592238927561350864e-16
3.583013347770716361e-16
3.573814112372706875e-16
3.564641420451719620e-16
3.555494905352738977e-16
3.546374484810780529e-16
3.537280076779839263e-16
3.528211599432557759e-16
3.519168971159880567e-16
3.510152110570719435e-16
3.501161210182720753e-16
3.492195640519365730e-16
3.483255867095870481e-16
3.474341265421543442e-16
3.465452296912543879e-16
3.456588342021392694e-16
3.447749858104782768e-16
3.438936496348258212e-16
3.430147912592089666e-16
3.421384558177130552e-16
3.412646088269535352e-16
3.403932162629078430e-16
3.395243226667518870e-16
3.386578680191600154e-16
3.377938706489167398e-16
3.369323484758875547e-16
3.360732421896106605e-16
3.352165698590875300e-16
3.343623237525588178e-16
3.335104961593361957e-16
3.326610542015505627e-16
3.318140406909149730e-16
3.309693977063131512e-16
3.301271428077703586e-16
3.292872683879857855e-16
3.284497668605063917e-16
3.276146306596880058e-16
3.267818277703566574e-16
3.259513753401135338e-16
3.251232658641456973e-16
3.242974677229541074e-16
3.234739979915875266e-16
3.226528494294498979e-16
3.218340148156364640e-16
3.210174631742698375e-16
3.202032112935585525e-16
3.193912520101355912e-16
3.185815546970804277e-16
3.177741359058039922e-16
3.169689885301845851e-16
3.161660822880747201e-16
3.153654334977200822e-16
3.145670121040996996e-16
3.137708342715804499e-16
3.129768929883677892e-16
3.121851585373660775e-16
3.113956468557018357e-16
3.106083284488973023e-16
3.098232191041058906e-16
3.090402895476942106e-16
3.082595554183763599e-16
3.074809876616051463e-16
3.067046017691715425e-16
3.059303689038702344e-16
3.051583044120689903e-16
3.043883796721746491e-16
3.036205881618008877e-16
3.028549450113632236e-16
3.020914219188888035e-16
3.013300338730512585e-16
3.005707527832369913e-16
2.998135934978199813e-16
2.990585069361231071e-16
2.983055502932906179e-16
2.975546535823175306e-16
2.968058525738414654e-16
2.960591198001721979e-16
2.953144696961462057e-16
2.945718543103677224e-16
2.938313087992447850e-16
2.930928266228284628e-16
2.923563603838478800e-16
2.916219447858714859e-16
2.908895530690756399e-16
2.901591790106878774e-16
2.894308365127656220e-16
2.887044790856018110e-16
2.879801406913985426e-16
2.872577950636066045e-16
2.865374360604031840e-16
2.858190772933330332e-16
2.851026733207453320e-16
2.843882575710467760e-16
2.836757849829809928e-16
2.829652886980625825e-16
2.822567433117402085e-16
2.815501429811959162e-16
2.808454818785581995e-16
2.801427541908789767e-16
2.794419541201110089e-16
2.787430758830839386e-16
2.780461137114820534e-16
2.773510618518201274e-16
2.766579332631386365e-16
2.759666847509277014e-16
2.752773293792770026e-16
2.745898614537857634e-16
2.739042752947648715e-16
2.732205652372129169e-16
2.725387256307915898e-16
2.718587508398013242e-16
2.711806171377667455e-16
2.705043552015702437e-16
2.698299233004686509e-16
2.691573518500581439e-16
2.684865994377902922e-16
2.678176784748557245e-16
2.671505834264068464e-16
2.664853087720411918e-16
2.658218314724198884e-16
2.651601637095413689e-16
2.645003173987019774e-16
2.638422348958334376e-16
2.631859629317606624e-16
2.625314614920900536e-16
2.618787424789519161e-16
2.612278004848070994e-16
2.605786301163412913e-16
2.599312090813051074e-16
2.592855490627500506e-16
2.586416447090011413e-16
2.579994739708012282e-16
2.573590483695291596e-16
2.567203625949395502e-16
2.560833948379607145e-16
2.554481564607060062e-16
2.548146258124021895e-16
2.541828141500212645e-16
2.535527162316115559e-16
2.529243106419890946e-16
2.522976085094106020e-16
2.516725887068556022e-16
2.510492623923381783e-16
2.504276086183197340e-16
2.498076384400140916e-16
2.491893468669585803e-16
2.485727131790340323e-16
2.479577325991837815e-16
2.473444159800606587e-16
2.467327428255460998e-16
2.461227238885100185e-16
2.455143388210058410e-16
2.449075982771049632e-16
2.443024820558964972e-16
2.436989854626190777e-16
2.430971190045796847e-16
2.424968626989251503e-16
2.418982269565821410e-16
2.413011919389384373e-16
2.407057530093830627e-16
2.401119055425792928e-16
2.395196597587693990e-16
2.389290108795737957e-16
2.383399247042563989e-16
2.377524261470130500e-16
2.371664958643250219e-16
2.365821292996551571e-16
2.359993363945729211e-16
2.354180835839135576e-16
2.348383952619153090e-16
2.342602667469275304e-16
2.336836648493337435e-16
2.331086136573313838e-16
2.325350802286891260e-16
2.319630884494110725e-16
2.313926196600623535e-16
2.308236833986507196e-16
2.302562472125158675e-16
2.296903207167609735e-16
2.291259133183340642e-16
2.285630066901885873e-16
2.280015827334601981e-16
2.274416645442318156e-16
2.268832339914640716e-16
2.263262867190589126e-16
2.257708183817727150e-16
2.252168246451993743e-16
2.246643011857528514e-16
2.241132436906499658e-16
2.235636478578932377e-16
2.230155094182869110e-16
2.224688242013480082e-16
2.219235880688888759e-16
2.213797968929241989e-16
2.208374465556558639e-16
2.202965329494564179e-16
2.197570261221306154e-16
2.192189737966710847e-16
2.186823459398392016e-16
2.181471129311851655e-16
2.176133219200041630e-16
2.170809178514435500e-16
2.165499474964720396e-16
2.160203562171327441e-16
2.154921653499076921e-16
2.149653708867584852e-16
2.144399688296451181e-16
2.139159551905092151e-16
2.133933259912571928e-16
2.128720772637431763e-16
2.123521805694694590e-16
2.118336566306483773e-16
2.113165257981244592e-16
2.108007354669708075e-16
2.102863061025059229e-16
2.097732337947356505e-16
2.092614907279810335e-16
2.087511209356916944e-16
2.082420727982677207e-16
2.077343663593098947e-16
2.072279977566710639e-16
2.067229631379583158e-16
2.062192352957530163e-16
2.057168339427934106e-16
2.052157784389294215e-16
2.047159954168182835e-16
2.042175506241131138e-16
2.037204170812382262e-16
2.032245681748404467e-16
2.027300231328926406e-16
2.022367555362371501e-16
2.017448070174511442e-16
2.012541286117463702e-16
2.007647392306921136e-16
2.002766351438449520e-16
1.997897904125648873e-16
1.993042237145287294e-16
1.988199313467337795e-16
1.983368876539396263e-16
1.978551329601173848e-16
1.973746197676972236e-16
1.968953447459367497e-16
1.964173478382083892e-16
1.959405606186528572e-16
1.954650444221545096e-16
1.949907527148032517e-16
1.945177035145820127e-16
1.940458933063721063e-16
1.935752974529840533e-16
1.931059337505414679e-16
1.926377987096695970e-16
1.921708679614518694e-16
1.917051590830838679e-16
1.912406478824329720e-16
1.907773517920196961e-16
1.903152673647637935e-16
1.898543706716396216e-16
1.893946789310341140e-16
1.889361683873034682e-16
1.884788763733882123e-16
1.880227387159723333e-16
1.875677926856449659e-16
1.871140348937696837e-16
1.866614420127954340e-16
1.862100307717312019e-16
1.857597978070534795e-16
1.853107200442950489e-16
1.848627943633727820e-16
1.844160372201025815e-16
1.839704452836185236e-16
1.835259958117365675e-16
1.830826857132224256e-16
1.826405311754754215e-16
1.821995289000724238e-16
1.817596564720162065e-16
1.813209108287695163e-16
1.808833268735077564e-16
1.804468444015158384e-16
1.800114982584856848e-16
1.795772851942497719e-16
1.791441645833443800e-16
1.787121894815806542e-16
1.782813193500348144e-16
1.778515511830935635e-16
1.774229003906779667e-16
1.769953454315046143e-16
1.765688833207142031e-16
1.761435292797447934e-16
1.757192801294520796e-16
1.752961146373597969e-16
1.748740298591881646e-16
1.744530408317374179e-16
1.740331266251183922e-16
1.736142843773559505e-16
1.731965289541267995e-16
1.727798396501943719e-16
1.723642136232293967e-16
1.719496655576802863e-16
1.715361749703967828e-16
1.711237564265923039e-16
1.707123895900308174e-16
1.703020716512210394e-16
1.698928169980609663e-16
1.694846055121838718e-16
1.690774344035319370e-16
1.686713008882456697e-16
1.682662191211188105e-16
1.678621692701580034e-16
1.674591653755115624e-16
1.670571877471289066e-16
1.666562336335778053e-16
1.662563002895762585e-16
1.658574015281809728e-16
1.654595179392240147e-16
1.650626467965879466e-16
1.646667853802736372e-16
1.642719472801639648e-16
1.638780971194518574e-16
1.634852809240643742e-16
1.630934472722736051e-16
1.627026257769239180e-16
1.623127815761456773e-16
1.619239440519545381e-16
1.615361103537381162e-16
1.611492460007557023e-16
1.607633800331067725e-16
1.603784782211808135e-16
1.599945693790211969e-16
1.596116351083431139e-16
1.592296882997240454e-16
1.588486952206861515e-16
1.584686842394935212e-16
1.580896372182460385e-16
1.577115515485829599e-16
1.573344246281043715e-16
1.569582538603633508e-16
1.565830517749525580e-16
1.562087854903981181e-16
1.558354826119912635e-16
1.554631104969773146e-16
1.550916965451825181e-16
1.547212232327835735e-16
1.543516880572332000e-16
1.539831032494923806e-16
1.536154368076273863e-16
1.532487010293358217e-16
1.528829079978419333e-16
1.525180260584442558e-16
1.521540818146735849e-16
1.517910438410818375e-16
1.514289385354076186e-16
1.510677346996871329e-16
1.507074585275653604e-16
1.503480932329726402e-16
1.499896363818331911e-16
1.496320855456693587e-16
1.492754242737396373e-16
1.489196782567947901e-16
1.485648310026897002e-16
1.482108801052574992e-16
1.478578231638883262e-16
1.475056440153435222e-16
1.471543678577727395e-16
1.468039784874895611e-16
1.464544735260293250e-16
1.461058370363087498e-16
1.457580938296565355e-16
1.454112279292893345e-16
1.450652235655315882e-16
1.447201052637568207e-16
1.443758439015311820e-16
1.440324505514468291e-16
1.436899360931181821e-16
1.433482717181360619e-16
1.430074683663187808e-16
1.426675237188183362e-16
1.423284354622102179e-16
1.419902012884846572e-16
1.416528059720519665e-16
1.413162731096380701e-16
1.409805746110345984e-16
1.406457338918917274e-16
1.403117230638403452e-16
1.399785526778648854e-16
1.396462204630518864e-16
1.393147241538344903e-16
1.389840489454148761e-16
1.386542177184935164e-16
1.383252031804498932e-16
1.379970156310330790e-16
1.376696528371406522e-16
1.373431002824999779e-16
1.370173804501807411e-16
1.366924665717498212e-16
1.363683687803864370e-16
1.360450849003249193e-16
1.357226127609173098e-16
1.354009381532034241e-16
1.350800710491406356e-16
1.347600092928537623e-16
1.344407507335527672e-16
1.341222813590109447e-16
1.338046228053985320e-16
1.334877374684501874e-16
1.331716586852709548e-16
1.328563725071305292e-16
1.325418651637874817e-16
1.322281462744313126e-16
1.319152021640653415e-16
1.316030423750162585e-16
1.312916648053493906e-16
1.309810673581250824e-16
1.306712365472457331e-16
1.303621817637515207e-16
1.300539009251369727e-16
1.297463806850371703e-16
1.294396303225724290e-16
1.291336477696035918e-16
1.288284309629275769e-16
1.285239667402644473e-16
1.282202531706604226e-16
1.279172993496690690e-16
1.276151032327821741e-16
1.273136627803866787e-16
1.270129650561755992e-16
1.267130190118976207e-16
1.264138118003849711e-16
1.261153523021539708e-16
1.258176385009947462e-16
1.255206576824620200e-16
1.252244079577336922e-16
1.249289086914099594e-16
1.246341365972375496e-16
1.243400897990149293e-16
1.240467769328527195e-16
1.237541855449567738e-16
1.234623346344678762e-16
1.231711909318088323e-16
1.228807734064426405e-16
1.225910800927119024e-16
1.223020987561282927e-16
1.220138378264528627e-16
1.217262851841090530e-16
1.214394491982184481e-16
1.211533178324045143e-16
1.208678993894961458e-16
1.205831819157119261e-16
1.202991736481419627e-16
1.200158627149990908e-16
1.197332572881836784e-16
1.194513455773070254e-16
1.191701356896234085e-16
1.188896159155512916e-16
1.186097844958828343e-16
1.183306494417033648e-16
1.180521991633367012e-16
1.177744416085619114e-16
1.174973652670544059e-16
1.172209780238145186e-16
1.169452684472931126e-16
1.166702348051480162e-16
1.163958848889864442e-16
1.161222168698133596e-16
1.158492100207713420e-16
1.155768815615466527e-16
1.153052296756361879e-16
1.150342338541246544e-16
1.147639111220843809e-16
1.144942596754437253e-16
1.142252684676619964e-16
1.139569358042118836e-16
1.136892691739746868e-16
1.134222484966568928e-16
1.131558995283354522e-16
1.128901931497871052e-16
1.126251458785433012e-16
1.123607469290782681e-16
1.120970036144507794e-16
1.118338962734977243e-16
1.115714411758224411e-16
1.113096365664671515e-16
1.110484629903454919e-16
1.107879365337934241e-16
1.105280554539768647e-16
1.102688004995956783e-16
1.100101875759023007e-16
1.097522062590376153e-16
1.094948549168567046e-16
1.092381319207302467e-16
1.089820442446066044e-16
1.087265816058547653e-16
1.084717423879524870e-16
1.082175249781151503e-16
1.079639362424263578e-16
1.077109660384365549e-16
1.074586127641581261e-16
1.072068748210746408e-16
1.069557506141361453e-16
1.067052468751759582e-16
1.064553453391755615e-16
1.062060610384853000e-16
1.059573840687963946e-16
1.057093210565951148e-16
1.054618539904205868e-16
1.052149976781989949e-16
1.049687342336780477e-16
1.047230783537327874e-16
1.044780203335189253e-16
1.042335586164733675e-16
1.039896916494398264e-16
1.037464258530327060e-16
1.035037437114596922e-16
1.032616516809307500e-16
1.030201561064734065e-16
1.027792475105454463e-16
1.025389243606523281e-16
1.022991773278505513e-16
1.020600205140696124e-16
1.018214445689391433e-16
1.015834479734192173e-16
1.013460292118211119e-16
1.011091944324468625e-16
1.008729267774871442e-16
1.006372324295445520e-16
1.004021098862846200e-16
1.001675651998950517e-16
9.993358174519320896e-17
9.970016560820993892e-17
9.946732277007923256e-17
9.923503677786035103e-17
9.900331364619156383e-17
9.877215189591375791e-17
9.854155741477632220e-17
9.831151397656700277e-17
9.808202750209311970e-17
9.785310381006657931e-17
9.762472684215276484e-17
9.739690244979066057e-17
9.716962917674467481e-17
9.694290557003323012e-17
9.671673019960760120e-17
9.649110171726709176e-17
9.626601879737329022e-17
9.604147303839839096e-17
9.581747730315962567e-17
9.559402317038914020e-17
9.537110232271948183e-17
9.514872747985016070e-17
9.492688335183066994e-17
9.470557563561582202e-17
9.448480302790403608e-17
9.426456422820377707e-17
9.404485793882962376e-17
9.382567603506789715e-17
9.360703090886882216e-17
9.338890763547353555e-17
9.317131175793358776e-17
9.295424199225722144e-17
9.273769705723467119e-17
9.252167567443428089e-17
9.230616990709199510e-17
9.209118519090867008e-17
9.187672686920336250e-17
9.166277383321349845e-17
9.144934465920020089e-17
9.123643147133437102e-17
9.102402649026055586e-17
9.081213502576371707e-17
9.060075582369834152e-17
9.038988763265664553e-17
9.017952277630174197e-17
8.996966648207928805e-17
8.976031750650997125e-17
8.955146824951172478e-17
8.934313021429989925e-17
8.913528946933685827e-17
8.892795114107249274e-17
8.872110772993995028e-17
8.851477056953728418e-17
8.830892591840068682e-17
8.810357262076331599e-17
8.789872188467269624e-17
8.769436010935943473e-17
8.749048614611682181e-17
8.728711107890114733e-17
8.708422144611686691e-17
8.688182217802501482e-17
8.667990602013415609e-17
8.647847786431714702e-17
8.627753651155700808e-17
8.607707472758435921e-17
8.587709708964287184e-17
8.567760209797822219e-17
8.547858233359216545e-17
8.528004226885178090e-17
8.508197453366298598e-17
8.488438942542468848e-17
8.468726788147121872e-17
8.449062600393481255e-17
8.429445065955073689e-17
8.409874043858304029e-17
8.390349969168491064e-17
8.370872695429722598e-17
8.351441504881416459e-17
8.332056827484919470e-17
8.312717950203397861e-17
8.293425299622619500e-17
8.274178167396989325e-17
8.254976976764167100e-17
8.235821583686888165e-17
8.216711286807002626e-17
8.197646504401968182e-17
8.178626539724493650e-17
8.159651255983131207e-17
8.140721066533558944e-17
8.121835829375950100e-17
8.102994856890114444e-17
8.084198013548491211e-17
8.065445706251518333e-17
8.046737794344423731e-17
8.028073599209407845e-17
8.009452986573604273e-17
7.990876356986193748e-17
7.972343571126835136e-17
7.953853428497057060e-17
7.935407388350169574e-17
7.917003725677746230e-17
7.898643363983141216e-17
7.880326165588879095e-17
7.862051471676204546e-17
7.843819150751543722e-17
7.825629589433930221e-17
7.807482135363266868e-17
7.789377172133357457e-17
7.771314051659982368e-17
7.753292643969369920e-17
7.735313328152985339e-17
7.717375462476102360e-17
7.699478917866182209e-17
7.681624068966405776e-17
7.663810300675711657e-17
7.646038086320792174e-17
7.628306418083911444e-17
7.610616784005221736e-17
7.592967683227744276e-17
7.575360100232177619e-17
7.557793532004519763e-17
7.540267971818087209e-17
7.522783900577924801e-17
7.505340820216787452e-17
7.487938723743778729e-17
7.470578086683654488e-17
7.453258415864110726e-17
7.435979704035309880e-17
7.418741943856054434e-17
7.401545603766707770e-17
7.384390197035557882e-17
7.367275716069425359e-17
7.350202624071010649e-17
7.333169969849740147e-17
7.316178685678989871e-17
7.299228758699075983e-17
7.282319247358956314e-17
7.265451073843735618e-17
7.248623302958604912e-17
7.231836850214473051e-17
7.215091702432833130e-17
7.198386933885050489e-17
7.181723450183244642e-17
7.165100331840422207e-17
7.148518477920051546e-17
7.131977425034419676e-17
7.115477612700587156e-17
7.099018133796791356e-17
7.082599874455677570e-17
7.066222377310773752e-17
7.049885191147279550e-17
7.033589192515476582e-17
7.017334367515312758e-17
7.001119827227840463e-17
6.984946002785376855e-17
6.968813319129421413e-17
6.952720896284512701e-17
6.936669591980874344e-17
6.920658962067166534e-17
6.904688996760297475e-17
6.888759686203623952e-17
6.872871020467481347e-17
6.857022989549693935e-17
6.841215583376099967e-17
6.825448720581305378e-17
6.809722035296431912e-17
6.794035509683909621e-17
6.778387871431637565e-17
6.762779521880414694e-17
6.747209197046979109e-17
6.731677294994042923e-17
6.716182560010486367e-17
6.700725386910194057e-17
6.685304528198213746e-17
6.669919968845333866e-17
6.654571689386261205e-17
6.639258454546939840e-17
6.623980651143226630e-17
6.608737051980357175e-17
6.593528040723061261e-17
6.578352398202328244e-17
6.563210504958361472e-17
6.548101149795044209e-17
6.533024316046412864e-17
6.517979590018615772e-17
6.502966559221685590e-17
6.487984812366256904e-17
6.473033939360292448e-17
6.458113531305810569e-17
6.443223180495612685e-17
6.428362480410031698e-17
6.413530642405211304e-17
6.398728030273078555e-17
6.383953475740653907e-17
6.369207339634786487e-17
6.354488461328346186e-17
6.339796445294383456e-17
6.325131647941142744e-17
6.310493668197391197e-17
6.295880614993163532e-17
6.281294334165372454e-17
6.266732199129659100e-17
6.252195304638738206e-17
6.237683255433323196e-17
6.223194924696347132e-17
6.208729927146291314e-17
6.194288606249608257e-17
6.179869846245628136e-17
6.165473265205526844e-17
6.151099202364173878e-17
6.136747270468642764e-17
6.122415653313566640e-17
6.108105406005013682e-17
6.093816144666917032e-17
