# tt
1.479496215820312500e+03
1.377402954101562500e+03
1.281890136718750000e+03
1.207879394531250000e+03
1.153518310546875000e+03
1.114875488281250000e+03
1.087770019531250000e+03
1.069489501953125000e+03
1.058012084960937500e+03
1.051231445312500000e+03
1.049383544921875000e+03
1.050288330078125000e+03
1.052567871093750000e+03
1.056637695312500000e+03
1.063099853515625000e+03
1.071806884765625000e+03
1.081671997070312500e+03
1.093359863281250000e+03
1.105061279296875000e+03
1.117140014648437500e+03
1.129911254882812500e+03
1.143178100585937500e+03
1.156979125976562500e+03
1.171244995117187500e+03
1.185784057617187500e+03
1.200838500976562500e+03
1.216263549804687500e+03
1.232088867187500000e+03
1.248202270507812500e+03
1.264492797851562500e+03
1.281227661132812500e+03
1.298397949218750000e+03
1.315809204101562500e+03
1.333395141601562500e+03
1.351065673828125000e+03
1.368880004882812500e+03
1.387189331054687500e+03
1.405952270507812500e+03
1.424862426757812500e+03
1.444000854492187500e+03
1.463140136718750000e+03
1.482440063476562500e+03
1.501763549804687500e+03
1.521493286132812500e+03
1.541564208984375000e+03
1.561828247070312500e+03
1.582209106445312500e+03
1.602779663085937500e+03
1.623760742187500000e+03
1.644927368164062500e+03
1.666496704101562500e+03
1.688090820312500000e+03
1.709629150390625000e+03
1.731328369140625000e+03
1.753408325195312500e+03
1.775804443359375000e+03
1.798529785156250000e+03
1.821448730468750000e+03
1.844574218750000000e+03
1.868213378906250000e+03
1.891768676757812500e+03
1.915457031250000000e+03
1.939568969726562500e+03
1.963727416992187500e+03
1.988221191406250000e+03
2.012885864257812500e+03
2.038001464843750000e+03
2.063327636718750000e+03
2.088995605468750000e+03
2.114849121093750000e+03
2.140920898437500000e+03
2.167179687500000000e+03
2.193667480468750000e+03
2.220501708984375000e+03
2.247636962890625000e+03
2.275120605468750000e+03
2.302986328125000000e+03
2.331044189453125000e+03
2.359402832031250000e+03
2.387955566406250000e+03
2.416781494140625000e+03
2.445818603515625000e+03
2.475154541015625000e+03
2.504653808593750000e+03
2.534400634765625000e+03
2.564614746093750000e+03
2.594843261718750000e+03
2.625452148437500000e+03
2.656285644531250000e+03
2.687264648437500000e+03
2.718537109375000000e+03
2.750104736328125000e+03
2.781744628906250000e+03
2.813681640625000000e+03
2.845618896484375000e+03
2.878003417968750000e+03
2.910613769531250000e+03
2.943301513671875000e+03
2.976291259765625000e+03
3.009435302734375000e+03
3.043105712890625000e+03
3.076709716796875000e+03
3.110544921875000000e+03
3.144538574218750000e+03
3.178765869140625000e+03
3.212930175781250000e+03
3.247479003906250000e+03
3.282189941406250000e+03
3.316990234375000000e+03
3.351954101562500000e+03
3.387080078125000000e+03
3.422440185546875000e+03
3.457883300781250000e+03
3.493555664062500000e+03
3.529232177734375000e+03
3.565208007812500000e+03
3.601331542968750000e+03
3.637452392578125000e+03
3.673716308593750000e+03
3.709973144531250000e+03
3.746294189453125000e+03
3.782677246093750000e+03
3.819120117187500000e+03
3.855546142578125000e+03
3.892027343750000000e+03
3.928486816406250000e+03
3.964922607421875000e+03
4.001406494140625000e+03
4.037862060546875000e+03
4.074286865234375000e+03
4.110755371093750000e+03
4.147119140625000000e+03
4.183452636718750000e+03
4.219756347656250000e+03
4.255881347656250000e+03
4.291977050781250000e+03
4.327968750000000000e+03
4.363708496093750000e+03
4.399493164062500000e+03
4.435026367187500000e+03
4.470530761718750000e+03
4.505933105468750000e+03
4.541083496093750000e+03
4.576057617187500000e+03
4.611078125000000000e+03
4.645699707031250000e+03
4.680145019531250000e+03
4.714489257812500000e+03
4.748508789062500000e+03
4.782353027343750000e+03
4.815872070312500000e+03
4.849211914062500000e+03
4.882297363281250000e+03
4.915126464843750000e+03
4.947549804687500000e+03
4.979862304687500000e+03
5.011839843750000000e+03
5.043479980468750000e+03
5.074856445312500000e+03
5.105967285156250000e+03
5.136736816406250000e+03
5.167311523437500000e+03
5.197392578125000000e+03
5.227276367187500000e+03
5.256812500000000000e+03
5.286073242187500000e+03
5.314834960937500000e+03
5.343243652343750000e+03
5.371298339843750000e+03
5.398849121093750000e+03
5.425967773437500000e+03
5.452579589843750000e+03
5.478831054687500000e+03
5.504646484375000000e+03
5.529875976562500000e+03
5.554668457031250000e+03
5.578949707031250000e+03
5.602720703125000000e+03
5.626129882812500000e+03
5.648955078125000000e+03
5.671271484375000000e+03
5.693004394531250000e+03
5.714303710937500000e+03
5.735094726562500000e+03
5.755007324218750000e+03
5.774709960937500000e+03
5.793832031250000000e+03
5.812299316406250000e+03
5.830558593750000000e+03
5.847867187500000000e+03
5.864745605468750000e+03
5.880971191406250000e+03
5.896767578125000000e+03
5.911911621093750000e+03
5.926404785156250000e+03
5.940395996093750000e+03
5.953811035156250000e+03
5.966650390625000000e+03
5.978914550781250000e+03
5.990530273437500000e+03
6.001571289062500000e+03
6.011964355468750000e+03
6.021635253906250000e+03
6.030732910156250000e+03
6.039108886718750000e+03
6.046912597656250000e+03
6.053921875000000000e+03
6.060284667968750000e+03
6.066001464843750000e+03
6.071073730468750000e+03
6.075352050781250000e+03
6.079060058593750000e+03
6.082049804687500000e+03
6.084395507812500000e+03
6.086023437500000000e+03
6.087083007812500000e+03
6.087424804687500000e+03
6.087125000000000000e+03
6.086182617187500000e+03
6.084598632812500000e+03
6.082373535156250000e+03
6.079358886718750000e+03
6.075852539062500000e+03
6.071631347656250000e+03
6.066770507812500000e+03
6.061195800781250000e+03
6.055056640625000000e+03
6.048278320312500000e+03
6.040787597656250000e+03
6.032584472656250000e+03
6.023818359375000000e+03
6.014415039062500000e+03
6.004226562500000000e+03
5.993475097656250000e+03
5.982013671875000000e+03
5.969916503906250000e+03
5.957184082031250000e+03
5.943891113281250000e+03
5.929814453125000000e+03
5.915252929687500000e+03
5.900057128906250000e+03
5.884228027343750000e+03
5.867766113281250000e+03
5.850670898437500000e+03
5.833017578125000000e+03
5.814807617187500000e+03
5.795965332031250000e+03
5.776640625000000000e+03
5.756684570312500000e+03
5.736247558593750000e+03
5.715106445312500000e+03
5.693634277343750000e+03
5.671535644531250000e+03
5.648884765625000000e+03
5.625758300781250000e+03
5.602157226562500000e+03
5.578008300781250000e+03
5.553386230468750000e+03
5.528367187500000000e+03
5.502803710937500000e+03
5.476696777343750000e+03
5.450419433593750000e+03
5.423526367187500000e+03
5.396093261718750000e+03
5.368344238281250000e+03
5.340057128906250000e+03
5.311382324218750000e+03
5.282172363281250000e+03
5.252724609375000000e+03
5.222818359375000000e+03
5.192676757812500000e+03
5.162078125000000000e+03
5.131172851562500000e+03
5.099886718750000000e+03
5.068370117187500000e+03
5.036401367187500000e+03
5.004203613281250000e+03
4.971704589843750000e+03
4.938904296875000000e+03
4.905953613281250000e+03
4.872555175781250000e+03
4.839007812500000000e+03
4.805238769531250000e+03
4.771248535156250000e+03
4.736963378906250000e+03
4.702459472656250000e+03
4.667812011718750000e+03
4.632947753906250000e+03
4.597941894531250000e+03
4.562795410156250000e+03
4.527211914062500000e+03
4.491787597656250000e+03
4.456076660156250000e+03
4.420452636718750000e+03
4.384544921875000000e+03
4.348576660156250000e+03
4.312400878906250000e+03
4.276241210937500000e+03
4.239950683593750000e+03
4.203604003906250000e+03
4.167275878906250000e+03
4.130892578125000000e+03
4.094454589843750000e+03
4.058036132812500000e+03
4.021563720703125000e+03
3.985111572265625000e+03
3.948680419921875000e+03
3.912344482421875000e+03
3.875956298828125000e+03
3.839663818359375000e+03
3.803468261718750000e+03
3.767294921875000000e+03
3.731218505859375000e+03
3.695239990234375000e+03
3.659359130859375000e+03
3.623576904296875000e+03
3.587892822265625000e+03
3.552381591796875000e+03
3.517043945312500000e+03
3.481806152343750000e+03
3.446742187500000000e+03
3.411852539062500000e+03
3.377137695312500000e+03
3.342672119140625000e+03
3.308307617187500000e+03
3.274193115234375000e+03
3.240328857421875000e+03
3.206640625000000000e+03
3.173203125000000000e+03
3.140091308593750000e+03
3.107156250000000000e+03
3.074472900390625000e+03
3.042115966796875000e+03
3.009936767578125000e+03
2.978084472656250000e+03
2.946559082031250000e+03
2.915286621093750000e+03
2.884416015625000000e+03
2.853799072265625000e+03
2.823435791015625000e+03
2.793475341796875000e+03
2.763843017578125000e+03
2.734614013671875000e+03
2.705639892578125000e+03
2.677069091796875000e+03
2.648828125000000000e+03
2.620991210937500000e+03
2.593484375000000000e+03
2.566381835937500000e+03
2.539832763671875000e+03
2.513465332031250000e+03
2.487576660156250000e+03
2.462017089843750000e+03
2.436935791015625000e+03
2.412257324218750000e+03
2.387982177734375000e+03
2.364183593750000000e+03
2.340713134765625000e+03
2.317718994140625000e+03
2.295126464843750000e+03
2.273009765625000000e+03
2.251293945312500000e+03
2.230053466796875000e+03
2.209213378906250000e+03
2.188847412109375000e+03
2.168956054687500000e+03
2.149390136718750000e+03
2.130446289062500000e+03
2.111901611328125000e+03
2.093755859375000000e+03
2.076082763671875000e+03
2.058882080078125000e+03
2.042154052734375000e+03
2.025823608398437500e+03
2.010039306640625000e+03
1.994726806640625000e+03
1.979811157226562500e+03
1.965366455078125000e+03
1.951467163085937500e+03
1.937964111328125000e+03
1.924857055664062500e+03
1.912294799804687500e+03
1.900276489257812500e+03
1.888579223632812500e+03
1.877425781250000000e+03
1.866667602539062500e+03
1.856378173828125000e+03
1.846557739257812500e+03
1.837205810546875000e+03
1.828322387695312500e+03
1.819832885742187500e+03
1.811885742187500000e+03
1.804332153320312500e+03
1.797171752929687500e+03
1.790553100585937500e+03
1.784253051757812500e+03
1.778494140625000000e+03
1.773128051757812500e+03
1.768154052734375000e+03
1.763646606445312500e+03
1.759604980468750000e+03
1.755954467773437500e+03
1.752694824218750000e+03
1.749899658203125000e+03
1.747419921875000000e+03
1.745403808593750000e+03
1.743776611328125000e+03
1.742612060546875000e+03
1.741761352539062500e+03
1.741372070312500000e+03
1.741295776367187500e+03
1.741605957031250000e+03
1.742228027343750000e+03
1.743310302734375000e+03
1.744703369140625000e+03
1.746406738281250000e+03
1.748494628906250000e+03
1.750966674804687500e+03
1.753747924804687500e+03
1.756912353515625000e+03
1.760385009765625000e+03
1.764091430664062500e+03
1.768105590820312500e+03
1.772501220703125000e+03
1.777203613281250000e+03
1.782138061523437500e+03
1.787378784179687500e+03
1.792850708007812500e+03
1.798702392578125000e+03
1.804784667968750000e+03
1.811022827148437500e+03
1.817639648437500000e+03
1.824411743164062500e+03
1.831413085937500000e+03
1.838717651367187500e+03
1.846250854492187500e+03
1.853937988281250000e+03
1.861927246093750000e+03
1.870069946289062500e+03
1.878440185546875000e+03
1.886888549804687500e+03
1.895638305664062500e+03
1.904540039062500000e+03
1.913593505859375000e+03
1.922724365234375000e+03
1.932080932617187500e+03
1.941514160156250000e+03
1.951172485351562500e+03
1.960981323242187500e+03
1.970866210937500000e+03
1.980826660156250000e+03
1.991011596679687500e+03
2.001197387695312500e+03
2.011458618164062500e+03
2.021943359375000000e+03
2.032354248046875000e+03
2.042914306640625000e+03
2.053548828125000000e+03
2.064257568359375000e+03
2.074966308593750000e+03
2.085748779296875000e+03
2.096531005859375000e+03
2.107312744140625000e+03
2.118093261718750000e+03
2.128947265625000000e+03
2.139874511718750000e+03
2.150726074218750000e+03
2.161576171875000000e+03
2.172498779296875000e+03
2.183196777343750000e+03
2.194041259765625000e+03
2.204809082031250000e+03
2.215574707031250000e+03
2.226337890625000000e+03
2.236949707031250000e+03
2.247484375000000000e+03
2.258015869140625000e+03
2.268469970703125000e+03
2.278846435546875000e+03
2.289144775390625000e+03
2.299439453125000000e+03
2.309507324218750000e+03
2.319422363281250000e+03
2.329407226562500000e+03
2.339239257812500000e+03
2.348917968750000000e+03
2.358443115234375000e+03
2.367889160156250000e+03
2.377255615234375000e+03
2.386319335937500000e+03
2.395377441406250000e+03
2.404281494140625000e+03
2.413030761718750000e+03
2.421551269531250000e+03
2.429916748046875000e+03
2.438126953125000000e+03
2.446182373046875000e+03
2.454156250000000000e+03
2.461900634765625000e+03
2.469340332031250000e+03
2.476773437500000000e+03
2.483902587890625000e+03
2.490802490234375000e+03
2.497696533203125000e+03
2.504213134765625000e+03
2.510649902343750000e+03
2.516784179687500000e+03
2.522765136718750000e+03
2.528444335937500000e+03
2.534044921875000000e+03
2.539343994140625000e+03
2.544490722656250000e+03
2.549410888671875000e+03
2.554104980468750000e+03
2.558572998046875000e+03
2.562741210937500000e+03
2.566758544921875000e+03
2.570624755859375000e+03
2.574191894531250000e+03
2.577460205078125000e+03
2.580504150390625000e+03
2.583397949218750000e+03
2.586068115234375000e+03
2.588366210937500000e+03
2.590514892578125000e+03
2.592588867187500000e+03
2.594291503906250000e+03
2.595771484375000000e+03
2.596954345703125000e+03
2.598137939453125000e+03
2.598876464843750000e+03
2.599392822265625000e+03
2.599687744140625000e+03
2.599760742187500000e+03
2.599612548828125000e+03
2.599317138671875000e+03
2.598652343750000000e+03
2.597840820312500000e+03
2.596808593750000000e+03
2.595480957031250000e+03
2.594007568359375000e+03
2.592239501953125000e+03
2.590325439453125000e+03
2.588116943359375000e+03
2.585762451171875000e+03
2.583114257812500000e+03
2.580320068359375000e+03
2.577306640625000000e+03
2.574073242187500000e+03
2.570694824218750000e+03
2.567022460937500000e+03
2.563205322265625000e+03
2.559168701171875000e+03
2.554913085937500000e+03
2.550438476562500000e+03
2.545819091796875000e+03
2.540980712890625000e+03
2.535923583984375000e+03
2.530796386718750000e+03
2.525301757812500000e+03
2.519811523437500000e+03
2.514102539062500000e+03
2.508249267578125000e+03
2.502177734375000000e+03
2.495961914062500000e+03
2.489602294921875000e+03
2.483098144531250000e+03
2.476376220703125000e+03
2.469584228515625000e+03
2.462574218750000000e+03
2.455420166015625000e+03
2.448196777343750000e+03
2.440829345703125000e+03
2.433318359375000000e+03
2.425737548828125000e+03
2.417938964843750000e+03
2.410070800781250000e+03
2.402133300781250000e+03
2.394126220703125000e+03
2.385826904296875000e+03
2.377532470703125000e+03
2.369168457031250000e+03
2.360735351562500000e+03
2.352232666015625000e+03
2.343585937500000000e+03
2.334944580078125000e+03
2.326159179687500000e+03
2.317304199218750000e+03
2.308379882812500000e+03
2.299460449218750000e+03
2.290471191406250000e+03
2.281412353515625000e+03
2.272209472656250000e+03
2.263011718750000000e+03
2.253892333984375000e+03
2.244703369140625000e+03
2.235667236328125000e+03
2.226487060546875000e+03
2.217237060546875000e+03
2.207990966796875000e+03
2.198749267578125000e+03
2.189437255859375000e+03
2.180277587890625000e+03
2.171047851562500000e+03
2.161895751953125000e+03
2.152524169921875000e+03
2.143379394531250000e+03
2.134311767578125000e+03
2.125173339843750000e+03
2.116112060546875000e+03
2.107128173828125000e+03
2.098072753906250000e+03
2.089168212890625000e+03
2.080266357421875000e+03
2.071441162109375000e+03
2.062766601562500000e+03
2.054093994140625000e+03
2.045423339843750000e+03
2.036977416992187500e+03
2.028458496093750000e+03
2.020089721679687500e+03
2.011870727539062500e+03
2.003652709960937500e+03
1.995510009765625000e+03
1.987516601562500000e+03
1.979672485351562500e+03
1.971903076171875000e+03
1.964282592773437500e+03
1.956662109375000000e+03
1.949190429687500000e+03
1.941941406250000000e+03
1.934692138671875000e+03
1.927665283203125000e+03
1.920786499023437500e+03
1.913906860351562500e+03
1.907249511718750000e+03
1.900739746093750000e+03
1.894377441406250000e+03
1.888162597656250000e+03
1.882094726562500000e+03
1.876099975585937500e+03
1.870326660156250000e+03
1.864774291992187500e+03
1.859294799804687500e+03
1.853961914062500000e+03
1.848924316406250000e+03
1.843884521484375000e+03
1.839139770507812500e+03
1.834541625976562500e+03
1.830089721679687500e+03
1.825783813476562500e+03
1.821772583007812500e+03
1.817832519531250000e+03
1.814037963867187500e+03
1.810537475585937500e+03
1.807182128906250000e+03
1.803897460937500000e+03
1.800980468750000000e+03
1.798208007812500000e+03
1.795579833984375000e+03
1.793170410156250000e+03
1.790904907226562500e+03
1.788857910156250000e+03
1.786954589843750000e+03
1.785269042968750000e+03
1.783801269531250000e+03
1.782402465820312500e+03
1.781369750976562500e+03
1.780406005859375000e+03
1.779733520507812500e+03
1.779129394531250000e+03
1.778816772460937500e+03
1.778646362304687500e+03
1.778692749023437500e+03
1.778881347656250000e+03
1.779286376953125000e+03
1.779907592773437500e+03
1.780671020507812500e+03
1.781724487304687500e+03
1.782919799804687500e+03
1.784256713867187500e+03
1.785883666992187500e+03
1.787577636718750000e+03
1.789412841796875000e+03
1.791463867187500000e+03
1.793804443359375000e+03
1.796211914062500000e+03
1.798834594726562500e+03
1.801598144531250000e+03
1.804577148437500000e+03
1.807696899414062500e+03
1.811031616210937500e+03
1.814432983398437500e+03
1.818123535156250000e+03
1.821954833984375000e+03
1.825926757812500000e+03
1.830039428710937500e+03
1.834292846679687500e+03
1.838761108398437500e+03
1.843370117187500000e+03
1.848119506835937500e+03
1.853009765625000000e+03
1.858040527343750000e+03
1.863137451171875000e+03
1.868449340820312500e+03
1.873827514648437500e+03
1.879494750976562500e+03
1.885153930664062500e+03
1.891028320312500000e+03
1.896968627929687500e+03
1.903049804687500000e+03
1.909345947265625000e+03
1.915559814453125000e+03
1.921988891601562500e+03
1.928558715820312500e+03
1.935195190429687500e+03
1.941898437500000000e+03
1.948742553710937500e+03
1.955579345703125000e+03
1.962706054687500000e+03
1.969751098632812500e+03
1.976937622070312500e+03
1.984191162109375000e+03
1.991512329101562500e+03
1.998975097656250000e+03
2.006431152343750000e+03
2.013954833984375000e+03
2.021546508789062500e+03
2.029131713867187500e+03
2.036933715820312500e+03
2.044655273437500000e+03
2.052519531250000000e+03
2.060377929687500000e+03
2.068305175781250000e+03
2.076152587890625000e+03
2.084143310546875000e+03
2.092054443359375000e+03
2.100034912109375000e+03
2.108010498046875000e+03
2.116055908203125000e+03
2.124096435546875000e+03
2.132132812500000000e+03
2.140239501953125000e+03
2.148267578125000000e+03
2.156217773437500000e+03
2.164164306640625000e+03
2.172181396484375000e+03
2.180195312500000000e+03
2.188132080078125000e+03
2.196065673828125000e+03
2.203996582031250000e+03
2.211850585937500000e+03
2.219627929687500000e+03
2.227477539062500000e+03
2.235102294921875000e+03
2.242874267578125000e+03
2.250421386718750000e+03
2.258041992187500000e+03
2.265512451171875000e+03
2.272908203125000000e+03
2.280377441406250000e+03
2.287623291015625000e+03
2.294869140625000000e+03
2.301966308593750000e+03
2.309063720703125000e+03
2.316013183593750000e+03
2.322888671875000000e+03
2.329691162109375000e+03
2.336345947265625000e+03
2.342927734375000000e+03
2.349362792968750000e+03
2.355725097656250000e+03
2.361940917968750000e+03
2.368159179687500000e+03
2.374082519531250000e+03
2.379934326171875000e+03
2.385863525390625000e+03
2.391424072265625000e+03
2.396913818359375000e+03
2.402332763671875000e+03
2.407532958984375000e+03
2.412662597656250000e+03
2.417647949218750000e+03
2.422415283203125000e+03
2.427112548828125000e+03
2.431592041015625000e+03
2.435928222656250000e+03
2.440120849609375000e+03
2.444244873046875000e+03
2.448152099609375000e+03
2.451916503906250000e+03
2.455464111328125000e+03
2.458794921875000000e+03
2.461984130859375000e+03
2.465179931640625000e+03
2.468011230468750000e+03
2.470701171875000000e+03
2.473250000000000000e+03
2.475657226562500000e+03
2.477849853515625000e+03
2.479752685546875000e+03
2.481663818359375000e+03
2.483286376953125000e+03
2.484842773437500000e+03
2.486111083984375000e+03
2.487165527343750000e+03
2.488006103515625000e+03
2.488781738281250000e+03
2.489270019531250000e+03
2.489544921875000000e+03
2.489681152343750000e+03
2.489604736328125000e+03
2.489464111328125000e+03
2.489036865234375000e+03
2.488322998046875000e+03
2.487471435546875000e+03
2.486556152343750000e+03
2.485354980468750000e+03
2.484016113281250000e+03
2.482391601562500000e+03
2.480629394531250000e+03
2.478656250000000000e+03
2.476397460937500000e+03
2.474075683593750000e+03
2.471468750000000000e+03
2.468650878906250000e+03
2.465770507812500000e+03
2.462604980468750000e+03
2.459302734375000000e+03
2.455790039062500000e+03
2.452066650390625000e+03
2.448206787109375000e+03
2.444061767578125000e+03
2.439854980468750000e+03
2.435289062500000000e+03
2.430661132812500000e+03
2.425822753906250000e+03
2.420699462890625000e+03
2.415514404296875000e+03
2.410118652343750000e+03
2.404512451171875000e+03
2.398770263671875000e+03
2.392743164062500000e+03
2.386653808593750000e+03
2.380428466796875000e+03
2.374066650390625000e+03
2.367494140625000000e+03
2.360636962890625000e+03
2.353791503906250000e+03
2.346661132812500000e+03
2.339394287109375000e+03
2.331990722656250000e+03
2.324376708984375000e+03
2.316551757812500000e+03
2.308739257812500000e+03
2.300641845703125000e+03
2.292407714843750000e+03
2.284037353515625000e+03
2.275604492187500000e+03
2.266961181640625000e+03
2.258181396484375000e+03
2.249265136718750000e+03
2.240212158203125000e+03
2.230874023437500000e+03
2.221770996093750000e+03
2.212308105468750000e+03
2.202782958984375000e+03
2.193120605468750000e+03
2.183321777343750000e+03
2.173459960937500000e+03
2.163461181640625000e+03
2.153325195312500000e+03
2.143126220703125000e+03
2.132789794921875000e+03
2.122315917968750000e+03
2.111927490234375000e+03
2.101252685546875000e+03
2.090588623046875000e+03
2.079860839843750000e+03
2.068994873046875000e+03
2.058064941406250000e+03
2.047145141601562500e+03
2.036012573242187500e+03
2.024815429687500000e+03
2.013627929687500000e+03
2.002301513671875000e+03
1.991058837890625000e+03
1.979527954101562500e+03
1.968080444335937500e+03
1.956641723632812500e+03
1.945137207031250000e+03
1.933492797851562500e+03
1.921930786132812500e+03
1.910228027343750000e+03
1.898533447265625000e+03
1.886771972656250000e+03
1.875092407226562500e+03
1.863345581054687500e+03
1.851531616210937500e+03
1.839798828125000000e+03
1.827997924804687500e+03
1.816054931640625000e+03
1.804340576171875000e+03
1.792483154296875000e+03
1.780630981445312500e+03
1.768858032226562500e+03
1.757163940429687500e+03
1.745400024414062500e+03
1.733565551757812500e+03
1.721809204101562500e+03
1.710056030273437500e+03
1.698083129882812500e+03
1.686484252929687500e+03
1.674739379882812500e+03
1.663145019531250000e+03
1.651478149414062500e+03
1.639961303710937500e+03
1.628445678710937500e+03
1.616930786132812500e+03
1.605564941406250000e+03
1.594125122070312500e+03
1.582759399414062500e+03
1.571467773437500000e+03
1.560323852539062500e+03
1.549104614257812500e+03
1.538032714843750000e+03
1.527033447265625000e+03
1.516032348632812500e+03
1.505177612304687500e+03
1.494320434570312500e+03
1.483609008789062500e+03
1.472968750000000000e+03
1.462399536132812500e+03
1.451900878906250000e+03
1.441546875000000000e+03
1.431188842773437500e+03
1.420974731445312500e+03
1.410904541015625000e+03
1.400829223632812500e+03
1.390897216796875000e+03
1.381033935546875000e+03
1.371387695312500000e+03
1.361809814453125000e+03
1.352299682617187500e+03
1.342931518554687500e+03
1.333630859375000000e+03
1.324322998046875000e+03
1.315304931640625000e+03
1.306353637695312500e+03
1.297543090820312500e+03
1.288872802734375000e+03
1.280268554687500000e+03
1.271804077148437500e+03
1.263405029296875000e+03
1.255145263671875000e+03
1.247098876953125000e+03
1.239042724609375000e+03
1.231273681640625000e+03
1.223568603515625000e+03
1.215927490234375000e+03
1.208498291015625000e+03
1.201206787109375000e+03
1.194052490234375000e+03
1.186961059570312500e+03
1.180080932617187500e+03
1.173263061523437500e+03
1.166581665039062500e+03
1.160110961914062500e+03
1.153776245117187500e+03
1.147503173828125000e+03
1.141365722656250000e+03
1.135363769531250000e+03
1.129571533203125000e+03
1.123914550781250000e+03
1.118392456054687500e+03
1.113005371093750000e+03
1.107678588867187500e+03
1.102635009765625000e+03
1.097651611328125000e+03
1.092802612304687500e+03
1.088087890625000000e+03
1.083581420898437500e+03
1.079134765625000000e+03
1.074896362304687500e+03
1.070717285156250000e+03
1.066672119140625000e+03
1.062834838867187500e+03
1.059131225585937500e+03
1.055561035156250000e+03
1.052124511718750000e+03
1.048821289062500000e+03
1.045577270507812500e+03
1.042540771484375000e+03
1.039712036132812500e+03
1.036942138671875000e+03
1.034305786132812500e+03
1.031802490234375000e+03
1.029432617187500000e+03
1.027196044921875000e+03
1.025092651367187500e+03
1.023048400878906250e+03
1.021211975097656250e+03
1.019509033203125000e+03
1.018014099121093750e+03
1.016578796386718750e+03
1.015203002929687500e+03
1.013738159179687500e+03
1.012630554199218750e+03
1.011657165527343750e+03
1.010743957519531250e+03
1.009965270996093750e+03
1.009321228027343750e+03
1.008812072753906250e+03
1.008289306640625000e+03
1.007976013183593750e+03
1.007798156738281250e+03
1.007681396484375000e+03
1.007625915527343750e+03
1.007780700683593750e+03
1.007997192382812500e+03
1.008275512695312500e+03
1.008690307617187500e+03
1.009167358398437500e+03
1.009706909179687500e+03
1.010606384277343750e+03
1.011345825195312500e+03
1.012148376464843750e+03
1.013088439941406250e+03
1.014092163085937500e+03
1.015010925292968750e+03
1.016216735839843750e+03
1.017412353515625000e+03
1.018821105957031250e+03
1.020220092773437500e+03
1.021684082031250000e+03
1.023213378906250000e+03
1.024882324218750000e+03
1.026616943359375000e+03
1.028268920898437500e+03
1.030135620117187500e+03
1.031994506835937500e+03
1.033920288085937500e+03
1.035987182617187500e+03
1.037972900390625000e+03
1.040100585937500000e+03
1.042296020507812500e+03
1.044411132812500000e+03
1.046668823242187500e+03
1.048921020507812500e+03
1.051242309570312500e+03
1.053632934570312500e+03
1.055944580078125000e+03
1.058325927734375000e+03
1.060703125000000000e+03
1.063150634765625000e+03
1.065668945312500000e+03
1.068332397460937500e+03
1.070918334960937500e+03
1.073501586914062500e+03
1.076082275390625000e+03
1.078734985351562500e+03
1.081237060546875000e+03
1.083886230468750000e+03
1.086533813476562500e+03
1.089106079101562500e+03
1.091826049804687500e+03
1.094471313476562500e+03
1.097116210937500000e+03
1.099835571289062500e+03
1.102406494140625000e+03
1.105052490234375000e+03
1.107773681640625000e+03
1.110347412109375000e+03
1.112996948242187500e+03
1.115573974609375000e+03
1.118227416992187500e+03
1.120734375000000000e+03
1.123244262695312500e+03
1.125831176757812500e+03
1.128272583007812500e+03
1.130717529296875000e+03
1.133166259765625000e+03
1.135619018554687500e+03
1.138001586914062500e+03
1.140388671875000000e+03
1.142706420898437500e+03
1.144954711914062500e+03
1.147208374023437500e+03
1.149393310546875000e+03
1.151583984375000000e+03
1.153780639648437500e+03
1.155835083007812500e+03
1.157747436523437500e+03
1.159814941406250000e+03
1.161740966796875000e+03
1.163599731445312500e+03
1.165466064453125000e+03
1.167265625000000000e+03
1.168998657226562500e+03
1.170665405273437500e+03
1.172414794921875000e+03
1.173949707031250000e+03
1.175493286132812500e+03
1.176897338867187500e+03
1.178310302734375000e+03
1.179658569335937500e+03
1.180941772460937500e+03
1.182086303710937500e+03
1.183240844726562500e+03
1.184256713867187500e+03
1.185357421875000000e+03
1.186245605468750000e+03
1.187070190429687500e+03
1.187905761718750000e+03
1.188677856445312500e+03
1.189312622070312500e+03
1.189884277343750000e+03
1.190467651367187500e+03
1.190913940429687500e+03
1.191297729492187500e+03
1.191619262695312500e+03
1.191804077148437500e+03
1.192001098632812500e+03
1.192061889648437500e+03
1.192060791015625000e+03
1.191998046875000000e+03
1.191873535156250000e+03
1.191687622070312500e+03
1.191291503906250000e+03
1.190982666015625000e+03
1.190538452148437500e+03
1.189958496093750000e+03
1.189391967773437500e+03
1.188690063476562500e+03
1.187927246093750000e+03
1.187103515625000000e+03
1.186218994140625000e+03
1.185273559570312500e+03
1.184193237304687500e+03
1.183052124023437500e+03
1.181850341796875000e+03
1.180588012695312500e+03
1.179116455078125000e+03
1.177732910156250000e+03
1.176214477539062500e+03
1.174635375976562500e+03
1.172921508789062500e+03
1.171221313476562500e+03
1.169386352539062500e+03
1.167564941406250000e+03
1.165534179687500000e+03
1.163591552734375000e+03
1.161513671875000000e+03
1.159375000000000000e+03
1.157101074218750000e+03
1.154766235351562500e+03
1.152444580078125000e+03
1.150061889648437500e+03
1.147469238281250000e+03
1.144963867187500000e+03
1.142322631835937500e+03
1.139619995117187500e+03
1.136929931640625000e+03
1.134103759765625000e+03
1.131141235351562500e+03
1.128265380859375000e+03
1.125252929687500000e+03
1.122252441406250000e+03
1.119189453125000000e+03
1.115989501953125000e+03
1.112801025390625000e+03
1.109549682617187500e+03
1.106234985351562500e+03
1.102857055664062500e+03
1.099341308593750000e+03
1.095910400390625000e+03
1.092341430664062500e+03
1.088856933593750000e+03
1.085233764648437500e+03
1.081620483398437500e+03
1.077868286132812500e+03
1.074125488281250000e+03
1.070317626953125000e+03
1.066518676757812500e+03
1.062654174804687500e+03
1.058798339843750000e+03
1.054876464843750000e+03
1.050888427734375000e+03
1.046908203125000000e+03
1.042861328125000000e+03
1.038821899414062500e+03
1.034715332031250000e+03
1.030615722656250000e+03
1.026522705078125000e+03
1.022287719726562500e+03
1.018133117675781250e+03
1.013910156250000000e+03
1.009692993164062500e+03
1.005406921386718750e+03
1.001200378417968750e+03
9.968500366210937500e+02
9.925787963867187500e+02
9.882377929687500000e+02
9.839008789062500000e+02
9.795678710937500000e+02
9.753128662109375000e+02
9.709868774414062500e+02
9.665897216796875000e+02
9.622697143554687500e+02
9.578780517578125000e+02
9.535629882812500000e+02
9.491757812500000000e+02
9.448645629882812500e+02
9.405548706054687500e+02
9.362463989257812500e+02
9.317903442382812500e+02
9.274837036132812500e+02
9.231030273437500000e+02
9.187968750000000000e+02
9.144906616210937500e+02
9.101840820312500000e+02
9.058767700195312500e+02
9.015686035156250000e+02
8.973334960937500000e+02
8.930969238281250000e+02
8.889329833984375000e+02
8.846926879882812500e+02
8.805244750976562500e+02
8.762050170898437500e+02
8.720314331054687500e+02
8.678546752929687500e+02
8.638233032226562500e+02
8.597139282226562500e+02
8.558978881835937500e+02
8.519291381835937500e+02
8.479560546875000000e+02
8.440525512695312500e+02
8.401441650390625000e+02
8.362305908203125000e+02
8.324602661132812500e+02
8.286099243164062500e+02
8.248280029296875000e+02
8.211142578125000000e+02
8.174683837890625000e+02
8.138159179687500000e+02
8.101566162109375000e+02
8.065645141601562500e+02
8.030394287109375000e+02
7.995810546875000000e+02
7.961149902343750000e+02
7.927895507812500000e+02
7.893816528320312500e+02
7.860396118164062500e+02
7.827633056640625000e+02
7.796268920898437500e+02
7.764814453125000000e+02
7.733267822265625000e+02
7.702371215820312500e+02
7.672122192382812500e+02
7.642518920898437500e+02
7.613559570312500000e+02
7.585243530273437500e+02
7.556825561523437500e+02
7.529788818359375000e+02
7.502647705078125000e+02
7.476143188476562500e+02
7.450347290039062500e+02
7.425260009765625000e+02
7.400507812500000000e+02
7.376461181640625000e+02
7.352821044921875000e+02
7.329587402343750000e+02
7.307055053710937500e+02
7.285075073242187500e+02
7.263572387695312500e+02
7.242694091796875000e+02
7.222365112304687500e+02
7.202659912109375000e+02
7.183576049804687500e+02
7.165039672851562500e+02
7.147122802734375000e+02
7.129752807617187500e+02
7.113002319335937500e+02
7.096721801757812500e+02
7.081059570312500000e+02
7.066015625000000000e+02
7.051588745117187500e+02
7.037704467773437500e+02
7.024363403320312500e+02
7.011638793945312500e+02
6.999455566406250000e+02
6.987814941406250000e+02
6.976864624023437500e+02
6.966381225585937500e+02
6.956439819335937500e+02
6.947114257812500000e+02
6.938330078125000000e+02
6.930014038085937500e+02
6.922387695312500000e+02
6.915304565429687500e+02
6.908688964843750000e+02
6.902616577148437500e+02
6.897088012695312500e+02
6.892103881835937500e+02
6.887515869140625000e+02
6.883622436523437500e+02
6.880200195312500000e+02
6.877177124023437500e+02
6.874776611328125000e+02
6.872775878906250000e+02
6.871547851562500000e+02
6.870573730468750000e+02
6.870151367187500000e+02
6.870133056640625000e+02
6.870668945312500000e+02
6.871685791015625000e+02
6.873035888671875000e+02
6.874869384765625000e+02
6.877113037109375000e+02
6.879768066406250000e+02
6.882911376953125000e+02
6.886469116210937500e+02
6.890442504882812500e+02
6.894758911132812500e+02
6.899569091796875000e+02
6.904577636718750000e+02
6.910156860351562500e+02
6.916011352539062500e+02
6.922218017578125000e+02
6.928852539062500000e+02
6.935692749023437500e+02
6.942965087890625000e+02
6.950522460937500000e+02
6.958366699218750000e+02
6.966573486328125000e+02
6.975071411132812500e+02
6.983787841796875000e+02
6.992873535156250000e+02
7.002182617187500000e+02
7.011715698242187500e+02
7.021477050781250000e+02
7.031541748046875000e+02
7.041838378906250000e+02
7.052220458984375000e+02
7.062913208007812500e+02
7.073843994140625000e+02
7.084867553710937500e+02
7.096209716796875000e+02
7.107573852539062500e+02
7.119187011718750000e+02
7.130827636718750000e+02
7.142721557617187500e+02
7.154648437500000000e+02
7.166833496093750000e+02
7.179130249023437500e+02
7.191467285156250000e+02
7.203773193359375000e+02
7.216198730468750000e+02
7.228524169921875000e+02
7.241121826171875000e+02
7.253550415039062500e+02
7.266108398437500000e+02
7.278428344726562500e+02
7.291625366210937500e+02
7.304068603515625000e+02
7.316503295898437500e+02
7.329674682617187500e+02
7.342100219726562500e+02
7.354524536132812500e+02
7.366950073242187500e+02
7.379380493164062500e+02
7.391817016601562500e+02
7.404263305664062500e+02
7.416720581054687500e+02
7.429192504882812500e+02
7.441681518554687500e+02
7.454188232421875000e+02
7.465974731445312500e+02
7.477785034179687500e+02
7.489621582031250000e+02
7.500000610351562500e+02
7.511897583007812500e+02
7.522341918945312500e+02
7.532822265625000000e+02
7.543341064453125000e+02
7.553157348632812500e+02
7.564503173828125000e+02
7.574408569335937500e+02
7.583618164062500000e+02
7.593620605468750000e+02
7.602932739257812500e+02
7.612299804687500000e+02
7.620979614257812500e+02
7.629718627929687500e+02
7.638519287109375000e+02
7.646639404296875000e+02
7.654082641601562500e+02
7.661593017578125000e+02
7.669172973632812500e+02
7.676082153320312500e+02
7.683064575195312500e+02
7.689379882812500000e+02
7.695029296875000000e+02
7.701501464843750000e+02
7.706568603515625000e+02
7.710976562500000000e+02
7.716954345703125000e+02
7.720790405273437500e+02
7.725457763671875000e+02
7.729472045898437500e+02
7.732835693359375000e+02
7.734805908203125000e+02
7.737614746093750000e+02
7.739777221679687500e+02
7.742037353515625000e+02
7.742911376953125000e+02
7.743886108398437500e+02
7.744220581054687500e+02
7.744658813476562500e+02
7.744459228515625000e+02
7.744366455078125000e+02
7.742894897460937500e+02
7.742275390625000000e+02
7.740280151367187500e+02
7.737652587890625000e+02
7.735880737304687500e+02
7.732736206054687500e+02
7.728962402343750000e+02
7.725304565429687500e+02
7.721018676757812500e+02
7.716107177734375000e+02
7.712056884765625000e+02
7.706638183593750000e+02
7.700596313476562500e+02
7.694672851562500000e+02
7.687384643554687500e+02
7.680216674804687500e+02
7.672427368164062500e+02
7.664759521484375000e+02
7.656470336914062500e+02
7.647561035156250000e+02
7.638031005859375000e+02
7.628623657226562500e+02
7.617853393554687500e+02
7.607949829101562500e+02
7.595939331054687500e+02
7.584795532226562500e+02
7.573031616210937500e+02
7.560648193359375000e+02
7.548387451171875000e+02
7.534763183593750000e+02
7.521261596679687500e+02
7.507881469726562500e+02
7.493879394531250000e+02
7.479255371093750000e+02
7.463265991210937500e+02
7.448138427734375000e+02
7.432387695312500000e+02
7.416011962890625000e+02
7.399753417968750000e+02
7.382868652343750000e+02
7.364614257812500000e+02
7.347218017578125000e+02
7.328449096679687500e+02
7.310537719726562500e+02
7.291251831054687500e+02
7.272077026367187500e+02
7.253013305664062500e+02
7.231828613281250000e+02
7.212239379882812500e+02
7.192013549804687500e+02
7.171149902343750000e+02
7.148905029296875000e+02
7.127506103515625000e+02
7.105466918945312500e+02
7.083527832031250000e+02
7.060945434570312500e+02
7.038460693359375000e+02
7.015329589843750000e+02
6.991624755859375000e+02
6.968087768554687500e+02
6.944049072265625000e+02
6.920026855468750000e+02
6.895498046875000000e+02
6.870686645507812500e+02
6.845588989257812500e+02
6.820426635742187500e+02
6.794753417968750000e+02
6.768937377929687500e+02
6.742904052734375000e+02
6.716724853515625000e+02
6.690249633789062500e+02
6.663551635742187500e+02
6.636702880859375000e+02
6.609627075195312500e+02
6.582322387695312500e+02
6.554935913085937500e+02
6.527317504882812500e+02
6.499537963867187500e+02
6.471596679687500000e+02
6.443491821289062500e+02
6.415294799804687500e+02
6.386929321289062500e+02
6.358393554687500000e+02
6.329760131835937500e+02
6.301026000976562500e+02
6.272189941406250000e+02
6.243175048828125000e+02
6.214202270507812500e+02
6.184971923828125000e+02
6.155704956054687500e+02
6.126324462890625000e+02
6.096977539062500000e+02
6.067734985351562500e+02
6.038225097656250000e+02
6.008741455078125000e+02
5.979207153320312500e+02
5.949620971679687500e+02
5.920128173828125000e+02
5.890504760742187500e+02
5.860821533203125000e+02
5.831226196289062500e+02
5.801566772460937500e+02
5.771915893554687500e+02
5.742344360351562500e+02
5.712777709960937500e+02
5.683211669921875000e+02
5.653718872070312500e+02
5.624298095703125000e+02
5.594871215820312500e+02
5.565585327148437500e+02
5.536289062500000000e+02
5.507130126953125000e+02
5.478030395507812500e+02
5.448988647460937500e+02
5.420150756835937500e+02
5.391440429687500000e+02
5.362484130859375000e+02
5.333873901367187500e+02
5.305384521484375000e+02
5.277014160156250000e+02
5.248685913085937500e+02
5.220546875000000000e+02
5.192594604492187500e+02
5.164678344726562500e+02
5.136945800781250000e+02
5.109467163085937500e+02
5.082094116210937500e+02
5.054971618652343750e+02
5.027875671386718750e+02
5.001101074218750000e+02
4.974423828125000000e+02
4.947989501953125000e+02
4.921649475097656250e+02
4.895623779296875000e+02
4.869761962890625000e+02
4.844137573242187500e+02
4.818822326660156250e+02
4.793666381835937500e+02
4.768519897460937500e+02
4.743603820800781250e+02
4.718990478515625000e+02
4.694679260253906250e+02
4.670668640136718750e+02
4.646808166503906250e+02
4.623096008300781250e+02
4.599680480957031250e+02
4.576633605957031250e+02
4.553805847167968750e+02
4.531270446777343750e+02
4.508877563476562500e+02
4.486774291992187500e+02
4.465108337402343750e+02
4.443580932617187500e+02
4.422339782714843750e+02
4.401383972167968750e+02
4.380712585449218750e+02
4.360398559570312500e+02
4.340217590332031250e+02
4.320318298339843750e+02
4.300848388671875000e+02
4.281508789062500000e+02
4.262596435546875000e+02
4.243813781738281250e+02
4.225456542968750000e+02
4.207375488281250000e+02
4.189644470214843750e+02
4.172114562988281250e+02
4.154858703613281250e+02
4.138025207519531250e+02
4.121390686035156250e+02
4.105103149414062500e+02
4.089013671875000000e+02
4.073344116210937500e+02
4.058020629882812500e+02
4.042893676757812500e+02
4.028111877441406250e+02
4.013600158691406250e+02
3.999433288574218750e+02
3.985535583496093750e+02
3.971834106445312500e+02
3.958624877929687500e+02
3.945611267089843750e+02
3.932942199707031250e+02
3.920543212890625000e+02
3.908414306640625000e+02
3.896556091308593750e+02
3.885116882324218750e+02
3.873948974609375000e+02
3.862977905273437500e+02
3.852427062988281250e+02
3.841999816894531250e+02
3.831993713378906250e+02
3.822260437011718750e+02
3.812726135253906250e+02
3.803540344238281250e+02
3.794629211425781250e+02
3.785844421386718750e+02
3.777558288574218750e+02
3.769474487304687500e+02
3.761667785644531250e+02
3.754064636230468750e+02
3.746814880371093750e+02
3.739844055175781250e+02
3.733080139160156250e+02
3.726522827148437500e+02
3.720247497558593750e+02
3.714255371093750000e+02
3.708547973632812500e+02
3.702902221679687500e+02
3.697691650390625000e+02
3.692693786621093750e+02
3.688059082031250000e+02
3.683490905761718750e+02
3.679212951660156250e+02
3.675153198242187500e+02
3.671237792968750000e+02
3.667691040039062500e+02
3.664291381835937500e+02
3.661039733886718750e+02
3.658086547851562500e+02
3.655284729003906250e+02
3.652634887695312500e+02
3.650213317871093750e+02
3.647946777343750000e+02
3.645985412597656250e+02
3.644182434082031250e+02
3.642538757324218750e+02
3.641056213378906250e+02
3.639736022949218750e+02
3.638654479980468750e+02
3.637664184570312500e+02
3.636841125488281250e+02
3.636261291503906250e+02
3.635777893066406250e+02
3.635317993164062500e+02
3.635180969238281250e+02
3.635144348144531250e+02
3.635137023925781250e+02
3.635382690429687500e+02
3.635660705566406250e+02
3.636120605468750000e+02
3.636616210937500000e+02
3.637297363281250000e+02
3.638092041015625000e+02
3.638927307128906250e+02
3.639953613281250000e+02
3.641023864746093750e+02
3.642140197753906250e+02
3.643452758789062500e+02
3.644814758300781250e+02
3.646153564453125000e+02
3.647694091796875000e+02
3.649140625000000000e+02
3.650792541503906250e+02
3.652502441406250000e+02
3.654124145507812500e+02
3.655881652832031250e+02
3.657702941894531250e+02
3.659589538574218750e+02
3.661394653320312500e+02
3.663343200683593750e+02
3.665287780761718750e+02
3.667304992675781250e+02
3.669322204589843750e+02
3.671266479492187500e+02
3.673363037109375000e+02
3.675315856933593750e+02
3.677275695800781250e+02
3.679318237304687500e+02
3.681371154785156250e+02
3.683362121582031250e+02
3.685292053222656250e+02
3.687312011718750000e+02
3.689274597167968750e+02
3.691107482910156250e+02
3.693034973144531250e+02
3.694910278320312500e+02
3.696734924316406250e+02
3.698436584472656250e+02
3.700239257812500000e+02
3.701921691894531250e+02
3.703559570312500000e+02
3.705154724121093750e+02
3.706634216308593750e+02
3.708147583007812500e+02
3.709548339843750000e+02
3.710912170410156250e+02
3.712165527343750000e+02
3.713310241699218750e+02
3.714496459960937500e+02
3.715502319335937500e+02
3.716403198242187500e+02
3.717200622558593750e+02
3.718044738769531250e+02
3.718713989257812500e+02
3.719208984375000000e+02
3.719679565429687500e+02
3.720127563476562500e+02
3.720404968261718750e+02
3.720661621093750000e+02
3.720750122070312500e+02
3.720671386718750000e+02
3.720500793457031250e+02
3.720239562988281250e+02
3.719888610839843750e+02
3.719374389648437500e+02
3.718846740722656250e+02
3.718009033203125000e+02
3.717159729003906250e+02
3.716150512695312500e+02
3.715057373046875000e+02
3.713805847167968750e+02
3.712397155761718750e+02
3.710906372070312500e+02
3.709259948730468750e+02
3.707458190917968750e+02
3.705650634765625000e+02
3.703540649414062500e+02
3.701500549316406250e+02
3.699158935546875000e+02
3.696739196777343750e+02
3.694168090820312500e+02
3.691445617675781250e+02
3.688572082519531250e+02
3.685622558593750000e+02
3.682448730468750000e+02
3.679125061035156250e+02
3.675652160644531250e+02
3.672030029296875000e+02
3.668333129882812500e+02
3.664487304687500000e+02
3.660492553710937500e+02
3.656349182128906250e+02
3.652131347656250000e+02
3.647690124511718750e+02
3.643026123046875000e+02
3.638361816406250000e+02
3.633474121093750000e+02
3.628437194824218750e+02
3.623251037597656250e+02
3.617989807128906250e+02
3.612653503417968750e+02
3.607018432617187500e+02
3.601307373046875000e+02
3.595446166992187500e+02
3.589433898925781250e+02
3.583345031738281250e+02
3.577030334472656250e+02
3.570638122558593750e+02
3.564168090820312500e+02
3.557396545410156250e+02
3.550620727539062500e+02
3.543690795898437500e+02
3.536681213378906250e+02
3.529368286132812500e+02
3.522048339843750000e+02
3.514572753906250000e+02
3.507014770507812500e+02
3.499374084472656250e+02
3.491427001953125000e+02
3.483469543457031250e+02
3.475501708984375000e+02
3.467299499511718750e+02
3.459010925292968750e+02
3.450635070800781250e+02
3.442171020507812500e+02
3.433544006347656250e+02
3.424752502441406250e+02
3.415945129394531250e+02
3.407045898437500000e+02
3.397905578613281250e+02
3.388820800781250000e+02
3.379641418457031250e+02
3.370069274902343750e+02
3.360772705078125000e+02
3.351230163574218750e+02
3.341589050292968750e+02
3.331922607421875000e+02
3.322230224609375000e+02
3.312510070800781250e+02
3.302613220214843750e+02
3.292538146972656250e+02
3.282431945800781250e+02
3.272368164062500000e+02
3.262122802734375000e+02
3.251842651367187500e+02
3.241527099609375000e+02
3.231174621582031250e+02
3.220635681152343750e+02
3.210131530761718750e+02
3.199586486816406250e+02
3.188925170898437500e+02
3.178294982910156250e+02
3.167620239257812500e+02
3.156825256347656250e+02
3.145983276367187500e+02
3.134943847656250000e+02
3.124078063964843750e+02
3.113234863281250000e+02
3.102265014648437500e+02
3.091538085937500000e+02
3.080533447265625000e+02
3.069546508789062500e+02
3.058501281738281250e+02
3.047545776367187500e+02
3.036454772949218750e+02
3.025376281738281250e+02
3.014308776855468750e+02
3.003250732421875000e+02
2.992126464843750000e+02
2.981083374023437500e+02
2.970045471191406250e+02
2.958937683105468750e+02
2.947832336425781250e+02
2.936802978515625000e+02
2.925773620605468750e+02
2.914668579101562500e+02
2.903709411621093750e+02
2.892746582031250000e+02
2.881778564453125000e+02
2.870803527832031250e+02
2.859895019531250000e+02
2.849200439453125000e+02
2.838272705078125000e+02
2.827481689453125000e+02
2.816677551269531250e+02
2.805933532714843750e+02
2.795248107910156250e+02
2.784397888183593750e+02
2.773901062011718750e+02
2.763236389160156250e+02
2.752699890136718750e+02
2.742216491699218750e+02
2.731858825683593750e+02
2.721477355957031250e+02
2.711145324707031250e+02
2.700935974121093750e+02
2.690699768066406250e+02
2.680657653808593750e+02
2.670660705566406250e+02
2.660559082031250000e+02
2.650723266601562500e+02
2.640854797363281250e+02
2.631175842285156250e+02
2.621388244628906250e+02
2.611788024902343750e+02
2.602299804687500000e+02
2.592848510742187500e+02
2.583433227539062500e+02
2.574201354980468750e+02
2.565003967285156250e+02
2.555914001464843750e+02
2.546930541992187500e+02
2.537978820800781250e+02
2.529131774902343750e+02
2.520314941406250000e+02
2.511675415039062500e+02
2.503138885498046875e+02
2.494703826904296875e+02
2.486295623779296875e+02
2.478062133789062500e+02
2.469928588867187500e+02
2.461893615722656250e+02
2.453882751464843750e+02
2.445969696044921875e+02
2.438302154541015625e+02
2.430582580566406250e+02
2.423033142089843750e+02
2.415653381347656250e+02
2.408294219970703125e+02
2.401029205322265625e+02
2.393932189941406250e+02
2.386854400634765625e+02
2.379943847656250000e+02
2.373199768066406250e+02
2.366473388671875000e+02
2.359913177490234375e+02
2.353369750976562500e+02
2.346991882324218750e+02
2.340778656005859375e+02
2.334582061767578125e+02
2.328698577880859375e+02
2.322608489990234375e+02
2.316757049560546875e+02
2.311070098876953125e+02
2.305473022460937500e+02
2.299892120361328125e+02
2.294475402832031250e+02
2.289223022460937500e+02
2.284060821533203125e+02
2.279062957763671875e+02
2.274081115722656250e+02
2.269264373779296875e+02
2.264463195800781250e+02
2.259901733398437500e+02
2.255356903076171875e+02
2.250977020263671875e+02
2.246688690185546875e+02
2.242417755126953125e+02
2.238386993408203125e+02
2.234374084472656250e+02
2.230379486083984375e+02
2.226700134277343750e+02
2.222965545654296875e+02
2.219250183105468750e+02
2.215851898193359375e+02
2.212398986816406250e+02
2.209115447998046875e+02
2.206001129150390625e+02
2.202908630371093750e+02
2.199912261962890625e+02
2.197012634277343750e+02
2.194210662841796875e+02
2.191506347656250000e+02
2.188826446533203125e+02
2.186319580078125000e+02
2.183912811279296875e+02
2.181532135009765625e+02
2.179326782226562500e+02
2.177074584960937500e+02
2.174999084472656250e+02
2.173027038574218750e+02
2.171009826660156250e+02
2.169171905517578125e+02
2.167290802001953125e+02
2.165664215087890625e+02
2.163996429443359375e+02
2.162436065673828125e+02
2.160984497070312500e+02
2.159568023681640625e+02
2.158261871337890625e+02
2.156992645263671875e+02
2.155761260986328125e+02
2.154568481445312500e+02
2.153786773681640625e+02
2.152525634765625000e+02
2.151603088378906250e+02
2.150648651123046875e+02
2.149811859130859375e+02
2.149019470214843750e+02
2.148272094726562500e+02
2.147571105957031250e+02
2.146991729736328125e+02
2.146386108398437500e+02
2.145904083251953125e+02
2.145323638916015625e+02
2.144942932128906250e+02
2.144465789794921875e+02
2.144116210937500000e+02
2.143746490478515625e+02
2.143432159423828125e+02
2.143248291015625000e+02
2.142973022460937500e+02
2.142756195068359375e+02
2.142598724365234375e+02
2.142427215576171875e+02
2.142317352294921875e+02
2.142269744873046875e+02
2.142137145996093750e+02
2.142068939208984375e+02
2.142066497802734375e+02
2.142056274414062500e+02
2.142113800048828125e+02
2.142091369628906250e+02
2.142064514160156250e+02
2.142108306884765625e+02
2.142149810791015625e+02
2.142264251708984375e+02
2.142229766845703125e+02
2.142196044921875000e+02
2.142238311767578125e+02
2.142283325195312500e+02
2.142406768798828125e+02
2.142386322021484375e+02
2.142371826171875000e+02
2.142438659667968750e+02
2.142439422607421875e+02
2.142374725341796875e+02
2.142394714355468750e+02
2.142351379394531250e+02
2.142320098876953125e+02
2.142301940917968750e+02
2.142149353027343750e+02
2.142086029052734375e+02
2.141890411376953125e+02
2.141785736083984375e+02
2.141625061035156250e+02
2.141334686279296875e+02
2.141138458251953125e+02
2.140888671875000000e+02
2.140512237548828125e+02
2.140232696533203125e+02
2.139902496337890625e+02
2.139596862792968750e+02
2.139093627929687500e+02
2.138616638183593750e+02
2.138092651367187500e+02
2.137596588134765625e+02
2.137055206298828125e+02
2.136394653320312500e+02
2.135690460205078125e+02
2.135017547607421875e+02
2.134153900146484375e+02
2.133397216796875000e+02
2.132599945068359375e+02
2.131613922119140625e+02
2.130737304687500000e+02
2.129673309326171875e+02
2.128571624755859375e+02
2.127506866455078125e+02
2.126331329345703125e+02
2.125193939208984375e+02
2.123872528076171875e+02
2.122516174316406250e+02
2.121200103759765625e+02
2.119627075195312500e+02
2.118169708251953125e+02
2.116679382324218750e+02
2.115008239746093750e+02
2.113379516601562500e+02
2.111570739746093750e+02
2.109879608154296875e+02
2.108009490966796875e+02
2.106183166503906250e+02
2.104178466796875000e+02
2.102144165039062500e+02
2.100080566406250000e+02
2.097913818359375000e+02
2.095569763183593750e+02
2.093345794677734375e+02
2.090944824218750000e+02
2.088515777587890625e+02
2.085984344482421875e+02
2.083424987792968750e+02
2.080837860107421875e+02
2.078148498535156250e+02
2.075431671142578125e+02
2.072612915039062500e+02
2.069766540527343750e+02
2.066818389892578125e+02
2.063842620849609375e+02
2.060690612792968750e+02
2.057511444091796875e+02
2.054378814697265625e+02
2.051069946289062500e+02
2.047659149169921875e+02
2.044295043945312500e+02
2.040754547119140625e+02
2.037186279296875000e+02
2.033589935302734375e+02
2.029891510009765625e+02
2.026164703369140625e+02
2.022335510253906250e+02
2.018403472900390625e+02
2.014517211914062500e+02
2.010528106689453125e+02
2.006287078857421875e+02
2.002239990234375000e+02
1.998014984130859375e+02
1.993760528564453125e+02
1.989476623535156250e+02
1.985013885498046875e+02
1.980669708251953125e+02
1.976146545410156250e+02
1.971592712402343750e+02
1.966933593750000000e+02
1.962317352294921875e+02
1.957521057128906250e+02
1.952841339111328125e+02
1.947980804443359375e+02
1.943013305664062500e+02
1.938086853027343750e+02
1.933127136230468750e+02
1.928059082031250000e+02
1.922956695556640625e+02
1.917819366455078125e+02
1.912646942138671875e+02
1.907438659667968750e+02
1.902119750976562500e+02
1.896763916015625000e+02
1.891370544433593750e+02
1.886013336181640625e+02
1.880468902587890625e+02
1.874959259033203125e+02
1.869409332275390625e+02
1.863744354248046875e+02
1.858186492919921875e+02
1.852512054443359375e+02
1.846794433593750000e+02
1.841033172607421875e+02
1.835227203369140625e+02
1.829450378417968750e+02
1.823552856445312500e+02
1.817757110595703125e+02
1.811838989257812500e+02
1.805872344970703125e+02
1.799930572509765625e+02
1.793863830566406250e+02
1.787820281982421875e+02
1.781724395751953125e+02
1.775650024414062500e+02
1.769595947265625000e+02
1.763412628173828125e+02
1.757322387695312500e+02
1.751101074218750000e+02
1.744971008300781250e+02
1.738708190917968750e+02
1.732460479736328125e+02
1.726226806640625000e+02
1.720006408691406250e+02
1.713724212646484375e+02
1.707453308105468750e+02
1.701118927001953125e+02
1.694794311523437500e+02
1.688478546142578125e+02
1.682096710205078125e+02
1.675796356201171875e+02
1.669428253173828125e+02
1.663140106201171875e+02
1.656708221435546875e+02
1.650280303955078125e+02
1.643855590820312500e+02
1.637507781982421875e+02
1.631087341308593750e+02
1.624668121337890625e+02
1.618397674560546875e+02
1.612052307128906250e+02
1.605631408691406250e+02
1.599283142089843750e+02
1.592932281494140625e+02
1.586577911376953125e+02
1.580219879150390625e+02
1.573931427001953125e+02
1.567637786865234375e+02
1.561338348388671875e+02
1.555106506347656250e+02
1.548793334960937500e+02
1.542546691894531250e+02
1.536291503906250000e+02
1.530101470947265625e+02
1.523901672363281250e+02
1.517691650390625000e+02
1.511544952392578125e+02
1.505460815429687500e+02
1.499290161132812500e+02
1.493180847167968750e+02
1.487206420898437500e+02
1.481217956542968750e+02
1.475140075683593750e+02
1.469195251464843750e+02
1.463308715820312500e+02
1.457405090332031250e+02
1.451483917236328125e+02
1.445618743896484375e+02
1.439957580566406250e+02
1.434202575683593750e+02
1.428427124023437500e+02
1.422705078125000000e+02
1.417035675048828125e+02
1.411418151855468750e+02
1.405777435302734375e+02
1.400187530517578125e+02
1.394647369384765625e+02
1.389156494140625000e+02
1.383788452148437500e+02
1.378319549560546875e+02
1.372972259521484375e+02
1.367745971679687500e+02
1.362416839599609375e+02
1.357207336425781250e+02
1.351968231201171875e+02
1.346847686767578125e+02
1.341696319580078125e+02
1.336662139892578125e+02
1.331670379638671875e+02
1.326646270751953125e+02
1.321663665771484375e+02
1.316796264648437500e+02
1.311969299316406250e+02
1.307108154296875000e+02
1.302435455322265625e+02
1.297653808593750000e+02
1.293059692382812500e+02
1.288430175781250000e+02
1.283839416503906250e+02
1.279361419677734375e+02
1.274847412109375000e+02
1.270445785522460938e+02
1.266082229614257812e+02
1.261756744384765625e+02
1.257468948364257812e+02
1.253218917846679688e+02
1.249006805419921875e+02
1.244832534790039062e+02
1.240770416259765625e+02
1.236671905517578125e+02
1.232760009765625000e+02
1.228812103271484375e+02
1.224828033447265625e+02
1.221030883789062500e+02
1.217272415161132812e+02
1.213478317260742188e+02
1.209723205566406250e+02
1.206081542968750000e+02
1.202479324340820312e+02
1.198916625976562500e+02
1.195468063354492188e+02
1.191985321044921875e+02
1.188617095947265625e+02
1.185215148925781250e+02
1.181928482055664062e+02
1.178757095336914062e+02
1.175627059936523438e+02
1.172538528442382812e+02
1.169417495727539062e+02
1.166338653564453125e+02
1.163376312255859375e+02
1.160307846069335938e+02
1.157356491088867188e+02
1.154596710205078125e+02
1.152028732299804688e+02
1.149281005859375000e+02
1.146576995849609375e+02
1.143916702270507812e+02
1.141374588012695312e+02
1.138802337646484375e+02
1.136274337768554688e+02
1.133865051269531250e+02
1.131425933837890625e+02
1.129031677246093750e+02
1.126756591796875000e+02
1.124526748657226562e+02
1.122267837524414062e+02
1.120128707885742188e+02
1.117960968017578125e+02
1.115839157104492188e+02
1.113837738037109375e+02
1.111808319091796875e+02
1.109825439453125000e+02
1.107889175415039062e+02
1.106000061035156250e+02
1.104083786010742188e+02
1.102140884399414062e+02
1.100319900512695312e+02
1.098621520996093750e+02
1.096897277832031250e+02
1.095147552490234375e+02
1.093447036743164062e+02
1.091870498657226562e+02
1.090269699096679688e+02
1.088644866943359375e+02
1.087145538330078125e+02
1.085549011230468750e+02
1.084153213500976562e+02
1.082735595703125000e+02
1.081222534179687500e+02
1.079837570190429688e+02
1.078432769775390625e+02
1.077083129882812500e+02
1.075714874267578125e+02
1.074328918457031250e+02
1.073074493408203125e+02
1.071803817749023438e+02
1.070369033813476562e+02
1.068993835449218750e+02
1.067901916503906250e+02
1.066648406982421875e+02
1.065457000732421875e+02
1.064402847290039062e+02
1.063486785888671875e+02
1.062338180541992188e+02
1.061255111694335938e+02
1.060238342285156250e+02
1.059065933227539062e+02
1.058110275268554688e+02
1.057149276733398438e+02
1.056109390258789062e+02
1.055214538574218750e+02
1.054093856811523438e+02
1.053119659423828125e+02
1.052292709350585938e+02
1.051316680908203125e+02
1.050414962768554688e+02
1.049514083862304688e+02
1.048391799926757812e+02
1.047568817138671875e+02
1.046897201538085938e+02
1.046080245971679688e+02
1.045192794799804688e+02
1.044384155273437500e+02
1.043506011962890625e+02
1.042707519531250000e+02
1.041914825439453125e+02
1.041054077148437500e+02
1.040274124145507812e+02
1.039501113891601562e+02
1.038661041259765625e+02
1.037902908325195312e+02
1.037226791381835938e+02
1.036410217285156250e+02
1.035527648925781250e+02
1.034802322387695312e+02
1.034011383056640625e+02
1.033229370117187500e+02
1.032456512451171875e+02
1.031841659545898438e+02
1.031087570190429688e+02
1.030268936157226562e+02
1.029385757446289062e+02
1.028586883544921875e+02
1.027798156738281250e+02
1.026796875000000000e+02
1.025954666137695312e+02
1.025123291015625000e+02
1.024228439331054688e+02
1.023344879150390625e+02
1.022398376464843750e+02
1.021463470458984375e+02
1.020689239501953125e+02
1.019704284667968750e+02
1.018731918334960938e+02
1.017772521972656250e+02
1.016826400756835938e+02
1.015893936157226562e+02
1.014975662231445312e+02
1.013923263549804688e+02
1.013034439086914062e+02
1.011863937377929688e+02
1.010709381103515625e+02
1.009645614624023438e+02
1.008524551391601562e+02
1.007495193481445312e+02
1.006335296630859375e+02
1.005193939208984375e+02
1.003997497558593750e+02
1.002820587158203125e+02
1.001589736938476562e+02
1.000379562377929688e+02
9.991908264160156250e+01
9.979496002197265625e+01
9.966565704345703125e+01
9.953865051269531250e+01
9.941398620605468750e+01
9.927686309814453125e+01
9.914961242675781250e+01
9.901741790771484375e+01
9.888032531738281250e+01
9.873837280273437500e+01
9.860645294189453125e+01
9.846974182128906250e+01
9.832083129882812500e+01
9.818205261230468750e+01
9.803111267089843750e+01
9.789033508300781250e+01
9.773742675781250000e+01
9.759470367431640625e+01
9.743986511230468750e+01
9.729520416259765625e+01
9.714584350585937500e+01
9.699179077148437500e+01
9.683301544189453125e+01
9.667693328857421875e+01
9.651609039306640625e+01
9.635788726806640625e+01
9.619486236572265625e+01
9.602698516845703125e+01
9.586164093017578125e+01
9.569878387451171875e+01
9.552351379394531250e+01
9.535063934326171875e+01
9.518754577636718750e+01
9.500444793701171875e+01
9.483102416992187500e+01
9.465235900878906250e+01
9.447582244873046875e+01
9.428649902343750000e+01
9.411405944824218750e+01
9.392871856689453125e+01
9.373783874511718750e+01
9.355624389648437500e+01
9.336157989501953125e+01
9.316865539550781250e+01
9.296997833251953125e+01
9.278037261962890625e+01
9.257749176025390625e+01
9.237614440917968750e+01
9.216887664794921875e+01
9.197049713134765625e+01
9.176611328125000000e+01
9.154825592041015625e+01
9.133919525146484375e+01
9.112405395507812500e+01
9.091022491455078125e+01
9.069770050048828125e+01
9.047904205322265625e+01
9.026165008544921875e+01
9.003810882568359375e+01
8.981582641601562500e+01
8.958737945556640625e+01
8.936764526367187500e+01
8.913430786132812500e+01
8.890226745605468750e+01
8.867893981933593750e+01
8.844205474853515625e+01
8.820648193359375000e+01
8.797966766357421875e+01
8.773932647705078125e+01
8.750777435302734375e+01
8.726272583007812500e+01
8.703392028808593750e+01
8.678421020507812500e+01
8.655075836181640625e+01
8.631129455566406250e+01
8.607324218750000000e+01
8.583660888671875000e+01
8.559396362304687500e+01
8.535272979736328125e+01
8.512033843994140625e+01
8.487448883056640625e+01
8.463744354248046875e+01
8.439434051513671875e+01
8.415257263183593750e+01
8.391210937500000000e+01
8.367293548583984375e+01
8.343498992919921875e+01
8.319081115722656250e+01
8.295521545410156250e+01
8.271326446533203125e+01
8.247235107421875000e+01
8.222498321533203125e+01
8.199336242675781250e+01
8.175514984130859375e+01
8.151767730712890625e+01
8.128087615966796875e+01
8.104466247558593750e+01
8.080151367187500000e+01
8.057363128662109375e+01
8.033863830566406250e+01
8.009642028808593750e+01
7.986918640136718750e+01
7.963455200195312500e+01
7.939984130859375000e+01
7.917238616943359375e+01
7.893723297119140625e+01
7.870171356201171875e+01
7.846572875976562500e+01
7.822918701171875000e+01
7.799200439453125000e+01
7.776151275634765625e+01
7.753020477294921875e+01
7.729799652099609375e+01
7.706481170654296875e+01
7.683058166503906250e+01
7.660266876220703125e+01
7.636615753173828125e+01
7.613583374023437500e+01
7.589680480957031250e+01
7.567131805419921875e+01
7.542959594726562500e+01
7.520135498046875000e+01
7.496425628662109375e+01
7.473092651367187500e+01
7.450208282470703125e+01
7.427252960205078125e+01
7.404077911376953125e+01
7.381276702880859375e+01
7.358183288574218750e+01
7.335318756103515625e+01
7.312535858154296875e+01
7.289614105224609375e+01
7.267002868652343750e+01
7.244482421875000000e+01
7.221982574462890625e+01
7.199579620361328125e+01
7.177352905273437500e+01
7.155158233642578125e+01
7.133296966552734375e+01
7.111399841308593750e+01
0.000000000000000000e+00
0.000000000000000000e+00
0.000000000000000000e+00
0.000000000000000000e+00
0.000000000000000000e+00
0.000000000000000000e+00
0.000000000000000000e+00
0.000000000000000000e+00
0.000000000000000000e+00
0.000000000000000000e+00
0.000000000000000000e+00
0.000000000000000000e+00
0.000000000000000000e+00
0.000000000000000000e+00
0.000000000000000000e+00
0.000000000000000000e+00
0.000000000000000000e+00
0.000000000000000000e+00
0.000000000000000000e+00
0.000000000000000000e+00
0.000000000000000000e+00
0.000000000000000000e+00
0.000000000000000000e+00
0.000000000000000000e+00
0.000000000000000000e+00
0.000000000000000000e+00
0.000000000000000000e+00
0.000000000000000000e+00
0.000000000000000000e+00
0.000000000000000000e+00
0.000000000000000000e+00
0.000000000000000000e+00
0.000000000000000000e+00
0.000000000000000000e+00
0.000000000000000000e+00
0.000000000000000000e+00
0.000000000000000000e+00
0.000000000000000000e+00
0.000000000000000000e+00
0.000000000000000000e+00
0.000000000000000000e+00
0.000000000000000000e+00
0.000000000000000000e+00
0.000000000000000000e+00
0.000000000000000000e+00
0.000000000000000000e+00
0.000000000000000000e+00
0.000000000000000000e+00
0.000000000000000000e+00
0.000000000000000000e+00
0.000000000000000000e+00
0.000000000000000000e+00
0.000000000000000000e+00
0.000000000000000000e+00
0.000000000000000000e+00
0.000000000000000000e+00
0.000000000000000000e+00
0.000000000000000000e+00
0.000000000000000000e+00
0.000000000000000000e+00
0.000000000000000000e+00
0.000000000000000000e+00
0.000000000000000000e+00
0.000000000000000000e+00
0.000000000000000000e+00
0.000000000000000000e+00
0.000000000000000000e+00
0.000000000000000000e+00
0.000000000000000000e+00
0.000000000000000000e+00
0.000000000000000000e+00
0.000000000000000000e+00
0.000000000000000000e+00
0.000000000000000000e+00
0.000000000000000000e+00
0.000000000000000000e+00
0.000000000000000000e+00
0.000000000000000000e+00
0.000000000000000000e+00
0.000000000000000000e+00
0.000000000000000000e+00
0.000000000000000000e+00
0.000000000000000000e+00
0.000000000000000000e+00
0.000000000000000000e+00
0.000000000000000000e+00
0.000000000000000000e+00
0.000000000000000000e+00
0.000000000000000000e+00
0.000000000000000000e+00
0.000000000000000000e+00
0.000000000000000000e+00
0.000000000000000000e+00
0.000000000000000000e+00
0.000000000000000000e+00
0.000000000000000000e+00
0.000000000000000000e+00
0.000000000000000000e+00
0.000000000000000000e+00
0.000000000000000000e+00
