# ee
4.532625153660774231e-02
7.133980840444564819e-02
7.704003155231475830e-02
6.520488858222961426e-02
4.565828293561935425e-02
2.755716070532798767e-02
1.550992485135793686e-02
9.614113718271255493e-03
7.579992525279521942e-03
6.958973594009876251e-03
6.384232081472873688e-03
5.525878164917230606e-03
4.766918253153562546e-03
4.395360127091407776e-03
4.445836413651704788e-03
4.764353390783071518e-03
5.129596218466758728e-03
5.474636331200599670e-03
5.866095423698425293e-03
6.420173682272434235e-03
7.245918270200490952e-03
8.334576152265071869e-03
9.642669931054115295e-03
1.115450263023376465e-02
1.285257842391729355e-02
1.472537871450185776e-02
1.676499284803867340e-02
1.898608729243278503e-02
2.139190211892127991e-02
2.395379543304443359e-02
2.667848579585552216e-02
2.954983338713645935e-02
3.263572603464126587e-02
3.597432747483253479e-02
3.959108144044876099e-02
4.346567392349243164e-02
4.755167663097381592e-02
5.187103897333145142e-02
5.646486952900886536e-02
6.136182695627212524e-02
6.655278801918029785e-02
7.201322168111801147e-02
7.772085070610046387e-02
8.365114778280258179e-02
8.981233090162277222e-02
9.621584415435791016e-02
1.028969362378120422e-01
1.098834425210952759e-01
1.172031983733177185e-01
1.248382478952407837e-01
1.327807605266571045e-01
1.410291194915771484e-01
1.495668739080429077e-01
1.583775281906127930e-01
1.674740165472030640e-01
1.768456995487213135e-01
1.864964663982391357e-01
1.964375972747802734e-01
2.066506892442703247e-01
2.171413004398345947e-01
2.279141694307327271e-01
2.389533668756484985e-01
2.502653300762176514e-01
2.618564367294311523e-01
2.737089693546295166e-01
2.858127653598785400e-01
2.981632351875305176e-01
3.107334971427917480e-01
3.235338628292083740e-01
3.365383744239807129e-01
3.497692942619323730e-01
3.632126450538635254e-01
3.768619000911712646e-01
3.907030820846557617e-01
4.047148227691650391e-01
4.188906848430633545e-01
4.332242310047149658e-01
4.477016329765319824e-01
4.623163938522338867e-01
4.770472049713134766e-01
4.919016659259796143e-01
5.068575143814086914e-01
5.219075679779052734e-01
5.370294451713562012e-01
5.522305369377136230e-01
5.674800872802734375e-01
5.827768445014953613e-01
5.980972051620483398e-01
6.134325861930847168e-01
6.287670731544494629e-01
6.440855860710144043e-01
6.593804359436035156e-01
6.746293306350708008e-01
6.898247599601745605e-01
7.049443125724792480e-01
7.199879884719848633e-01
7.349259853363037109e-01
7.497506737709045410e-01
7.644472122192382812e-01
7.790377736091613770e-01
7.934107780456542969e-01
8.076404929161071777e-01
8.216525912284851074e-01
8.355211019515991211e-01
8.491718173027038574e-01
8.625303506851196289e-01
8.757451176643371582e-01
8.886674642562866211e-01
9.012973308563232422e-01
9.137087464332580566e-01
9.257525801658630371e-01
9.375765323638916016e-01
9.490314126014709473e-01
9.601905941963195801e-01
9.709790945053100586e-01
9.813961386680603027e-01
9.915152192115783691e-01
1.001261353492736816e+00
1.010559439659118652e+00
1.019557118415832520e+00
1.028105378150939941e+00
1.036203265190124512e+00
1.043924212455749512e+00
1.051193356513977051e+00
1.058084130287170410e+00
1.064447045326232910e+00
1.070430278778076172e+00
1.075884103775024414e+00
1.080882430076599121e+00
1.085424065589904785e+00
1.089509010314941406e+00
1.093136548995971680e+00
1.096232056617736816e+00
1.098869204521179199e+00
1.100973606109619141e+00
1.102618932723999023e+00
1.103804707527160645e+00
1.104530572891235352e+00
1.104721784591674805e+00
1.104377985000610352e+00
1.103647351264953613e+00
1.102380752563476562e+00
1.100651979446411133e+00
1.098460793495178223e+00
1.095806717872619629e+00
1.092689275741577148e+00
1.089108109474182129e+00
1.085062623023986816e+00
1.080626964569091797e+00
1.075726270675659180e+00
1.070360064506530762e+00
1.064676523208618164e+00
1.058526635169982910e+00
1.051984190940856934e+00
1.045048952102661133e+00
1.037794709205627441e+00
1.030146479606628418e+00
1.022178411483764648e+00
1.013815760612487793e+00
1.005206704139709473e+00
9.962762594223022461e-01
9.870985746383666992e-01
9.775987863540649414e-01
9.679250717163085938e-01
9.580026865005493164e-01
9.478312730789184570e-01
9.375588893890380859e-01
9.270367026329040527e-01
9.164869189262390137e-01
9.057607054710388184e-01
8.949317932128906250e-01
8.839999437332153320e-01
8.731130361557006836e-01
8.621966838836669922e-01
8.512501716613769531e-01
8.403480052947998047e-01
8.295643925666809082e-01
8.188249468803405762e-01
8.082039952278137207e-01
7.977759838104248047e-01
7.875406742095947266e-01
7.774536013603210449e-01
7.676559686660766602e-01
7.581328749656677246e-01
7.489140033721923828e-01
7.400291562080383301e-01
7.315227389335632324e-01
7.234246730804443359e-01
7.157645225524902344e-01
7.085720896720886230e-01
7.018845081329345703e-01
6.957389116287231445e-01
6.901724338531494141e-01
6.852073669433593750e-01
6.808956861495971680e-01
6.772597432136535645e-01
6.743441224098205566e-01
6.721784472465515137e-01
6.707999110221862793e-01
6.702458858489990234e-01
6.705545186996459961e-01
6.717640757560729980e-01
6.739128828048706055e-01
6.770318746566772461e-01
6.811667680740356445e-01
6.863484978675842285e-01
6.926227807998657227e-01
7.000131011009216309e-01
7.085726857185363770e-01
7.183249592781066895e-01
7.293230891227722168e-01
7.415905594825744629e-01
7.551434040069580078e-01
7.701165676116943359e-01
7.864145636558532715e-01
8.041129708290100098e-01
8.232871890068054199e-01
8.439384102821350098e-01
8.661420941352844238e-01
8.898995518684387207e-01
9.152117371559143066e-01
9.422285556793212891e-01
9.708025455474853516e-01
1.001157760620117188e+00
1.033146858215332031e+00
1.066993832588195801e+00
1.102551341056823730e+00
1.139969110488891602e+00
1.179173946380615234e+00
1.220241427421569824e+00
1.263247013092041016e+00
1.308191776275634766e+00
1.355077028274536133e+00
1.403978228569030762e+00
1.454822063446044922e+00
1.507758498191833496e+00
1.562714457511901855e+00
1.619765281677246094e+00
1.678837776184082031e+00
1.740082025527954102e+00
1.803498744964599609e+00
1.869015216827392578e+00
1.936706781387329102e+00
2.006648778915405273e+00
2.078768014907836914e+00
2.153066158294677734e+00
2.229618310928344727e+00
2.308425664901733398e+00
2.389563560485839844e+00
2.472884893417358398e+00
2.558539628982543945e+00
2.646380424499511719e+00
2.736631631851196289e+00
2.829071760177612305e+00
2.923925638198852539e+00
3.020971059799194336e+00
3.120432853698730469e+00
3.222089529037475586e+00
3.326165199279785156e+00
3.432438611984252930e+00
3.541133880615234375e+00
3.652104139328002930e+00
3.765350580215454102e+00
3.880874872207641602e+00
3.998752593994140625e+00
4.118836402893066406e+00
4.241202354431152344e+00
4.365851402282714844e+00
4.492712020874023438e+00
4.621783733367919922e+00
4.753143310546875000e+00
4.886569499969482422e+00
5.022286415100097656e+00
5.160072326660156250e+00
5.300003051757812500e+00
5.442080020904541016e+00
5.586305141448974609e+00
5.732530593872070312e+00
5.880757808685302734e+00
6.031063556671142578e+00
6.183299541473388672e+00
6.337467193603515625e+00
6.493568897247314453e+00
6.651605129241943359e+00
6.811429023742675781e+00
6.973116397857666016e+00
7.136594772338867188e+00
7.301791191101074219e+00
7.468557357788085938e+00
7.637639522552490234e+00
7.807551383972167969e+00
7.979038238525390625e+00
8.152844429016113281e+00
8.327485084533691406e+00
8.503705024719238281e+00
8.680762290954589844e+00
8.860144615173339844e+00
9.040369033813476562e+00
9.221433639526367188e+00
9.404085159301757812e+00
9.587577819824218750e+00
9.772656440734863281e+00
9.958576202392578125e+00
1.014533615112304688e+01
1.033293533325195312e+01
1.052137470245361328e+01
1.071139430999755859e+01
1.090150928497314453e+01
1.109171772003173828e+01
1.128350543975830078e+01
1.147538471221923828e+01
1.166809844970703125e+01
1.186090373992919922e+01
1.205379962921142578e+01
1.224752807617187500e+01
1.244060134887695312e+01
1.263450622558593750e+01
1.282849884033203125e+01
1.302257633209228516e+01
1.321599769592285156e+01
1.340950393676757812e+01
1.360309505462646484e+01
1.379676914215087891e+01
1.398904228210449219e+01
1.418139553070068359e+01
1.437383079528808594e+01
1.456485939025878906e+01
1.475597000122070312e+01
1.494567298889160156e+01
1.513471317291259766e+01
1.532308673858642578e+01
1.551079368591308594e+01
1.569709205627441406e+01
1.588272380828857422e+01
1.606620025634765625e+01
1.624975204467773438e+01
1.643114662170410156e+01
1.661187171936035156e+01
1.679044151306152344e+01
1.696759414672851562e+01
1.714407539367675781e+01
1.731765556335449219e+01
1.749056053161621094e+01
1.766056251525878906e+01
1.782988929748535156e+01
1.799631118774414062e+01
1.816057014465332031e+01
1.832340812683105469e+01
1.848333930969238281e+01
1.864184761047363281e+01
1.879744529724121094e+01
1.895087242126464844e+01
1.910212707519531250e+01
1.925120353698730469e+01
1.939735794067382812e+01
1.954132843017578125e+01
1.968237113952636719e+01
1.982048225402832031e+01
1.995565795898437500e+01
2.008864021301269531e+01
2.021793937683105469e+01
2.034503746032714844e+01
2.046844482421875000e+01
2.058890533447265625e+01
2.070641326904296875e+01
2.082022094726562500e+01
2.093107223510742188e+01
2.103896141052246094e+01
2.114314460754394531e+01
2.124361801147460938e+01
2.134111976623535156e+01
2.143490600585937500e+01
2.152571678161621094e+01
2.161206245422363281e+01
2.169542503356933594e+01
2.177506256103515625e+01
2.185022354125976562e+01
2.192239570617675781e+01
2.199008750915527344e+01
2.205478286743164062e+01
2.211499404907226562e+01
2.217145729064941406e+01
2.222343063354492188e+01
2.227239418029785156e+01
2.231686210632324219e+01
2.235757255554199219e+01
2.239377975463867188e+01
2.242622184753417969e+01
2.245489883422851562e+01
2.247980880737304688e+01
2.250020027160644531e+01
2.251681900024414062e+01
2.252891540527343750e+01
2.253723144531250000e+01
2.254176521301269531e+01
2.254176712036132812e+01
2.253797912597656250e+01
2.252965736389160156e+01
2.251753997802734375e+01
2.250087928771972656e+01
2.248041915893554688e+01
2.245615577697753906e+01
2.242734718322753906e+01
2.239398765563964844e+01
2.235756492614746094e+01
2.231658935546875000e+01
2.227180290222167969e+01
2.222320365905761719e+01
2.217004585266113281e+01
2.211307144165039062e+01
2.205227851867675781e+01
2.198766517639160156e+01
2.191922950744628906e+01
2.184697151184082031e+01
2.177088546752929688e+01
2.169097328186035156e+01
2.160723114013671875e+01
2.151965904235839844e+01
2.142899513244628906e+01
2.133449745178222656e+01
2.123616218566894531e+01
2.113398933410644531e+01
2.102871894836425781e+01
2.091960716247558594e+01
2.080739402770996094e+01
2.069207763671875000e+01
2.057291603088378906e+01
2.045064544677734375e+01
2.032601165771484375e+01
2.019752502441406250e+01
2.006592750549316406e+01
1.993195724487304688e+01
1.979487228393554688e+01
1.965541458129882812e+01
1.951283645629882812e+01
1.936788177490234375e+01
1.921980285644531250e+01
1.906934547424316406e+01
1.891650390625000000e+01
1.876127624511718750e+01
1.860366249084472656e+01
1.844366073608398438e+01
1.828201103210449219e+01
1.811722755432128906e+01
1.795153427124023438e+01
1.778344726562500000e+01
1.761370468139648438e+01
1.744156265258789062e+01
1.726850509643554688e+01
1.709378814697265625e+01
1.691741561889648438e+01
1.673938751220703125e+01
1.656044960021972656e+01
1.637986183166503906e+01
1.619836807250976562e+01
1.601597404479980469e+01
1.583267784118652344e+01
1.564922904968261719e+01
1.546414375305175781e+01
1.527890777587890625e+01
1.509278106689453125e+01
1.490651035308837891e+01
1.472009849548339844e+01
1.453354549407958984e+01
1.434611415863037109e+01
1.415928936004638672e+01
1.397233390808105469e+01
1.378524875640869141e+01
1.359877777099609375e+01
1.341292476654052734e+01
1.322769451141357422e+01
1.304308605194091797e+01
1.285910320281982422e+01
1.267574882507324219e+01
1.249376678466796875e+01
1.231316089630126953e+01
1.213319110870361328e+01
1.195460128784179688e+01
1.177739620208740234e+01
1.160157489776611328e+01
1.142714309692382812e+01
1.125484371185302734e+01
1.108393859863281250e+01
1.091517066955566406e+01
1.074854469299316406e+01
1.058406257629394531e+01
1.042098236083984375e+01
1.026079368591308594e+01
1.010275650024414062e+01
9.947614669799804688e+00
9.794628143310546875e+00
9.643800735473632812e+00
9.496619224548339844e+00
9.351600646972656250e+00
9.210234642028808594e+00
9.071779251098632812e+00
8.935493469238281250e+00
8.803609848022460938e+00
8.673901557922363281e+00
8.548600196838378906e+00
8.426224708557128906e+00
8.307522773742675781e+00
8.191755294799804688e+00
8.080413818359375000e+00
7.972759246826171875e+00
7.868798255920410156e+00
7.769351482391357422e+00
7.673606872558593750e+00
7.582014560699462891e+00
7.494505405426025391e+00
7.411306381225585938e+00
7.332423210144042969e+00
7.257934570312500000e+00
7.187920093536376953e+00
7.122383594512939453e+00
7.061479091644287109e+00
7.005136013031005859e+00
6.953583717346191406e+00
6.906676769256591797e+00
6.864644527435302734e+00
6.827490329742431641e+00
6.795293807983398438e+00
6.767985820770263672e+00
6.745718955993652344e+00
6.728498935699462891e+00
6.716329097747802734e+00
6.709215641021728516e+00
6.707385540008544922e+00
6.710694789886474609e+00
6.719148635864257812e+00
6.732974529266357422e+00
6.751954555511474609e+00
6.776316165924072266e+00
6.805990219116210938e+00
6.840981006622314453e+00
6.881367206573486328e+00
6.927080154418945312e+00
6.978199005126953125e+00
7.034801959991455078e+00
7.096745967864990234e+00
7.164109230041503906e+00
7.236897468566894531e+00
7.315189361572265625e+00
7.398840904235839844e+00
7.487856864929199219e+00
7.582391262054443359e+00
7.682596206665039062e+00
7.787809371948242188e+00
7.898405551910400391e+00
8.014389991760253906e+00
8.135765075683593750e+00
8.261788368225097656e+00
8.393951416015625000e+00
8.531510353088378906e+00
8.673724174499511719e+00
8.821339607238769531e+00
8.974357604980468750e+00
9.132038116455078125e+00
9.295125961303710938e+00
9.462879180908203125e+00
9.636043548583984375e+00
9.813879013061523438e+00
9.996386528015136719e+00
1.018431186676025391e+01
1.037691307067871094e+01
1.057345008850097656e+01
1.077540969848632812e+01
1.098205375671386719e+01
1.119263839721679688e+01
1.140865421295166016e+01
1.162861537933349609e+01
1.185252475738525391e+01
1.208112621307373047e+01
1.231368064880371094e+01
1.255018901824951172e+01
1.279139709472656250e+01
1.303582096099853516e+01
1.328494834899902344e+01
1.353729534149169922e+01
1.379360485076904297e+01
1.405313873291015625e+01
1.431664371490478516e+01
1.458337402343750000e+01
1.485333538055419922e+01
1.512652778625488281e+01
1.540295505523681641e+01
1.568261718750000000e+01
1.596551895141601562e+01
1.625091743469238281e+01
1.653955650329589844e+01
1.682995605468750000e+01
1.712360000610351562e+01
1.741975212097167969e+01
1.771766662597656250e+01
1.801883506774902344e+01
1.832102775573730469e+01
1.862573623657226562e+01
1.893221473693847656e+01
1.924121284484863281e+01
1.955124473571777344e+01
1.986230278015136719e+01
2.017587089538574219e+01
2.049045753479003906e+01
2.080605888366699219e+01
2.112266349792480469e+01
2.144027328491210938e+01
2.175887870788574219e+01
2.207773399353027344e+01
2.239757537841796875e+01
2.271765518188476562e+01
2.303796577453613281e+01
2.335850715637207031e+01
2.367926979064941406e+01
2.399950599670410156e+01
2.431995391845703125e+01
2.463986396789550781e+01
2.495997810363769531e+01
2.527880096435546875e+01
2.559707069396972656e+01
2.591478347778320312e+01
2.623193359375000000e+01
2.654702949523925781e+01
2.686155128479003906e+01
2.717475318908691406e+01
2.748662567138671875e+01
2.779642295837402344e+01
2.810488510131835938e+01
2.841200256347656250e+01
2.871628570556640625e+01
2.901921844482421875e+01
2.931930160522460938e+01
2.961802291870117188e+01
2.991314697265625000e+01
3.020615386962890625e+01
3.049703788757324219e+01
3.078430747985839844e+01
3.106944465637207031e+01
3.135095787048339844e+01
3.162958145141601562e+01
3.190531349182128906e+01
3.217666244506835938e+01
3.244585418701171875e+01
3.271064758300781250e+01
3.297178649902343750e+01
3.322926330566406250e+01
3.348233413696289062e+01
3.373173141479492188e+01
3.397670364379882812e+01
3.421725463867187500e+01
3.445412063598632812e+01
3.468654251098632812e+01
3.491378402709960938e+01
3.513732147216796875e+01
3.535565948486328125e+01
3.556953811645507812e+01
3.577894973754882812e+01
3.598315048217773438e+01
3.618287277221679688e+01
3.637662887573242188e+01
3.656589508056640625e+01
3.674992370605468750e+01
3.692871093750000000e+01
3.710150146484375000e+01
3.726978683471679688e+01
3.743206405639648438e+01
3.758833694458007812e+01
3.774007797241210938e+01
3.788505554199218750e+01
3.802475357055664062e+01
3.815916061401367188e+01
3.828678894042968750e+01
3.840911483764648438e+01
3.852539062500000000e+01
3.863561630249023438e+01
3.873977661132812500e+01
3.883787536621093750e+01
3.892990112304687500e+01
3.901584243774414062e+01
3.909570693969726562e+01
3.916873931884765625e+01
3.923567581176757812e+01
3.929650878906250000e+01
3.935049438476562500e+01
3.939836883544921875e+01
3.944012451171875000e+01
3.947500991821289062e+01
3.950376892089843750e+01
3.952565383911132812e+01
3.954213714599609375e+01
3.955173110961914062e+01
3.955517196655273438e+01
3.955245590209960938e+01
3.954283142089843750e+01
3.952778244018554688e+01
3.950581359863281250e+01
3.947766494750976562e+01
3.944258499145507812e+01
3.940205764770507812e+01
3.935458755493164062e+01
3.930091476440429688e+01
3.924103546142578125e+01
3.917494583129882812e+01
3.910338592529296875e+01
3.902486801147460938e+01
3.894013214111328125e+01
3.884991836547851562e+01
3.875347900390625000e+01
3.865155410766601562e+01
3.854339981079101562e+01
3.842901611328125000e+01
3.830913543701171875e+01
3.818376159667968750e+01
3.805289077758789062e+01
3.791576766967773438e+01
3.777314758300781250e+01
3.762501907348632812e+01
3.747137832641601562e+01
3.731222152709960938e+01
3.714755630493164062e+01
3.697810745239257812e+01
3.680313873291015625e+01
3.662339019775390625e+01
3.643885803222656250e+01
3.624879074096679688e+01
3.605467987060546875e+01
3.585577392578125000e+01
3.565207290649414062e+01
3.544356918334960938e+01
3.523101425170898438e+01
3.501364517211914062e+01
3.479296112060546875e+01
3.456746292114257812e+01
3.433789062500000000e+01
3.410425186157226562e+01
3.386653137207031250e+01
3.362548065185546875e+01
3.338108444213867188e+01
3.313260650634765625e+01
3.288078308105468750e+01
3.262561035156250000e+01
3.236782836914062500e+01
3.210669708251953125e+01
3.184220695495605469e+01
3.157509994506835938e+01
3.130537414550781250e+01
3.103302574157714844e+01
3.075879478454589844e+01
3.048119163513183594e+01
3.020170402526855469e+01
2.992032432556152344e+01
2.963706016540527344e+01
2.935117149353027344e+01
2.906415176391601562e+01
2.877526473999023438e+01
2.848525428771972656e+01
2.819412994384765625e+01
2.790114784240722656e+01
2.760706520080566406e+01
2.731262397766113281e+01
2.701708793640136719e+01
2.672120666503906250e+01
2.642498588562011719e+01
2.612842750549316406e+01
2.583079910278320312e+01
2.553358650207519531e+01
2.523679733276367188e+01
2.493969535827636719e+01
2.464228439331054688e+01
2.434605598449707031e+01
2.405027389526367188e+01
2.375494194030761719e+01
2.346080970764160156e+01
2.316787910461425781e+01
2.287541770935058594e+01
2.258491325378417969e+01
2.229562759399414062e+01
2.200756835937500000e+01
2.172148323059082031e+01
2.143663406372070312e+01
2.115451431274414062e+01
2.087363815307617188e+01
2.059550285339355469e+01
2.031936645507812500e+01
2.004523849487304688e+01
1.977386474609375000e+01
1.950524902343750000e+01
1.923865509033203125e+01
1.897557640075683594e+01
1.871527099609375000e+01
1.845774841308593750e+01
1.820375442504882812e+01
1.795329666137695312e+01
1.770637702941894531e+01
1.746300315856933594e+01
1.722392654418945312e+01
1.698765945434570312e+01
1.675644111633300781e+01
1.652878952026367188e+01
1.630470848083496094e+01
1.608569526672363281e+01
1.587026786804199219e+01
1.565918254852294922e+01
1.545245170593261719e+01
1.525082492828369141e+01
1.505282974243164062e+01
1.486070728302001953e+01
1.467297840118408203e+01
1.449114418029785156e+01
1.431372547149658203e+01
1.414147758483886719e+01
1.397515583038330078e+01
1.381328105926513672e+01
1.365735244750976562e+01
1.350663852691650391e+01
1.336189174652099609e+01
1.322163677215576172e+01
1.308811473846435547e+01
1.295984840393066406e+01
1.283759212493896484e+01
1.272061443328857422e+01
1.261041164398193359e+01
1.250550746917724609e+01
1.240740013122558594e+01
1.231461334228515625e+01
1.222864437103271484e+01
1.214876079559326172e+01
1.207497310638427734e+01
1.200729179382324219e+01
1.194647216796875000e+01
1.189103698730468750e+01
1.184248352050781250e+01
1.180082321166992188e+01
1.176457977294921875e+01
1.173599338531494141e+01
1.171284675598144531e+01
1.169737720489501953e+01
1.168811225891113281e+01
1.168505954742431641e+01
1.168897628784179688e+01
1.169912719726562500e+01
1.171552467346191406e+01
1.173892116546630859e+01
1.176858615875244141e+01
1.180452919006347656e+01
1.184750270843505859e+01
1.189677810668945312e+01
1.195236206054687500e+01
1.201501083374023438e+01
1.208399105072021484e+01
1.216005516052246094e+01
1.224246215820312500e+01
1.233121490478515625e+01
1.242631149291992188e+01
1.252775478363037109e+01
1.263554573059082031e+01
1.274968433380126953e+01
1.287017154693603516e+01
1.299552249908447266e+01
1.312796783447265625e+01
1.326602172851562500e+01
1.341042804718017578e+01
1.356044387817382812e+01
1.371607208251953125e+01
1.387805652618408203e+01
1.404639720916748047e+01
1.421960735321044922e+01
1.439917755126953125e+01
1.458436393737792969e+01
1.477516651153564453e+01
1.497084426879882812e+01
1.517214202880859375e+01
1.537905693054199219e+01
1.559085178375244141e+01
1.580752468109130859e+01
1.602982139587402344e+01
1.625625419616699219e+01
1.648756790161132812e+01
1.672376441955566406e+01
1.696410179138183594e+01
1.720858001708984375e+01
1.745794296264648438e+01
1.771219062805175781e+01
1.796984100341796875e+01
1.823163604736328125e+01
1.849831962585449219e+01
1.876840972900390625e+01
1.904264450073242188e+01
1.932028388977050781e+01
1.960207366943359375e+01
1.988727188110351562e+01
2.017513275146484375e+01
2.046714973449707031e+01
2.076183128356933594e+01
2.105992317199707031e+01
2.136068534851074219e+01
2.166486167907714844e+01
2.197096443176269531e+01
2.227973747253417969e+01
2.259118461608886719e+01
2.290456008911132812e+01
2.321986007690429688e+01
2.353707504272460938e+01
2.385619735717773438e+01
2.417721939086914062e+01
2.450013732910156250e+01
2.482419395446777344e+01
2.514938926696777344e+01
2.547570991516113281e+01
2.580389595031738281e+01
2.613244819641113281e+01
2.646210861206054688e+01
2.679212379455566406e+01
2.712322807312011719e+01
2.745392799377441406e+01
2.778570365905761719e+01
2.811780166625976562e+01
2.844947814941406250e+01
2.878146171569824219e+01
2.911300659179687500e+01
2.944410324096679688e+01
2.977474212646484375e+01
3.010417556762695312e+01
3.043388175964355469e+01
3.076162338256835938e+01
3.108962059020996094e+01
3.141563987731933594e+01
3.174041748046875000e+01
3.206393814086914062e+01
3.238546371459960938e+01
3.270571899414062500e+01
3.302396011352539062e+01
3.334017944335937500e+01
3.365510177612304688e+01
3.396650695800781250e+01
3.427660369873046875e+01
3.458390426635742188e+01
3.488840103149414062e+01
3.519008636474609375e+01
3.548895263671875000e+01
3.578498840332031250e+01
3.607819366455078125e+01
3.636781311035156250e+01
3.665383911132812500e+01
3.693626403808593750e+01
3.721582412719726562e+01
3.749102783203125000e+01
3.776335144042968750e+01
3.803056335449218750e+01
3.829487228393554688e+01
3.855479812622070312e+01
3.881033325195312500e+01
3.906146621704101562e+01
3.930820083618164062e+01
3.955052185058593750e+01
3.978769302368164062e+01
4.002043914794921875e+01
4.024876403808593750e+01
4.047192001342773438e+01
4.069064331054687500e+01
4.090417861938476562e+01
4.111253356933593750e+01
4.131569671630859375e+01
4.151366043090820312e+01
4.170642089843750000e+01
4.189397811889648438e+01
4.207632446289062500e+01
4.225270843505859375e+01
4.242387008666992188e+01
4.258906173706054688e+01
4.274902343750000000e+01
4.290300369262695312e+01
4.305099868774414062e+01
4.319374465942382812e+01
4.333049774169921875e+01
4.346051025390625000e+01
4.358525848388671875e+01
4.370399475097656250e+01
4.381671524047851562e+01
4.392341613769531250e+01
4.402334976196289062e+01
4.411799621582031250e+01
4.420586395263671875e+01
4.428843307495117188e+01
4.436421203613281250e+01
4.443394088745117188e+01
4.449687194824218750e+01
4.455374145507812500e+01
4.460454559326171875e+01
4.464927673339843750e+01
4.468719100952148438e+01
4.471828079223632812e+01
4.474328231811523438e+01
4.476219940185546875e+01
4.477426910400390625e+01
4.477950286865234375e+01
4.477936553955078125e+01
4.477163314819335938e+01
4.475852966308593750e+01
4.473856353759765625e+01
4.471172332763671875e+01
4.467874908447265625e+01
4.463963317871093750e+01
4.459362030029296875e+01
4.454144668579101562e+01
4.448236083984375000e+01
4.441709518432617188e+01
4.434564590454101562e+01
4.426874160766601562e+01
4.418563842773437500e+01
4.409706115722656250e+01
4.400226211547851562e+01
4.390197753906250000e+01
4.379619979858398438e+01
4.368417358398437500e+01
4.356663513183593750e+01
4.344357681274414062e+01
4.331349945068359375e+01
4.317862701416015625e+01
4.303672409057617188e+01
4.289001083374023438e+01
4.273698806762695312e+01
4.257839202880859375e+01
4.241421508789062500e+01
4.224518966674804688e+01
4.207056808471679688e+01
4.189108276367187500e+01
4.170598220825195312e+01
4.151599884033203125e+01
4.132112503051757812e+01
4.112135314941406250e+01
4.091667556762695312e+01
4.070708084106445312e+01
4.049330520629882812e+01
4.027459716796875000e+01
4.005169296264648438e+01
3.982457733154296875e+01
3.959325027465820312e+01
3.935769271850585938e+01
3.911790847778320312e+01
3.887462234497070312e+01
3.862709045410156250e+01
3.837529373168945312e+01
3.811923599243164062e+01
3.786038208007812500e+01
3.759650802612304688e+01
3.732907867431640625e+01
3.705809020996093750e+01
3.678353881835937500e+01
3.650540924072265625e+01
3.622444152832031250e+01
3.593989562988281250e+01
3.565327072143554688e+01
3.536307907104492188e+01
3.507156372070312500e+01
3.477724838256835938e+01
3.448014068603515625e+01
3.418172836303710938e+01
3.388053512573242188e+01
3.357731628417968750e+01
3.327281570434570312e+01
3.296630477905273438e+01
3.265778350830078125e+01
3.234801483154296875e+01
3.203625106811523438e+01
3.172399139404296875e+01
3.141049957275390625e+01
3.109504127502441406e+01
3.077985191345214844e+01
3.046271324157714844e+01
3.014585685729980469e+01
2.982780647277832031e+01
2.950931739807128906e+01
2.919113540649414062e+01
2.887252235412597656e+01
2.855349540710449219e+01
2.823479652404785156e+01
2.791644096374511719e+01
2.759768676757812500e+01
2.728002929687500000e+01
2.696347618103027344e+01
2.664655494689941406e+01
2.633074951171875000e+01
2.601607513427734375e+01
2.570253562927246094e+01
2.539014244079589844e+01
2.507889747619628906e+01
2.476881599426269531e+01
2.446064186096191406e+01
2.415364265441894531e+01
2.384782600402832031e+01
2.354468727111816406e+01
2.324348831176757812e+01
2.294349479675292969e+01
2.264694595336914062e+01
2.235161399841308594e+01
2.205900001525878906e+01
2.176910781860351562e+01
2.148194694519042969e+01
2.119752502441406250e+01
2.091510391235351562e+01
2.063618087768554688e+01
2.036002540588378906e+01
2.008738517761230469e+01
1.981752967834472656e+01
1.955046653747558594e+01
1.928769111633300781e+01
1.902773094177246094e+01
1.877133178710937500e+01
1.851851081848144531e+01
1.827001380920410156e+01
1.802511215209960938e+01
1.778381156921386719e+01
1.754612350463867188e+01
1.731280136108398438e+01
1.708385276794433594e+01
1.685854530334472656e+01
1.663837432861328125e+01
1.642186164855957031e+01
1.620976257324218750e+01
1.600208473205566406e+01
1.579883766174316406e+01
1.560077571868896484e+01
1.540716361999511719e+01
1.521801090240478516e+01
1.503332805633544922e+01
1.485386562347412109e+01
1.467963504791259766e+01
1.450990200042724609e+01
1.434541893005371094e+01
1.418545246124267578e+01
1.403075695037841797e+01
1.388208198547363281e+01
1.373720836639404297e+01
1.359837722778320312e+01
1.346485137939453125e+01
1.333589935302734375e+01
1.321301746368408203e+01
1.309472751617431641e+01
1.298252582550048828e+01
1.287493610382080078e+01
1.277345371246337891e+01
1.267734432220458984e+01
1.258587551116943359e+01
1.250054168701171875e+01
1.242061042785644531e+01
1.234609031677246094e+01
1.227699089050292969e+01
1.221332168579101562e+01
1.215583610534667969e+01
1.210305690765380859e+01
1.205573177337646484e+01
1.201460838317871094e+01
1.197820758819580078e+01
1.194801712036132812e+01
1.192255973815917969e+01
1.190258026123046875e+01
1.188882827758789062e+01
1.187982177734375000e+01
1.187631130218505859e+01
1.187829780578613281e+01
1.188504600524902344e+01
1.189804553985595703e+01
1.191581726074218750e+01
1.193910694122314453e+01
1.196717643737792969e+01
1.200077629089355469e+01
1.203916454315185547e+01
1.208309364318847656e+01
1.213182163238525391e+01
1.218535614013671875e+01
1.224444293975830078e+01
1.230834579467773438e+01
1.237632560729980469e+01
1.244987392425537109e+01
1.252825260162353516e+01
1.261146545410156250e+01
1.269877529144287109e+01
1.279167461395263672e+01
1.288867950439453125e+01
1.298979759216308594e+01
1.309577465057373047e+01
1.320587348937988281e+01
1.332009887695312500e+01
1.343919849395751953e+01
1.356243515014648438e+01
1.368981361389160156e+01
1.382059478759765625e+01
1.395552921295166016e+01
1.409461688995361328e+01
1.423786926269531250e+01
1.438454341888427734e+01
1.453464508056640625e+01
1.468892288208007812e+01
1.484663867950439453e+01
1.500779914855957031e+01
1.517166328430175781e+01
1.533972358703613281e+01
1.551049709320068359e+01
1.568473625183105469e+01
1.586169528961181641e+01
1.604137802124023438e+01
1.622451782226562500e+01
1.641037178039550781e+01
1.659818840026855469e+01
1.678945350646972656e+01
1.698267364501953125e+01
1.717859077453613281e+01
1.737645721435546875e+01
1.757626724243164062e+01
1.777875900268554688e+01
1.798318672180175781e+01
1.818880271911621094e+01
1.839709091186523438e+01
1.860655975341796875e+01
1.881794548034667969e+01
1.903050613403320312e+01
1.924497413635253906e+01
1.945986557006835938e+01
1.967665863037109375e+01
1.989386367797851562e+01
2.011296463012695312e+01
2.033246803283691406e+01
2.055237197875976562e+01
2.077341270446777344e+01
2.099484634399414062e+01
2.121666717529296875e+01
2.143887329101562500e+01
2.166145515441894531e+01
2.188441276550292969e+01
2.210699844360351562e+01
2.232995223999023438e+01
2.255326652526855469e+01
2.277545356750488281e+01
2.299799346923828125e+01
2.321939849853515625e+01
2.344114875793457031e+01
2.366175651550292969e+01
2.388121223449707031e+01
2.410025978088378906e+01
2.431889343261718750e+01
2.453636550903320312e+01
2.475193023681640625e+01
2.496706771850585938e+01
2.518103027343750000e+01
2.539307403564453125e+01
2.560393524169921875e+01
2.581286621093750000e+01
2.602060890197753906e+01
2.622641372680664062e+01
2.643027496337890625e+01
2.663218498229980469e+01
2.683213615417480469e+01
2.703011894226074219e+01
2.722612190246582031e+01
2.741939926147460938e+01
2.761067771911621094e+01
2.779920768737792969e+01
2.798572158813476562e+01
2.816947174072265625e+01
2.835118865966796875e+01
2.852937698364257812e+01
2.870477294921875000e+01
2.887810707092285156e+01
2.904789161682128906e+01
2.921485137939453125e+01
2.937823677062988281e+01
2.953952789306640625e+01
2.969648742675781250e+01
2.985058403015136719e+01
3.000182151794433594e+01
3.014943504333496094e+01
3.029342269897460938e+01
3.043377304077148438e+01
3.057122230529785156e+01
3.070427513122558594e+01
3.083440208435058594e+01
3.096011734008789062e+01
3.108289337158203125e+01
3.120123481750488281e+01
3.131587791442871094e+01
3.142606544494628906e+01
3.153253746032714844e+01
3.163528251647949219e+01
3.173428726196289062e+01
3.182806587219238281e+01
3.191882705688476562e+01
3.200434112548828125e+01
3.208682632446289062e+01
3.216404342651367188e+01
3.223747253417968750e+01
3.230635833740234375e+01
3.237142944335937500e+01
3.243194198608398438e+01
3.248788452148437500e+01
3.253999328613281250e+01
3.258751296997070312e+01
3.263043212890625000e+01
3.266875076293945312e+01
3.270244979858398438e+01
3.273226547241210938e+01
3.275745391845703125e+01
3.277800750732421875e+01
3.279391860961914062e+01
3.280518341064453125e+01
3.281253814697265625e+01
3.281523513793945312e+01
3.281327056884765625e+01
3.280663299560546875e+01
3.279606628417968750e+01
3.278081893920898438e+01
3.276088714599609375e+01
3.273700714111328125e+01
3.270843124389648438e+01
3.267589187622070312e+01
3.263864898681640625e+01
3.259743499755859375e+01
3.255149841308593750e+01
3.250084304809570312e+01
3.244619369506835938e+01
3.238755798339843750e+01
3.232417678833007812e+01
3.225679397583007812e+01
3.218540573120117188e+01
3.210999679565429688e+01
3.203056716918945312e+01
3.194711685180664062e+01
3.185963249206542969e+01
3.176811027526855469e+01
3.167254638671875000e+01
3.157293510437011719e+01
3.147001457214355469e+01
3.136303329467773438e+01
3.125272750854492188e+01
3.113835334777832031e+01
3.101990509033203125e+01
3.089811897277832031e+01
3.077298736572265625e+01
3.064376258850097656e+01
3.051118278503417969e+01
3.037598991394042969e+01
3.023668289184570312e+01
3.009400749206542969e+01
2.994795227050781250e+01
2.979925918579101562e+01
2.964717674255371094e+01
2.949170112609863281e+01
2.933282852172851562e+01
2.917128944396972656e+01
2.900708770751953125e+01
2.883946800231933594e+01
2.866917800903320312e+01
2.849696540832519531e+01
2.832134628295898438e+01
2.814306259155273438e+01
2.796286392211914062e+01
2.778000831604003906e+01
2.759449958801269531e+01
2.740708160400390625e+01
2.721776008605957031e+01
2.702579307556152344e+01
2.683192443847656250e+01
2.663615989685058594e+01
2.643850135803222656e+01
2.623895263671875000e+01
2.603825569152832031e+01
2.583493041992187500e+01
2.563120841979980469e+01
2.542486190795898438e+01
2.521812438964843750e+01
2.500951004028320312e+01
2.479977035522460938e+01
2.458889961242675781e+01
2.437690734863281250e+01
2.416379356384277344e+01
2.395030403137207031e+01
2.373569869995117188e+01
2.351998138427734375e+01
2.330463981628417969e+01
2.308744812011718750e+01
2.287063789367675781e+01
2.265346717834472656e+01
2.243519973754882812e+01
2.221731948852539062e+01
2.199834632873535156e+01
2.177976799011230469e+01
2.156158828735351562e+01
2.134306526184082031e+01
2.112494468688964844e+01
2.090723228454589844e+01
2.068918418884277344e+01
2.047154808044433594e+01
2.025506782531738281e+01
2.003900718688964844e+01
1.982262229919433594e+01
1.960814476013183594e+01
1.939335060119628906e+01
1.917972755432128906e+01
1.896727752685546875e+01
1.875600242614746094e+01
1.854516601562500000e+01
1.833551788330078125e+01
1.812706184387207031e+01
1.792055511474609375e+01
1.771451568603515625e+01
1.751043510437011719e+01
1.730758476257324219e+01
1.710596847534179688e+01
1.690633773803710938e+01
1.670795631408691406e+01
1.651157760620117188e+01
1.631720924377441406e+01
1.612485885620117188e+01
1.593453216552734375e+01
1.574549674987792969e+01
1.555924606323242188e+01
1.537430191040039062e+01
1.519215869903564453e+01
1.501208019256591797e+01
1.483481788635253906e+01
1.465963649749755859e+01
1.448654365539550781e+01
1.431629276275634766e+01
1.414888954162597656e+01
1.398359775543212891e+01
1.382117176055908203e+01
1.366161632537841797e+01
1.350419807434082031e+01
1.335041141510009766e+01
1.319877719879150391e+01
1.305004596710205078e+01
1.290497016906738281e+01
1.276207160949707031e+01
1.262284278869628906e+01
1.248580646514892578e+01
1.235245704650878906e+01
1.222280120849609375e+01
1.209536170959472656e+01
1.197163391113281250e+01
1.185088062286376953e+01
1.173311042785644531e+01
1.161907386779785156e+01
1.150878047943115234e+01
1.140075016021728516e+01
1.129722213745117188e+01
1.119597244262695312e+01
1.109924125671386719e+01
1.100554752349853516e+01
1.091490077972412109e+01
1.082805252075195312e+01
1.074500942230224609e+01
1.066503429412841797e+01
1.058887577056884766e+01
1.051579666137695312e+01
1.044654464721679688e+01
1.038112735748291016e+01
1.031880569458007812e+01
1.026032733917236328e+01
1.020495700836181641e+01
1.015418529510498047e+01
1.010578918457031250e+01
1.006200218200683594e+01
1.002134418487548828e+01
9.983819961547851562e+00
9.950180053710937500e+00
9.920430183410644531e+00
9.893829345703125000e+00
9.871129989624023438e+00
9.851592063903808594e+00
9.835223197937011719e+00
9.822770118713378906e+00
9.814239501953125000e+00
9.808893203735351562e+00
9.806736946105957031e+00
9.807776451110839844e+00
9.812760353088378906e+00
9.820950508117675781e+00
9.832353591918945312e+00
9.847717285156250000e+00
9.866304397583007812e+00
9.887377738952636719e+00
9.912427902221679688e+00
9.940718650817871094e+00
9.972254753112792969e+00
1.000629806518554688e+01
1.004434204101562500e+01
1.008490371704101562e+01
1.012947750091552734e+01
1.017658138275146484e+01
1.022622013092041016e+01
1.027914428710937500e+01
1.033535861968994141e+01
1.039412403106689453e+01
1.045619106292724609e+01
1.052082157135009766e+01
1.058876323699951172e+01
1.065853691101074219e+01
1.073163318634033203e+01
1.080731582641601562e+01
1.088558959960937500e+01
1.096645832061767578e+01
1.104992294311523438e+01
1.113598060607910156e+01
1.122463226318359375e+01
1.131513309478759766e+01
1.140822315216064453e+01
1.150390243530273438e+01
1.160142803192138672e+01
1.170079612731933594e+01
1.180274868011474609e+01
1.190654373168945312e+01
1.201217842102050781e+01
1.212039566040039062e+01
1.222970581054687500e+01
1.234159660339355469e+01
1.245457839965820312e+01
1.256939411163330078e+01
1.268604278564453125e+01
1.280377864837646484e+01
1.292334461212158203e+01
1.304473972320556641e+01
1.316722011566162109e+01
1.329078197479248047e+01
1.341617012023925781e+01
1.354263782501220703e+01
1.367018604278564453e+01
1.379806804656982422e+01
1.392777156829833984e+01
1.405854988098144531e+01
1.418966007232666016e+01
1.432184314727783203e+01
1.445509815216064453e+01
1.458868217468261719e+01
1.472333431243896484e+01
1.485831165313720703e+01
1.499361419677734375e+01
1.512923812866210938e+01
1.526592636108398438e+01
1.540219306945800781e+01
1.553877735137939453e+01
1.567642307281494141e+01
1.581364345550537109e+01
1.595043373107910156e+01
1.608828163146972656e+01
1.622495841979980469e+01
1.636194419860839844e+01
1.649924087524414062e+01
1.663610458374023438e+01
1.677253150939941406e+01
1.690852165222167969e+01
1.704407501220703125e+01
1.717918395996093750e+01
1.731384086608886719e+01
1.744804191589355469e+01
1.758178138732910156e+01
1.771430587768554688e+01
1.784635734558105469e+01
1.797792434692382812e+01
1.810751914978027344e+01
1.823736000061035156e+01
1.836521530151367188e+01
1.849256515502929688e+01
1.861865615844726562e+01
1.874422645568847656e+01
1.886778640747070312e+01
1.899007225036621094e+01
1.911107254028320312e+01
1.923153114318847656e+01
1.934920692443847656e+01
1.946632575988769531e+01
1.958139228820800781e+01
1.969514846801757812e+01
1.980758476257324219e+01
1.991794967651367188e+01
2.002698516845703125e+01
2.013319396972656250e+01
2.023880195617675781e+01
2.034231567382812500e+01
2.044298362731933594e+01
2.054303359985351562e+01
2.064022636413574219e+01
2.073604202270507812e+01
2.082898902893066406e+01
2.092054748535156250e+01
2.100996589660644531e+01
2.109649658203125000e+01
2.118161964416503906e+01
2.126458549499511719e+01
2.134464454650878906e+01
2.142253494262695312e+01
2.149824714660644531e+01
2.157177734375000000e+01
2.164237403869628906e+01
2.171077728271484375e+01
2.177697753906250000e+01
2.184022903442382812e+01
2.190126419067382812e+01
2.195933532714843750e+01
2.201518058776855469e+01
2.206879425048828125e+01
2.211942291259765625e+01
2.216706466674804688e+01
2.221245765686035156e+01
2.225484657287597656e+01
2.229497909545898438e+01
2.233209800720214844e+01
2.236694335937500000e+01
2.239876747131347656e+01
2.242756462097167969e+01
2.245407104492187500e+01
2.247754096984863281e+01
2.249796485900878906e+01
2.251608276367187500e+01
2.253114509582519531e+01
2.254388809204101562e+01
2.255356597900390625e+01
2.256091690063476562e+01
2.256518745422363281e+01
2.256637573242187500e+01
2.256521606445312500e+01
2.256096458435058594e+01
2.255435371398925781e+01
2.254463958740234375e+01
2.253255653381347656e+01
2.251735687255859375e+01
2.249977684020996094e+01
2.247906684875488281e+01
2.245596885681152344e+01
2.242972946166992188e+01
2.240109062194824219e+01
2.237004280090332031e+01
2.233583831787109375e+01
2.229921722412109375e+01
2.225942611694335938e+01
2.221795272827148438e+01
2.217255401611328125e+01
2.212545585632324219e+01
2.207591438293457031e+01
2.202317619323730469e+01
2.196798133850097656e+01
2.191032218933105469e+01
2.185019302368164062e+01
2.178833389282226562e+01
2.172325134277343750e+01
2.165568161010742188e+01
2.158562088012695312e+01
2.151380538940429688e+01
2.143874549865722656e+01
2.136191940307617188e+01
2.128258132934570312e+01
2.120146751403808594e+01
2.111709022521972656e+01
2.103093719482421875e+01
2.094300842285156250e+01
2.085255813598632812e+01
2.075959205627441406e+01
2.066559028625488281e+01
2.056832885742187500e+01
2.047003173828125000e+01
2.036921882629394531e+01
2.026662826538085938e+01
2.016226387023925781e+01
2.005612373352050781e+01
1.994746398925781250e+01
1.983777236938476562e+01
1.972630500793457031e+01
1.961306381225585938e+01
1.949804496765136719e+01
1.938125419616699219e+01
1.926342964172363281e+01
1.914383125305175781e+01
1.902245712280273438e+01
1.890005111694335938e+01
1.877661323547363281e+01
1.865139961242675781e+01
1.852441406250000000e+01
1.839713859558105469e+01
1.826808929443359375e+01
1.813875198364257812e+01
1.800763893127441406e+01
1.787549591064453125e+01
1.774232292175292969e+01
1.760886001586914062e+01
1.747362327575683594e+01
1.733809852600097656e+01
1.720154380798339844e+01
1.706395721435546875e+01
1.692608451843261719e+01
1.678792572021484375e+01
1.664798927307128906e+01
1.650851058959960938e+01
1.636800193786621094e+01
1.622720527648925781e+01
1.608612251281738281e+01
1.594400882720947266e+01
1.580235099792480469e+01
1.565966320037841797e+01
1.551668834686279297e+01
1.537417125701904297e+01
1.523062324523925781e+01
1.508753204345703125e+01
1.494415950775146484e+01
1.480125331878662109e+01
1.465733051300048828e+01
1.451462650299072266e+01
1.437166213989257812e+01
1.422843742370605469e+01
1.408570480346679688e+01
1.394346523284912109e+01
1.380098342895507812e+01
1.365974903106689453e+01
1.351827907562255859e+01
1.337732505798339844e+01
1.323688983917236328e+01
1.309697818756103516e+01
1.295759391784667969e+01
1.281874370574951172e+01
1.268117523193359375e+01
1.254340648651123047e+01
1.240692806243896484e+01
1.227174472808837891e+01
1.213637733459472656e+01
1.200231361389160156e+01
1.186956024169921875e+01
1.173737812042236328e+01
1.160651683807373047e+01
1.147623634338378906e+01
1.134728527069091797e+01
1.121966743469238281e+01
1.109264659881591797e+01
1.096696853637695312e+01
1.084263896942138672e+01
1.071966266632080078e+01
1.059804534912109375e+01
1.047778987884521484e+01
1.035815906524658203e+01
1.024064350128173828e+01
1.012450599670410156e+01
1.000975036621093750e+01
9.896382331848144531e+00
9.784403800964355469e+00
9.674566268920898438e+00
9.566130638122558594e+00
9.459100723266601562e+00
9.353481292724609375e+00
9.250020980834960938e+00
9.147980690002441406e+00
9.047366142272949219e+00
8.948925018310546875e+00
8.851918220520019531e+00
8.756351470947265625e+00
8.662973403930664062e+00
8.571785926818847656e+00
8.482053756713867188e+00
8.394523620605468750e+00
8.308457374572753906e+00
8.224232673645019531e+00
8.142001152038574219e+00
8.061694145202636719e+00
7.983315467834472656e+00
7.906945705413818359e+00
7.832441329956054688e+00
7.759953975677490234e+00
7.689416408538818359e+00
7.620831489562988281e+00
7.554279804229736328e+00
7.489691257476806641e+00
7.427219390869140625e+00
7.366720199584960938e+00
7.308198451995849609e+00
7.251809120178222656e+00
7.197407245635986328e+00
7.144996643066406250e+00
7.094732761383056641e+00
7.046469688415527344e+00
7.000215053558349609e+00
6.956120014190673828e+00
6.913967609405517578e+00
6.873910427093505859e+00
6.835955142974853516e+00
6.799955368041992188e+00
6.766066074371337891e+00
6.734218120574951172e+00
6.704416275024414062e+00
6.676664352416992188e+00
6.650894165039062500e+00
6.627183437347412109e+00
6.605463981628417969e+00
6.585814476013183594e+00
6.568165779113769531e+00
6.552448272705078125e+00
6.538740158081054688e+00
6.527047634124755859e+00
6.517227172851562500e+00
6.509430408477783203e+00
6.503589630126953125e+00
6.499634265899658203e+00
6.497570514678955078e+00
6.497475624084472656e+00
6.499207496643066406e+00
6.502843856811523438e+00
6.508312225341796875e+00
6.515613555908203125e+00
6.524748802185058594e+00
6.535644531250000000e+00
6.548375606536865234e+00
6.562795639038085938e+00
6.578904628753662109e+00
6.596777915954589844e+00
6.616267681121826172e+00
6.637449741363525391e+00
6.660250663757324219e+00
6.684670925140380859e+00
6.710638046264648438e+00
6.738152027130126953e+00
6.767139911651611328e+00
6.797677040100097656e+00
6.829689979553222656e+00
6.863180637359619141e+00
6.897998809814453125e+00
6.934297084808349609e+00
6.971851825714111328e+00
7.010812759399414062e+00
7.051032543182373047e+00
7.092512130737304688e+00
7.135252475738525391e+00
7.179180145263671875e+00
7.224295616149902344e+00
7.270526409149169922e+00
7.317948341369628906e+00
7.366411685943603516e+00
7.415919303894042969e+00
7.466692924499511719e+00
7.517993450164794922e+00
7.570265293121337891e+00
7.624253749847412109e+00
7.678472995758056641e+00
7.733666896820068359e+00
7.789837360382080078e+00
7.846241474151611328e+00
7.904366493225097656e+00
7.962728023529052734e+00
8.021326065063476562e+00
8.080904006958007812e+00
8.141464233398437500e+00
8.202264785766601562e+00
8.264048576354980469e+00
8.326073646545410156e+00
8.389084815979003906e+00
8.451596260070800781e+00
8.515094757080078125e+00
8.579577445983886719e+00
8.643555641174316406e+00
8.708511352539062500e+00
8.772955894470214844e+00
8.838372230529785156e+00
8.904014587402343750e+00
8.969135284423828125e+00
9.035219192504882812e+00
9.100774765014648438e+00
9.166543006896972656e+00
9.232522010803222656e+00
9.298706054687500000e+00
9.365094184875488281e+00
9.430939674377441406e+00
9.496981620788574219e+00
9.562473297119140625e+00
9.628156661987304688e+00
9.693284034729003906e+00
9.758595466613769531e+00
9.823345184326171875e+00
9.888272285461425781e+00
9.952630996704101562e+00
1.001641750335693359e+01
1.008037376403808594e+01
1.014375114440917969e+01
1.020654773712158203e+01
1.026875972747802734e+01
1.033038425445556641e+01
1.039216136932373047e+01
1.045260143280029297e+01
1.051318740844726562e+01
1.057243061065673828e+01
1.063181304931640625e+01
1.068984603881835938e+01
1.074801254272460938e+01
1.080482292175292969e+01
1.086101722717285156e+01
1.091584968566894531e+01
1.097080230712890625e+01
1.102438640594482422e+01
1.107734203338623047e+01
1.112966537475585938e+01
1.118061065673828125e+01
1.123091793060302734e+01
1.128058242797851562e+01
1.132886123657226562e+01
1.137574768066406250e+01
1.142272663116455078e+01
1.146756553649902344e+01
1.151248931884765625e+01
1.155526638031005859e+01
1.159737777709960938e+01
1.163881874084472656e+01
1.167884445190429688e+01
1.171744728088378906e+01
1.175536918640136719e+01
1.179186248779296875e+01
1.182692146301269531e+01
1.186128711700439453e+01
1.189421176910400391e+01
1.192568969726562500e+01
1.195646190643310547e+01
1.198503684997558594e+01
1.201289749145507812e+01
1.204003906250000000e+01
1.206497097015380859e+01
1.208917713165283203e+01
1.211190795898437500e+01
1.213316059112548828e+01
1.215367412567138672e+01
1.217195796966552734e+01
1.218949508666992188e+01
1.220553684234619141e+01
1.222007942199707031e+01
1.223386287689208984e+01
1.224539566040039062e+01
1.225616073608398438e+01
1.226541042327880859e+01
1.227314090728759766e+01
1.227934741973876953e+01
1.228477096557617188e+01
1.228791809082031250e+01
1.229027366638183594e+01
1.229108905792236328e+01
1.229110431671142578e+01
1.228882694244384766e+01
1.228574180603027344e+01
1.228110027313232422e+01
1.227489852905273438e+01
1.226787471771240234e+01
1.225854015350341797e+01
1.224837589263916016e+01
1.223663425445556641e+01
1.222405529022216797e+01
1.220989131927490234e+01
1.219413852691650391e+01
1.217679309844970703e+01
1.215785026550292969e+01
1.213804912567138672e+01
1.211738586425781250e+01
1.209437179565429688e+01
1.207049369812011719e+01
1.204500579833984375e+01
1.201865005493164062e+01
1.199068164825439453e+01
1.196184253692626953e+01
1.193138694763183594e+01
1.189931583404541016e+01
1.186636924743652344e+01
1.183254623413085938e+01
1.179710197448730469e+01
1.176077842712402344e+01
1.172283077239990234e+01
1.168400096893310547e+01
1.164354515075683594e+01
1.160220336914062500e+01
1.155997562408447266e+01
1.151611614227294922e+01
1.147211170196533203e+01
1.142647266387939453e+01
1.137919807434082031e+01
1.133177375793457031e+01
1.128271102905273438e+01
1.123275089263916016e+01
1.118189430236816406e+01
1.113013839721679688e+01
1.107748031616210938e+01
1.102392101287841797e+01
1.096945858001708984e+01
1.091409015655517578e+01
1.085781669616699219e+01
1.080063438415527344e+01
1.074254322052001953e+01
1.068354129791259766e+01
1.062362766265869141e+01
1.056354331970214844e+01
1.050254440307617188e+01
1.044062900543212891e+01
1.037853908538818359e+01
1.031478595733642578e+01
1.025085544586181641e+01
1.018674659729003906e+01
1.012171459197998047e+01
1.005575752258300781e+01
9.989617347717285156e+00
9.922549247741699219e+00
9.855294227600097656e+00
9.787109375000000000e+00
9.718736648559570312e+00
9.650173187255859375e+00
9.580678939819335938e+00
9.510997772216796875e+00
9.441132545471191406e+00
9.370341300964355469e+00
9.300112724304199219e+00
9.228963851928710938e+00
9.156895637512207031e+00
9.085395812988281250e+00
9.013723373413085938e+00
8.941137313842773438e+00
8.869126319885253906e+00
8.796206474304199219e+00
8.723864555358886719e+00
8.650617599487304688e+00
8.577953338623046875e+00
8.505130767822265625e+00
8.432152748107910156e+00
8.359019279479980469e+00
8.285733222961425781e+00
8.212965965270996094e+00
8.140050888061523438e+00
8.067212104797363281e+00
7.994451522827148438e+00
7.921846866607666016e+00
7.849323272705078125e+00
7.777034282684326172e+00
7.704979896545410156e+00
7.633014202117919922e+00
7.561361312866210938e+00
7.490025043487548828e+00
7.418856620788574219e+00
7.348082542419433594e+00
7.277630329132080078e+00
7.207500457763671875e+00
7.137697219848632812e+00
7.068369865417480469e+00
6.999372005462646484e+00
6.930853843688964844e+00
6.862743854522705078e+00
6.795117378234863281e+00
6.727977752685546875e+00
6.661325931549072266e+00
6.595164299011230469e+00
6.529568672180175781e+00
6.464541912078857422e+00
6.400084972381591797e+00
6.336275100708007812e+00
6.273039817810058594e+00
6.210380554199218750e+00
6.148448944091796875e+00
6.087172508239746094e+00
6.026555538177490234e+00
5.966600418090820312e+00
5.907384872436523438e+00
5.848837852478027344e+00
5.791110515594482422e+00
5.734057903289794922e+00
5.677831172943115234e+00
5.622360229492187500e+00
5.567646980285644531e+00
5.513769626617431641e+00
5.460731029510498047e+00
5.408534049987792969e+00
5.357182025909423828e+00
5.306678771972656250e+00
5.257026195526123047e+00
5.208228111267089844e+00
5.160362243652343750e+00
5.113357067108154297e+00
5.067289352416992188e+00
5.022162914276123047e+00
4.977906703948974609e+00
4.934597492218017578e+00
4.892239093780517578e+00
4.850834369659423828e+00
4.810386180877685547e+00
4.770898342132568359e+00
4.732373237609863281e+00
4.694814205169677734e+00
4.658298969268798828e+00
4.622681617736816406e+00
4.588114261627197266e+00
4.554599761962890625e+00
4.521992683410644531e+00
4.490444660186767578e+00
4.459884643554687500e+00
4.430315971374511719e+00
4.401815414428710938e+00
4.374312400817871094e+00
4.347884654998779297e+00
4.322385311126708984e+00
4.297967910766601562e+00
4.274559974670410156e+00
4.252164840698242188e+00
4.230785369873046875e+00
4.210425853729248047e+00
4.191088676452636719e+00
4.172776699066162109e+00
4.155567169189453125e+00
4.139240741729736328e+00
4.124022006988525391e+00
4.109763622283935547e+00
4.096541881561279297e+00
4.084283828735351562e+00
4.073065280914306641e+00
4.062813282012939453e+00
4.053604602813720703e+00
4.045291423797607422e+00
4.038024425506591797e+00
4.031655788421630859e+00
4.026262283325195312e+00
4.021844863891601562e+00
4.018331527709960938e+00
4.015797138214111328e+00
4.014170169830322266e+00
4.013525485992431641e+00
4.013716697692871094e+00
4.014819145202636719e+00
4.016834735870361328e+00
4.019690990447998047e+00
4.023463726043701172e+00
4.028079986572265625e+00
4.033541202545166016e+00
4.039923191070556641e+00
4.047005176544189453e+00
4.055011272430419922e+00
4.063794612884521484e+00
4.073356628417968750e+00
4.083699226379394531e+00
4.094897747039794922e+00
4.106731414794921875e+00
4.119424343109130859e+00
4.132829666137695312e+00
4.146949291229248047e+00
4.161709785461425781e+00
4.177261352539062500e+00
4.193457603454589844e+00
4.210374355316162109e+00
4.227938175201416016e+00
4.246077537536621094e+00
4.264941215515136719e+00
4.284383296966552734e+00
4.304404735565185547e+00
4.325081825256347656e+00
4.346267223358154297e+00
4.368037223815917969e+00
4.390392780303955078e+00
4.413260936737060547e+00
4.436645030975341797e+00
4.460544109344482422e+00
4.484885215759277344e+00
4.509739398956298828e+00
4.535033226013183594e+00
4.560764789581298828e+00
4.586933612823486328e+00
4.613463401794433594e+00
4.640428066253662109e+00
4.667752742767333984e+00
4.695360660552978516e+00
4.723401069641113281e+00
4.751648902893066406e+00
4.780252456665039062e+00
4.809135437011718750e+00
4.838297367095947266e+00
4.867663383483886719e+00
4.897232055664062500e+00
4.927076339721679688e+00
4.957046985626220703e+00
4.987291336059570312e+00
5.017585754394531250e+00
5.048077583312988281e+00
5.078691482543945312e+00
5.109426498413085938e+00
5.140281677246093750e+00
5.171107292175292969e+00
5.202125072479248047e+00
5.233111381530761719e+00
5.264138698577880859e+00
5.295207023620605469e+00
5.326241016387939453e+00
5.357238769531250000e+00
5.388199806213378906e+00
5.419123172760009766e+00
5.449932575225830078e+00
5.480702877044677734e+00
5.511357784271240234e+00
5.541970729827880859e+00
5.572391986846923828e+00
5.602620601654052734e+00
5.632804393768310547e+00
5.662718772888183594e+00
5.692437648773193359e+00
5.722033977508544922e+00
5.751358032226562500e+00
5.780409336090087891e+00
5.809260845184326172e+00
5.837836742401123047e+00
5.866137027740478516e+00
5.894159793853759766e+00
5.921903610229492188e+00
5.949292659759521484e+00
5.976398944854736328e+00
6.003145217895507812e+00
6.029529571533203125e+00
6.055549144744873047e+00
6.081202507019042969e+00
6.106411933898925781e+00
6.131249904632568359e+00
6.155714035034179688e+00
6.179727554321289062e+00
6.203213214874267578e+00
6.226318836212158203e+00
6.248965740203857422e+00
6.271152973175048828e+00
6.292803287506103516e+00
6.313989162445068359e+00
6.334632873535156250e+00
6.354807376861572266e+00
6.374435424804687500e+00
6.393514633178710938e+00
6.412117481231689453e+00
6.430092334747314453e+00
6.447585582733154297e+00
6.464520931243896484e+00
6.480821609497070312e+00
6.496559143066406250e+00
6.511731624603271484e+00
6.526261806488037109e+00
6.540147781372070312e+00
6.553461551666259766e+00
6.566200733184814453e+00
6.578288078308105469e+00
6.589721679687500000e+00
6.600573539733886719e+00
6.610766887664794922e+00
6.620298862457275391e+00
6.629242420196533203e+00
6.637519836425781250e+00
6.645129680633544922e+00
6.652069091796875000e+00
6.658335685729980469e+00
6.664000988006591797e+00
6.668914794921875000e+00
6.673223018646240234e+00
6.676848888397216797e+00
6.679790019989013672e+00
6.682044506072998047e+00
6.683609008789062500e+00
6.684482097625732422e+00
6.684661388397216797e+00
6.684218883514404297e+00
6.683005332946777344e+00
6.681167125701904297e+00
6.678628921508789062e+00
6.675388336181640625e+00
6.671444892883300781e+00
6.666796684265136719e+00
6.661516666412353516e+00
6.655528068542480469e+00
6.648830413818359375e+00
6.641496658325195312e+00
6.633449554443359375e+00
6.624763488769531250e+00
6.615361690521240234e+00
6.605391979217529297e+00
6.594702720642089844e+00
6.583368778228759766e+00
6.571386814117431641e+00
6.558756828308105469e+00
6.545475959777832031e+00
6.531617164611816406e+00
6.517031192779541016e+00
6.501864433288574219e+00
6.486115932464599609e+00
6.469708919525146484e+00
6.452642917633056641e+00
6.435064315795898438e+00
6.416823387145996094e+00
6.398066520690917969e+00
6.378644943237304688e+00
6.358704090118408203e+00
6.338095188140869141e+00
6.317038536071777344e+00
6.295384883880615234e+00
6.273131847381591797e+00
6.250353336334228516e+00
6.227121353149414062e+00
6.203285694122314453e+00
6.178919315338134766e+00
6.154020786285400391e+00
6.128663539886474609e+00
6.102769851684570312e+00
6.076339721679687500e+00
6.049520492553710938e+00
6.022161006927490234e+00
5.994334697723388672e+00
5.966114044189453125e+00
5.937348842620849609e+00
5.908186435699462891e+00
5.878625392913818359e+00
5.848666191101074219e+00
5.818234443664550781e+00
5.787479400634765625e+00
5.756252765655517578e+00
5.724703788757324219e+00
5.692758083343505859e+00
5.660490989685058594e+00
5.627828121185302734e+00
5.594844341278076172e+00
5.561540603637695312e+00
5.527916431427001953e+00
5.494047164916992188e+00
5.459858417510986328e+00
5.425350666046142578e+00
5.390598773956298828e+00
5.355603218078613281e+00
5.320363998413085938e+00
5.284882545471191406e+00
5.249232292175292969e+00
5.213265895843505859e+00
5.177206516265869141e+00
5.140905380249023438e+00
5.104437828063964844e+00
5.067803859710693359e+00
5.031078815460205078e+00
4.994114398956298828e+00
4.957132816314697266e+00
4.919987201690673828e+00
4.882751464843750000e+00
4.845426082611083984e+00
4.808012485504150391e+00
4.770583629608154297e+00
4.733067035675048828e+00
4.695462226867675781e+00
4.657918930053710938e+00
4.620288848876953125e+00
4.582645893096923828e+00
4.544991493225097656e+00
4.507324695587158203e+00
4.469722270965576172e+00
4.432108402252197266e+00
4.394632816314697266e+00
4.357073307037353516e+00
4.319653034210205078e+00
4.282298088073730469e+00
4.245008468627929688e+00
4.207859039306640625e+00
4.170702457427978516e+00
4.133760452270507812e+00
4.096886634826660156e+00
4.060155391693115234e+00
4.023569583892822266e+00
3.987129688262939453e+00
3.950837850570678711e+00
3.914770364761352539e+00
3.878853797912597656e+00
3.843090057373046875e+00
3.807554960250854492e+00
3.772250890731811523e+00
3.737178325653076172e+00
3.702339410781860352e+00
3.667736291885375977e+00
3.633295059204101562e+00
3.599241256713867188e+00
3.565353155136108398e+00
3.531781196594238281e+00
3.498452663421630859e+00
3.465517044067382812e+00
3.432754516601562500e+00
3.400388240814208984e+00
3.368272066116333008e+00
3.336555480957031250e+00
3.305092334747314453e+00
3.274032115936279297e+00
3.243302822113037109e+00
3.212905406951904297e+00
3.182842016220092773e+00
3.153187990188598633e+00
3.123871326446533203e+00
3.094893217086791992e+00
3.066403865814208984e+00
3.038182020187377930e+00
3.010452508926391602e+00
2.983067750930786133e+00
2.956104278564453125e+00
2.929563522338867188e+00
2.903446674346923828e+00
2.877681732177734375e+00
2.852418184280395508e+00
2.827584266662597656e+00
2.803180456161499023e+00
2.779135227203369141e+00
2.755597829818725586e+00
2.732496023178100586e+00
2.709905624389648438e+00
2.687680006027221680e+00
2.665968894958496094e+00
2.644625663757324219e+00
2.623874425888061523e+00
2.603494167327880859e+00
2.583634853363037109e+00
2.564149141311645508e+00
2.545261144638061523e+00
2.526749372482299805e+00
2.508763790130615234e+00
2.491231203079223633e+00
2.474153280258178711e+00
2.457531213760375977e+00
2.441440582275390625e+00
2.425808429718017578e+00
2.410635948181152344e+00
2.395998954772949219e+00
2.381750345230102539e+00
2.368039369583129883e+00
2.354793787002563477e+00
2.342014551162719727e+00
2.329702854156494141e+00
2.317860364913940430e+00
2.306562423706054688e+00
2.295661926269531250e+00
2.285234451293945312e+00
2.275281190872192383e+00
2.265803813934326172e+00
2.256803274154663086e+00
2.248281240463256836e+00
2.240164518356323242e+00
2.232602834701538086e+00
2.225374698638916016e+00
2.218704700469970703e+00
2.212445497512817383e+00
2.206598043441772461e+00
2.201237916946411133e+00
2.196292400360107422e+00
2.191837549209594727e+00
2.187799453735351562e+00
2.184180021286010742e+00
2.180980443954467773e+00
2.178276538848876953e+00
2.175920724868774414e+00
2.173988580703735352e+00
2.172481775283813477e+00
2.171401262283325195e+00
2.170748710632324219e+00
2.170451164245605469e+00
2.170583724975585938e+00
2.171073913574218750e+00
2.171922922134399414e+00
2.173206329345703125e+00
2.174925088882446289e+00
2.176932573318481445e+00
2.179302692413330078e+00
2.182110309600830078e+00
2.185206413269042969e+00
2.188665866851806641e+00
2.192488670349121094e+00
2.196600437164306641e+00
2.201076030731201172e+00
2.205915212631225586e+00
2.210969448089599609e+00
2.216387271881103516e+00
2.222169637680053711e+00
2.228167295455932617e+00
2.234454870223999023e+00
2.241032361984252930e+00
2.247900009155273438e+00
2.255058050155639648e+00
2.262432098388671875e+00
2.270096778869628906e+00
2.277977466583251953e+00
2.286074876785278320e+00
2.294462919235229492e+00
2.303067684173583984e+00
2.311888933181762695e+00
2.320852994918823242e+00
2.330108404159545898e+00
2.339506626129150391e+00
2.349121809005737305e+00
2.358880281448364258e+00
2.368855953216552734e+00
2.378974914550781250e+00
2.389237165451049805e+00
2.399717330932617188e+00
2.410266876220703125e+00
2.421034097671508789e+00
2.431871175765991211e+00
2.442851781845092773e+00
2.453902482986450195e+00
2.465171337127685547e+00
2.476435899734497070e+00
2.487844944000244141e+00
2.499324083328247070e+00
2.510948181152343750e+00
2.522567987442016602e+00
2.534258604049682617e+00
2.546093702316284180e+00
2.557925701141357422e+00
2.569754123687744141e+00
2.581727743148803711e+00
2.593623876571655273e+00
2.605589628219604492e+00
2.617617845535278320e+00
2.629550933837890625e+00
2.641528367996215820e+00
2.653466939926147461e+00
2.665358304977416992e+00
2.677118539810180664e+00
2.688887834548950195e+00
