# te
6.395708084106445312e+00
1.002896976470947266e+01
1.254186153411865234e+01
1.398227405548095703e+01
1.455548095703125000e+01
1.447681140899658203e+01
1.396834564208984375e+01
1.319781589508056641e+01
1.232339000701904297e+01
1.135371971130371094e+01
1.029799652099609375e+01
9.199045181274414062e+00
8.100345611572265625e+00
7.030847549438476562e+00
6.005522727966308594e+00
4.994772911071777344e+00
3.971863746643066406e+00
2.959316492080688477e+00
1.987673401832580566e+00
1.084638357162475586e+00
2.751685678958892822e-01
-4.190289974212646484e-01
-9.789512157440185547e-01
-1.393236994743347168e+00
-1.653546333312988281e+00
-1.763188362121582031e+00
-1.728900194168090820e+00
-1.564607620239257812e+00
-1.289046287536621094e+00
-9.266843199729919434e-01
-5.027331709861755371e-01
-3.949967399239540100e-02
4.415837228298187256e-01
9.166287183761596680e-01
1.362385630607604980e+00
1.764480233192443848e+00
2.113371610641479492e+00
2.401134252548217773e+00
2.620042800903320312e+00
2.764169216156005859e+00
2.835596561431884766e+00
2.838429212570190430e+00
2.777662992477416992e+00
2.658368110656738281e+00
2.484569072723388672e+00
2.265990972518920898e+00
2.016439914703369141e+00
1.749128222465515137e+00
1.470482707023620605e+00
1.184991598129272461e+00
8.950180411338806152e-01
6.042447686195373535e-01
3.243252635002136230e-01
6.702893972396850586e-02
-1.632356047630310059e-01
-3.651880919933319092e-01
-5.395631194114685059e-01
-6.871174573898315430e-01
-8.071739077568054199e-01
-8.997156620025634766e-01
-9.697464108467102051e-01
-1.023153066635131836e+00
-1.066046118736267090e+00
-1.103940725326538086e+00
-1.139867782592773438e+00
-1.175983548164367676e+00
-1.215526819229125977e+00
-1.261661648750305176e+00
-1.320970654487609863e+00
-1.400185227394104004e+00
-1.502694964408874512e+00
-1.630552053451538086e+00
-1.784322619438171387e+00
-1.963978290557861328e+00
-2.169803857803344727e+00
-2.400439977645874023e+00
-2.655583381652832031e+00
-2.929729938507080078e+00
-3.222575664520263672e+00
-3.532570838928222656e+00
-3.855406045913696289e+00
-4.187011241912841797e+00
-4.521830081939697266e+00
-4.857277870178222656e+00
-5.189061641693115234e+00
-5.514965057373046875e+00
-5.834037780761718750e+00
-6.146811962127685547e+00
-6.449363708496093750e+00
-6.741873741149902344e+00
-7.024595737457275391e+00
-7.298918724060058594e+00
-7.564743995666503906e+00
-7.824200630187988281e+00
-8.077934265136718750e+00
-8.326591491699218750e+00
-8.569327354431152344e+00
-8.810503959655761719e+00
-9.047049522399902344e+00
-9.283325195312500000e+00
-9.518488883972167969e+00
-9.754672050476074219e+00
-9.990289688110351562e+00
-1.022821521759033203e+01
-1.046909523010253906e+01
-1.071283054351806641e+01
-1.096155071258544922e+01
-1.121516036987304688e+01
-1.147355842590332031e+01
-1.173932170867919922e+01
-1.201159572601318359e+01
-1.228848266601562500e+01
-1.256882858276367188e+01
-1.285222530364990234e+01
-1.313751792907714844e+01
-1.342355155944824219e+01
-1.371065998077392578e+01
-1.399620342254638672e+01
-1.427977275848388672e+01
-1.456095504760742188e+01
-1.483859920501708984e+01
-1.511229610443115234e+01
-1.537865924835205078e+01
-1.563951110839843750e+01
-1.589369583129882812e+01
-1.614006423950195312e+01
-1.637745857238769531e+01
-1.660472869873046875e+01
-1.682072257995605469e+01
-1.702668952941894531e+01
-1.722013092041015625e+01
-1.740392303466796875e+01
-1.757425498962402344e+01
-1.773474884033203125e+01
-1.788233375549316406e+01
-1.801988983154296875e+01
-1.814657402038574219e+01
-1.826229667663574219e+01
-1.836844635009765625e+01
-1.846344184875488281e+01
-1.854867362976074219e+01
-1.862479209899902344e+01
-1.869169807434082031e+01
-1.874930191040039062e+01
-1.879824638366699219e+01
-1.883769798278808594e+01
-1.886978721618652344e+01
-1.889368057250976562e+01
-1.890779113769531250e+01
-1.891562652587890625e+01
-1.891574668884277344e+01
-1.890585899353027344e+01
-1.888812446594238281e+01
-1.886173057556152344e+01
-1.882661247253417969e+01
-1.878121566772460938e+01
-1.872621726989746094e+01
-1.866154670715332031e+01
-1.858565521240234375e+01
-1.849995613098144531e+01
-1.840438652038574219e+01
-1.829739189147949219e+01
-1.818039131164550781e+01
-1.805108451843261719e+01
-1.791089630126953125e+01
-1.776049995422363281e+01
-1.759759712219238281e+01
-1.742212486267089844e+01
-1.723549842834472656e+01
-1.703542137145996094e+01
-1.682331466674804688e+01
-1.659911155700683594e+01
-1.636274337768554688e+01
-1.611339950561523438e+01
-1.585101699829101562e+01
-1.557703590393066406e+01
-1.528992462158203125e+01
-1.498963928222656250e+01
-1.467762279510498047e+01
-1.435383224487304688e+01
-1.401673507690429688e+01
-1.366777706146240234e+01
-1.330616950988769531e+01
-1.293409919738769531e+01
-1.254854869842529297e+01
-1.215096092224121094e+01
-1.174277782440185547e+01
-1.132247066497802734e+01
-1.089222526550292969e+01
-1.044902420043945312e+01
-9.995053291320800781e+00
-9.531756401062011719e+00
-9.056859016418457031e+00
-8.572546958923339844e+00
-8.078033447265625000e+00
-7.574761390686035156e+00
-7.061943531036376953e+00
-6.540280342102050781e+00
-6.010468959808349609e+00
-5.471668720245361328e+00
-4.925043106079101562e+00
-4.369471549987792969e+00
-3.807549476623535156e+00
-3.236669778823852539e+00
-2.657718420028686523e+00
-2.070763587951660156e+00
-1.475947618484497070e+00
-8.732646107673645020e-01
-2.632285356521606445e-01
3.544790446758270264e-01
9.792996644973754883e-01
1.611655950546264648e+00
2.250721931457519531e+00
2.896132707595825195e+00
3.548786640167236328e+00
4.207055568695068359e+00
4.871541023254394531e+00
5.543586254119873047e+00
6.219112873077392578e+00
6.900727748870849609e+00
7.587323665618896484e+00
8.280022621154785156e+00
8.975487709045410156e+00
9.677071571350097656e+00
1.038143539428710938e+01
1.109044647216796875e+01
1.180299758911132812e+01
1.251798057556152344e+01
1.323652076721191406e+01
1.395825195312500000e+01
1.468206977844238281e+01
1.540686607360839844e+01
1.613376617431640625e+01
1.686166000366210938e+01
1.759093284606933594e+01
1.832047653198242188e+01
1.905066871643066406e+01
1.978114891052246094e+01
2.051007080078125000e+01
2.123855209350585938e+01
2.196623802185058594e+01
2.269201660156250000e+01
2.341701507568359375e+01
2.413864135742187500e+01
2.485876464843750000e+01
2.557553291320800781e+01
2.628932952880859375e+01
2.699979400634765625e+01
2.770581817626953125e+01
2.840852165222167969e+01
2.910675621032714844e+01
2.979937553405761719e+01
3.048670959472656250e+01
3.116908645629882812e+01
3.184684753417968750e+01
3.251214981079101562e+01
3.317796325683593750e+01
3.382975387573242188e+01
3.448271942138671875e+01
3.511489868164062500e+01
3.574892425537109375e+01
3.637769699096679688e+01
3.699411773681640625e+01
3.759109115600585938e+01
3.819124603271484375e+01
3.877262496948242188e+01
3.935041809082031250e+01
3.991753387451171875e+01
4.047430038452148438e+01
4.102105712890625000e+01
4.155070877075195312e+01
4.207845306396484375e+01
4.258232498168945312e+01
4.308495712280273438e+01
4.356438446044921875e+01
4.404324340820312500e+01
4.449957275390625000e+01
4.494113540649414062e+01
4.538312911987304688e+01
4.580359649658203125e+01
4.621030044555664062e+01
4.660358428955078125e+01
4.698377227783203125e+01
4.735120773315429688e+01
4.769878768920898438e+01
4.804171371459960938e+01
4.836545944213867188e+01
4.867779159545898438e+01
4.897903823852539062e+01
4.925467681884765625e+01
4.952733993530273438e+01
4.977506637573242188e+01
5.002048110961914062e+01
5.024162673950195312e+01
5.045370864868164062e+01
5.065705490112304688e+01
5.083713912963867188e+01
5.100172805786132812e+01
5.115115737915039062e+01
5.129312133789062500e+01
5.142759323120117188e+01
5.153958892822265625e+01
5.162901306152343750e+01
5.171061325073242188e+01
5.177686309814453125e+01
5.182021713256835938e+01
5.186285781860351562e+01
5.187496185302734375e+01
5.187871932983398438e+01
5.185914611816406250e+01
5.183101272583007812e+01
5.177934265136718750e+01
5.171889114379882812e+01
5.163468933105468750e+01
5.153406524658203125e+01
5.141690826416015625e+01
5.128311157226562500e+01
5.113256835937500000e+01
5.097259902954101562e+01
5.078823852539062500e+01
5.058681106567382812e+01
5.036820220947265625e+01
5.012488555908203125e+01
4.987903213500976562e+01
4.960082244873046875e+01
4.931242752075195312e+01
4.901375579833984375e+01
4.868982315063476562e+01
4.834796524047851562e+01
4.799549102783203125e+01
4.763230133056640625e+01
4.725084686279296875e+01
4.685103225708007812e+01
4.643273544311523438e+01
4.600328826904296875e+01
4.554771041870117188e+01
4.508819580078125000e+01
4.460976791381835938e+01
4.412717819213867188e+01
4.361802291870117188e+01
4.309704971313476562e+01
4.256415939331054688e+01
4.201924133300781250e+01
4.146217727661132812e+01
4.090028762817382812e+01
4.031860351562500000e+01
3.972444534301757812e+01
3.911770248413085938e+01
3.850569915771484375e+01
3.788082504272460938e+01
3.724268722534179688e+01
3.660568618774414062e+01
3.594707489013671875e+01
3.528126144409179688e+01
3.461521148681640625e+01
3.393360900878906250e+01
3.325085830688476562e+01
3.255163574218750000e+01
3.184663391113281250e+01
3.113093566894531250e+01
3.040704917907714844e+01
2.967675399780273438e+01
2.893586921691894531e+01
2.818988227844238281e+01
2.743536376953125000e+01
2.667408180236816406e+01
2.590706253051757812e+01
2.513161849975585938e+01
2.435249328613281250e+01
2.356550979614257812e+01
2.277466773986816406e+01
2.197653579711914062e+01
2.117436790466308594e+01
2.036770248413085938e+01
1.955608367919921875e+01
1.874201965332031250e+01
1.792207908630371094e+01
1.710025978088378906e+01
1.627387237548828125e+01
1.544542789459228516e+01
1.461520671844482422e+01
1.378126335144042969e+01
1.294685173034667969e+01
1.211002349853515625e+01
1.127254772186279297e+01
1.043396091461181641e+01
9.595288276672363281e+00
8.756068229675292969e+00
7.918066501617431641e+00
7.079335212707519531e+00
6.242385387420654297e+00
5.406010150909423828e+00
4.571976661682128906e+00
3.738335847854614258e+00
2.908190727233886719e+00
2.079741716384887695e+00
1.253862500190734863e+00
4.309593141078948975e-01
-3.885472416877746582e-01
-1.204493761062622070e+00
-2.016304969787597656e+00
-2.823700666427612305e+00
-3.625433683395385742e+00
-4.422635555267333984e+00
-5.213391304016113281e+00
-5.999502182006835938e+00
-6.776822566986083984e+00
-7.547897815704345703e+00
-8.312298774719238281e+00
-9.068109512329101562e+00
-9.816390037536621094e+00
-1.055596733093261719e+01
-1.128715705871582031e+01
-1.200804519653320312e+01
-1.272043228149414062e+01
-1.342389011383056641e+01
-1.411576271057128906e+01
-1.479710674285888672e+01
-1.546823978424072266e+01
-1.612798881530761719e+01
-1.677741050720214844e+01
-1.741459465026855469e+01
-1.804059600830078125e+01
-1.865350532531738281e+01
-1.925437736511230469e+01
-1.984426879882812500e+01
-2.041978454589843750e+01
-2.098271942138671875e+01
-2.153339576721191406e+01
-2.207063674926757812e+01
-2.259550476074218750e+01
-2.310533714294433594e+01
-2.360342788696289062e+01
-2.408785820007324219e+01
-2.455894279479980469e+01
-2.501551246643066406e+01
-2.545788192749023438e+01
-2.588784980773925781e+01
-2.630275917053222656e+01
-2.670515632629394531e+01
-2.709312057495117188e+01
-2.746771430969238281e+01
-2.782776641845703125e+01
-2.817432975769042969e+01
-2.850623130798339844e+01
-2.882601928710937500e+01
-2.913251876831054688e+01
-2.942455673217773438e+01
-2.970467567443847656e+01
-2.997088241577148438e+01
-3.022533035278320312e+01
-3.046563911437988281e+01
-3.069313812255859375e+01
-3.090767478942871094e+01
-3.110240745544433594e+01
-3.129130172729492188e+01
-3.145562171936035156e+01
-3.161082458496093750e+01
-3.175080299377441406e+01
-3.187615585327148438e+01
-3.198077774047851562e+01
-3.208308792114257812e+01
-3.215321350097656250e+01
-3.222071838378906250e+01
-3.226316070556640625e+01
-3.229524230957031250e+01
-3.230937194824218750e+01
-3.231283569335937500e+01
-3.229803466796875000e+01
-3.226482391357421875e+01
-3.222046661376953125e+01
-3.215738677978515625e+01
-3.208285140991210938e+01
-3.198927307128906250e+01
-3.187872314453125000e+01
-3.176070976257324219e+01
-3.161649322509765625e+01
-3.147043991088867188e+01
-3.130307006835937500e+01
-3.111794471740722656e+01
-3.092084312438964844e+01
-3.071384429931640625e+01
-3.049083709716796875e+01
-3.025315475463867188e+01
-3.000286102294921875e+01
-2.973980331420898438e+01
-2.946307754516601562e+01
-2.917400550842285156e+01
-2.887168884277343750e+01
-2.855893516540527344e+01
-2.823484611511230469e+01
-2.789776802062988281e+01
-2.755125999450683594e+01
-2.719367218017578125e+01
-2.682633018493652344e+01
-2.644832992553710938e+01
-2.606248092651367188e+01
-2.566564559936523438e+01
-2.526212501525878906e+01
-2.485021972656250000e+01
-2.442953109741210938e+01
-2.400184249877929688e+01
-2.356521797180175781e+01
-2.312293052673339844e+01
-2.267230224609375000e+01
-2.221511077880859375e+01
-2.175017166137695312e+01
-2.128000259399414062e+01
-2.080341911315917969e+01
-2.031996726989746094e+01
-1.983068466186523438e+01
-1.933661270141601562e+01
-1.883729743957519531e+01
-1.833229255676269531e+01
-1.782263183593750000e+01
-1.730861091613769531e+01
-1.679052162170410156e+01
-1.626716804504394531e+01
-1.574107360839843750e+01
-1.521178913116455078e+01
-1.467886161804199219e+01
-1.414332580566406250e+01
-1.360547351837158203e+01
-1.306411075592041016e+01
-1.252101516723632812e+01
-1.197647476196289062e+01
-1.143152713775634766e+01
-1.088423156738281250e+01
-1.033785057067871094e+01
-9.788959503173828125e+00
-9.240821838378906250e+00
-8.692982673645019531e+00
-8.145732879638671875e+00
-7.599361419677734375e+00
-7.053416252136230469e+00
-6.508927822113037109e+00
-5.966187000274658203e+00
-5.425481796264648438e+00
-4.887101650238037109e+00
-4.350592613220214844e+00
-3.817729234695434570e+00
-3.287611246109008789e+00
-2.760750532150268555e+00
-2.237286567687988281e+00
-1.717805266380310059e+00
-1.202149033546447754e+00
-6.909033060073852539e-01
-1.843117624521255493e-01
3.175010681152343750e-01
8.143476247787475586e-01
1.305432081222534180e+00
1.790787577629089355e+00
2.269852399826049805e+00
2.742065429687500000e+00
3.207534074783325195e+00
3.664730787277221680e+00
4.114506244659423828e+00
4.556374073028564453e+00
4.989102840423583984e+00
5.412950515747070312e+00
5.827428340911865234e+00
6.234280109405517578e+00
6.628559112548828125e+00
7.014237880706787109e+00
7.388599395751953125e+00
7.752644062042236328e+00
8.105139732360839844e+00
8.448573112487792969e+00
8.777998924255371094e+00
9.095901489257812500e+00
9.402536392211914062e+00
9.695929527282714844e+00
9.977826118469238281e+00
1.024624824523925781e+01
1.050294113159179688e+01
1.074667167663574219e+01
1.097695255279541016e+01
1.119478321075439453e+01
1.139818954467773438e+01
1.158965492248535156e+01
1.176720523834228516e+01
1.193035221099853516e+01
1.208083629608154297e+01
1.221742725372314453e+01
1.234037780761718750e+01
1.244994354248046875e+01
1.254489040374755859e+01
1.262696075439453125e+01
1.269566345214843750e+01
1.275050926208496094e+01
1.279100799560546875e+01
1.281964397430419922e+01
1.283369541168212891e+01
1.283564567565917969e+01
1.282351779937744141e+01
1.279904937744140625e+01
1.276174926757812500e+01
1.271261405944824219e+01
1.265040779113769531e+01
1.257604885101318359e+01
1.248866844177246094e+01
1.239029407501220703e+01
1.227849388122558594e+01
1.215380954742431641e+01
1.201603698730468750e+01
1.186497402191162109e+01
1.170041751861572266e+01
1.152216148376464844e+01
1.133000469207763672e+01
1.112448596954345703e+01
1.090614223480224609e+01
1.067254066467285156e+01
1.042496109008789062e+01
1.016394233703613281e+01
9.889277458190917969e+00
9.600761413574218750e+00
9.297444343566894531e+00
8.982090950012207031e+00
8.652265548706054688e+00
8.308504104614257812e+00
7.950597286224365234e+00
7.580568313598632812e+00
7.196721553802490234e+00
6.798847675323486328e+00
6.388224124908447266e+00
5.964641094207763672e+00
5.527889251708984375e+00
5.078501224517822266e+00
4.615522861480712891e+00
4.141716480255126953e+00
3.654640674591064453e+00
3.156313657760620117e+00
2.646522998809814453e+00
2.125427961349487305e+00
1.593484759330749512e+00
1.049885630607604980e+00
4.965722560882568359e-01
-6.763517856597900391e-02
-6.413552165031433105e-01
-1.224833250045776367e+00
-1.817510247230529785e+00
-2.419116258621215820e+00
-3.029197931289672852e+00
-3.647674083709716797e+00
-4.274091720581054688e+00
-4.908519744873046875e+00
-5.549242019653320312e+00
-6.197219371795654297e+00
-6.851182937622070312e+00
-7.511389732360839844e+00
-8.177505493164062500e+00
-8.848492622375488281e+00
-9.524056434631347656e+00
-1.020538902282714844e+01
-1.089145374298095703e+01
-1.158121395111083984e+01
-1.227586269378662109e+01
-1.297436332702636719e+01
-1.367642498016357422e+01
-1.438100910186767578e+01
-1.509005546569824219e+01
-1.580252933502197266e+01
-1.651665306091308594e+01
-1.723362159729003906e+01
-1.795239830017089844e+01
-1.867343902587890625e+01
-1.939645195007324219e+01
-2.012040519714355469e+01
-2.084426307678222656e+01
-2.156996917724609375e+01
-2.229648780822753906e+01
-2.302204704284667969e+01
-2.374783897399902344e+01
-2.447357940673828125e+01
-2.519749259948730469e+01
-2.592077445983886719e+01
-2.664314079284667969e+01
-2.736355972290039062e+01
-2.808248519897460938e+01
-2.879813957214355469e+01
-2.951247215270996094e+01
-3.022519493103027344e+01
-3.093453025817871094e+01
-3.164093780517578125e+01
-3.233595275878906250e+01
-3.303118133544921875e+01
-3.372485733032226562e+01
-3.440999221801757812e+01
-3.509448623657226562e+01
-3.577135848999023438e+01
-3.644106674194335938e+01
-3.711149978637695312e+01
-3.776825332641601562e+01
-3.841921997070312500e+01
-3.907971191406250000e+01
-3.972046661376953125e+01
-4.035680007934570312e+01
-4.098174285888671875e+01
-4.160318374633789062e+01
-4.222153854370117188e+01
-4.282222747802734375e+01
-4.343521499633789062e+01
-4.402359008789062500e+01
-4.460245895385742188e+01
-4.517948532104492188e+01
-4.574749374389648438e+01
-4.629185104370117188e+01
-4.684253692626953125e+01
-4.737748718261718750e+01
-4.789694976806640625e+01
-4.841602706909179688e+01
-4.891267013549804688e+01
-4.940197753906250000e+01
-4.988419723510742188e+01
-5.035213851928710938e+01
-5.079860687255859375e+01
-5.124613952636718750e+01
-5.166525268554687500e+01
-5.208591461181640625e+01
-5.247863388061523438e+01
-5.285852432250976562e+01
-5.323324966430664062e+01
-5.359561920166015625e+01
-5.393844604492187500e+01
-5.426196289062500000e+01
-5.458128356933593750e+01
-5.488177490234375000e+01
-5.517111206054687500e+01
-5.544210052490234375e+01
-5.569498062133789062e+01
-5.592998886108398438e+01
-5.616223144531250000e+01
-5.636221313476562500e+01
-5.656733322143554688e+01
-5.674067687988281250e+01
-5.691219711303710938e+01
-5.705241012573242188e+01
-5.718385314941406250e+01
-5.730675506591796875e+01
-5.741392517089843750e+01
-5.749815750122070312e+01
-5.757456207275390625e+01
-5.762850570678710938e+01
-5.768252563476562500e+01
-5.769968414306640625e+01
-5.771738052368164062e+01
-5.772099304199218750e+01
-5.771817398071289062e+01
-5.769430923461914062e+01
-5.765696716308593750e+01
-5.759860610961914062e+01
-5.753386688232421875e+01
-5.744769668579101562e+01
-5.735474014282226562e+01
-5.724737167358398438e+01
-5.711794281005859375e+01
-5.697367858886718750e+01
-5.682180404663085938e+01
-5.665468978881835938e+01
-5.647210693359375000e+01
-5.627387237548828125e+01
-5.605975341796875000e+01
-5.583697891235351562e+01
-5.559048461914062500e+01
-5.533491897583007812e+01
-5.506262969970703125e+01
-5.476599121093750000e+01
-5.446707153320312500e+01
-5.415079116821289062e+01
-5.381695556640625000e+01
-5.345790863037109375e+01
-5.309572982788085938e+01
-5.272277450561523438e+01
-5.233140563964843750e+01
-5.192882537841796875e+01
-5.150739288330078125e+01
-5.106689453125000000e+01
-5.062197113037109375e+01
-5.015754699707031250e+01
-4.968826675415039062e+01
-4.921390914916992188e+01
-4.871196365356445312e+01
-4.819707489013671875e+01
-4.767645645141601562e+01
-4.712015914916992188e+01
-4.656512069702148438e+01
-4.600368881225585938e+01
-4.543564224243164062e+01
-4.484589767456054688e+01
-4.424165725708007812e+01
-4.363756942749023438e+01
-4.301111602783203125e+01
-4.238436508178710938e+01
-4.174222946166992188e+01
-4.109934997558593750e+01
-4.044063186645507812e+01
-3.978071975708007812e+01
-3.911195755004882812e+01
-3.843411254882812500e+01
-3.775436019897460938e+01
-3.705000305175781250e+01
-3.635776519775390625e+01
-3.564748382568359375e+01
-3.493359375000000000e+01
-3.421565246582031250e+01
-3.349322509765625000e+01
-3.275844573974609375e+01
-3.202574539184570312e+01
-3.127981185913085938e+01
-3.052839088439941406e+01
-2.977550125122070312e+01
-2.901996040344238281e+01
-2.825910377502441406e+01
-2.749471664428710938e+01
-2.672636413574218750e+01
-2.595434570312500000e+01
-2.517896842956542969e+01
-2.440053367614746094e+01
-2.361860084533691406e+01
-2.283570098876953125e+01
-2.204990577697753906e+01
-2.126152038574218750e+01
-2.047084236145019531e+01
-1.967966270446777344e+01
-1.888679122924804688e+01
-1.809401893615722656e+01
-1.730015754699707031e+01
-1.650625228881835938e+01
-1.571408843994140625e+01
-1.492173480987548828e+01
-1.413023662567138672e+01
-1.333989143371582031e+01
-1.255025672912597656e+01
-1.176237201690673828e+01
-1.097579669952392578e+01
-1.019157028198242188e+01
-9.409248352050781250e+00
-8.628386497497558594e+00
-7.850770473480224609e+00
-7.077440261840820312e+00
-6.304979324340820312e+00
-5.538887500762939453e+00
-4.775003910064697266e+00
-4.015856266021728516e+00
-3.261519670486450195e+00
-2.511252164840698242e+00
-1.766539931297302246e+00
-1.026322007179260254e+00
-2.912600338459014893e-01
4.384576976299285889e-01
1.162726879119873047e+00
1.881062507629394531e+00
2.592311143875122070e+00
3.297696590423583984e+00
3.995619535446166992e+00
4.685594558715820312e+00
5.367879867553710938e+00
6.043475151062011719e+00
6.709666728973388672e+00
7.366712093353271484e+00
8.015610694885253906e+00
8.654390335083007812e+00
9.284050941467285156e+00
9.902621269226074219e+00
1.051109886169433594e+01
1.110899925231933594e+01
1.169657611846923828e+01
1.227334403991699219e+01
1.283881473541259766e+01
1.339250087738037109e+01
1.393540191650390625e+01
1.446628284454345703e+01
1.498465824127197266e+01
1.549226665496826172e+01
1.598787784576416016e+01
1.647025871276855469e+01
1.694040679931640625e+01
1.739857292175292969e+01
1.784426879882812500e+01
1.827625846862792969e+01
1.869553756713867188e+01
1.910087585449218750e+01
1.949474906921386719e+01
1.987443733215332031e+01
2.024093437194824219e+01
2.059449386596679688e+01
2.093461799621582031e+01
2.126155853271484375e+01
2.157407951354980469e+01
2.187465667724609375e+01
2.216279602050781250e+01
2.243726158142089844e+01
2.269829750061035156e+01
2.294838523864746094e+01
2.318479156494140625e+01
2.340925598144531250e+01
2.362127876281738281e+01
2.382036209106445312e+01
2.400823593139648438e+01
2.418359756469726562e+01
2.434711265563964844e+01
2.449790000915527344e+01
2.463582038879394531e+01
2.476073646545410156e+01
2.487250137329101562e+01
2.497097969055175781e+01
2.505677223205566406e+01
2.512825012207031250e+01
2.518749809265136719e+01
2.523214721679687500e+01
2.526354026794433594e+01
2.528078842163085938e+01
2.528523254394531250e+01
2.527598762512207031e+01
2.525215911865234375e+01
2.521583747863769531e+01
2.516464233398437500e+01
2.509991264343261719e+01
2.502075767517089844e+01
2.492777442932128906e+01
2.482155418395996094e+01
2.470195198059082031e+01
2.456806755065917969e+01
2.442049980163574219e+01
2.426058197021484375e+01
2.408667373657226562e+01
2.389936828613281250e+01
2.369999885559082031e+01
2.348692512512207031e+01
2.326148033142089844e+01
2.302350997924804688e+01
2.277360153198242188e+01
2.251234245300292969e+01
2.223734855651855469e+01
2.195143318176269531e+01
2.165369796752929688e+01
2.134472846984863281e+01
2.102436637878417969e+01
2.069319534301757812e+01
2.035105514526367188e+01
1.999853134155273438e+01
1.963620567321777344e+01
1.926317405700683594e+01
1.888076019287109375e+01
1.848880577087402344e+01
1.808863067626953125e+01
1.767933273315429688e+01
1.726223182678222656e+01
1.683642387390136719e+01
1.640319442749023438e+01
1.596295166015625000e+01
1.551458358764648438e+01
1.505920314788818359e+01
1.459643936157226562e+01
1.412592124938964844e+01
1.364950370788574219e+01
1.316533184051513672e+01
1.267451572418212891e+01
1.217891216278076172e+01
1.167591857910156250e+01
1.116738986968994141e+01
1.065295124053955078e+01
1.013371372222900391e+01
9.608560562133789062e+00
9.078601837158203125e+00
8.543459892272949219e+00
8.003503799438476562e+00
7.459844112396240234e+00
6.910614967346191406e+00
6.357670783996582031e+00
5.801376819610595703e+00
5.240612506866455078e+00
4.675743103027343750e+00
4.108619213104248047e+00
3.538120269775390625e+00
2.965353250503540039e+00
2.389791011810302734e+00
1.812392115592956543e+00
1.232628703117370605e+00
6.508643031120300293e-01
6.775979697704315186e-02
-5.169644355773925781e-01
-1.102948904037475586e+00
-1.690124273300170898e+00
-2.277856588363647461e+00
-2.866600513458251953e+00
-3.455547571182250977e+00
-4.043741226196289062e+00
-4.632974147796630859e+00
-5.221620082855224609e+00
-5.810061931610107422e+00
-6.397935867309570312e+00
-6.984137535095214844e+00
-7.569792270660400391e+00
-8.153793334960937500e+00
-8.737267494201660156e+00
-9.317622184753417969e+00
-9.896724700927734375e+00
-1.047421455383300781e+01
-1.104822158813476562e+01
-1.161975097656250000e+01
-1.218904685974121094e+01
-1.275486564636230469e+01
-1.331596183776855469e+01
-1.387406349182128906e+01
-1.442792606353759766e+01
-1.497704792022705078e+01
-1.552167224884033203e+01
-1.606129646301269531e+01
-1.659541893005371094e+01
-1.712576675415039062e+01
-1.764886474609375000e+01
-1.816718482971191406e+01
-1.867873764038085938e+01
-1.918450736999511719e+01
-1.968399238586425781e+01
-2.017668724060058594e+01
-2.066283226013183594e+01
-2.114192581176757812e+01
-2.161420440673828125e+01
-2.207916831970214844e+01
-2.253408241271972656e+01
-2.298289871215820312e+01
-2.342065620422363281e+01
-2.385204887390136719e+01
-2.427509117126464844e+01
-2.468852615356445312e+01
-2.509482574462890625e+01
-2.549199676513671875e+01
-2.587878799438476562e+01
-2.626063728332519531e+01
-2.663257980346679688e+01
-2.699485015869140625e+01
-2.734916877746582031e+01
-2.769502639770507812e+01
-2.803191375732421875e+01
-2.836006736755371094e+01
-2.867600059509277344e+01
-2.898515319824218750e+01
-2.928255081176757812e+01
-2.957288551330566406e+01
-2.985192871093750000e+01
-3.012362670898437500e+01
-3.038821220397949219e+01
-3.063848304748535156e+01
-3.088952636718750000e+01
-3.112671661376953125e+01
-3.135027694702148438e+01
-3.156786537170410156e+01
-3.177966308593750000e+01
-3.197820281982421875e+01
-3.217084503173828125e+01
-3.235750198364257812e+01
-3.253066635131835938e+01
-3.269768142700195312e+01
-3.285104370117187500e+01
-3.299809265136718750e+01
-3.313132095336914062e+01
-3.325807189941406250e+01
-3.337083435058593750e+01
-3.347694778442382812e+01
-3.356890106201171875e+01
-3.366146850585937500e+01
-3.373970413208007812e+01
-3.380351638793945312e+01
-3.385282135009765625e+01
-3.389496231079101562e+01
-3.393727874755859375e+01
-3.396482086181640625e+01
-3.397749710083007812e+01
-3.397521972656250000e+01
-3.396532821655273438e+01
-3.394773101806640625e+01
-3.392233276367187500e+01
-3.388161468505859375e+01
-3.384034347534179688e+01
-3.376869583129882812e+01
-3.370374298095703125e+01
-3.363051986694335938e+01
-3.354150390625000000e+01
-3.344403076171875000e+01
-3.333800125122070312e+01
-3.322331237792968750e+01
-3.309244537353515625e+01
-3.296759414672851562e+01
-3.281149673461914062e+01
-3.266121673583984375e+01
-3.249435806274414062e+01
-3.233311080932617188e+01
-3.214765167236328125e+01
-3.196017837524414062e+01
-3.176314735412597656e+01
-3.156389236450195312e+01
-3.136230659484863281e+01
-3.114343261718750000e+01
-3.091459083557128906e+01
-3.068310546875000000e+01
-3.044887351989746094e+01
-3.020436286926269531e+01
-2.995463371276855469e+01
-2.969720649719238281e+01
-2.943476676940917969e+01
-2.916555023193359375e+01
-2.889149856567382812e+01
-2.861084365844726562e+01
-2.832478904724121094e+01
-2.803378677368164062e+01
-2.773681259155273438e+01
-2.743506431579589844e+01
-2.712751388549804688e+01
-2.681610107421875000e+01
-2.649831390380859375e+01
-2.617683410644531250e+01
-2.585137367248535156e+01
-2.552090072631835938e+01
-2.518661499023437500e+01
-2.484673690795898438e+01
-2.450395393371582031e+01
-2.415723228454589844e+01
-2.380553436279296875e+01
-2.345154762268066406e+01
-2.309423446655273438e+01
-2.273330688476562500e+01
-2.236846923828125000e+01
-2.200166320800781250e+01
-2.163185501098632812e+01
-2.126023101806640625e+01
-2.088502120971679688e+01
-2.050815963745117188e+01
-2.013009452819824219e+01
-1.974904823303222656e+01
-1.936695671081542969e+01
-1.898278236389160156e+01
-1.859697914123535156e+01
-1.821147918701171875e+01
-1.782301521301269531e+01
-1.743501091003417969e+01
-1.704494285583496094e+01
-1.665549087524414062e+01
-1.626487159729003906e+01
-1.587427902221679688e+01
-1.548416137695312500e+01
-1.509422492980957031e+01
-1.470417308807373047e+01
-1.431445693969726562e+01
-1.392552375793457031e+01
-1.353708267211914062e+01
-1.315032005310058594e+01
-1.276420211791992188e+01
-1.237919139862060547e+01
-1.199581241607666016e+01
-1.161460399627685547e+01
-1.123387622833251953e+01
-1.085565376281738281e+01
-1.048047637939453125e+01
-1.010665416717529297e+01
-9.736212730407714844e+00
-9.368206024169921875e+00
-9.004659652709960938e+00
-8.643140792846679688e+00
-8.285676002502441406e+00
-7.932062625885009766e+00
-7.582097530364990234e+00
-7.235578536987304688e+00
-6.893790721893310547e+00
-6.556529998779296875e+00
-6.222852706909179688e+00
-5.895529747009277344e+00
-5.571386814117431641e+00
-5.253195762634277344e+00
-4.940012454986572266e+00
-4.631636142730712891e+00
-4.328981876373291016e+00
-4.031775474548339844e+00
-3.740559339523315430e+00
-3.454689264297485352e+00
-3.174634695053100586e+00
-2.900420188903808594e+00
-2.632144451141357422e+00
-2.369906902313232422e+00
-2.113807201385498047e+00
-1.863796591758728027e+00
-1.620072484016418457e+00
-1.382519960403442383e+00
-1.151381373405456543e+00
-9.265875220298767090e-01
-7.083148360252380371e-01
-4.962941408157348633e-01
-2.907769680023193359e-01
-9.149511903524398804e-02
1.012989580631256104e-01
2.877982556819915771e-01
4.681210219860076904e-01
6.421620249748229980e-01
8.096669316291809082e-01
9.711241126060485840e-01
1.125312328338623047e+00
1.274650812149047852e+00
1.417768836021423340e+00
1.554072976112365723e+00
1.685042142868041992e+00
1.809142947196960449e+00
1.927070975303649902e+00
2.038034915924072266e+00
2.142729043960571289e+00
2.239618062973022461e+00
2.330881118774414062e+00
2.414982318878173828e+00
2.491127014160156250e+00
2.560006856918334961e+00
2.622313499450683594e+00
2.677994012832641602e+00
2.725508689880371094e+00
2.765547513961791992e+00
2.798056125640869141e+00
2.823722362518310547e+00
2.841005086898803711e+00
2.852077245712280273e+00
2.854653358459472656e+00
2.850162029266357422e+00
2.837059497833251953e+00
2.818260192871093750e+00
2.789989471435546875e+00
2.754417181015014648e+00
2.712226629257202148e+00
2.661870956420898438e+00
2.604775428771972656e+00
2.539391756057739258e+00
2.467887401580810547e+00
2.388712882995605469e+00
2.303291559219360352e+00
2.209329843521118164e+00
2.109735727310180664e+00
2.002958059310913086e+00
1.889674305915832520e+00
1.769075393676757812e+00
1.641837596893310547e+00
1.507893800735473633e+00
1.368662476539611816e+00
1.222589015960693359e+00
1.071834444999694824e+00
9.131336808204650879e-01
7.502070069313049316e-01
5.813491940498352051e-01
4.081986546516418457e-01
2.291235476732254028e-01
4.472093284130096436e-02
-1.441897451877593994e-01
-3.378297984600067139e-01
-5.361483097076416016e-01
-7.391183376312255859e-01
-9.462918043136596680e-01
-1.157816052436828613e+00
-1.373763799667358398e+00
-1.593740940093994141e+00
-1.817925095558166504e+00
-2.046123743057250977e+00
-2.278292179107666016e+00
-2.514275789260864258e+00
-2.754090785980224609e+00
-2.997441053390502930e+00
-3.244552612304687500e+00
-3.495353221893310547e+00
-3.749547958374023438e+00
-4.006917953491210938e+00
-4.267689228057861328e+00
-4.531717300415039062e+00
-4.798411846160888672e+00
-5.068892002105712891e+00
-5.341751098632812500e+00
-5.617216587066650391e+00
-5.895517826080322266e+00
-6.176139831542968750e+00
-6.458568096160888672e+00
-6.743775844573974609e+00
-7.030505180358886719e+00
-7.319730281829833984e+00
-7.610194683074951172e+00
-7.903613567352294922e+00
-8.197246551513671875e+00
-8.492809295654296875e+00
-8.789789199829101562e+00
-9.088418960571289062e+00
-9.387441635131835938e+00
-9.687832832336425781e+00
-9.988337516784667969e+00
-1.029067325592041016e+01
-1.059210014343261719e+01
-1.089507770538330078e+01
-1.119835376739501953e+01
-1.150215911865234375e+01
-1.180672550201416016e+01
-1.210857009887695312e+01
-1.241238307952880859e+01
-1.271393966674804688e+01
-1.301644325256347656e+01
-1.331789779663085938e+01
-1.361927795410156250e+01
-1.391932868957519531e+01
-1.421827507019042969e+01
-1.451555538177490234e+01
-1.481283092498779297e+01
-1.510804367065429688e+01
-1.540285396575927734e+01
-1.569446182250976562e+01
-1.598378372192382812e+01
-1.627322387695312500e+01
-1.655849456787109375e+01
-1.684274101257324219e+01
-1.712390518188476562e+01
-1.740216255187988281e+01
-1.767842864990234375e+01
-1.795064163208007812e+01
-1.822046470642089844e+01
-1.848658180236816406e+01
-1.874990653991699219e+01
-1.900912666320800781e+01
-1.926589393615722656e+01
-1.951815605163574219e+01
-1.976756668090820312e+01
-2.001206779479980469e+01
-2.025257492065429688e+01
-2.048999595642089844e+01
-2.072227287292480469e+01
-2.095106506347656250e+01
-2.117579460144042969e+01
-2.139440155029296875e+01
-2.161002731323242188e+01
-2.182061004638671875e+01
-2.202631568908691406e+01
-2.222805786132812500e+01
-2.242377471923828125e+01
-2.261585807800292969e+01
-2.280299186706542969e+01
-2.298385429382324219e+01
-2.316083908081054688e+01
-2.333262634277343750e+01
-2.350012397766113281e+01
-2.366349792480468750e+01
-2.382067871093750000e+01
-2.397332000732421875e+01
-2.412084007263183594e+01
-2.426339912414550781e+01
-2.440042304992675781e+01
-2.453429412841796875e+01
-2.466220664978027344e+01
-2.478506660461425781e+01
-2.490302848815917969e+01
-2.501625633239746094e+01
-2.512487602233886719e+01
-2.522815895080566406e+01
-2.532682228088378906e+01
-2.542084503173828125e+01
-2.550946426391601562e+01
-2.559413909912109375e+01
-2.567187690734863281e+01
-2.574265480041503906e+01
-2.581015968322753906e+01
-2.587065505981445312e+01
-2.592634391784667969e+01
-2.597496986389160156e+01
-2.602022361755371094e+01
-2.605761909484863281e+01
-2.608861351013183594e+01
-2.611540794372558594e+01
-2.613574790954589844e+01
-2.614960479736328125e+01
-2.615694427490234375e+01
-2.615922546386718750e+01
-2.615493392944335938e+01
-2.614477539062500000e+01
-2.612872314453125000e+01
-2.610600090026855469e+01
-2.607806205749511719e+01
-2.604338455200195312e+01
-2.600342559814453125e+01
-2.595740509033203125e+01
-2.590528678894042969e+01
-2.584778022766113281e+01
-2.578336334228515625e+01
-2.571274185180664062e+01
-2.563736724853515625e+01
-2.555571174621582031e+01
-2.546848297119140625e+01
-2.537564277648925781e+01
-2.527715110778808594e+01
-2.517371177673339844e+01
-2.506379699707031250e+01
-2.495034217834472656e+01
-2.483107376098632812e+01
-2.470669364929199219e+01
-2.457715988159179688e+01
-2.444391632080078125e+01
-2.430469131469726562e+01
-2.416241073608398438e+01
-2.401480293273925781e+01
-2.386256790161132812e+01
-2.370640182495117188e+01
-2.354625892639160156e+01
-2.338207435607910156e+01
-2.321444129943847656e+01
-2.304244613647460938e+01
-2.286666107177734375e+01
-2.268691635131835938e+01
-2.250452613830566406e+01
-2.231783294677734375e+01
-2.212740516662597656e+01
-2.193307304382324219e+01
-2.173614883422851562e+01
-2.153497123718261719e+01
-2.133011436462402344e+01
-2.112213897705078125e+01
-2.091013526916503906e+01
-2.069541168212890625e+01
-2.047779083251953125e+01
-2.025784301757812500e+01
-2.003316307067871094e+01
-1.980654335021972656e+01
-1.957706642150878906e+01
-1.934455680847167969e+01
-1.910957908630371094e+01
-1.887195587158203125e+01
-1.863150787353515625e+01
-1.838880157470703125e+01
-1.814365577697753906e+01
-1.789589881896972656e+01
-1.764682960510253906e+01
-1.739404487609863281e+01
-1.714107894897460938e+01
-1.688478088378906250e+01
-1.662719917297363281e+01
-1.636741256713867188e+01
-1.610598182678222656e+01
-1.584346961975097656e+01
-1.558044052124023438e+01
-1.531448364257812500e+01
-1.504913234710693359e+01
-1.478049182891845703e+01
-1.451209735870361328e+01
-1.424376487731933594e+01
-1.397382926940917969e+01
-1.370210838317871094e+01
-1.343064975738525391e+01
-1.315927124023437500e+01
-1.288630771636962891e+01
-1.261157512664794922e+01
-1.233935070037841797e+01
-1.206573677062988281e+01
-1.179203891754150391e+01
-1.151956748962402344e+01
-1.124816417694091797e+01
-1.097545146942138672e+01
-1.070276355743408203e+01
-1.043143749237060547e+01
-1.016206455230712891e+01
-9.892266273498535156e+00
-9.623378753662109375e+00
-9.354507446289062500e+00
-9.087732315063476562e+00
-8.822903633117675781e+00
-8.559125900268554688e+00
-8.296253204345703125e+00
-8.034875869750976562e+00
-7.775588989257812500e+00
-7.517498493194580078e+00
-7.261942863464355469e+00
-7.008028507232666016e+00
-6.756350517272949219e+00
-6.506015777587890625e+00
-6.259106159210205078e+00
-6.013986587524414062e+00
-5.771994590759277344e+00
-5.531496047973632812e+00
-5.293829917907714844e+00
-5.059591293334960938e+00
-4.827146530151367188e+00
-4.597834587097167969e+00
-4.371731758117675781e+00
-4.148245811462402344e+00
-3.927676200866699219e+00
-3.710099458694458008e+00
-3.495667695999145508e+00
-3.284309387207031250e+00
-3.076176643371582031e+00
-2.871050596237182617e+00
-2.669232368469238281e+00
-2.470577955245971680e+00
-2.275315284729003906e+00
-2.083271026611328125e+00
-1.894636273384094238e+00
-1.709283471107482910e+00
-1.527322769165039062e+00
-1.348731040954589844e+00
-1.173493266105651855e+00
-1.001542210578918457e+00
-8.329601883888244629e-01
-6.677553057670593262e-01
-5.057876110076904297e-01
-3.471404612064361572e-01
-1.916222572326660156e-01
-3.972366824746131897e-02
1.087110787630081177e-01
2.537630498409271240e-01
3.950669467449188232e-01
5.327029824256896973e-01
6.666021943092346191e-01
7.963980436325073242e-01
9.222435951232910156e-01
1.043845653533935547e+00
1.161950826644897461e+00
1.274333000183105469e+00
1.383967399597167969e+00
1.488626480102539062e+00
1.589798331260681152e+00
1.685254931449890137e+00
1.777226328849792480e+00
1.865712523460388184e+00
1.947741150856018066e+00
2.026283979415893555e+00
2.100596427917480469e+00
2.169933795928955078e+00
2.235037326812744141e+00
2.295160770416259766e+00
2.351044654846191406e+00
2.402685165405273438e+00
2.448591709136962891e+00
2.490989685058593750e+00
2.529130220413208008e+00
2.562264919281005859e+00
2.590388059616088867e+00
2.614979028701782227e+00
2.636031150817871094e+00
2.650564432144165039e+00
2.662286281585693359e+00
2.668959379196166992e+00
2.671317577362060547e+00
2.670095205307006836e+00
2.664538860321044922e+00
2.655381679534912109e+00
2.641126632690429688e+00
2.623992204666137695e+00
2.601737022399902344e+00
2.576578617095947266e+00
2.547761440277099609e+00
2.514529466629028320e+00
2.478355407714843750e+00
2.438482522964477539e+00
2.395639896392822266e+00
2.349069118499755859e+00
2.298738956451416016e+00
2.246034145355224609e+00
2.190836668014526367e+00
2.131541728973388672e+00
2.069516181945800781e+00
2.003897666931152344e+00
1.935309052467346191e+00
1.864373683929443359e+00
1.789484620094299316e+00
1.711263537406921387e+00
1.630332827568054199e+00
1.545827150344848633e+00
1.459110856056213379e+00
1.369318366050720215e+00
1.276326775550842285e+00
1.181499361991882324e+00
1.082483410835266113e+00
9.812356233596801758e-01
8.771861791610717773e-01
7.705821990966796875e-01
6.618934869766235352e-01
5.498060584068298340e-01
4.353836476802825928e-01
3.184263706207275391e-01
1.991055607795715332e-01
7.736948132514953613e-02
-4.668533802032470703e-02
-1.728882640600204468e-01
-3.012918531894683838e-01
-4.318003058433532715e-01
-5.643179416656494141e-01
-6.988237500190734863e-01
-8.352226018905639648e-01
-9.735680222511291504e-01
-1.113616824150085449e+00
-1.255311369895935059e+00
-1.398832321166992188e+00
-1.543929338455200195e+00
-1.690493464469909668e+00
-1.838482856750488281e+00
-1.987811088562011719e+00
-2.138332366943359375e+00
-2.290250539779663086e+00
-2.443249464035034180e+00
-2.597086906433105469e+00
-2.751967191696166992e+00
-2.907722473144531250e+00
-3.064111232757568359e+00
-3.221337795257568359e+00
-3.379234790802001953e+00
-3.537634134292602539e+00
-3.696434974670410156e+00
-3.855908393859863281e+00
-4.016027450561523438e+00
-4.175650596618652344e+00
-4.336236000061035156e+00
-4.497163772583007812e+00
-4.657069206237792969e+00
-4.817559242248535156e+00
-4.978013038635253906e+00
-5.137809276580810547e+00
-5.297812461853027344e+00
-5.457400321960449219e+00
-5.616694927215576172e+00
-5.775074481964111328e+00
-5.932659626007080078e+00
-6.089571952819824219e+00
-6.245932579040527344e+00
-6.401862621307373047e+00
-6.556738853454589844e+00
-6.710682868957519531e+00
-6.863814830780029297e+00
-7.016254425048828125e+00
-7.166636466979980469e+00
-7.316567420959472656e+00
-7.465423583984375000e+00
-7.612581729888916016e+00
-7.758903980255126953e+00
-7.903023719787597656e+00
-8.046546936035156250e+00
-8.188105583190917969e+00
-8.328561782836914062e+00
-8.467290878295898438e+00
-8.604410171508789062e+00
-8.740039825439453125e+00
-8.873552322387695312e+00
-9.006552696228027344e+00
-9.136927604675292969e+00
-9.265540122985839844e+00
-9.393245697021484375e+00
-9.518678665161132812e+00
-9.641209602355957031e+00
-9.763184547424316406e+00
-9.884719848632812500e+00
-1.000295734405517578e+01
-1.011949920654296875e+01
-1.023297214508056641e+01
-1.034646511077880859e+01
-1.045786285400390625e+01
-1.056653404235839844e+01
-1.067480754852294922e+01
-1.077974987030029297e+01
-1.088212680816650391e+01
-1.098493099212646484e+01
-1.108298397064208984e+01
-1.118002319335937500e+01
-1.127458381652832031e+01
-1.136742877960205078e+01
-1.145709323883056641e+01
-1.154433917999267578e+01
-1.162993240356445312e+01
-1.171314716339111328e+01
-1.179251575469970703e+01
-1.186954498291015625e+01
-1.194425201416015625e+01
-1.201739692687988281e+01
-1.208602619171142578e+01
-1.215313053131103516e+01
-1.221649456024169922e+01
-1.227687931060791016e+01
-1.233578777313232422e+01
-1.239100456237792969e+01
-1.244328880310058594e+01
-1.249265480041503906e+01
-1.253911781311035156e+01
-1.258269023895263672e+01
-1.262338733673095703e+01
-1.266122055053710938e+01
-1.269620418548583984e+01
-1.272760581970214844e+01
-1.275618171691894531e+01
-1.278343009948730469e+01
-1.280638790130615234e+01
-1.282729625701904297e+01
-1.284542179107666016e+01
-1.285928821563720703e+01
-1.287113475799560547e+01
-1.288097000122070312e+01
-1.288657283782958984e+01
-1.289018249511718750e+01
-1.289180374145507812e+01
-1.288996124267578125e+01
-1.288540267944335938e+01
-1.287962245941162109e+01
-1.286965370178222656e+01
-1.285847377777099609e+01
-1.284460353851318359e+01
-1.282878875732421875e+01
-1.280955123901367188e+01
-1.278912258148193359e+01
-1.276600742340087891e+01
-1.274088668823242188e+01
-1.271442794799804688e+01
-1.268506908416748047e+01
-1.265347671508789062e+01
-1.261957359313964844e+01
-1.258476829528808594e+01
-1.254675579071044922e+01
-1.250694179534912109e+01
-1.246450805664062500e+01
-1.241937351226806641e+01
-1.237294673919677734e+01
-1.232440567016601562e+01
-1.227292633056640625e+01
-1.222065925598144531e+01
-1.216529560089111328e+01
-1.210824012756347656e+01
-1.204941272735595703e+01
-1.198798847198486328e+01
-1.192537498474121094e+01
-1.186000061035156250e+01
-1.179327297210693359e+01
-1.172436523437500000e+01
-1.165393829345703125e+01
-1.158116722106933594e+01
-1.150745487213134766e+01
-1.143123245239257812e+01
-1.135390186309814453e+01
-1.127463817596435547e+01
-1.119261360168457031e+01
-1.111071586608886719e+01
-1.102589035034179688e+01
-1.094027996063232422e+01
-1.085305786132812500e+01
-1.076339626312255859e+01
-1.067418289184570312e+01
-1.058235931396484375e+01
-1.048932743072509766e+01
-1.039574527740478516e+01
-1.030078125000000000e+01
-1.020361042022705078e+01
-1.010711765289306641e+01
-1.000824451446533203e+01
-9.909132957458496094e+00
-9.808955192565917969e+00
-9.707623481750488281e+00
-9.605795860290527344e+00
-9.503384590148925781e+00
-9.398818016052246094e+00
-9.294980049133300781e+00
-9.191040992736816406e+00
-9.084681510925292969e+00
-8.979525566101074219e+00
-8.873253822326660156e+00
-8.766518592834472656e+00
-8.659228324890136719e+00
-8.552035331726074219e+00
-8.444849014282226562e+00
-8.337578773498535156e+00
-8.229390144348144531e+00
-8.121676445007324219e+00
-8.013606071472167969e+00
-7.905086994171142578e+00
-7.797514915466308594e+00
-7.689311981201171875e+00
-7.581873416900634766e+00
-7.473622798919677734e+00
-7.365954875946044922e+00
-7.259522438049316406e+00
-7.152005195617675781e+00
-7.045542716979980469e+00
-6.940042495727539062e+00
-6.833186626434326172e+00
-6.728599548339843750e+00
-6.623961448669433594e+00
-6.519182682037353516e+00
-6.416401863098144531e+00
-6.313301086425781250e+00
-6.211275100708007812e+00
-6.109492301940917969e+00
-6.008606433868408203e+00
-5.908527374267578125e+00
-5.809166908264160156e+00
-5.709692001342773438e+00
-5.612244129180908203e+00
-5.515247821807861328e+00
-5.418614864349365234e+00
-5.324486255645751953e+00
-5.229802608489990234e+00
-5.136703968048095703e+00
-5.045103073120117188e+00
-4.953426837921142578e+00
-4.863073825836181641e+00
-4.773957729339599609e+00
-4.685991287231445312e+00
-4.598345279693603516e+00
-4.512419700622558594e+00
-4.426641941070556641e+00
-4.342412948608398438e+00
-4.259647369384765625e+00
-4.177228927612304688e+00
-4.096311092376708984e+00
-4.017016887664794922e+00
-3.937908172607421875e+00
-3.860520601272583008e+00
-3.784382820129394531e+00
-3.709693670272827148e+00
-3.636205673217773438e+00
-3.564265012741088867e+00
-3.493849277496337891e+00
-3.424859523773193359e+00
-3.357570409774780273e+00
-3.291809797286987305e+00
-3.227703571319580078e+00
-3.165229082107543945e+00
-3.104587793350219727e+00
-3.045459747314453125e+00
-2.988121271133422852e+00
-2.932624816894531250e+00
-2.878875732421875000e+00
-2.826927423477172852e+00
-2.776833534240722656e+00
-2.728574514389038086e+00
-2.682056188583374023e+00
-2.637556076049804688e+00
-2.594832420349121094e+00
-2.553941011428833008e+00
-2.515011310577392578e+00
-2.477877140045166016e+00
-2.442594766616821289e+00
-2.409220695495605469e+00
-2.377738475799560547e+00
-2.347981691360473633e+00
-2.320306301116943359e+00
-2.294175148010253906e+00
-2.270092725753784180e+00
-2.247746229171752930e+00
-2.227269411087036133e+00
-2.208498239517211914e+00
-2.191566705703735352e+00
-2.176312446594238281e+00
-2.162795305252075195e+00
-2.151001930236816406e+00
-2.140770435333251953e+00
-2.132236480712890625e+00
-2.125164270401000977e+00
-2.119839191436767578e+00
-2.115877151489257812e+00
-2.113415718078613281e+00
-2.112368822097778320e+00
-2.112735748291015625e+00
-2.114554405212402344e+00
-2.117724895477294922e+00
-2.122444629669189453e+00
-2.128540277481079102e+00
-2.135986328125000000e+00
-2.144981861114501953e+00
-2.155427932739257812e+00
-2.167449235916137695e+00
-2.180799484252929688e+00
-2.195752382278442383e+00
-2.212062358856201172e+00
-2.229780673980712891e+00
-2.249033451080322266e+00
-2.269724369049072266e+00
-2.291905641555786133e+00
-2.315333127975463867e+00
-2.340356588363647461e+00
-2.366657733917236328e+00
-2.394513368606567383e+00
-2.423605442047119141e+00
-2.454210758209228516e+00
-2.486086130142211914e+00
-2.519360780715942383e+00
-2.553940296173095703e+00
-2.589731216430664062e+00
-2.626862525939941406e+00
-2.665241479873657227e+00
-2.704700231552124023e+00
-2.745517730712890625e+00
-2.787377834320068359e+00
-2.830337285995483398e+00
-2.874451637268066406e+00
-2.919629096984863281e+00
-2.965926408767700195e+00
-3.013102531433105469e+00
-3.061437845230102539e+00
-3.110617399215698242e+00
-3.160773038864135742e+00
-3.211887598037719727e+00
-3.263721466064453125e+00
-3.316554784774780273e+00
-3.369999885559082031e+00
-3.424114465713500977e+00
-3.479029893875122070e+00
-3.534656763076782227e+00
-3.590903997421264648e+00
-3.647904157638549805e+00
-3.705344200134277344e+00
-3.763430833816528320e+00
-3.822149515151977539e+00
-3.881269693374633789e+00
-3.940561056137084961e+00
-3.999794006347656250e+00
-4.060225009918212891e+00
-4.121179580688476562e+00
-4.181238174438476562e+00
-4.242698192596435547e+00
-4.303398609161376953e+00
-4.364892959594726562e+00
-4.427248954772949219e+00
-4.488306045532226562e+00
-4.549617767333984375e+00
-4.611252307891845703e+00
-4.673277378082275391e+00
-4.735018730163574219e+00
-4.797286033630371094e+00
-4.859405040740966797e+00
-4.921443939208984375e+00
-4.983470439910888672e+00
-5.044808864593505859e+00
-5.106271266937255859e+00
-5.167181968688964844e+00
-5.228351116180419922e+00
-5.289848327636718750e+00
-5.350253582000732422e+00
-5.411865234375000000e+00
-5.470291137695312500e+00
-5.530801296234130859e+00
-5.589747428894042969e+00
-5.648684024810791016e+00
-5.706934452056884766e+00
-5.765309810638427734e+00
-5.823133945465087891e+00
-5.880474567413330078e+00
-5.937397480010986328e+00
-5.993227481842041016e+00
-6.048774719238281250e+00
-6.104104995727539062e+00
-6.159285545349121094e+00
-6.212896347045898438e+00
-6.266490459442138672e+00
-6.320133209228515625e+00
-6.372404575347900391e+00
-6.423370838165283203e+00
-6.475326061248779297e+00
-6.525364875793457031e+00
-6.575780868530273438e+00
-6.624409198760986328e+00
-6.673545360565185547e+00
-6.721017837524414062e+00
-6.768346309661865234e+00
-6.814811229705810547e+00
-6.860441207885742188e+00
-6.906003952026367188e+00
-6.950037956237792969e+00
-6.993311882019042969e+00
-7.035851001739501953e+00
-7.077678680419921875e+00
-7.118820667266845703e+00
-7.158557891845703125e+00
-7.196913719177246094e+00
-7.233912467956542969e+00
-7.270320415496826172e+00
-7.305417537689208984e+00
-7.339970111846923828e+00
-7.373257637023925781e+00
-7.405302047729492188e+00
-7.436126232147216797e+00
-7.465752124786376953e+00
-7.494201660156250000e+00
-7.520751953125000000e+00
-7.546911716461181641e+00
-7.571958065032958984e+00
-7.595912456512451172e+00
-7.618050098419189453e+00
-7.639137268066406250e+00
-7.658447742462158203e+00
-7.676747322082519531e+00
-7.694052219390869141e+00
-7.709640979766845703e+00
-7.724274158477783203e+00
-7.737970829010009766e+00
-7.750007152557373047e+00
-7.761143207550048828e+00
-7.770654201507568359e+00
-7.779299736022949219e+00
-7.786356925964355469e+00
-7.791096687316894531e+00
-7.796510696411132812e+00
-7.799641609191894531e+00
-7.801993370056152344e+00
-7.802838802337646484e+00
-7.802936077117919922e+00
-7.802301406860351562e+00
-7.800207614898681641e+00
-7.795926094055175781e+00
-7.790958881378173828e+00
-7.786062717437744141e+00
-7.779024600982666016e+00
-7.771335601806640625e+00
-7.762976169586181641e+00
-7.753170967102050781e+00
-7.742635726928710938e+00
-7.730595588684082031e+00
-7.718507289886474609e+00
-7.704110622406005859e+00
-7.689605236053466797e+00
-7.672729492187500000e+00
-7.655681610107421875e+00
-7.637687683105468750e+00
-7.618716239929199219e+00
-7.598734855651855469e+00
-7.576225757598876953e+00
-7.554870128631591797e+00
-7.530921936035156250e+00
-7.506577491760253906e+00
-7.481060028076171875e+00
-7.452848911285400391e+00
-7.425628185272216797e+00
-7.396389961242675781e+00
-7.366588115692138672e+00
-7.335443496704101562e+00
-7.303666114807128906e+00
-7.270476818084716797e+00
-7.236584186553955078e+00
-7.201210498809814453e+00
-7.165062904357910156e+00
-7.128106117248535156e+00
-7.090304374694824219e+00
-7.051621437072753906e+00
-7.012021541595458984e+00
-6.971467494964599609e+00
-6.929922580718994141e+00
-6.887351036071777344e+00
-6.844458103179931641e+00
-6.800463199615478516e+00
-6.756073474884033203e+00
-6.709763526916503906e+00
-6.663725852966308594e+00
-6.616436958312988281e+00
-6.569344043731689453e+00
-6.520179748535156250e+00
-6.471135616302490234e+00
-6.421429634094238281e+00
-6.371767044067382812e+00
-6.321365833282470703e+00
-6.269443511962890625e+00
-6.218191623687744141e+00
-6.165340900421142578e+00
-6.113080024719238281e+00
-6.059874534606933594e+00
-6.005673885345458984e+00
-5.951913356781005859e+00
-5.897799015045166016e+00
-5.843280315399169922e+00
-5.787563800811767578e+00
-5.732826709747314453e+00
-5.676790237426757812e+00
-5.620145320892333984e+00
-5.563585281372070312e+00
-5.507058620452880859e+00
-5.449771404266357422e+00
-5.392416477203369141e+00
-5.334941864013671875e+00
-5.278039932250976562e+00
-5.220174312591552734e+00
-5.162779808044433594e+00
-5.104319572448730469e+00
-5.046971797943115234e+00
-4.989199638366699219e+00
-4.930952072143554688e+00
-4.872921943664550781e+00
-4.815058708190917969e+00
-4.756567478179931641e+00
-4.698142051696777344e+00
-4.640474319458007812e+00
-4.582026958465576172e+00
-4.524237155914306641e+00
-4.465566158294677734e+00
-4.408195495605468750e+00
-4.349843502044677734e+00
-4.293433189392089844e+00
-4.235940933227539062e+00
-4.178061008453369141e+00
-4.120485782623291016e+00
-4.063908100128173828e+00
-4.007534980773925781e+00
-3.950573205947875977e+00
-3.894459009170532227e+00
-3.838400125503540039e+00
-3.783088922500610352e+00
-3.726247310638427734e+00
-3.670797109603881836e+00
-3.615946292877197266e+00
-3.561793565750122070e+00
-3.507323980331420898e+00
-3.453676462173461914e+00
-3.399241685867309570e+00
-3.346273899078369141e+00
-3.293241739273071289e+00
-3.240486860275268555e+00
-3.188206672668457031e+00
-3.136301517486572266e+00
-3.084820032119750977e+00
-3.033810615539550781e+00
-2.983323097229003906e+00
-2.933331966400146484e+00
-2.883812189102172852e+00
-2.834887504577636719e+00
-2.786533355712890625e+00
-2.738724708557128906e+00
-2.691660165786743164e+00
-2.645167112350463867e+00
-2.599295616149902344e+00
-2.554095506668090820e+00
-2.509766101837158203e+00
-2.465912580490112305e+00
-2.422882795333862305e+00
-2.380504369735717773e+00
-2.338978052139282227e+00
-2.298131704330444336e+00
-2.258091211318969727e+00
-2.218760251998901367e+00
-2.180190563201904297e+00
-2.142434597015380859e+00
-2.105544567108154297e+00
-2.069350242614746094e+00
-2.033979415893554688e+00
-1.999410510063171387e+00
-1.965696930885314941e+00
-1.932669639587402344e+00
-1.900605320930480957e+00
-1.869335412979125977e+00
-1.838690996170043945e+00
-1.809098482131958008e+00
-1.780166625976562500e+00
-1.752099514007568359e+00
-1.724803686141967773e+00
-1.698260426521301270e+00
-1.672600030899047852e+00
-1.647655487060546875e+00
-1.623557329177856445e+00
-1.600064992904663086e+00
-1.577532291412353516e+00
-1.555600404739379883e+00
-1.534445166587829590e+00
-1.514027476310729980e+00
-1.494278788566589355e+00
-1.475226998329162598e+00
-1.456861257553100586e+00
-1.439161896705627441e+00
-1.422189354896545410e+00
-1.405929327011108398e+00
-1.390390753746032715e+00
-1.375574827194213867e+00
-1.361512660980224609e+00
-1.348198533058166504e+00
-1.335641860961914062e+00
-1.323851823806762695e+00
-1.312832355499267578e+00
-1.302598834037780762e+00
-1.293147802352905273e+00
-1.284487009048461914e+00
-1.276621818542480469e+00
-1.269560575485229492e+00
-1.263304948806762695e+00
-1.257854461669921875e+00
-1.253201723098754883e+00
-1.249343752861022949e+00
-1.246275663375854492e+00
-1.243996024131774902e+00
-1.242499589920043945e+00
-1.241779208183288574e+00
-1.241834044456481934e+00
-1.242655277252197266e+00
-1.244233965873718262e+00
-1.246568441390991211e+00
-1.249652862548828125e+00
-1.253476023674011230e+00
-1.258035421371459961e+00
-1.263321161270141602e+00
-1.269293665885925293e+00
-1.275972962379455566e+00
-1.283327102661132812e+00
-1.291339516639709473e+00
-1.300008177757263184e+00
-1.309301972389221191e+00
-1.319218993186950684e+00
-1.329735755920410156e+00
-1.340850949287414551e+00
-1.352548718452453613e+00
-1.364805817604064941e+00
-1.377614021301269531e+00
-1.391009807586669922e+00
-1.404866576194763184e+00
-1.419183731079101562e+00
-1.433983564376831055e+00
-1.449288368225097656e+00
-1.465046286582946777e+00
-1.481133103370666504e+00
-1.497879147529602051e+00
-1.514724493026733398e+00
-1.532075762748718262e+00
-1.549745321273803711e+00
-1.567842602729797363e+00
-1.586180210113525391e+00
-1.604793548583984375e+00
-1.623867154121398926e+00
-1.643362283706665039e+00
-1.663092017173767090e+00
-1.683240771293640137e+00
-1.703621864318847656e+00
-1.724197149276733398e+00
-1.745225667953491211e+00
-1.766446709632873535e+00
-1.787896394729614258e+00
-1.809685587882995605e+00
-1.831702232360839844e+00
-1.853982806205749512e+00
-1.876563429832458496e+00
-1.899183988571166992e+00
-1.922029256820678711e+00
-1.945135831832885742e+00
-1.968317508697509766e+00
-1.991684794425964355e+00
-2.015274524688720703e+00
-2.039048910140991211e+00
-2.062746524810791016e+00
-2.086775541305541992e+00
-2.110800981521606445e+00
-2.135007619857788086e+00
-2.159208297729492188e+00
-2.183513879776000977e+00
-2.207959651947021484e+00
-2.232359409332275391e+00
-2.256896972656250000e+00
-2.281682729721069336e+00
-2.306231975555419922e+00
-2.330728769302368164e+00
-2.355357170104980469e+00
-2.380003690719604492e+00
-2.404406547546386719e+00
-2.428972482681274414e+00
-2.453512907028198242e+00
-2.478063344955444336e+00
-2.502583742141723633e+00
-2.527034521102905273e+00
-2.551301956176757812e+00
-2.575717449188232422e+00
-2.599867343902587891e+00
-2.624072313308715820e+00
-2.648130893707275391e+00
-2.672064304351806641e+00
-2.695819139480590820e+00
-2.719491243362426758e+00
-2.742952108383178711e+00
-2.766149044036865234e+00
-2.789400100708007812e+00
-2.812279939651489258e+00
-2.834808826446533203e+00
-2.857082605361938477e+00
-2.879195451736450195e+00
-2.900722503662109375e+00
-2.922055244445800781e+00
-2.943140745162963867e+00
-2.963552474975585938e+00
-2.984202861785888672e+00
-3.004815101623535156e+00
-3.024815082550048828e+00
-3.044222593307495117e+00
-3.063058137893676758e+00
-3.081341505050659180e+00
-3.099836111068725586e+00
-3.117818355560302734e+00
-3.134565830230712891e+00
-3.151584148406982422e+00
-3.168893337249755859e+00
-3.185026645660400391e+00
-3.201490163803100586e+00
-3.216816902160644531e+00
-3.231770038604736328e+00
-3.246368408203125000e+00
-3.259888410568237305e+00
-3.273835420608520508e+00
-3.287485361099243164e+00
-3.300113916397094727e+00
-3.312483310699462891e+00
-3.324611663818359375e+00
-3.335774898529052734e+00
-3.347477197647094727e+00
-3.358250379562377930e+00
-3.368855714797973633e+00
-3.378567934036254883e+00
-3.388147592544555664e+00
-3.396868944168090820e+00
-3.406235456466674805e+00
-3.414777755737304688e+00
-3.422512769699096680e+00
-3.430200099945068359e+00
-3.437851905822753906e+00
-3.445467233657836914e+00
-3.451554536819458008e+00
-3.457593679428100586e+00
-3.463579416275024414e+00
-3.468761920928955078e+00
-3.474621295928955078e+00
-3.478921175003051758e+00
-3.483141899108886719e+00
-3.486532211303710938e+00
-3.489828109741210938e+00
-3.493022680282592773e+00
-3.495363950729370117e+00
-3.496844768524169922e+00
-3.498199462890625000e+00
-3.499419689178466797e+00
-3.499754190444946289e+00
-3.500679969787597656e+00
-3.500701189041137695e+00
-3.499809741973876953e+00
-3.497995853424072266e+00
-3.495992422103881836e+00
-3.493790864944458008e+00
-3.491381168365478516e+00
-3.488009691238403320e+00
-3.485153675079345703e+00
-3.480572462081909180e+00
-3.475742816925048828e+00
-3.470654487609863281e+00
-3.465296745300292969e+00
-3.458916187286376953e+00
-3.452988862991333008e+00
-3.446017503738403320e+00
-3.438735008239746094e+00
-3.431130647659301758e+00
-3.423193931579589844e+00
-3.413428306579589844e+00
-3.404794454574584961e+00
-3.395053863525390625e+00
-3.383451700210571289e+00
-3.375179529190063477e+00
-3.364281654357910156e+00
-3.352976799011230469e+00
-3.341254711151123047e+00
-3.329847097396850586e+00
-3.318000793457031250e+00
-3.304961681365966797e+00
-3.292948722839355469e+00
-3.279721975326538086e+00
-3.266756772994995117e+00
-3.252554178237915039e+00
-3.237838268280029297e+00
-3.224073410034179688e+00
-3.209751844406127930e+00
-3.195595502853393555e+00
-3.180096387863159180e+00
-3.164719104766845703e+00
-3.150185108184814453e+00
-3.134243249893188477e+00
-3.118358135223388672e+00
-3.102507352828979492e+00
-3.085925817489624023e+00
-3.069334983825683594e+00
-3.052711963653564453e+00
-3.036034822463989258e+00
-3.018537521362304688e+00
-3.000940799713134766e+00
-2.983222007751464844e+00
-2.966100931167602539e+00
-2.948811531066894531e+00
-2.929844379425048828e+00
-2.911405563354492188e+00
-2.893471479415893555e+00
-2.874086380004882812e+00
-2.855529785156250000e+00
-2.837406635284423828e+00
-2.818206548690795898e+00
-2.799317121505737305e+00
-2.780267953872680664e+00
-2.761257410049438477e+00
-2.741889953613281250e+00
-2.722586154937744141e+00
-2.702875375747680664e+00
-2.683327436447143555e+00
-2.663694381713867188e+00
-2.643951177597045898e+00
-2.624072551727294922e+00
-2.604182243347167969e+00
-2.584180593490600586e+00
-2.564265012741088867e+00
-2.544188261032104492e+00
-2.524147510528564453e+00
-2.504043340682983398e+00
-2.483850479125976562e+00
-2.463767290115356445e+00
-2.443545579910278320e+00
-2.423383474349975586e+00
-2.403181552886962891e+00
-2.382990121841430664e+00
-2.362709522247314453e+00
-2.342465639114379883e+00
-2.322239637374877930e+00
-2.301939249038696289e+00
-2.281770467758178711e+00
-2.261641740798950195e+00
-2.241535663604736328e+00
-2.221436023712158203e+00
-2.201400041580200195e+00
-2.181560039520263672e+00
-2.161676883697509766e+00
-2.142031431198120117e+00
-2.122310876846313477e+00
-2.102870702743530273e+00
-2.083472728729248047e+00
-2.064249992370605469e+00
-2.045187473297119141e+00
-2.026121377944946289e+00
-2.007408618927001953e+00
-1.988811373710632324e+00
-1.970389246940612793e+00
-1.952128052711486816e+00
-1.934013605117797852e+00
-1.916180014610290527e+00
-1.898464441299438477e+00
-1.881001949310302734e+00
-1.863778114318847656e+00
-1.846705079078674316e+00
-1.829917669296264648e+00
-1.813402056694030762e+00
-1.797070026397705078e+00
-1.780982375144958496e+00
-1.765125155448913574e+00
-1.749559402465820312e+00
-1.734196662902832031e+00
-1.719097971916198730e+00
-1.704249143600463867e+00
-1.689710974693298340e+00
-1.675320982933044434e+00
-1.661288261413574219e+00
-1.647450327873229980e+00
-1.633942127227783203e+00
-1.620675086975097656e+00
-1.607560992240905762e+00
-1.594734668731689453e+00
-1.582256197929382324e+00
-1.569888591766357422e+00
-1.557766556739807129e+00
-1.546024560928344727e+00
-1.534425616264343262e+00
-1.522955656051635742e+00
-1.511825799942016602e+00
-1.500884294509887695e+00
-1.490130305290222168e+00
-1.479637265205383301e+00
-1.469404220581054688e+00
-1.459356546401977539e+00
-1.449642062187194824e+00
-1.440186262130737305e+00
-1.431063055992126465e+00
-1.422049403190612793e+00
-1.413368463516235352e+00
-1.404946088790893555e+00
-1.396708488464355469e+00
-1.388879299163818359e+00
-1.381236672401428223e+00
-1.373855710029602051e+00
-1.366738319396972656e+00
-1.359960436820983887e+00
-1.353449583053588867e+00
-1.347282409667968750e+00
-1.341313004493713379e+00
-1.335618495941162109e+00
-1.330127716064453125e+00
-1.324992895126342773e+00
-1.320143342018127441e+00
-1.315657496452331543e+00
-1.311391115188598633e+00
-1.307348728179931641e+00
-1.303683876991271973e+00
-1.300104737281799316e+00
-1.296987891197204590e+00
-1.294041991233825684e+00
-1.291421413421630859e+00
-1.289132356643676758e+00
-1.286957740783691406e+00
-1.285127162933349609e+00
-1.283647179603576660e+00
-1.282301187515258789e+00
-1.281244635581970215e+00
-1.280484318733215332e+00
-1.279878377914428711e+00
-1.279656410217285156e+00
-1.279528141021728516e+00
-1.279723048210144043e+00
-1.280099272727966309e+00
-1.280737519264221191e+00
-1.281569957733154297e+00
-1.282603025436401367e+00
-1.283916950225830078e+00
-1.285369038581848145e+00
0.000000000000000000e+00
0.000000000000000000e+00
0.000000000000000000e+00
0.000000000000000000e+00
0.000000000000000000e+00
0.000000000000000000e+00
0.000000000000000000e+00
0.000000000000000000e+00
0.000000000000000000e+00
0.000000000000000000e+00
0.000000000000000000e+00
0.000000000000000000e+00
0.000000000000000000e+00
0.000000000000000000e+00
0.000000000000000000e+00
0.000000000000000000e+00
0.000000000000000000e+00
0.000000000000000000e+00
0.000000000000000000e+00
0.000000000000000000e+00
0.000000000000000000e+00
0.000000000000000000e+00
0.000000000000000000e+00
0.000000000000000000e+00
0.000000000000000000e+00
0.000000000000000000e+00
0.000000000000000000e+00
0.000000000000000000e+00
0.000000000000000000e+00
0.000000000000000000e+00
0.000000000000000000e+00
0.000000000000000000e+00
0.000000000000000000e+00
0.000000000000000000e+00
0.000000000000000000e+00
0.000000000000000000e+00
0.000000000000000000e+00
0.000000000000000000e+00
0.000000000000000000e+00
0.000000000000000000e+00
0.000000000000000000e+00
0.000000000000000000e+00
0.000000000000000000e+00
0.000000000000000000e+00
0.000000000000000000e+00
0.000000000000000000e+00
0.000000000000000000e+00
0.000000000000000000e+00
0.000000000000000000e+00
0.000000000000000000e+00
0.000000000000000000e+00
0.000000000000000000e+00
0.000000000000000000e+00
0.000000000000000000e+00
0.000000000000000000e+00
0.000000000000000000e+00
0.000000000000000000e+00
0.000000000000000000e+00
0.000000000000000000e+00
0.000000000000000000e+00
0.000000000000000000e+00
0.000000000000000000e+00
0.000000000000000000e+00
0.000000000000000000e+00
0.000000000000000000e+00
0.000000000000000000e+00
0.000000000000000000e+00
0.000000000000000000e+00
0.000000000000000000e+00
0.000000000000000000e+00
0.000000000000000000e+00
0.000000000000000000e+00
0.000000000000000000e+00
0.000000000000000000e+00
0.000000000000000000e+00
0.000000000000000000e+00
0.000000000000000000e+00
0.000000000000000000e+00
0.000000000000000000e+00
0.000000000000000000e+00
0.000000000000000000e+00
0.000000000000000000e+00
0.000000000000000000e+00
0.000000000000000000e+00
0.000000000000000000e+00
0.000000000000000000e+00
0.000000000000000000e+00
0.000000000000000000e+00
0.000000000000000000e+00
0.000000000000000000e+00
0.000000000000000000e+00
0.000000000000000000e+00
0.000000000000000000e+00
0.000000000000000000e+00
0.000000000000000000e+00
0.000000000000000000e+00
0.000000000000000000e+00
0.000000000000000000e+00
0.000000000000000000e+00
0.000000000000000000e+00
