# k_h
1.046684792527230456e-05
1.156555026682326570e-05
1.277958290302194655e-05
1.412105211784364656e-05
1.560333475936204195e-05
1.724121284496504813e-05
1.905101635202299803e-05
2.105079693137668073e-05
2.326049252587836236e-05
2.570214019215200096e-05
2.840008528437465429e-05
3.138123429380357265e-05
3.467531496426090598e-05
3.831517096841707826e-05
4.233710205880925059e-05
4.678121695178560913e-05
5.169182986719533801e-05
5.711790436180308461e-05
6.311355537036433816e-05
6.973856216063722968e-05
7.705900497967377305e-05
8.514786168234422803e-05
9.408580808667466044e-05
1.039619673974812031e-04
1.148748269770294428e-04
1.269331987714394927e-04
1.402573398081585765e-04
1.549801236251369119e-04
1.712483353912830353e-04
1.892242289613932371e-04
2.090870402753353119e-04
2.310348500031977892e-04
2.552864898461848497e-04
2.820838417392224073e-04
3.116941079497337341e-04
3.444125468377023935e-04
3.805654414463788271e-04
4.205132718198001385e-04
4.646544402930885553e-04
5.134290549904108047e-04
5.673235864378511906e-04
6.268753786571323872e-04
6.926783244125545025e-04
7.653885404579341412e-04
8.457311778329312801e-04
9.345072903670370579e-04
1.032602274790406227e-03
1.140994252637028694e-03
1.260764081962406635e-03
1.393106067553162575e-03
1.539340009912848473e-03
1.700924127362668514e-03
1.879469607956707478e-03
2.076756907626986504e-03
2.294753678143024445e-03
2.535633277148008347e-03
2.801797818392515182e-03
3.095901804044842720e-03
3.420877736061811447e-03
3.779966151341795921e-03
4.176747985184192657e-03
4.615180194377899170e-03
5.099634174257516861e-03
5.634941626340150833e-03
6.226439494639635086e-03
6.880027242004871368e-03
7.602221798151731491e-03
8.400225080549716949e-03
9.281993843615055084e-03
1.025632210075855255e-02
1.133292540907859802e-02
1.252253912389278412e-02
1.383702643215656281e-02
1.528949476778507233e-02
1.689442805945873260e-02
1.866783201694488525e-02
2.062738873064517975e-02
2.279263921082019806e-02
2.518517710268497467e-02
2.782885730266571045e-02
3.075004555284976959e-02
3.397786617279052734e-02
3.754451498389244080e-02
4.148555174469947815e-02
4.563410580158233643e-02
4.978266358375549316e-02
5.393121764063835144e-02
5.807977169752120972e-02
6.222832947969436646e-02
6.637688726186752319e-02
7.052543759346008301e-02
7.467399537563323975e-02
7.882255315780639648e-02
8.297110348939895630e-02
8.711966127157211304e-02
9.329745173454284668e-02
9.947524219751358032e-02
1.056530326604843140e-01
1.118308231234550476e-01
1.180086135864257812e-01
1.241863965988159180e-01
1.303641945123672485e-01
1.365419775247573853e-01
1.427197754383087158e-01
1.488975584506988525e-01
1.550753563642501831e-01
1.612531393766403198e-01
1.674309223890304565e-01
1.736087203025817871e-01
1.797865033149719238e-01
1.859643012285232544e-01
1.921420842409133911e-01
1.983198821544647217e-01
2.044976651668548584e-01
2.106754630804061890e-01
2.168532460927963257e-01
2.230310440063476562e-01
2.292088270187377930e-01
2.353866100311279297e-01
2.415644079446792603e-01
2.477421909570693970e-01
2.539199888706207275e-01
2.600977718830108643e-01
2.662755548954010010e-01
2.724533677101135254e-01
2.786311507225036621e-01
2.848089337348937988e-01
2.909867167472839355e-01
2.971645295619964600e-01
3.033423125743865967e-01
3.095200955867767334e-01
3.156978785991668701e-01
3.218756616115570068e-01
3.280534744262695312e-01
3.342312574386596680e-01
3.404090404510498047e-01
3.465868234634399414e-01
3.527646362781524658e-01
3.589424192905426025e-01
3.651202023029327393e-01
3.712979853153228760e-01
3.774757683277130127e-01
3.836535811424255371e-01
3.898313641548156738e-01
3.960091471672058105e-01
4.021869301795959473e-01
4.083647429943084717e-01
4.145425260066986084e-01
4.207203090190887451e-01
4.268980920314788818e-01
4.330759048461914062e-01
4.392536878585815430e-01
4.454314708709716797e-01
4.516092538833618164e-01
4.577870368957519531e-01
4.639648497104644775e-01
4.701426327228546143e-01
4.763204157352447510e-01
4.824981987476348877e-01
4.886760115623474121e-01
4.948537945747375488e-01
5.010315775871276855e-01
5.072093605995178223e-01
5.133871436119079590e-01
5.195649266242980957e-01
5.257427096366882324e-01
5.319205522537231445e-01
5.380983352661132812e-01
5.442761182785034180e-01
5.992989540100097656e-01
8.363890647888183594e-01
1.167274951934814453e+00
1.629063487052917480e+00
2.273541212081909180e+00
3.172982454299926758e+00
4.428253650665283203e+00
6.180125713348388672e+00
8.625060081481933594e+00
1.203724098205566406e+01
1.679932403564453125e+01
2.344534492492675781e+01
3.272061538696289062e+01
4.566529464721679688e+01
6.373105621337890625e+01
8.894385528564453125e+01
