# ee
4.604831337928771973e-02
7.194447517395019531e-02
7.708329707384109497e-02
6.467178463935852051e-02
4.485763609409332275e-02
2.683750167489051819e-02
1.504997070878744125e-02
9.390482679009437561e-03
7.465297356247901917e-03
6.843806244432926178e-03
6.240591872483491898e-03
5.377275403589010239e-03
4.662831779569387436e-03
4.351909272372722626e-03
4.439591430127620697e-03
4.766914062201976776e-03
5.120056681334972382e-03
5.454882513731718063e-03
5.858363118022680283e-03
6.442005280405282974e-03
7.304443977773189545e-03
8.428696542978286743e-03
9.765636175870895386e-03
1.130208652466535568e-02
1.302440930157899857e-02
1.492210756987333298e-02
1.698733866214752197e-02
1.923385635018348694e-02
2.166356518864631653e-02
2.424579299986362457e-02
2.698799967765808105e-02
2.988661266863346100e-02
3.301967680454254150e-02
3.641412779688835144e-02
4.008223488926887512e-02
4.400421306490898132e-02
4.813728854060173035e-02
5.250587686896324158e-02
5.715322494506835938e-02
6.210955604910850525e-02
6.736487895250320435e-02
7.289317995309829712e-02
7.867069542407989502e-02
8.467141538858413696e-02
9.090270102024078369e-02
9.737745672464370728e-02
1.041330173611640930e-01
1.111993119120597839e-01
1.186062321066856384e-01
1.263371258974075317e-01
1.343820691108703613e-01
1.427366286516189575e-01
1.513814777135848999e-01
1.602972745895385742e-01
1.694950610399246216e-01
1.789660006761550903e-01
1.887167096138000488e-01
1.987612992525100708e-01
2.090840935707092285e-01
2.196925878524780273e-01
2.305901646614074707e-01
2.417586892843246460e-01
2.532024383544921875e-01
2.649255990982055664e-01
2.769088149070739746e-01
2.891423702239990234e-01
3.016228377819061279e-01
3.143243193626403809e-01
3.272581994533538818e-01
3.403992652893066406e-01
3.537692725658416748e-01
3.673534989356994629e-01
3.811446130275726318e-01
3.951278030872344971e-01
4.092811346054077148e-01
4.235982000827789307e-01
4.380727708339691162e-01
4.526913166046142578e-01
4.674476087093353271e-01
4.823203384876251221e-01
4.973171055316925049e-01
5.124152898788452148e-01
5.276073217391967773e-01
5.428708195686340332e-01
5.582127571105957031e-01
5.736019611358642578e-01
5.890370011329650879e-01
6.044938564300537109e-01
6.199636459350585938e-01
6.354299783706665039e-01
6.508777141571044922e-01
6.662991642951965332e-01
6.816717982292175293e-01
6.969878673553466797e-01
7.122250795364379883e-01
7.273830175399780273e-01
7.424318194389343262e-01
7.573639154434204102e-01
7.721641063690185547e-01
7.868545651435852051e-01
8.013234734535217285e-01
8.156450390815734863e-01
8.297447562217712402e-01
8.436966538429260254e-01
8.574262261390686035e-01
8.708588480949401855e-01
8.841431140899658203e-01
8.971301317214965820e-01
9.098194837570190430e-01
9.222854971885681152e-01
9.343785643577575684e-01
9.462465643882751465e-01
9.577400088310241699e-01
9.689323306083679199e-01
9.797485470771789551e-01
9.901877641677856445e-01
1.000323295593261719e+00
1.010080099105834961e+00
1.019383192062377930e+00
1.028380155563354492e+00
1.036921620368957520e+00
1.045006752014160156e+00
1.052708864212036133e+00
1.059952974319458008e+00
1.066812634468078613e+00
1.073138236999511719e+00
1.079077720642089844e+00
1.084481477737426758e+00
1.089423060417175293e+00
1.093901634216308594e+00
1.097916841506958008e+00
1.101468205451965332e+00
1.104481339454650879e+00
1.107029795646667480e+00
1.109039187431335449e+00
1.110583186149597168e+00
1.111661791801452637e+00
1.112274408340454102e+00
1.112346410751342773e+00
1.111877322196960449e+00
1.111015439033508301e+00
1.109611988067626953e+00
1.107740640640258789e+00
1.105401158332824707e+00
1.102593302726745605e+00
1.099316358566284180e+00
1.095570325851440430e+00
1.091354608535766602e+00
1.086743354797363281e+00
1.081661581993103027e+00
1.076109290122985840e+00
1.070234656333923340e+00
1.063888907432556152e+00
1.057146072387695312e+00
1.050005674362182617e+00
1.042541980743408203e+00
1.034680247306823730e+00
1.026494622230529785e+00
1.017910480499267578e+00
1.009075999259948730e+00
9.999168515205383301e-01
9.905068874359130859e-01
9.807716608047485352e-01
9.708594679832458496e-01
9.606955647468566895e-01
9.502798318862915039e-01
9.397606253623962402e-01
9.289889931678771973e-01
9.181874990463256836e-01
9.072074890136718750e-01
8.961226940155029297e-01
8.849331140518188477e-01
8.737869262695312500e-01
8.626095056533813477e-01
8.514007329940795898e-01
8.402350544929504395e-01
8.291869163513183594e-01
8.181820511817932129e-01
8.072950243949890137e-01
7.966003417968750000e-01
7.860980033874511719e-01
7.757437229156494141e-01
7.656788825988769531e-01
7.558887004852294922e-01
7.464030385017395020e-01
7.372518181800842285e-01
7.284798026084899902e-01
7.201167941093444824e-01
7.121928334236145020e-01
7.047376632690429688e-01
6.977886557579040527e-01
6.913831233978271484e-01
6.855583190917968750e-01
6.803368330001831055e-01
6.757706999778747559e-01
6.718824505805969238e-01
6.687167882919311523e-01
6.663036346435546875e-01
6.646803617477416992e-01
6.638841629028320312e-01
6.639529466629028320e-01
6.649243235588073730e-01
6.668360829353332520e-01
6.697186231613159180e-01
6.736170649528503418e-01
6.785617470741271973e-01
6.845978498458862305e-01
6.917483210563659668e-01
7.000656723976135254e-01
7.095729112625122070e-01
7.203226685523986816e-01
7.323377728462219238e-01
7.456336021423339844e-01
7.603447437286376953e-01
7.763750553131103516e-01
7.937994003295898438e-01
8.126928210258483887e-01
8.330559134483337402e-01
8.549634814262390137e-01
8.784161806106567383e-01
9.034146666526794434e-01
9.301080703735351562e-01
9.583483934402465820e-01
9.883592724800109863e-01
1.019992589950561523e+00
1.053471922874450684e+00
1.088649153709411621e+00
1.125673770904541016e+00
1.164471745491027832e+00
1.205118179321289062e+00
1.247687816619873047e+00
1.292181611061096191e+00
1.338599801063537598e+00
1.387017488479614258e+00
1.437360882759094238e+00
1.489779233932495117e+00
1.544198870658874512e+00
1.600694656372070312e+00
1.659192919731140137e+00
1.719842910766601562e+00
1.782645106315612793e+00
1.847525835037231445e+00
1.914560198783874512e+00
1.983822941780090332e+00
2.055240392684936523e+00
2.128813266754150391e+00
2.204616069793701172e+00
2.282649755477905273e+00
2.362989425659179688e+00
2.445486545562744141e+00
2.530290365219116211e+00
2.617252349853515625e+00
2.706595659255981445e+00
2.798097610473632812e+00
2.891981601715087891e+00
2.988024473190307617e+00
3.086449861526489258e+00
3.187034845352172852e+00
3.290002584457397461e+00
3.395130872726440430e+00
3.502642154693603516e+00
3.612387895584106445e+00
3.724369287490844727e+00
3.838586330413818359e+00
3.955112695693969727e+00
4.073801040649414062e+00
4.194725513458251953e+00
4.317886352539062500e+00
4.443209171295166016e+00
4.570694923400878906e+00
4.700417518615722656e+00
4.832154750823974609e+00
4.966128826141357422e+00
5.102118968963623047e+00
5.240197658538818359e+00
5.380366325378417969e+00
5.522624969482421875e+00
5.666824817657470703e+00
5.812966823577880859e+00
5.961124897003173828e+00
6.111150741577148438e+00
6.263044834136962891e+00
6.416807651519775391e+00
6.572439193725585938e+00
6.729790687561035156e+00
6.888937473297119141e+00
7.049804687500000000e+00
7.212318420410156250e+00
7.376330375671386719e+00
7.542584419250488281e+00
7.709594249725341797e+00
7.878102302551269531e+00
8.048853874206542969e+00
8.220360755920410156e+00
8.393367767333984375e+00
8.567131996154785156e+00
8.743139266967773438e+00
8.919903755187988281e+00
9.097426414489746094e+00
9.276449203491210938e+00
9.456230163574218750e+00
9.637511253356933594e+00
9.819548606872558594e+00
1.000234222412109375e+01
1.018589305877685547e+01
1.037019824981689453e+01
1.055600166320800781e+01
1.074181842803955078e+01
1.092764472961425781e+01
1.111496829986572266e+01
1.130230426788330078e+01
1.149039173126220703e+01
1.167848968505859375e+01
1.186659812927246094e+01
1.205545711517333984e+01
1.224358272552490234e+01
1.243245887756347656e+01
1.262134361267089844e+01
1.281023597717285156e+01
1.299839210510253906e+01
1.318655586242675781e+01
1.337472629547119141e+01
1.356290149688720703e+01
1.374959659576416016e+01
1.393629741668701172e+01
1.412300491333007812e+01
1.430822753906250000e+01
1.449345684051513672e+01
1.467720222473144531e+01
1.486020755767822266e+01
1.504247570037841797e+01
1.522399997711181641e+01
1.540404319763183594e+01
1.558334445953369141e+01
1.576041698455810547e+01
1.593749141693115234e+01
1.611233711242675781e+01
1.628644180297851562e+01
1.645831489562988281e+01
1.662870216369628906e+01
1.679834556579589844e+01
1.696501731872558594e+01
1.713094139099121094e+01
1.729389381408691406e+01
1.745610046386718750e+01
1.761532974243164062e+01
1.777233123779296875e+01
1.792783927917480469e+01
1.808037376403808594e+01
1.823141670227050781e+01
1.837948417663574219e+01
1.852531814575195312e+01
1.866892051696777344e+01
1.881028938293457031e+01
1.894868469238281250e+01
1.908484840393066406e+01
1.921803665161132812e+01
1.934825134277343750e+01
1.947549247741699219e+01
1.960050392150878906e+01
1.972179985046386719e+01
1.984086418151855469e+01
1.995621299743652344e+01
2.006859016418457031e+01
2.017799568176269531e+01
2.028368568420410156e+01
2.038640594482421875e+01
2.048615455627441406e+01
2.058218765258789062e+01
2.067450904846191406e+01
2.076386070251464844e+01
2.084949874877929688e+01
2.093216896057128906e+01
2.101037979125976562e+01
2.108562660217285156e+01
2.115715789794921875e+01
2.122423744201660156e+01
2.128834724426269531e+01
2.134800529479980469e+01
2.140469360351562500e+01
2.145693016052246094e+01
2.150545501708984375e+01
2.154953002929687500e+01
2.159063720703125000e+01
2.162729454040527344e+01
2.166024017333984375e+01
2.168873596191406250e+01
2.171352386474609375e+01
2.173460388183593750e+01
2.175197601318359375e+01
2.176490020751953125e+01
2.177411651611328125e+01
2.177888107299804688e+01
2.177994155883789062e+01
2.177729797363281250e+01
2.177020263671875000e+01
2.175940322875976562e+01
2.174415397644042969e+01
2.172520446777343750e+01
2.170180511474609375e+01
2.167470169067382812e+01
2.164389991760253906e+01
2.160865211486816406e+01
2.156896209716796875e+01
2.152631950378417969e+01
2.147923660278320312e+01
2.142846107482910156e+01
2.137399101257324219e+01
2.131508827209472656e+01
2.125249290466308594e+01
2.118620872497558594e+01
2.111623764038085938e+01
2.104257774353027344e+01
2.096523666381835938e+01
2.088421058654785156e+01
2.079950332641601562e+01
2.071111488342285156e+01
2.061904716491699219e+01
2.052404594421386719e+01
2.042536735534667969e+01
2.032301330566406250e+01
2.021698570251464844e+01
2.010803031921386719e+01
1.999540138244628906e+01
1.987984848022460938e+01
1.976137161254882812e+01
1.963922500610351562e+01
1.951415824890136719e+01
1.938691329956054688e+01
1.925600624084472656e+01
1.912218093872070312e+01
1.898618125915527344e+01
1.884726715087890625e+01
1.870618247985839844e+01
1.856218719482421875e+01
1.841602134704589844e+01
1.826694679260253906e+01
1.811570739746093750e+01
1.796230316162109375e+01
1.780673789978027344e+01
1.764901161193847656e+01
1.748912620544433594e+01
1.732782554626464844e+01
1.716362380981445312e+01
1.699875450134277344e+01
1.683172988891601562e+01
1.666329574584960938e+01
1.649271202087402344e+01
1.632146263122558594e+01
1.614880943298339844e+01
1.597475242614746094e+01
1.579929065704345703e+01
1.562317085266113281e+01
1.544564819335937500e+01
1.526746845245361328e+01
1.508863258361816406e+01
1.490914154052734375e+01
1.472973728179931641e+01
1.454893779754638672e+01
1.436822795867919922e+01
1.418686771392822266e+01
1.400559711456298828e+01
1.382442188262939453e+01
1.364334011077880859e+01
1.346160984039306641e+01
1.328071880340576172e+01
1.309992408752441406e+01
1.291922855377197266e+01
1.273937416076660156e+01
1.256036281585693359e+01
1.238219451904296875e+01
1.220487117767333984e+01
1.202839374542236328e+01
1.185276222229003906e+01
1.167872238159179688e+01
1.150627326965332031e+01
1.133467388153076172e+01
1.116466808319091797e+01
1.099625587463378906e+01
1.082944011688232422e+01
1.066422080993652344e+01
1.050133991241455078e+01
1.034005832672119141e+01
1.018111896514892578e+01
1.002452182769775391e+01
9.870269775390625000e+00
9.717618942260742188e+00
9.568058013916015625e+00
9.420843124389648438e+00
9.276719093322753906e+00
9.134943962097167969e+00
8.995517730712890625e+00
8.859930038452148438e+00
8.726693153381347656e+00
8.597293853759765625e+00
8.470992088317871094e+00
8.347043991088867188e+00
8.227681159973144531e+00
8.110673904418945312e+00
7.998253345489501953e+00
7.888930797576904297e+00
7.783447742462158203e+00
7.681059360504150391e+00
7.583249568939208984e+00
7.489274024963378906e+00
7.399129390716552734e+00
7.313632965087890625e+00
7.231963634490966797e+00
7.154566287994384766e+00
7.081365585327148438e+00
7.012580394744873047e+00
6.948210716247558594e+00
6.888328075408935547e+00
6.833004474639892578e+00
6.782239437103271484e+00
6.736177921295166016e+00
6.694744586944580078e+00
6.658160209655761719e+00
6.626274585723876953e+00
6.599308490753173828e+00
6.577260017395019531e+00
6.560201644897460938e+00
6.548056602478027344e+00
6.540972232818603516e+00
6.538946628570556641e+00
6.541977405548095703e+00
6.550063133239746094e+00
6.563424110412597656e+00
6.581910133361816406e+00
6.605519771575927734e+00
6.634473323822021484e+00
6.668546199798583984e+00
6.707960128784179688e+00
6.752637863159179688e+00
6.802577018737792969e+00
6.857851982116699219e+00
6.918385028839111328e+00
6.984247684478759766e+00
7.055514335632324219e+00
7.132033824920654297e+00
7.213878154754638672e+00
7.301045894622802734e+00
7.393608093261718750e+00
7.491415500640869141e+00
7.594466209411621094e+00
7.702907085418701172e+00
7.816883563995361328e+00
7.935725212097167969e+00
8.059803009033203125e+00
8.189112663269042969e+00
8.323653221130371094e+00
8.462677001953125000e+00
8.607665061950683594e+00
8.757873535156250000e+00
8.912553787231445312e+00
9.072445869445800781e+00
9.237545967102050781e+00
9.407108306884765625e+00
9.581871032714843750e+00
9.761087417602539062e+00
9.945499420166015625e+00
1.013435745239257812e+01
1.032765960693359375e+01
1.052614402770996094e+01
1.072906589508056641e+01
1.093567752838134766e+01
1.114746093750000000e+01
1.136366939544677734e+01
1.158355808258056641e+01
1.180860805511474609e+01
1.203732967376708984e+01
1.226971912384033203e+01
1.250651645660400391e+01
1.274697589874267578e+01
1.299109172821044922e+01
1.323960399627685547e+01
1.349102401733398438e+01
1.374683380126953125e+01
1.400554466247558594e+01
1.426789379119873047e+01
1.453313541412353516e+01
1.480201053619384766e+01
1.507376956939697266e+01
1.534841251373291016e+01
1.562593364715576172e+01
1.590632915496826172e+01
1.618959617614746094e+01
1.647573089599609375e+01
1.676398658752441406e+01
1.705510139465332031e+01
1.734758949279785156e+01
1.764293098449707031e+01
1.794037628173828125e+01
1.823918342590332031e+01
1.854083251953125000e+01
1.884309196472167969e+01
1.914744377136230469e+01
1.945314025878906250e+01
1.976092338562011719e+01
2.006930160522460938e+01
2.037827110290527344e+01
2.068931961059570312e+01
2.100095558166503906e+01
2.131317901611328125e+01
2.162598419189453125e+01
2.193937110900878906e+01
2.225333786010742188e+01
2.256713676452636719e+01
2.288151359558105469e+01
2.319571495056152344e+01
2.350974655151367188e+01
2.382360076904296875e+01
2.413727760314941406e+01
2.445003128051757812e+01
2.476260185241699219e+01
2.507424354553222656e+01
2.538570022583007812e+01
2.569548034667968750e+01
2.600432395935058594e+01
2.631223297119140625e+01
2.661920166015625000e+01
2.692374038696289062e+01
2.722733688354492188e+01
2.752924346923828125e+01
2.782945632934570312e+01
2.812723159790039062e+01
2.842331314086914062e+01
2.871769332885742188e+01
2.900889015197753906e+01
2.929837799072265625e+01
2.958467483520507812e+01
2.986926651000976562e+01
3.014991569519042969e+01
3.042811012268066406e+01
3.070384597778320312e+01
3.097563552856445312e+01
3.124495887756347656e+01
3.151033401489257812e+01
3.177249526977539062e+01
3.203144836425781250e+01
3.228569793701171875e+01
3.253747177124023438e+01
3.278454208374023438e+01
3.302764511108398438e+01
3.326677703857421875e+01
3.350120162963867188e+01
3.373165130615234375e+01
3.395738220214843750e+01
3.417839431762695312e+01
3.439542770385742188e+01
3.460774230957031250e+01
3.481460571289062500e+01
3.501749420166015625e+01
3.521493911743164062e+01
3.540768051147460938e+01
3.559572219848632812e+01
3.577833175659179688e+01
3.595624923706054688e+01
3.612799835205078125e+01
3.629506301879882812e+01
3.645671081542968750e+01
3.661294555664062500e+01
3.676302337646484375e+01
3.690843963623046875e+01
3.704770660400390625e+01
3.718083190917968750e+01
3.730931091308593750e+01
3.743090820312500000e+01
3.754712295532226562e+01
3.765795135498046875e+01
3.776192092895507812e+01
3.786051177978515625e+01
3.795299530029296875e+01
3.803936767578125000e+01
3.811963653564453125e+01
3.819380569458007812e+01
3.826187896728515625e+01
3.832386398315429688e+01
3.837975692749023438e+01
3.842882537841796875e+01
3.847181320190429688e+01
3.850873184204101562e+01
3.853882980346679688e+01
3.856286621093750000e+01
3.858084106445312500e+01
3.859201431274414062e+01
3.859712982177734375e+01
3.859545516967773438e+01
3.858847808837890625e+01
3.857471466064453125e+01
3.855491638183593750e+01
3.852908706665039062e+01
3.849648284912109375e+01
3.845859527587890625e+01
3.841394805908203125e+01
3.836328125000000000e+01
3.830586242675781250e+01
3.824317932128906250e+01
3.817374801635742188e+01
3.809831619262695312e+01
3.801689147949218750e+01
3.792947769165039062e+01
3.783682250976562500e+01
3.773744583129882812e+01
3.763209533691406250e+01
3.752151489257812500e+01
3.740497589111328125e+01
3.728321838378906250e+01
3.715550613403320312e+01
3.702184677124023438e+01
3.688298416137695312e+01
3.673892974853515625e+01
3.658968353271484375e+01
3.643450927734375000e+01
3.627415466308593750e+01
3.610862350463867188e+01
3.593792343139648438e+01
3.576205825805664062e+01
3.558103179931640625e+01
3.539559555053710938e+01
3.520500946044921875e+01
3.501002120971679688e+01
3.481063461303710938e+01
3.460611724853515625e+01
3.439794921875000000e+01
3.418540573120117188e+01
3.396848678588867188e+01
3.374719238281250000e+01
3.352227783203125000e+01
3.329299926757812500e+01
3.306085586547851562e+01
3.282435989379882812e+01
3.258425903320312500e+01
3.234056091308593750e+01
3.209326934814453125e+01
3.184313583374023438e+01
3.159016036987304688e+01
3.133360862731933594e+01
3.107422828674316406e+01
3.081202316284179688e+01
3.054774093627929688e+01
3.028064537048339844e+01
3.001074218750000000e+01
2.973877525329589844e+01
2.946475601196289062e+01
2.918868446350097656e+01
2.891131210327148438e+01
2.863115310668945312e+01
2.834970283508300781e+01
2.806696701049804688e+01
2.778294181823730469e+01
2.749689292907714844e+01
2.721030616760253906e+01
2.692243576049804688e+01
2.663403129577636719e+01
2.634509468078613281e+01
2.605488204956054688e+01
2.576414108276367188e+01
2.547361373901367188e+01
2.518256187438964844e+01
2.489172744750976562e+01
2.460111236572265625e+01
2.431072235107421875e+01
2.401981163024902344e+01
2.372986984252929688e+01
2.344089889526367188e+01
2.315215682983398438e+01
2.286364746093750000e+01
2.257685661315917969e+01
2.229104423522949219e+01
2.200621032714843750e+01
2.172310256958007812e+01
2.144172096252441406e+01
2.116132354736328125e+01
2.088339996337890625e+01
2.060720825195312500e+01
2.033274841308593750e+01
2.006077003479003906e+01
1.979052734375000000e+01
1.952350997924804688e+01
1.925823211669921875e+01
1.899618721008300781e+01
1.873662567138671875e+01
1.847955513000488281e+01
1.822571754455566406e+01
1.797511672973632812e+01
1.772701072692871094e+01
1.748288726806640625e+01
1.724200439453125000e+01
1.700436592102050781e+01
1.677071571350097656e+01
1.654105377197265625e+01
1.631538391113281250e+01
1.609370994567871094e+01
1.587677192687988281e+01
1.566308689117431641e+01
1.545488929748535156e+01
1.525069141387939453e+01
1.505049514770507812e+01
1.485578918457031250e+01
1.466508674621582031e+01
1.447912502288818359e+01
1.429790687561035156e+01
1.412216949462890625e+01
1.395042705535888672e+01
1.378490638732910156e+01
1.362411880493164062e+01
1.346954727172851562e+01
1.331970596313476562e+01
1.317533493041992188e+01
1.303717517852783203e+01
1.290373802185058594e+01
1.277650833129882812e+01
1.265474128723144531e+01
1.253917694091796875e+01
1.242832660675048828e+01
1.232442092895507812e+01
1.222596740722656250e+01
1.213370895385742188e+01
1.204690170288085938e+01
1.196702861785888672e+01
1.189260101318359375e+01
1.182510375976562500e+01
1.176304817199707031e+01
1.170791912078857422e+01
1.165897083282470703e+01
1.161620140075683594e+01
1.157960891723632812e+01
1.154993534088134766e+01
1.152569007873535156e+01
1.150835990905761719e+01
1.149794101715087891e+01
1.149294662475585938e+01
1.149560356140136719e+01
1.150367927551269531e+01
1.151940250396728516e+01
1.154128456115722656e+01
1.156932258605957031e+01
1.160425949096679688e+01
1.164534854888916016e+01
1.169258880615234375e+01
1.174672031402587891e+01
1.180699920654296875e+01
1.187342262268066406e+01
1.194673061370849609e+01
1.202618026733398438e+01
1.211176776885986328e+01
1.220423603057861328e+01
1.230283832550048828e+01
1.240831565856933594e+01
1.251991558074951172e+01
1.263763046264648438e+01
1.276145267486572266e+01
1.289137172698974609e+01
1.302737808227539062e+01
1.316946601867675781e+01
1.331762313842773438e+01
1.347035694122314453e+01
1.362988853454589844e+01
1.379471969604492188e+01
1.396558761596679688e+01
1.414173793792724609e+01
1.432316493988037109e+01
1.451060199737548828e+01
1.470403766632080078e+01
1.490197944641113281e+01
1.510590553283691406e+01
1.531506061553955078e+01
1.552943897247314453e+01
1.574828815460205078e+01
1.597233963012695312e+01
1.620158958435058594e+01
1.643528366088867188e+01
1.667341232299804688e+01
1.691670799255371094e+01
1.716368103027343750e+01
1.741506195068359375e+01
1.767084312438964844e+01
1.793027114868164062e+01
1.819334030151367188e+01
1.846078300476074219e+01
1.873258781433105469e+01
1.900726509094238281e+01
1.928554534912109375e+01
1.956816482543945312e+01
1.985362625122070312e+01
2.014266586303710938e+01
2.043453216552734375e+01
2.072995758056640625e+01
2.102819252014160156e+01
2.132848358154296875e+01
2.163230705261230469e+01
2.193816947937011719e+01
2.224680519104003906e+01
2.255746078491210938e+01
2.287087440490722656e+01
2.318554687500000000e+01
2.350221443176269531e+01
2.382086753845214844e+01
2.414075660705566406e+01
2.446187210083007812e+01
2.478421401977539062e+01
2.510778045654296875e+01
2.543255996704101562e+01
2.575855064392089844e+01
2.608500671386718750e+01
2.641192436218261719e+01
2.673929786682128906e+01
2.706786346435546875e+01
2.739613342285156250e+01
2.772484970092773438e+01
2.805325698852539062e+01
2.838210105895996094e+01
2.870988464355468750e+01
2.903809738159179688e+01
2.936598587036132812e+01
2.969280433654785156e+01
3.001929092407226562e+01
3.034469985961914062e+01
3.066902542114257812e+01
3.099226379394531250e+01
3.131366729736328125e+01
3.163471794128417969e+01
3.195318222045898438e+01
3.227128219604492188e+01
3.258678817749023438e+01
3.290043640136718750e+01
3.321222305297851562e+01
3.352140045166015625e+01
3.382871246337890625e+01
3.413340377807617188e+01
3.443547058105468750e+01
3.473565673828125000e+01
3.503172683715820312e+01
3.532590103149414062e+01
3.561669921875000000e+01
3.590410614013671875e+01
3.618812179565429688e+01
3.646874237060546875e+01
3.674596023559570312e+01
3.701977539062500000e+01
3.728944015502929688e+01
3.755494689941406250e+01
3.781629180908203125e+01
3.807421875000000000e+01
3.832722854614257812e+01
3.857681274414062500e+01
3.882072448730468750e+01
3.906120300292968750e+01
3.929675292968750000e+01
3.952737808227539062e+01
3.975308990478515625e+01
3.997389984130859375e+01
4.018981170654296875e+01
4.040009307861328125e+01
4.060549926757812500e+01
4.080603027343750000e+01
4.100096130371093750e+01
4.119103622436523438e+01
4.137552261352539062e+01
4.155443191528320312e+01
4.172777175903320312e+01
4.189554595947265625e+01
4.205776596069335938e+01
4.221444702148437500e+01
4.236558532714843750e+01
4.251045608520507812e+01
4.264981079101562500e+01
4.278290557861328125e+01
4.291050338745117188e+01
4.303186035156250000e+01
4.314699554443359375e+01
4.325664901733398438e+01
4.336009216308593750e+01
4.345659255981445312e+01
4.354764175415039062e+01
4.363250350952148438e+01
4.371118927001953125e+01
4.378370666503906250e+01
4.384932327270507812e+01
4.390953445434570312e+01
4.396285629272460938e+01
4.401078796386718750e+01
4.405185317993164062e+01
4.408679962158203125e+01
4.411489486694335938e+01
4.413689041137695312e+01
4.415279769897460938e+01
4.416262054443359375e+01
4.416562652587890625e+01
4.416182327270507812e+01
4.415196609497070312e+01
4.413605880737304688e+01
4.411336898803710938e+01
4.408390426635742188e+01
4.404916381835937500e+01
4.400691986083984375e+01
4.395941925048828125e+01
4.390517425537109375e+01
4.384419631958007812e+01
4.377723312377929688e+01
4.370428848266601562e+01
4.362462615966796875e+01
4.353898239135742188e+01
4.344662857055664062e+01
4.334830093383789062e+01
4.324400711059570312e+01
4.313449478149414062e+01
4.301902389526367188e+01
4.289833450317382812e+01
4.277169418334960938e+01
4.263984298706054688e+01
4.250278854370117188e+01
4.235979080200195312e+01
4.221159362792968750e+01
4.205820083618164062e+01
4.189812850952148438e+01
4.173361206054687500e+01
4.156241989135742188e+01
4.138679122924804688e+01
4.120523834228515625e+01
4.101850509643554688e+01
4.082660293579101562e+01
4.063027191162109375e+01
4.042876815795898438e+01
4.022285079956054688e+01
4.001176452636718750e+01
3.979626846313476562e+01
3.957635879516601562e+01
3.935203933715820312e+01
3.912331390380859375e+01
3.889018630981445312e+01
3.865340042114257812e+01
3.841221618652343750e+01
3.816738510131835938e+01
3.791890335083007812e+01
3.766678237915039062e+01
3.741101455688476562e+01
3.715161132812500000e+01
3.688931274414062500e+01
3.662338638305664062e+01
3.635382843017578125e+01
3.608065032958984375e+01
3.580532836914062500e+01
3.552564620971679688e+01
3.524309158325195312e+01
3.495766830444335938e+01
3.466937637329101562e+01
3.437821960449218750e+01
3.408494186401367188e+01
3.378881454467773438e+01
3.349131774902343750e+01
3.319097900390625000e+01
3.289002990722656250e+01
3.258699035644531250e+01
3.228187179565429688e+01
3.197615242004394531e+01
3.166836357116699219e+01
3.135924911499023438e+01
3.104955482482910156e+01
3.073854827880859375e+01
3.042623519897460938e+01
3.011335945129394531e+01
2.979918861389160156e+01
2.948521232604980469e+01
2.917068862915039062e+01
2.885488510131835938e+01
2.854003715515136719e+01
2.822391700744628906e+01
2.790876388549804688e+01
2.759309387207031250e+01
2.727765655517578125e+01
2.696320343017578125e+01
2.664899063110351562e+01
2.633502960205078125e+01
2.602206420898437500e+01
2.571010398864746094e+01
2.539840888977050781e+01
2.508847236633300781e+01
2.478029823303222656e+01
2.447240638732910156e+01
2.416629028320312500e+01
2.386195182800292969e+01
2.355939865112304688e+01
2.325863838195800781e+01
2.295967102050781250e+01
2.266250991821289062e+01
2.236789512634277344e+01
2.207509613037109375e+01
2.178411293029785156e+01
2.149644279479980469e+01
2.121134376525878906e+01
2.092807960510253906e+01
2.064888572692871094e+01
2.037153625488281250e+01
2.009752655029296875e+01
1.982685852050781250e+01
1.955953979492187500e+01
1.929557609558105469e+01
1.903422546386718750e+01
1.877697753906250000e+01
1.852307701110839844e+01
1.827327156066894531e+01
1.802680969238281250e+01
1.778368949890136719e+01
1.754539299011230469e+01
1.731042861938476562e+01
1.707953643798828125e+01
1.685271453857421875e+01
1.663070106506347656e+01
1.641274833679199219e+01
1.619885253906250000e+01
1.598901271820068359e+01
1.578396320343017578e+01
1.558370494842529297e+01
1.538748931884765625e+01
1.519679927825927734e+01
1.501014232635498047e+01
1.482826137542724609e+01
1.465114974975585938e+01
1.447880458831787109e+01
1.431196784973144531e+01
1.414988803863525391e+01
1.399256420135498047e+01
1.383999252319335938e+01
1.369291210174560547e+01
1.355131912231445312e+01
1.341446495056152344e+01
1.328309154510498047e+01
1.315645027160644531e+01
1.303528213500976562e+01
1.292032432556152344e+01
1.280934524536132812e+01
1.270457077026367188e+01
1.260525417327880859e+01
1.251064586639404297e+01
1.242223072052001953e+01
1.233851814270019531e+01
1.226099109649658203e+01
1.218815898895263672e+01
1.212150382995605469e+01
1.206027984619140625e+01
1.200374031066894531e+01
1.195336627960205078e+01
1.190841197967529297e+01
1.186887168884277344e+01
1.183474540710449219e+01
1.180602550506591797e+01
1.178345394134521484e+01
1.176553821563720703e+01
1.175301647186279297e+01
1.174662399291992188e+01
1.174486732482910156e+01
1.174922657012939453e+01
1.175820732116699219e+01
1.177254676818847656e+01
1.179297828674316406e+01
1.181801223754882812e+01
1.184838294982910156e+01
1.188408279418945312e+01
1.192436218261718750e+01
1.197070026397705078e+01
1.202160263061523438e+01
1.207780742645263672e+01
1.213856315612792969e+01
1.220460510253906250e+01
1.227518558502197266e+01
1.235103797912597656e+01
1.243141365051269531e+01
1.251630401611328125e+01
1.260644721984863281e+01
1.270109081268310547e+01
1.279948711395263672e+01
1.290311336517333984e+01
1.301121997833251953e+01
1.312380027770996094e+01
1.324010276794433594e+01
1.336160755157470703e+01
1.348682117462158203e+01
1.361573600769042969e+01
1.374909114837646484e+01
1.388613128662109375e+01
1.402685260772705078e+01
1.417199134826660156e+01
1.432079601287841797e+01
1.447325801849365234e+01
1.462863254547119141e+01
1.478765010833740234e+01
1.495030593872070312e+01
1.511659145355224609e+01
1.528576087951660156e+01
1.545780086517333984e+01
1.563345241546630859e+01
1.581196212768554688e+01
1.599332618713378906e+01
1.617679214477539062e+01
1.636383819580078125e+01
1.655297279357910156e+01
1.674493217468261719e+01
1.693896484375000000e+01
1.713506889343261719e+01
1.733398246765136719e+01
1.753495788574218750e+01
1.773724746704101562e+01
1.794233703613281250e+01
1.814873504638671875e+01
1.835717964172363281e+01
1.856692504882812500e+01
1.877796745300292969e+01
1.899104499816894531e+01
1.920541191101074219e+01
1.942032241821289062e+01
1.963725662231445312e+01
1.985472679138183594e+01
2.007347106933593750e+01
2.029273986816406250e+01
2.051327896118164062e+01
2.073359107971191406e+01
2.095516586303710938e+01
2.117650794982910156e+01
2.139910125732421875e+01
2.162145423889160156e+01
2.184356880187988281e+01
2.206617736816406250e+01
2.228853607177734375e+01
2.251064109802246094e+01
2.273249053955078125e+01
2.295407676696777344e+01
2.317539978027343750e+01
2.339570999145507812e+01
2.361574554443359375e+01
2.383550834655761719e+01
2.405350303649902344e+01
2.427121353149414062e+01
2.448715019226074219e+01
2.470279502868652344e+01
2.491666030883789062e+01
2.512873840332031250e+01
2.533977317810058594e+01
2.554975509643554688e+01
2.575794219970703125e+01
2.596358489990234375e+01
2.616816711425781250e+01
2.637093925476074219e+01
2.657115936279296875e+01
2.676956367492675781e+01
2.696540451049804688e+01
2.715942192077636719e+01
2.735087203979492188e+01
2.753974914550781250e+01
2.772605133056640625e+01
2.790978813171386719e+01
2.809095954895019531e+01
2.826956939697265625e+01
2.844487762451171875e+01
2.861762809753417969e+01
2.878708457946777344e+01
2.895398712158203125e+01
2.911760139465332031e+01
2.927866935729980469e+01
2.943571090698242188e+01
2.958946609497070312e+01
2.974069023132324219e+01
2.988789367675781250e+01
3.003182029724121094e+01
3.017173957824707031e+01
3.030912971496582031e+01
3.044177055358886719e+01
3.057114791870117188e+01
3.069726943969726562e+01
3.081939125061035156e+01
3.093751335144042969e+01
3.105164718627929688e+01
3.116252708435058594e+01
3.126868057250976562e+01
3.137159538269042969e+01
3.146978187561035156e+01
3.156473350524902344e+01
3.165496253967285156e+01
3.174122238159179688e+01
3.182276725769042969e+01
3.190034866333007812e+01
3.197396087646484375e+01
3.204361343383789062e+01
3.210782241821289062e+01
3.216881561279296875e+01
3.222437286376953125e+01
3.227672195434570312e+01
3.232363891601562500e+01
3.236661148071289062e+01
3.240489959716796875e+01
3.243924713134765625e+01
3.246892166137695312e+01
3.249391555786132812e+01
3.251498413085937500e+01
3.253137969970703125e+01
3.254310989379882812e+01
3.255017471313476562e+01
3.255257797241210938e+01
3.255106735229492188e+01
3.254490661621093750e+01
3.253409957885742188e+01
3.251865386962890625e+01
3.249857330322265625e+01
3.247460937500000000e+01
3.244602203369140625e+01
3.241282653808593750e+01
3.237501907348632812e+01
3.233335494995117188e+01
3.228709411621093750e+01
3.223624801635742188e+01
3.218155670166015625e+01
3.212229156494140625e+01
3.205920028686523438e+01
3.199154090881347656e+01
3.192007064819335938e+01
3.184404945373535156e+01
3.176348114013671875e+01
3.167912101745605469e+01
3.159096717834472656e+01
3.149829101562500000e+01
3.140183448791503906e+01
3.130161094665527344e+01
3.119762039184570312e+01
3.108987045288085938e+01
3.097837448120117188e+01
3.086313056945800781e+01
3.074414634704589844e+01
3.062142944335937500e+01
3.049498748779296875e+01
3.036556625366210938e+01
3.023243331909179688e+01
3.009633636474609375e+01
2.995653915405273438e+01
2.981304359436035156e+01
2.966660308837890625e+01
2.951722335815429688e+01
2.936417007446289062e+01
2.920818519592285156e+01
2.905002784729003906e+01
2.888821029663085938e+01
2.872348785400390625e+01
2.855586051940917969e+01
2.838608169555664062e+01
2.821341514587402344e+01
2.803786659240722656e+01
2.785943984985351562e+01
2.767888641357421875e+01
2.749621200561523438e+01
2.731068038940429688e+01
2.712303733825683594e+01
2.693402862548828125e+01
2.674217605590820312e+01
2.654822158813476562e+01
2.635291671752929688e+01
2.615551948547363281e+01
2.595602989196777344e+01
2.575520133972167969e+01
2.555303382873535156e+01
2.534878730773925781e+01
2.514321136474609375e+01
2.493630790710449219e+01
2.472808074951171875e+01
2.451853370666503906e+01
2.430841255187988281e+01
2.409623527526855469e+01
2.388423728942871094e+01
2.367018890380859375e+01
2.345632553100585938e+01
2.324116325378417969e+01
2.302545166015625000e+01
2.280919265747070312e+01
2.259239006042480469e+01
2.237504577636718750e+01
2.215790748596191406e+01
2.194023895263671875e+01
2.172203826904296875e+01
2.150479888916015625e+01
2.128629493713378906e+01
2.106875991821289062e+01
2.085145378112792969e+01
2.063363647460937500e+01
2.041679573059082031e+01
2.019945335388183594e+01
1.998309707641601562e+01
1.976773262023925781e+01
1.955261802673339844e+01
1.933849906921386719e+01
1.912538146972656250e+01
1.891252517700195312e+01
1.870067977905273438e+01
1.849058723449707031e+01
1.828151130676269531e+01
1.807271194458007812e+01
1.786642074584960938e+01
1.766041374206542969e+01
1.745618057250976562e+01
1.725372505187988281e+01
1.705304908752441406e+01
1.685341453552246094e+01
1.665556144714355469e+01
1.645948791503906250e+01
1.626593971252441406e+01
1.607342338562011719e+01
1.588342475891113281e+01
1.569519996643066406e+01
1.550874805450439453e+01
1.532480525970458984e+01
1.514263343811035156e+01
1.496296787261962891e+01
1.478580951690673828e+01
1.461115550994873047e+01
1.443900585174560547e+01
1.426861381530761719e+01
1.410146331787109375e+01
1.393606853485107422e+01
1.377391052246093750e+01
1.361424732208251953e+01
1.345781898498535156e+01
1.330387973785400391e+01
1.315242862701416016e+01
1.300420665740966797e+01
1.285921096801757812e+01
1.271669769287109375e+01
1.257740879058837891e+01
1.244134140014648438e+01
1.230774974822998047e+01
1.217811965942382812e+01
1.205096149444580078e+01
1.192701721191406250e+01
1.180702877044677734e+01
1.168950748443603516e+01
1.157593727111816406e+01
1.146483039855957031e+01
1.135767173767089844e+01
1.125445747375488281e+01
1.115370082855224609e+01
1.105688667297363281e+01
1.096327018737792969e+01
1.087284755706787109e+01
1.078636169433593750e+01
1.070380973815917969e+01
1.062370395660400391e+01
1.054827308654785156e+01
1.047528457641601562e+01
1.040696430206298828e+01
1.034182739257812500e+01
1.027986907958984375e+01
1.022183322906494141e+01
1.016771411895751953e+01
1.011676692962646484e+01
1.006972789764404297e+01
1.002584838867187500e+01
9.985865592956542969e+00
9.949774742126464844e+00
9.916826248168945312e+00
9.887758255004882812e+00
9.861823081970214844e+00
9.840498924255371094e+00
9.821554183959960938e+00
9.807209968566894531e+00
9.795975685119628906e+00
9.787845611572265625e+00
9.783556938171386719e+00
9.783104896545410156e+00
9.785740852355957031e+00
9.792201995849609375e+00
9.801738739013671875e+00
9.814346313476562500e+00
9.830763816833496094e+00
9.850984573364257812e+00
9.874258995056152344e+00
9.900582313537597656e+00
9.929948806762695312e+00
9.963096618652343750e+00
9.999276161193847656e+00
1.003848266601562500e+01
1.008145523071289062e+01
1.012744140625000000e+01
1.017569541931152344e+01
1.022769737243652344e+01
1.028269863128662109e+01
1.034069347381591797e+01
1.040093231201171875e+01
1.046489810943603516e+01
1.053109741210937500e+01
1.060101127624511719e+01
1.067314815521240234e+01
1.074750232696533203e+01
1.082481002807617188e+01
1.090506935119628906e+01
1.098752880096435547e+01
1.107292556762695312e+01
1.116051197052001953e+01
1.125102615356445312e+01
1.134297657012939453e+01
1.143784236907958984e+01
1.153487586975097656e+01
1.163407135009765625e+01
1.173542404174804688e+01
1.183892917633056641e+01
1.194458389282226562e+01
1.205238342285156250e+01
1.216158294677734375e+01
1.227291965484619141e+01
1.238639068603515625e+01
1.250125122070312500e+01
1.261749553680419922e+01
1.273586273193359375e+01
1.285560703277587891e+01
1.297672557830810547e+01
1.309995555877685547e+01
1.322381019592285156e+01
1.334976959228515625e+01
1.347634410858154297e+01
1.360427474975585938e+01
1.373355579376220703e+01
1.386344146728515625e+01
1.399467277526855469e+01
1.412724399566650391e+01
1.426040840148925781e+01
1.439416313171386719e+01
1.452924823760986328e+01
1.466491508483886719e+01
1.480116271972656250e+01
1.493724250793457031e+01
1.507463645935058594e+01
1.521259880065917969e+01
1.535038280487060547e+01
1.548872756958007812e+01
1.562763118743896484e+01
1.576634502410888672e+01
1.590560817718505859e+01
1.604467582702636719e+01
1.618354034423828125e+01
1.632220458984375000e+01
1.646140289306640625e+01
1.659964752197265625e+01
1.673767471313476562e+01
1.687622833251953125e+01
1.701381683349609375e+01
1.715043640136718750e+01
1.728756904602050781e+01
1.742298316955566406e+01
1.755816078186035156e+01
1.769309806823730469e+01
1.782704925537109375e+01
1.796000671386718750e+01
1.809197425842285156e+01
1.822294044494628906e+01
1.835291099548339844e+01
1.848188591003417969e+01
1.860986709594726562e+01
1.873685455322265625e+01
1.886210823059082031e+01
1.898637199401855469e+01
1.910964393615722656e+01
1.923044395446777344e+01
1.935099792480468750e+01
1.946908187866210938e+01
1.958617973327636719e+01
1.970155334472656250e+01
1.981594085693359375e+01
1.992786598205566406e+01
2.003806686401367188e+01
2.014654541015625000e+01
2.025404930114746094e+01
2.035834503173828125e+01
2.046166801452636719e+01
2.056253051757812500e+01
2.066167831420898438e+01
2.075911331176757812e+01
2.085408973693847656e+01
2.094735717773437500e+01
2.103742599487304688e+01
2.112653160095214844e+01
2.121318244934082031e+01
2.129664421081542969e+01
2.137914085388183594e+01
2.145844841003417969e+01
2.153605461120605469e+01
2.161047172546386719e+01
2.168318748474121094e+01
2.175346183776855469e+01
2.182055091857910156e+01
2.188594436645507812e+01
2.194890022277832031e+01
2.200867271423339844e+01
2.206601142883300781e+01
2.212091445922851562e+01
2.217338371276855469e+01
2.222267723083496094e+01
2.226953887939453125e+01
2.231397247314453125e+01
2.235523414611816406e+01
2.239406776428222656e+01
2.242973136901855469e+01
2.246296882629394531e+01
2.249378585815429688e+01
2.252143478393554688e+01
2.254592323303222656e+01
2.256799888610839844e+01
2.258691787719726562e+01
2.260343551635742188e+01
2.261680603027343750e+01
2.262777900695800781e+01
2.263561630249023438e+01
2.264031982421875000e+01
2.264264106750488281e+01
2.264183807373046875e+01
2.263791656494140625e+01
2.263162040710449219e+01
2.262221527099609375e+01
2.261044692993164062e+01
2.259557533264160156e+01
2.257834815979003906e+01
2.255802726745605469e+01
2.253461456298828125e+01
2.250886154174804688e+01
2.248002624511718750e+01
2.244885635375976562e+01
2.241461372375488281e+01
2.237804603576660156e+01
2.233841133117675781e+01
2.229646110534667969e+01
2.225145339965820312e+01
2.220413780212402344e+01
2.215377426147460938e+01
2.210110855102539062e+01
2.204614830017089844e+01
2.198815155029296875e+01
2.192786788940429688e+01
2.186455726623535156e+01
2.179970932006835938e+01
2.173110198974609375e+01
2.166096496582031250e+01
2.158856010437011719e+01
2.151315116882324219e+01
2.143548202514648438e+01
2.135556030273437500e+01
2.127338790893554688e+01
2.118971252441406250e+01
2.110305404663085938e+01
2.101415443420410156e+01
2.092302322387695312e+01
2.083040809631347656e+01
2.073482322692871094e+01
2.063776016235351562e+01
2.053848075866699219e+01
2.043773460388183594e+01
2.033403396606445312e+01
2.022887229919433594e+01
2.012224960327148438e+01
2.001342964172363281e+01
1.990241622924804688e+01
1.979069519042968750e+01
1.967604255676269531e+01
1.956069183349609375e+01
1.944315910339355469e+01
1.932419013977050781e+01
1.920379066467285156e+01
1.908196258544921875e+01
1.895796585083007812e+01
1.883329010009765625e+01
1.870719718933105469e+01
1.857968902587890625e+01
1.845076942443847656e+01
1.832044219970703125e+01
1.818945312500000000e+01
1.805706214904785156e+01
1.792327308654785156e+01
1.778883171081542969e+01
1.765374565124511719e+01
1.751726913452148438e+01
1.737940979003906250e+01
1.724165344238281250e+01
1.710252189636230469e+01
1.696350288391113281e+01
1.682311058044433594e+01
1.668209457397460938e+01
1.654045867919921875e+01
1.639894866943359375e+01
1.625608062744140625e+01
1.611334419250488281e+01
1.597000217437744141e+01
1.582605361938476562e+01
1.568224906921386719e+01
1.553859138488769531e+01
1.539359664916992188e+01
1.524949741363525391e+01
1.510481071472167969e+01
1.496028327941894531e+01
1.481591987609863281e+01
1.467097949981689453e+01
1.452695083618164062e+01
1.438235378265380859e+01
1.423793125152587891e+01
1.409443187713623047e+01
1.395037460327148438e+01
1.380724525451660156e+01
1.366430091857910156e+01
1.352228832244873047e+01
1.337971687316894531e+01
1.323881626129150391e+01
1.309810256958007812e+01
1.295757293701171875e+01
1.281797218322753906e+01
1.267929840087890625e+01
1.254080867767333984e+01
1.240398883819580078e+01
1.226735210418701172e+01
1.213164329528808594e+01
1.199685955047607422e+01
1.186300182342529297e+01
1.173007011413574219e+01
1.159806346893310547e+01
1.146772480010986328e+01
1.133756828308105469e+01
1.120907878875732422e+01
1.108225631713867188e+01
1.095561504364013672e+01
1.083064079284667969e+01
1.070733356475830078e+01
1.058494758605957031e+01
1.046422958374023438e+01
1.034443283081054688e+01
1.022630214691162109e+01
1.010983562469482422e+01
9.994292259216308594e+00
9.880412101745605469e+00
9.768197059631347656e+00
9.657645225524902344e+00
9.548758506774902344e+00
9.441534042358398438e+00
9.335230827331542969e+00
9.231331825256347656e+00
9.129096984863281250e+00
9.028523445129394531e+00
8.929612159729003906e+00
8.832363128662109375e+00
8.737518310546875000e+00
8.644334793090820312e+00
8.552812576293945312e+00
8.462950706481933594e+00
8.375493049621582031e+00
8.289694786071777344e+00
8.205555915832519531e+00
8.123820304870605469e+00
8.043744087219238281e+00
7.965326786041259766e+00
7.889307498931884766e+00
7.815684318542480469e+00
7.743710517883300781e+00
7.674126148223876953e+00
7.606184959411621094e+00
7.540254116058349609e+00
7.476480484008789062e+00
7.414785385131835938e+00
7.355167388916015625e+00
7.297695159912109375e+00
7.242218971252441406e+00
7.188882827758789062e+00
7.137609481811523438e+00
7.088396549224853516e+00
7.041314125061035156e+00
6.996284961700439453e+00
6.953454494476318359e+00
6.912671089172363281e+00
6.873931407928466797e+00
6.837380886077880859e+00
6.802867412567138672e+00
6.770387649536132812e+00
6.740087509155273438e+00
6.711815357208251953e+00
6.685567378997802734e+00
6.661489009857177734e+00
6.639354228973388672e+00
6.619308471679687500e+00
6.601348400115966797e+00
6.585322380065917969e+00
6.571375370025634766e+00
6.559430599212646484e+00
6.549484252929687500e+00
6.541532993316650391e+00
6.535500049591064453e+00
6.531455516815185547e+00
6.529322624206542969e+00
6.529172420501708984e+00
6.530926704406738281e+00
6.534508705139160156e+00
6.539988994598388672e+00
6.547364711761474609e+00
6.556483745574951172e+00
6.567492008209228516e+00
6.580310821533203125e+00
6.594863414764404297e+00
6.611147403717041016e+00
6.629232406616210938e+00
6.648967266082763672e+00
6.670423030853271484e+00
6.693522453308105469e+00
6.718263149261474609e+00
6.744641304016113281e+00
6.772580623626708984e+00
6.802152633666992188e+00
6.833205223083496094e+00
6.865736007690429688e+00
6.899816513061523438e+00
6.935295581817626953e+00
6.972243309020996094e+00
7.010583877563476562e+00
7.050313949584960938e+00
7.091356754302978516e+00
7.133708000183105469e+00
7.177293300628662109e+00
7.222181797027587891e+00
7.268297195434570312e+00
7.315636634826660156e+00
7.364048480987548828e+00
7.413678646087646484e+00
7.464301109313964844e+00
7.516062736511230469e+00
7.568809986114501953e+00
7.622542381286621094e+00
7.677255630493164062e+00
7.732872486114501953e+00
7.789391040802001953e+00
7.846733093261718750e+00
7.904971122741699219e+00
7.963953495025634766e+00
8.023676872253417969e+00
8.084362030029296875e+00
8.145261764526367188e+00
8.206819534301757812e+00
8.269777297973632812e+00
8.332643508911132812e+00
8.396160125732421875e+00
8.460324287414550781e+00
8.524389266967773438e+00
8.589838981628417969e+00
8.655183792114257812e+00
8.720420837402343750e+00
8.786291122436523438e+00
8.852792739868164062e+00
8.919176101684570312e+00
8.986186027526855469e+00
9.053073883056640625e+00
9.120578765869140625e+00
9.187215805053710938e+00
9.254465103149414062e+00
9.322327613830566406e+00
9.389316558837890625e+00
9.456917762756347656e+00
9.523646354675292969e+00
9.590987205505371094e+00
9.658198356628417969e+00
9.724534988403320312e+00
9.791483879089355469e+00
9.857558250427246094e+00
9.923502922058105469e+00
9.989315986633300781e+00
1.005499839782714844e+01
1.012054920196533203e+01
1.018522548675537109e+01
1.024977111816406250e+01
1.031344223022460938e+01
1.037698173522949219e+01
1.043964576721191406e+01
1.050217819213867188e+01
1.056383705139160156e+01
1.062536239624023438e+01
1.068601322174072266e+01
1.074578952789306641e+01
1.080543327331542969e+01
1.086420154571533203e+01
1.092209529876708984e+01
1.097911262512207031e+01
1.103525447845458984e+01
1.109126377105712891e+01
1.114565467834472656e+01
1.119991207122802734e+01
1.125255203247070312e+01
1.130505752563476562e+01
1.135594463348388672e+01
1.140669822692871094e+01
1.145583343505859375e+01
1.150409126281738281e+01
1.155072975158691406e+01
1.159723472595214844e+01
1.164212036132812500e+01
1.168612861633300781e+01
1.172926139831542969e+01
1.177077293395996094e+01
1.181140899658203125e+01
1.185116672515869141e+01
1.188930416107177734e+01
1.192582130432128906e+01
1.196220588684082031e+01
1.199622535705566406e+01
1.203011035919189453e+01
1.206163501739501953e+01
1.209228706359863281e+01
1.212206745147705078e+01
1.215023612976074219e+01
1.217679500579833984e+01
1.220248985290527344e+01
1.222657966613769531e+01
1.224906635284423828e+01
1.227069473266601562e+01
1.229072475433349609e+01
1.230915832519531250e+01
1.232674121856689453e+01
1.234198760986328125e+01
1.235638809204101562e+01
1.236994457244873047e+01
1.238117218017578125e+01
1.239155864715576172e+01
1.240036487579345703e+01
1.240759181976318359e+01
1.241398620605468750e+01
1.241806125640869141e+01
1.242130756378173828e+01
1.242298412322998047e+01
1.242309188842773438e+01
1.242237854003906250e+01
1.241935729980468750e+01
1.241551780700683594e+01
1.241011905670166016e+01
1.240316390991210938e+01
1.239465332031250000e+01
1.238533401489257812e+01
1.237372016906738281e+01
1.236130142211914062e+01
1.234733772277832031e+01
1.233257198333740234e+01
1.231552219390869141e+01
1.229767513275146484e+01
1.227829170227050781e+01
1.225737190246582031e+01
1.223566341400146484e+01
1.221168041229248047e+01
1.218691253662109375e+01
1.216061782836914062e+01
1.213354206085205078e+01
1.210494613647460938e+01
1.207482814788818359e+01
1.204319381713867188e+01
1.201004409790039062e+01
1.197612285614013672e+01
1.194143486022949219e+01
1.190449428558349609e+01
1.186679172515869141e+01
1.182758426666259766e+01
1.178761768341064453e+01
1.174615192413330078e+01
1.170393180847167969e+01
1.166021633148193359e+01
1.161500740051269531e+01
1.156905269622802734e+01
1.152235126495361328e+01
1.147416400909423828e+01
1.142523670196533203e+01
1.137482738494873047e+01
1.132368183135986328e+01
1.127105998992919922e+01
1.121770572662353516e+01
1.116362285614013672e+01
1.110806941986083984e+01
1.105253505706787109e+01
1.099553394317626953e+01
1.093707084655761719e+01
1.087863159179687500e+01
1.081873416900634766e+01
1.075812339782714844e+01
1.069680118560791016e+01
1.063477039337158203e+01
1.057203292846679688e+01
1.050859069824218750e+01
1.044444656372070312e+01
1.037960338592529297e+01
1.031406116485595703e+01
1.024782466888427734e+01
1.018089580535888672e+01
1.011327552795410156e+01
1.004496669769287109e+01
9.976715087890625000e+00
9.907778739929199219e+00
9.838160514831542969e+00
9.768607139587402344e+00
9.697633743286132812e+00
9.626728057861328125e+00
9.555892944335937500e+00
9.484387397766113281e+00
9.412214279174804688e+00
9.340118408203125000e+00
9.267357826232910156e+00
9.194681167602539062e+00
9.121344566345214844e+00
9.048094749450683594e+00
8.974931716918945312e+00
8.901116371154785156e+00
8.827389717102050781e+00
8.753753662109375000e+00
8.679465293884277344e+00
8.606011390686035156e+00
8.531905174255371094e+00
8.457147598266601562e+00
8.383225440979003906e+00
8.309396743774414062e+00
8.234916687011718750e+00
8.161274909973144531e+00
8.086983680725097656e+00
8.013529777526855469e+00
7.939428329467773438e+00
7.866166114807128906e+00
7.792998790740966797e+00
7.719928264617919922e+00
7.646954536437988281e+00
7.574078559875488281e+00
7.501969337463378906e+00
7.429957389831542969e+00
7.358267784118652344e+00
7.286900520324707031e+00
7.215929508209228516e+00
7.145281791687011719e+00
7.075106143951416016e+00
7.005403518676757812e+00
6.936024665832519531e+00
6.867193698883056641e+00
6.798910617828369141e+00
6.731027603149414062e+00
6.663768768310546875e+00
6.597059249877929688e+00
6.530899524688720703e+00
6.465290546417236328e+00
6.400380611419677734e+00
6.336022853851318359e+00
6.272365093231201172e+00
6.209333896636962891e+00
6.147004127502441406e+00
6.085376262664794922e+00
6.024450778961181641e+00
5.964228153228759766e+00
5.904782772064208984e+00
5.846115589141845703e+00
5.788227081298828125e+00
5.731191158294677734e+00
5.674934864044189453e+00
5.619458675384521484e+00
5.564910888671875000e+00
5.511216163635253906e+00
5.458372592926025391e+00
5.406379222869873047e+00
5.355308055877685547e+00
5.305084228515625000e+00
5.255854606628417969e+00
5.207468509674072266e+00
5.160073280334472656e+00
5.113593101501464844e+00
5.068026065826416016e+00
5.023445606231689453e+00
4.979849815368652344e+00
4.937237262725830078e+00
4.895606040954589844e+00
4.854955673217773438e+00
4.815282821655273438e+00
4.776587486267089844e+00
4.738942146301269531e+00
4.702270984649658203e+00
4.666646003723144531e+00
4.632066249847412109e+00
4.598455905914306641e+00
4.565887451171875000e+00
4.534359931945800781e+00
4.503870964050292969e+00
4.474420070648193359e+00
4.446004390716552734e+00
4.418623924255371094e+00
4.392275333404541016e+00
4.367033004760742188e+00
4.342746257781982422e+00
4.319561481475830078e+00
4.297478199005126953e+00
4.276345729827880859e+00
4.256311416625976562e+00
4.237298488616943359e+00
4.219306468963623047e+00
4.202407836914062500e+00
4.186526775360107422e+00
4.171735763549804688e+00
4.157884597778320312e+00
4.145121097564697266e+00
4.133368492126464844e+00
4.122625827789306641e+00
4.112891197204589844e+00
4.104163646697998047e+00
4.096440792083740234e+00
4.089722156524658203e+00
4.084079265594482422e+00
4.079288482666015625e+00
4.075570583343505859e+00
4.072775363922119141e+00
4.070975303649902344e+00
4.070094585418701172e+00
4.070204734802246094e+00
4.071230411529541016e+00
4.073244094848632812e+00
4.076095104217529297e+00
4.079930782318115234e+00
4.084599971771240234e+00
4.090175628662109375e+00
4.096655368804931641e+00
4.103963851928710938e+00
4.112173557281494141e+00
4.121207714080810547e+00
4.131138801574707031e+00
4.141817569732666016e+00
4.153315067291259766e+00
4.165630340576171875e+00
4.178687572479248047e+00
4.192557811737060547e+00
4.207166671752929688e+00
4.222510814666748047e+00
4.238664150238037109e+00
4.255400657653808594e+00
4.272943019866943359e+00
4.291139125823974609e+00
4.309988021850585938e+00
4.329487800598144531e+00
4.349710941314697266e+00
4.370432853698730469e+00
4.391874313354492188e+00
4.413885116577148438e+00
4.436463832855224609e+00
4.459533214569091797e+00
4.483242034912109375e+00
4.507437705993652344e+00
4.532193660736083984e+00
4.557434082031250000e+00
4.583082199096679688e+00
4.609285831451416016e+00
4.635893344879150391e+00
4.662903785705566406e+00
4.690389156341552734e+00
4.718199729919433594e+00
4.746407032012939453e+00
4.775009632110595703e+00
4.803931713104248047e+00
4.833170890808105469e+00
4.862726688385009766e+00
4.892522811889648438e+00
4.922634124755859375e+00
4.952984333038330078e+00
4.983573913574218750e+00
5.014402389526367188e+00
5.045394420623779297e+00
5.076624393463134766e+00
5.108016490936279297e+00
5.139496326446533203e+00
5.171212196350097656e+00
5.202940940856933594e+00
5.234829902648925781e+00
5.266804695129394531e+00
5.298863887786865234e+00
5.330933570861816406e+00
5.363012790679931641e+00
5.395175933837890625e+00
5.427273273468017578e+00
5.459452629089355469e+00
5.491490840911865234e+00
5.523536205291748047e+00
5.555513381958007812e+00
5.587422370910644531e+00
5.619261741638183594e+00
5.650883674621582031e+00
5.682509422302246094e+00
5.713915824890136719e+00
5.745176792144775391e+00
5.776291847229003906e+00
5.807185649871826172e+00
5.837857723236083984e+00
5.868308544158935547e+00
5.898536205291748047e+00
5.928466796875000000e+00
5.958173274993896484e+00
5.987581729888916016e+00
6.016765117645263672e+00
6.045574188232421875e+00
6.074009418487548828e+00
6.102218151092529297e+00
6.129976749420166016e+00
6.157358646392822266e+00
6.184439182281494141e+00
6.211067676544189453e+00
6.237244129180908203e+00
6.263042449951171875e+00
6.288387775421142578e+00
6.313278675079345703e+00
6.337716102600097656e+00
6.361698150634765625e+00
6.385152339935302734e+00
6.408153533935546875e+00
6.430628299713134766e+00
6.452577114105224609e+00
6.474001884460449219e+00
6.494902133941650391e+00
6.515205383300781250e+00
6.534986972808837891e+00
6.554247379302978516e+00
6.572913169860839844e+00
6.590910911560058594e+00
6.608390331268310547e+00
6.625277519226074219e+00
6.641574382781982422e+00
6.657206535339355469e+00
6.672249317169189453e+00
6.686629772186279297e+00
6.700422763824462891e+00
6.713554859161376953e+00
6.726027488708496094e+00
6.737914562225341797e+00
6.749069690704345703e+00
6.759642601013183594e+00
6.769557952880859375e+00
6.778743267059326172e+00
6.787274837493896484e+00
6.795152664184570312e+00
6.802303314208984375e+00
6.808727741241455078e+00
6.814501285552978516e+00
6.819624423980712891e+00
6.824024200439453125e+00
6.827701568603515625e+00
6.830731868743896484e+00
6.833039760589599609e+00
6.834628582000732422e+00
6.835573196411132812e+00
6.835799217224121094e+00
6.835308074951171875e+00
6.834100246429443359e+00
6.832176208496093750e+00
6.829613208770751953e+00
6.826261997222900391e+00
6.822271347045898438e+00
6.817569255828857422e+00
6.812155723571777344e+00
6.806032657623291016e+00
6.799200534820556641e+00
6.791659355163574219e+00
6.783411026000976562e+00
6.774530410766601562e+00
6.764871120452880859e+00
6.754583358764648438e+00
6.743592739105224609e+00
6.731901168823242188e+00
6.719510555267333984e+00
6.706421852111816406e+00
6.692710876464843750e+00
6.678304672241210938e+00
6.663203716278076172e+00
6.647484779357910156e+00
6.631074428558349609e+00
6.614048957824707031e+00
6.596333980560302734e+00
6.578080654144287109e+00
6.559141635894775391e+00
6.539592266082763672e+00
6.519433498382568359e+00
6.498667716979980469e+00
6.477295398712158203e+00
6.455392360687255859e+00
6.432811737060546875e+00
6.409703254699707031e+00
6.386067867279052734e+00
6.361832618713378906e+00
6.336999893188476562e+00
6.311718463897705078e+00
6.285841941833496094e+00
6.259519577026367188e+00
6.232604503631591797e+00
6.205246925354003906e+00
6.177299022674560547e+00
6.148984909057617188e+00
6.120158195495605469e+00
6.090819835662841797e+00
6.061044692993164062e+00
6.030909538269042969e+00
6.000266075134277344e+00
5.969191551208496094e+00
5.937685966491699219e+00
5.905824661254882812e+00
5.873535633087158203e+00
5.840820312500000000e+00
5.807827949523925781e+00
5.774411678314208984e+00
5.740647315979003906e+00
5.706609725952148438e+00
5.672152519226074219e+00
5.637425422668457031e+00
5.602429389953613281e+00
5.567164897918701172e+00
5.531559467315673828e+00
5.495761394500732422e+00
5.459622383117675781e+00
5.423293113708496094e+00
5.386698722839355469e+00
5.349914550781250000e+00
5.312866687774658203e+00
5.275630474090576172e+00
5.238205909729003906e+00
5.200594902038574219e+00
5.162870883941650391e+00
5.124960899353027344e+00
5.086865901947021484e+00
5.048660278320312500e+00
5.010345458984375000e+00
4.971920490264892578e+00
4.933388233184814453e+00
4.894821643829345703e+00
4.856073856353759766e+00
4.817368507385253906e+00
4.778556823730468750e+00
4.739714145660400391e+00
4.700841426849365234e+00
4.662013053894042969e+00
4.623082160949707031e+00
4.584270477294921875e+00
4.545432090759277344e+00
4.506639957427978516e+00
4.467896461486816406e+00
4.429201126098632812e+00
4.390629768371582031e+00
4.352107524871826172e+00
4.313636302947998047e+00
4.275364398956298828e+00
4.237144470214843750e+00
4.199050903320312500e+00
4.161084651947021484e+00
4.123246669769287109e+00
4.085611820220947266e+00
4.048106193542480469e+00
4.010879039764404297e+00
3.973707914352416992e+00
3.936816692352294922e+00
3.900131464004516602e+00
3.863652944564819336e+00
3.827456712722778320e+00
3.791393995285034180e+00
3.755688428878784180e+00
3.720192193984985352e+00
3.684979200363159180e+00
3.650048732757568359e+00
3.615400552749633789e+00
3.581033706665039062e+00
3.547022581100463867e+00
3.513292312622070312e+00
3.479842185974121094e+00
3.446745872497558594e+00
3.414003133773803711e+00
3.381613492965698242e+00
3.349576234817504883e+00
3.317890882492065430e+00
3.286482810974121094e+00
3.255574226379394531e+00
3.224941968917846680e+00
3.194734096527099609e+00
3.164875507354736328e+00
3.135514736175537109e+00
3.106428146362304688e+00
3.077838182449340820e+00
3.049595594406127930e+00
3.021848440170288086e+00
2.994447946548461914e+00
2.967542409896850586e+00
2.941056251525878906e+00
2.914989709854125977e+00
2.889341831207275391e+00
2.864186763763427734e+00
2.839449167251586914e+00
2.815129041671752930e+00
2.791374683380126953e+00
2.767961978912353516e+00
2.745113849639892578e+00
2.722680807113647461e+00
2.700736999511718750e+00
2.679281949996948242e+00
2.658315181732177734e+00
2.637761592864990234e+00
2.617769479751586914e+00
2.598263978958129883e+00
2.579244375228881836e+00
2.560636281967163086e+00
2.542587757110595703e+00
2.525023698806762695e+00
2.508018016815185547e+00
2.491421937942504883e+00
2.475383043289184570e+00
2.459752798080444336e+00
2.444753170013427734e+00
2.430160760879516602e+00
2.416123390197753906e+00
2.402491807937622070e+00
2.389487504959106445e+00
2.376886844635009766e+00
2.364837646484375000e+00
2.353264570236206055e+00
2.342166900634765625e+00
2.331543684005737305e+00
2.321467876434326172e+00
2.311865091323852539e+00
2.302733659744262695e+00
2.294147253036499023e+00
2.285956382751464844e+00
2.278308868408203125e+00
2.271129131317138672e+00
2.264416694641113281e+00
2.258170127868652344e+00
2.252389192581176758e+00
2.247146606445312500e+00
2.242293357849121094e+00
2.237902641296386719e+00
2.233973503112792969e+00
2.230505228042602539e+00
2.227496623992919922e+00
2.224946975708007812e+00
2.222780942916870117e+00
2.221146106719970703e+00
2.219819068908691406e+00
2.219021558761596680e+00
2.218604087829589844e+00
2.218565702438354492e+00
2.218979835510253906e+00
2.219771385192871094e+00
2.221013545989990234e+00
2.222631216049194336e+00
2.224623441696166992e+00
2.226989507675170898e+00
2.229802370071411133e+00
2.232913017272949219e+00
2.236394405364990234e+00
2.240246057510375977e+00
2.244466543197631836e+00
2.249055385589599609e+00
2.253937244415283203e+00
2.259185314178466797e+00
2.264724731445312500e+00
2.270554304122924805e+00
2.276747703552246094e+00
2.283303737640380859e+00
2.290072917938232422e+00
2.297129392623901367e+00
2.304546117782592773e+00
2.312174320220947266e+00
2.320087194442749023e+00
2.328284740447998047e+00
2.336691617965698242e+00
2.345381498336791992e+00
2.354354143142700195e+00
2.363459825515747070e+00
2.372846603393554688e+00
2.382514238357543945e+00
2.392313003540039062e+00
2.402316808700561523e+00
2.412525177001953125e+00
2.422936916351318359e+00
2.433552026748657227e+00
2.444295406341552734e+00
2.455240249633789062e+00
2.466312170028686523e+00
2.477510452270507812e+00
2.488908767700195312e+00
2.500431776046752930e+00
2.512079238891601562e+00
2.523776292800903320e+00
2.535670995712280273e+00
2.547613382339477539e+00
2.559677839279174805e+00
2.571789264678955078e+00
2.584021091461181641e+00
2.596298694610595703e+00
2.608621358871459961e+00
2.621062755584716797e+00
2.633473396301269531e+00
2.646001577377319336e+00
2.658497571945190430e+00
2.671035766601562500e+00
2.683541059494018555e+00
2.696161031723022461e+00
2.708672285079956055e+00
2.721222877502441406e+00
2.733737707138061523e+00
2.746290922164916992e+00
2.758732795715332031e+00
2.771137237548828125e+00
2.783577919006347656e+00
2.795905113220214844e+00
2.808118820190429688e+00
2.820366859436035156e+00
2.832425832748413086e+00
2.844444036483764648e+00
2.856426239013671875e+00
2.868228912353515625e+00
2.880005598068237305e+00
2.891687631607055664e+00
2.903279542922973633e+00
2.914712667465209961e+00
2.926140785217285156e+00
