# d_l
# unit = Mpc
0.000000000000000000e+00
4.481553429460834792e+01
9.017770100865770644e+01
1.360775144873262832e+02
1.825061274189513369e+02
2.294548313722453088e+02
2.769150571317512686e+02
3.248783748420007669e+02
3.733364939707975054e+02
4.222812631018821321e+02
4.717046695671196517e+02
5.215988389281224045e+02
5.719560343170319356e+02
6.227686556459367466e+02
6.740292386941341647e+02
7.257304540821719456e+02
7.778651061413390835e+02
8.304261316869093434e+02
8.834065987032176963e+02
9.367997049482481771e+02
9.905987764851540760e+02
1.044797266147771779e+03
1.099388751946874208e+03
1.154366935423603081e+03
1.209725639956170426e+03
1.265458809025643177e+03
1.321560504446265440e+03
1.378024904565520501e+03
1.434846302438803605e+03
1.492019103983293917e+03
1.549537826115341431e+03
1.607397094875401990e+03
1.665591643544307090e+03
1.724116310754379583e+03
1.782966038598660589e+03
1.842135870741333065e+03
1.901620950532111010e+03
1.961416519127235915e+03
2.021517913619450610e+03
2.081920565179199457e+03
2.142619997209008488e+03
2.203611823512968840e+03
2.264891746482925100e+03
2.326455555302946777e+03
2.388299124173415294e+03
2.450418410555976152e+03
2.512809453440454945e+03
2.575468371634696268e+03
2.638391362078203656e+03
2.701574698180306768e+03
2.765014728183529769e+03
2.828707873552675665e+03
2.892650627390130012e+03
2.956839552877731421e+03
3.021271281745514443e+03
3.085942512767594053e+03
3.150850010285291773e+03
3.215990602757672150e+03
3.281361181339492305e+03
3.346958698486590947e+03
3.412780166588650445e+03
3.478822656629233734e+03
3.545083296872990559e+03
3.611559271579814322e+03
3.678247819745814922e+03
3.745146233870793822e+03
3.812251858752046701e+03
3.879562090304132198e+03
3.947074374404378432e+03
4.014786205763731232e+03
4.082695126822669408e+03
4.150798726671773693e+03
4.219094639996645128e+03
4.287580546046729978e+03
4.356254167627703282e+03
4.425113270117019965e+03
4.494155660502208775e+03
4.563379186441497041e+03
4.632781735346397909e+03
4.702361233485798948e+03
4.772115645111166486e+03
4.842042971602437319e+03
4.912141250634184871e+03
4.982408555361638719e+03
5.052842993626164571e+03
5.123442707179771787e+03
5.194205870928227341e+03
5.265130692192434253e+03
5.336215409987561543e+03
5.407458294319690140e+03
5.478857645499378123e+03
5.550411793471962483e+03
5.622119097164039886e+03
5.693977943845906339e+03
5.765986748509415520e+03
5.838143953261067509e+03
5.910448026729805861e+03
5.982897463489307484e+03
6.055490783494289644e+03
6.128226531530618558e+03
6.201103276678765724e+03
6.274119611790394629e+03
6.347274152977665835e+03
6.420565539114976673e+03
6.493992431352870881e+03
6.567553512643735303e+03
6.641247487279067172e+03
6.715073080437930912e+03
6.789029037746428003e+03
6.863114124847838866e+03
6.937327126983143899e+03
7.011666848581738122e+03
7.086132112861998394e+03
7.160721761441522176e+03
7.235434653956740476e+03
7.310269667691693030e+03
7.385225697215682885e+03
7.460301654029703968e+03
7.535496466221259652e+03
7.610809078127460452e+03
7.686238450006142557e+03
7.761783557714862582e+03
7.837443392397460229e+03
7.913216960178117006e+03
7.989103281862581753e+03
8.065101392646532986e+03
8.141210341830756079e+03
8.217429192543042518e+03
8.293757021466613878e+03
8.370192918574874057e+03
8.446735986872414287e+03
8.523385342141989895e+03
8.600140112697408767e+03
8.676999439142120536e+03
8.753962474133448268e+03
8.831028382152187987e+03
8.908196339277525112e+03
8.985465532967145919e+03
9.062835161842356683e+03
9.140304435478090454e+03
9.217872574197719587e+03
9.295538808872495792e+03
9.373302380725577677e+03
9.451162541140412941e+03
9.529118551473484331e+03
9.607169682871211990e+03
9.685315216091010370e+03
9.763554441326272354e+03
9.841886658035284199e+03
9.920311174773918538e+03
9.998827309032018093e+03
1.007743438707342284e+04
1.015613174377945143e+04
1.023491872249585504e+04
1.031379467488308728e+04
1.039275896076986101e+04
1.047181094800985738e+04
1.055095001234152369e+04
1.063017553725092512e+04
1.070948691383753430e+04
1.078888354068287663e+04
1.086836482372199498e+04
1.094793017611763753e+04
1.102757901813714307e+04
1.110731077703190567e+04
1.118712488691937142e+04
1.126702078866751981e+04
1.134699792978179539e+04
1.142705576429434950e+04
1.150719375265560484e+04
1.158741136162809562e+04
1.166770806418243774e+04
1.174808333939549811e+04
1.182853667235063040e+04
1.190906755403994430e+04
1.198967548126858674e+04
1.207035995656094019e+04
1.215112048806872554e+04
1.223195658948099845e+04
1.231286777993589567e+04
1.239385358393416391e+04
1.247491353125448040e+04
1.255604715687032149e+04
1.263725400086863920e+04
1.271853360837002765e+04
1.279988552945050287e+04
1.288130931906482328e+04
1.296280453697129269e+04
1.304437074765804755e+04
1.312600752027076305e+04
1.320771442854173256e+04
1.328949105072038219e+04
1.337133696950504418e+04
1.345325177197608900e+04
1.353523504953033080e+04
1.361728639781662787e+04
1.369940541667274556e+04
1.378159171006345059e+04
1.386384488601968224e+04
1.394616455657889856e+04
1.402855033772658135e+04
1.411100184933876335e+04
1.419351871512568323e+04
1.427610056257640281e+04
1.435874702290454297e+04
1.444145773099492726e+04
1.452423232535126408e+04
1.460707044804474208e+04
1.468997174466356955e+04
1.477293586426344700e+04
1.485596245931890917e+04
1.493905118567554564e+04
1.502220170250310548e+04
1.510541367224936766e+04
1.518868676059491918e+04
1.527202063640867163e+04
1.535541497170421280e+04
1.543886944159685481e+04
1.552238372426151909e+04
1.560595750089129251e+04
1.568959045565675842e+04
1.577328227566595160e+04
1.585703265092512993e+04
1.594084127430006629e+04
1.602470784147818449e+04
1.610863205093117176e+04
1.619261360387833520e+04
1.627665220425054576e+04
1.636074755865478801e+04
1.644489937633937006e+04
1.652910736915956295e+04
1.661337125154400564e+04
1.669769074046158130e+04
1.678206555538875182e+04
1.686649540869168777e+04
1.695098004358865001e+04
1.703551917764210521e+04
1.712011254004379225e+04
1.720475986233814911e+04
1.728946087839279426e+04
1.737421532436952475e+04
1.745902293869580899e+04
1.754388346203664696e+04
1.762879663726699073e+04
1.771376220944454690e+04
1.779877992578302292e+04
1.788384953562578448e+04
1.796897079042001133e+04
1.805414344369109313e+04
1.813936725101762568e+04
1.822464197000667627e+04
1.830996736026944927e+04
1.839534318339737365e+04
1.848076920293851799e+04
1.856624518437438746e+04
1.865177089509712096e+04
1.873734610438691379e+04
1.882297058338998977e+04
1.890864410509666413e+04
1.899436644431997775e+04
1.908013737767446582e+04
1.916595668355535236e+04
1.925182414211807554e+04
1.933773953525796969e+04
1.942370264659050736e+04
1.950971326143154874e+04
1.959577116677810409e+04
1.968187615128930702e+04
1.976802800526761348e+04
1.985422652064031718e+04
1.994047149094147244e+04
2.002676271129375891e+04
2.011309997839101197e+04
2.019948309048061856e+04
2.028591184734648778e+04
2.037238605029204700e+04
2.045890550212364542e+04
2.054547000713401576e+04
2.063207937108616170e+04
2.071873340119737259e+04
2.080543190612339458e+04
2.089217469594305294e+04
2.097896158214283787e+04
2.106579237760185060e+04
2.115266689657694587e+04
2.123958495468805995e+04
2.132654636890371694e+04
2.141355095752680791e+04
2.150059854018051192e+04
2.158768893779441714e+04
2.167482197259082022e+04
2.176199746807132760e+04
2.184921524900343866e+04
2.193647514140744897e+04
2.202377697254356099e+04
2.211112057089904192e+04
2.219850576617565457e+04
2.228593238927724087e+04
2.237340027229740735e+04
2.246090924850746524e+04
2.254845915234451604e+04
2.263604981939961726e+04
2.272368108640617356e+04
2.281135279122851716e+04
2.289906477285048459e+04
2.298681687136438632e+04
2.307460892795982363e+04
2.316244078491293840e+04
2.325031228557567374e+04
2.333822327436499836e+04
2.342617359675270563e+04
2.351416309925485257e+04
2.360219162942175899e+04
2.369025903582774117e+04
2.377836516806138752e+04
2.386650987671556868e+04
2.395469301337788784e+04
2.404291443062103281e+04
2.413117398199336094e+04
2.421947152200958953e+04
2.430780690614156629e+04
2.439617999080920708e+04
2.448459063337148837e+04
2.457303869211762503e+04
2.466152402625823015e+04
2.475004649591678753e+04
2.483860596212100427e+04
2.492720228679443608e+04
2.501583533274816000e+04
2.510450496367245432e+04
2.519321104412880595e+04
2.528195343954176496e+04
2.537073201619104657e+04
2.545954664120373127e+04
2.554839718254646868e+04
2.563728350901783779e+04
2.572620549024082356e+04
2.581516299665529004e+04
2.590415589951066067e+04
2.599318407085854415e+04
2.608224738354562942e+04
2.617134571120646797e+04
2.626047892825654344e+04
2.634964690988517032e+04
2.643884953204880003e+04
2.652808667146403968e+04
2.661735820560110369e+04
2.670666401267705805e+04
2.679600397164931201e+04
2.688537796220916061e+04
2.697478586477532008e+04
2.706422756048760493e+04
2.715370293120069255e+04
2.724321185947794584e+04
2.733275422858518868e+04
2.742232992248477967e+04
2.751193882582957303e+04
2.760158082395699239e+04
2.769125580288319907e+04
2.778096364929728952e+04
2.787070425055566011e+04
2.796047749467617541e+04
2.805028327033281676e+04
2.814012146684988693e+04
2.822999197419677876e+04
2.831989468298240899e+04
2.840982948444999420e+04
2.849979627047157192e+04
2.858979493354303122e+04
2.867982536677871758e+04
2.876988746390640517e+04
2.885998111926221100e+04
2.895010622778566903e+04
2.904026268501461891e+04
2.913045038708045831e+04
2.922066923070321718e+04
2.931091911318677012e+04
2.940119993241412521e+04
2.949151158684269103e+04
2.958185397549963454e+04
2.967222699797735186e+04
2.976263055442881159e+04
2.985306454556317112e+04
2.994352887264126184e+04
3.003402343747120176e+04
3.012454814240402993e+04
3.021510289032939181e+04
3.030568758467132284e+04
3.039630212938396653e+04
3.048694642894741992e+04
3.057762038836356442e+04
3.066832391315206769e+04
3.075905690934624727e+04
3.084981928348905421e+04
3.094061094262918778e+04
3.103143179431710814e+04
3.112228174660114382e+04
3.121316070802367176e+04
3.130406858761730473e+04
3.139500529490110785e+04
3.148597073987689873e+04
