# d_m
# unit = Mpc
0.000000000000000000e+00
4.437181613327559404e+01
8.840951079280166880e+01
1.321140917352682322e+02
1.754866609797608987e+02
2.185284108307098165e+02
2.612406199356144043e+02
3.036246493850474053e+02
3.456819388618495168e+02
3.874140028457633775e+02
4.288224268791996678e+02
4.699088638992093365e+02
5.106750306402070692e+02
5.511227041114484564e+02
5.912537181527492294e+02
6.310699600714539201e+02
6.705733673632233831e+02
7.097659245187260240e+02
7.486496599179811255e+02
7.872266428136539389e+02
8.254989804042951391e+02
8.634688149981584502e+02
9.011383212679296548e+02
9.385097035964253109e+02
9.755851935130407355e+02
1.012367047220514564e+03
1.048857543211321854e+03
1.085058979972850693e+03
1.120973673780315266e+03
1.156603956576196879e+03
1.191952173934877919e+03
1.227020683110993787e+03
1.261811851169929469e+03
1.296328053198781618e+03
1.330571670596015338e+03
1.364545089438024434e+03
1.398250698920669947e+03
1.431690889873894776e+03
1.464868053347428031e+03
1.497784579265611001e+03
1.530442855149291972e+03
1.562845264902814733e+03
1.594994187664031870e+03
1.626891996715347432e+03
1.658541058453760570e+03
1.689943731417914705e+03
1.721102365370174539e+03
1.752019300431766169e+03
1.782696866269056500e+03
1.813137381329064965e+03
1.843343152122353104e+03
1.873316472551440938e+03
1.903059623282980283e+03
1.932574871161915780e+03
1.961864468665918366e+03
1.990930653398447703e+03
2.019775647618776702e+03
2.048401657807434276e+03
2.076810874265501297e+03
2.105005470746283663e+03
2.132987604117906358e+03
2.160759414055424713e+03
2.188323022761105221e+03
2.215680534711542805e+03
2.242834036430374908e+03
2.269785596285329575e+03
2.296537264308461545e+03
2.323091072038402672e+03
2.349449032383558460e+03
2.375613139505166600e+03
2.401585368719217058e+03
2.427367676416241920e+03
2.452961999998049578e+03
2.478370257830479659e+03
2.503594349211323788e+03
2.528636154352582707e+03
2.553497534376254862e+03
2.578180331322879738e+03
2.602686368172133371e+03
2.627017448874747970e+03
2.651175358395092189e+03
2.675161862763777663e+03
2.698978709139661987e+03
2.722627625880676987e+03
2.746110322622915646e+03
2.769428490367444283e+03
2.792583801574316112e+03
2.815577910263333706e+03
2.838412452121043771e+03
2.861089044613592250e+03
2.883609287104935902e+03
2.905974760980084739e+03
2.928187029772937422e+03
2.950247639298396734e+03
2.972158117788358595e+03
2.993919976031316310e+03
3.015534707515207174e+03
3.037003788573252677e+03
3.058328678532469439e+03
3.079510819864632595e+03
3.100551638339382862e+03
3.121452543179301301e+03
3.142214927216666183e+03
3.162840167051712342e+03
3.183329623212191564e+03
3.203684640314017543e+03
3.223906547222848076e+03
3.243996657216391213e+03
3.263956268147321225e+03
3.283786662606621576e+03
3.303489108087211207e+03
3.323064857147742714e+03
3.342515147576414165e+03
3.361841202554705433e+03
3.381044230820906705e+03
3.400125426833345045e+03
3.419085970933186218e+03
3.437927029506776307e+03
3.456649755147367159e+03
3.475255286816191983e+03
3.493744750002791989e+03
3.512119256884553124e+03
3.530379906485342872e+03
3.548527784833236183e+03
3.566563965117223688e+03
3.584489507842903549e+03
3.602305460987060542e+03
3.620012860151120094e+03
3.637612728713426804e+03
3.655106077980294231e+03
3.672493907335832773e+03
3.689777204390471979e+03
3.706956945128192729e+03
3.724034094052412001e+03
3.741009604330533875e+03
3.757884417937100807e+03
3.774659465795561118e+03
3.791335667918626768e+03
3.807913933547208671e+03
3.824395161287904102e+03
3.840780239249049373e+03
3.857070045175309588e+03
3.873265446580817297e+03
3.889367300880828680e+03
3.905376455521919979e+03
3.921293748110698743e+03
3.937120006541061230e+03
3.952856049119948693e+03
3.968502684691647119e+03
3.984060712760609476e+03
3.999530923612806873e+03
4.014914098435626784e+03
4.030211009436290169e+03
4.045422419958835690e+03
4.060549084599640537e+03
4.075591749321514271e+03
4.090551151566350654e+03
4.105428020366351120e+03
4.120223076453847170e+03
4.134937032369704866e+03
4.149570592570336885e+03
4.164124453533330779e+03
4.178599303861693443e+03
4.192995824386746790e+03
4.207314688269661019e+03
4.221556561101649095e+03
4.235722101002827003e+03
4.249811958719773429e+03
4.263826777721772487e+03
4.277767194295764057e+03
4.291633837640035381e+03
4.305427329956619360e+03
4.319148286542463211e+03
4.332797315879352027e+03
4.346375019722607249e+03
4.359881993188577326e+03
4.373318824840920570e+03
4.386686096775712940e+03
4.399984384705394405e+03
4.413214258041539324e+03
4.426376279976487240e+03
4.439471007563872263e+03
4.452498991797985582e+03
4.465460777692098418e+03
4.478356904355643564e+03
4.491187905070351917e+03
4.503954307365322165e+03
4.516656633091042750e+03
4.529295398492377899e+03
4.541871114280540496e+03
4.554384285704045396e+03
4.566835412618687769e+03
4.579224989556521905e+03
4.591553505793887780e+03
4.603821445418479925e+03
4.616029287395466781e+03
4.628177505632684188e+03
4.640266569044933021e+03
4.652296941617342782e+03
4.664269082467858425e+03
4.676183445908860449e+03
4.688040481507894583e+03
4.699840634147577475e+03
4.711584344084621080e+03
4.723272047008073059e+03
4.734904174096697716e+03
4.746481152075576574e+03
4.758003403271903153e+03
4.769471345669990114e+03
4.780885392965516985e+03
4.792245954619002987e+03
4.803553435908535903e+03
4.814808237981764250e+03
4.826010757907146399e+03
4.837161388724496646e+03
4.848260519494816435e+03
4.859308535349434351e+03
4.870305817538440351e+03
4.881252743478465163e+03
4.892149686799778465e+03
4.902997017392736780e+03
4.913795101453567440e+03
4.924544301529543191e+03
4.935244976563488308e+03
4.945897481937710836e+03
4.956502169517283619e+03
4.967059387692740529e+03
4.977569481422185163e+03
4.988032792272801089e+03
4.998449658461814579e+03
5.008820414896837065e+03
5.019145393215711920e+03
5.029424921825777346e+03
5.039659325942568103e+03
5.049848924757990062e+03
5.059994042862283095e+03
5.070094993345865078e+03
5.080152089033766060e+03
5.090165639745014232e+03
5.100135952328257190e+03
5.110063330696919365e+03
5.119948075863872873e+03
5.129790485975628144e+03
5.139590856346060718e+03
5.149349479489694204e+03
5.159066645154499383e+03
5.168742640354273135e+03
5.178377749400578978e+03
5.187972253934221953e+03
5.197526432956339704e+03
5.207040562859050624e+03
5.216514917455683644e+03
5.225949768010617845e+03
5.235345383268701880e+03
5.244702029484290506e+03
5.254019970449892753e+03
5.263299467524413558e+03
5.272540779661061606e+03
5.281744163434822440e+03
5.290909873069632340e+03
5.300038160465129295e+03
5.309129275223089280e+03
5.318183464673501476e+03
5.327200973900266945e+03
5.336182045766622650e+03
5.345126920940150740e+03
5.354035837917514982e+03
5.362909033048857964e+03
5.371746740561850856e+03
5.380549192585452147e+03
5.389316619173370782e+03
5.398049248327159148e+03
5.406747306019088683e+03
5.415411016214642586e+03
5.424040600894782074e+03
5.432636280077878837e+03
5.441198271841394671e+03
5.449726792343240049e+03
5.458222055842899863e+03
5.466684274722261762e+03
5.475113659506156182e+03
5.483510418882690828e+03
5.491874759723255920e+03
5.500206887102311157e+03
5.508507004316913481e+03
5.516775312905989267e+03
5.525012012669357318e+03
5.533217301686513565e+03
5.541391376335183850e+03
5.549534431309618412e+03
5.557646659638671736e+03
5.565728252703664111e+03
5.573779400255979454e+03
5.581800290434464841e+03
5.589791109782629974e+03
5.597752043265580141e+03
5.605683274286781852e+03
5.613584984704594717e+03
5.621457354848595060e+03
5.629300563535704896e+03
5.637114788086129010e+03
5.644900204339057382e+03
5.652656986668202990e+03
5.660385307997150449e+03
5.668085339814476356e+03
5.675757252188735947e+03
5.683401213783206913e+03
5.691017391870500433e+03
5.698605952346978484e+03
5.706167059746943778e+03
5.713700877256757849e+03
5.721207566728675374e+03
5.728687288694601193e+03
5.736140202379598122e+03
5.743566465715310187e+03
5.750966235353148477e+03
5.758339666677376954e+03
5.765686913817993627e+03
5.773008129663483487e+03
5.780303465873411369e+03
5.787573072890849289e+03
5.794817099954680998e+03
5.802035695111726454e+03
5.809229005228752612e+03
5.816397176004299581e+03
5.823540351980420382e+03
5.830658676554226986e+03
5.837752291989329933e+03
5.844821339427139719e+03
5.851865958898008103e+03
5.858886289332279375e+03
5.865882468571174286e+03
5.872854633377556638e+03
5.879802919446588930e+03
5.886727461416237020e+03
5.893628392877664737e+03
5.900505846385511177e+03
5.907359953468029744e+03
5.914190844637137161e+03
5.920998649398300586e+03
5.927783496260370157e+03
5.934545512745230553e+03
5.941284825397407985e+03
5.948001559793492561e+03
5.954695840551532456e+03
5.961367791340233453e+03
5.968017534888140290e+03
5.974645192992629745e+03
5.981250886528863703e+03
5.987834735458610339e+03
5.994396858838959815e+03
6.000937374830954468e+03
6.007456400708118053e+03
6.013954052864888581e+03
6.020430446824931096e+03
6.026885697249401346e+03
6.033319917945081215e+03
6.039733221872426839e+03
6.046125721153536688e+03
6.052497527080019609e+03
6.058848750120796467e+03
6.065179499929757185e+03
6.071489885353423233e+03
6.077780014438420949e+03
6.084049994438960312e+03
6.090299931824173655e+03
6.096529932285406176e+03
6.102740100743377297e+03
6.108930541355349305e+03
6.115101357522114995e+03
6.121252651894979863e+03
6.127384526382635158e+03
6.133497082157980003e+03
6.139590419664823457e+03
6.145664638624569307e+03
6.151719838042782612e+03
6.157756116215708062e+03
6.163773570736714646e+03
6.169772298502654849e+03
6.175752395720173809e+03
6.181713957911947546e+03
6.187657079922829325e+03
6.193581855925968739e+03
6.199488379428832559e+03
6.205376743279173752e+03
6.211247039670934100e+03
6.217099360150081338e+03
6.222933795620394449e+03
6.228750436349173469e+03
6.234549371972886547e+03
6.240330691502767877e+03
6.246094483330360163e+03
6.251840835232977042e+03
6.257569834379119129e+03
6.263281567333844578e+03
6.268976120064062343e+03
6.274653577943779055e+03
6.280314025759289507e+03
6.285957547714318025e+03
6.291584227435091634e+03
6.297194147975379565e+03
