# te
8.339361190795898438e+00
9.490153312683105469e+00
9.126978874206542969e+00
8.018991470336914062e+00
6.663920879364013672e+00
5.340477466583251953e+00
4.194073677062988281e+00
3.280470132827758789e+00
2.613033056259155273e+00
2.179754018783569336e+00
1.953232645988464355e+00
1.876841783523559570e+00
1.891172289848327637e+00
1.961088657379150391e+00
2.059820652008056641e+00
2.166585206985473633e+00
2.266074657440185547e+00
2.352136135101318359e+00
2.420865297317504883e+00
2.482541561126708984e+00
2.547595024108886719e+00
2.617773056030273438e+00
2.692947864532470703e+00
2.774091005325317383e+00
2.862278461456298828e+00
2.950688362121582031e+00
3.032572031021118164e+00
3.104243040084838867e+00
3.161736249923706055e+00
3.203229427337646484e+00
3.227007627487182617e+00
3.229795694351196289e+00
3.210972070693969727e+00
3.179052352905273438e+00
3.140878200531005859e+00
3.091327190399169922e+00
3.025969028472900391e+00
2.946268796920776367e+00
2.854958295822143555e+00
2.753545522689819336e+00
2.639450073242187500e+00
2.509088993072509766e+00
2.359771013259887695e+00
2.188879489898681641e+00
1.992831468582153320e+00
1.774065852165222168e+00
1.539182662963867188e+00
1.294187784194946289e+00
1.038302540779113770e+00
7.687036991119384766e-01
4.800232052803039551e-01
1.681077331304550171e-01
-1.632254719734191895e-01
-5.100430846214294434e-01
-8.744480609893798828e-01
-1.256373643875122070e+00
-1.656443119049072266e+00
-2.075302362442016602e+00
-2.512162685394287109e+00
-2.966037511825561523e+00
-3.437524080276489258e+00
-3.927245140075683594e+00
-4.436044692993164062e+00
-4.964173793792724609e+00
-5.509446144104003906e+00
-6.068993091583251953e+00
-6.641076087951660156e+00
-7.223883152008056641e+00
-7.819020748138427734e+00
-8.428847312927246094e+00
-9.054804801940917969e+00
-9.697600364685058594e+00
-1.035645675659179688e+01
-1.103000259399414062e+01
-1.171762275695800781e+01
-1.241884136199951172e+01
-1.313468074798583984e+01
-1.386096286773681641e+01
-1.459871292114257812e+01
-1.534806919097900391e+01
-1.610787200927734375e+01
-1.687756156921386719e+01
-1.765509605407714844e+01
-1.844139862060546875e+01
-1.923525047302246094e+01
-2.003573989868164062e+01
-2.084277534484863281e+01
-2.165776062011718750e+01
-2.247763061523437500e+01
-2.330303573608398438e+01
-2.413311958312988281e+01
-2.496775627136230469e+01
-2.580534744262695312e+01
-2.664650726318359375e+01
-2.749037551879882812e+01
-2.833609008789062500e+01
-2.918130111694335938e+01
-3.002886009216308594e+01
-3.087418746948242188e+01
-3.172013282775878906e+01
-3.256435394287109375e+01
-3.340746688842773438e+01
-3.424638748168945312e+01
-3.508247375488281250e+01
-3.591486358642578125e+01
-3.674195861816406250e+01
-3.756437683105468750e+01
-3.838051223754882812e+01
-3.918875885009765625e+01
-3.999047851562500000e+01
-4.078476715087890625e+01
-4.156998062133789062e+01
-4.234520721435546875e+01
-4.311027908325195312e+01
-4.386429214477539062e+01
-4.460633850097656250e+01
-4.533700180053710938e+01
-4.605387878417968750e+01
-4.675681304931640625e+01
-4.744564056396484375e+01
-4.811944961547851562e+01
-4.877808380126953125e+01
-4.941840362548828125e+01
-5.004246902465820312e+01
-5.064938735961914062e+01
-5.123823928833007812e+01
-5.180812835693359375e+01
-5.235814285278320312e+01
-5.288737869262695312e+01
-5.339718246459960938e+01
-5.388454437255859375e+01
-5.435166931152343750e+01
-5.479408645629882812e+01
-5.521475601196289062e+01
-5.560992431640625000e+01
-5.598182678222656250e+01
-5.632894897460937500e+01
-5.665053176879882812e+01
-5.694729995727539062e+01
-5.721701049804687500e+01
-5.746038818359375000e+01
-5.767742156982421875e+01
-5.786734008789062500e+01
-5.802939224243164062e+01
-5.816356658935546875e+01
-5.826835250854492188e+01
-5.834522247314453125e+01
-5.839267349243164062e+01
-5.840846252441406250e+01
-5.839555358886718750e+01
-5.835247039794921875e+01
-5.827701568603515625e+01
-5.817144393920898438e+01
-5.803502655029296875e+01
-5.786779785156250000e+01
-5.766829299926757812e+01
-5.743727493286132812e+01
-5.717477035522460938e+01
-5.687931823730468750e+01
-5.655243301391601562e+01
-5.619412994384765625e+01
-5.580294799804687500e+01
-5.538040924072265625e+01
-5.492429733276367188e+01
-5.443613052368164062e+01
-5.391667175292968750e+01
-5.336371612548828125e+01
-5.277729034423828125e+01
-5.215890502929687500e+01
-5.150635528564453125e+01
-5.082115173339843750e+01
-5.010331726074218750e+01
-4.935288238525390625e+01
-4.856911849975585938e+01
-4.775207138061523438e+01
-4.690332794189453125e+01
-4.602151870727539062e+01
-4.510675430297851562e+01
-4.416064071655273438e+01
-4.318329238891601562e+01
-4.217333602905273438e+01
-4.113238143920898438e+01
-4.005979156494140625e+01
-3.895791625976562500e+01
-3.782389450073242188e+01
-3.665933609008789062e+01
-3.546583175659179688e+01
-3.424201965332031250e+01
-3.299023437500000000e+01
-3.170762825012207031e+01
-3.039653968811035156e+01
-2.905857467651367188e+01
-2.769161224365234375e+01
-2.629800033569335938e+01
-2.487710952758789062e+01
-2.343054199218750000e+01
-2.195766448974609375e+01
-2.045934104919433594e+01
-1.893642234802246094e+01
-1.738829040527343750e+01
-1.581657123565673828e+01
-1.422067546844482422e+01
-1.260372352600097656e+01
-1.096363735198974609e+01
-9.301828384399414062e+00
-7.618893623352050781e+00
-5.915501117706298828e+00
-4.192173004150390625e+00
-2.449949264526367188e+00
-6.890382766723632812e-01
1.089474558830261230e+00
2.885485649108886719e+00
4.697642326354980469e+00
6.525053977966308594e+00
8.368092536926269531e+00
1.022460460662841797e+01
1.209466457366943359e+01
1.397909069061279297e+01
1.587327861785888672e+01
1.777931022644042969e+01
1.969555282592773438e+01
2.162260246276855469e+01
2.355660057067871094e+01
2.550036811828613281e+01
2.745004653930664062e+01
2.940698051452636719e+01
3.136952972412109375e+01
3.333607101440429688e+01
3.530720138549804688e+01
3.728202819824218750e+01
3.925893020629882812e+01
4.123626708984375000e+01
4.321464920043945312e+01
4.519243621826171875e+01
4.716948699951171875e+01
4.914418029785156250e+01
5.111636734008789062e+01
5.308515930175781250e+01
5.504819107055664062e+01
5.700606155395507812e+01
5.895788574218750000e+01
6.090203475952148438e+01
6.283911895751953125e+01
6.476601409912109375e+01
6.668405914306640625e+01
6.859091186523437500e+01
7.048640441894531250e+01
7.236966705322265625e+01
7.423907470703125000e+01
7.609523010253906250e+01
7.793661499023437500e+01
7.976168823242187500e+01
8.157040405273437500e+01
8.336273193359375000e+01
8.513862609863281250e+01
8.688986968994140625e+01
8.862905883789062500e+01
9.034128570556640625e+01
9.204137420654296875e+01
9.370700073242187500e+01
9.536040496826171875e+01
9.699412536621093750e+01
9.860068511962890625e+01
1.001726226806640625e+02
1.017321853637695312e+02
1.032570419311523438e+02
1.047620162963867188e+02
1.062396469116210938e+02
1.076898803710937500e+02
1.091126785278320312e+02
1.105005874633789062e+02
1.118684310913085938e+02
1.131938629150390625e+02
1.144991455078125000e+02
1.157619476318359375e+02
1.170045318603515625e+02
1.182045516967773438e+02
1.193694152832031250e+02
1.205139465332031250e+02
1.216158142089843750e+02
1.226824035644531250e+02
1.237136917114257812e+02
1.247096252441406250e+02
1.256701812744140625e+02
1.265878829956054688e+02
1.274775772094726562e+02
1.283243255615234375e+02
1.291355590820312500e+02
1.299112396240234375e+02
1.306364440917968750e+02
1.313334350585937500e+02
1.319799041748046875e+02
1.325980834960937500e+02
1.331656799316406250e+02
1.336974639892578125e+02
1.341934356689453125e+02
1.346387023925781250e+02
1.350406494140625000e+02
1.353992309570312500e+02
1.357218780517578125e+02
1.360086517333984375e+02
1.362447662353515625e+02
1.364303436279296875e+02
1.365803222656250000e+02
1.366873626708984375e+02
1.367441253662109375e+02
1.367729949951171875e+02
1.367443389892578125e+02
1.366805267333984375e+02
1.365668182373046875e+02
1.364181365966796875e+02
1.362197418212890625e+02
1.359865417480468750e+02
1.357037963867187500e+02
1.353789978027343750e+02
1.350122833251953125e+02
1.346036987304687500e+02
1.341533660888671875e+02
1.336687774658203125e+02
1.331351776123046875e+02
1.325600585937500000e+02
1.319435577392578125e+02
1.312782745361328125e+02
1.305866394042968750e+02
1.298389892578125000e+02
1.290577087402343750e+02
1.282428894042968750e+02
1.273797302246093750e+02
1.264757843017578125e+02
1.255385665893554688e+02
1.245681381225585938e+02
1.235571670532226562e+02
1.225057373046875000e+02
1.214139251708984375e+02
1.202892608642578125e+02
1.191169509887695312e+02
1.179193801879882812e+02
1.166817779541015625e+02
1.154190750122070312e+02
1.141090621948242188e+02
1.127666854858398438e+02
1.113920211791992188e+02
1.099851760864257812e+02
1.085462036132812500e+02
1.070826110839843750e+02
1.055796356201171875e+02
1.040447845458984375e+02
1.024781265258789062e+02
1.008871765136718750e+02
9.926458740234375000e+01
9.761046600341796875e+01
9.593977355957031250e+01
9.423032379150390625e+01
9.249708557128906250e+01
9.074759674072265625e+01
8.896709442138671875e+01
8.717053985595703125e+01
8.534318542480468750e+01
8.349628448486328125e+01
8.162547302246093750e+01
7.973381042480468750e+01
7.782366180419921875e+01
7.589138793945312500e+01
7.394304656982421875e+01
7.197575378417968750e+01
6.999185180664062500e+01
6.799291992187500000e+01
6.597683715820312500e+01
6.394888305664062500e+01
6.190546798706054688e+01
5.985112762451171875e+01
5.778300476074218750e+01
5.570489120483398438e+01
5.361690902709960938e+01
5.151913452148437500e+01
4.941464614868164062e+01
4.730056381225585938e+01
4.518143844604492188e+01
4.305514526367187500e+01
4.092474746704101562e+01
3.879107666015625000e+01
3.665274810791015625e+01
3.451356506347656250e+01
3.237214279174804688e+01
3.023079299926757812e+01
2.808961296081542969e+01
2.595018005371093750e+01
2.381258964538574219e+01
2.167915725708007812e+01
1.954849052429199219e+01
1.742365264892578125e+01
1.530398845672607422e+01
1.319182014465332031e+01
1.108574867248535156e+01
8.989432334899902344e+00
6.901620388031005859e+00
4.823740959167480469e+00
2.756750583648681641e+00
7.016226649284362793e-01
-1.340967535972595215e+00
-3.370087862014770508e+00
-5.385139465332031250e+00
-7.384557723999023438e+00
-9.369157791137695312e+00
-1.133670520782470703e+01
-1.328868389129638672e+01
-1.522063255310058594e+01
-1.713477897644042969e+01
-1.903037452697753906e+01
-2.090519142150878906e+01
-2.275996589660644531e+01
-2.459321212768554688e+01
-2.640492820739746094e+01
-2.819288635253906250e+01
-2.995856285095214844e+01
-3.170121955871582031e+01
-3.341788101196289062e+01
-3.510928726196289062e+01
-3.677544021606445312e+01
-3.841484832763671875e+01
-4.002825164794921875e+01
-4.161342620849609375e+01
-4.317110824584960938e+01
-4.469907379150390625e+01
-4.619805526733398438e+01
-4.766880035400390625e+01
-4.910758972167968750e+01
-5.051591110229492188e+01
-5.189375686645507812e+01
-5.323964309692382812e+01
-5.455430984497070312e+01
-5.583478164672851562e+01
-5.708403396606445312e+01
-5.829982376098632812e+01
-5.948215866088867188e+01
-6.062954711914062500e+01
-6.174198532104492188e+01
-6.282095336914062500e+01
-6.386347961425781250e+01
-6.487179565429687500e+01
-6.584365081787109375e+01
-6.677980041503906250e+01
-6.767874145507812500e+01
-6.854122161865234375e+01
-6.936575317382812500e+01
-7.015454864501953125e+01
-7.090612030029296875e+01
-7.161897277832031250e+01
-7.229533386230468750e+01
-7.293298339843750000e+01
-7.353420257568359375e+01
-7.409683990478515625e+01
-7.462245178222656250e+01
-7.511110687255859375e+01
-7.555617523193359375e+01
-7.597187042236328125e+01
-7.633966827392578125e+01
-7.667524719238281250e+01
-7.697273254394531250e+01
-7.723292541503906250e+01
-7.744996643066406250e+01
-7.764248657226562500e+01
-7.778083038330078125e+01
-7.789479064941406250e+01
-7.796214294433593750e+01
-7.799781799316406250e+01
-7.799443817138671875e+01
-7.795950317382812500e+01
-7.788565063476562500e+01
-7.777294158935546875e+01
-7.762886047363281250e+01
-7.744605255126953125e+01
-7.723200225830078125e+01
-7.697934722900390625e+01
-7.669036102294921875e+01
-7.637477874755859375e+01
-7.601408386230468750e+01
-7.563285064697265625e+01
-7.521181488037109375e+01
-7.475475311279296875e+01
-7.426766967773437500e+01
-7.375283813476562500e+01
-7.320439147949218750e+01
-7.262384796142578125e+01
-7.201351165771484375e+01
-7.137342071533203125e+01
-7.070288848876953125e+01
-7.000344848632812500e+01
-6.927442169189453125e+01
-6.851882934570312500e+01
-6.773597717285156250e+01
-6.692442321777343750e+01
-6.608794403076171875e+01
-6.522509002685546875e+01
-6.433740234375000000e+01
-6.342417907714843750e+01
-6.248844146728515625e+01
-6.152726364135742188e+01
-6.054515075683593750e+01
-5.954065704345703125e+01
-5.851383209228515625e+01
-5.746694564819335938e+01
-5.639854431152343750e+01
-5.531238937377929688e+01
-5.420629501342773438e+01
-5.308252334594726562e+01
-5.194037246704101562e+01
-5.078285598754882812e+01
-4.960926055908203125e+01
-4.841962814331054688e+01
-4.721548080444335938e+01
-4.599834060668945312e+01
-4.476823425292968750e+01
-4.352520751953125000e+01
-4.227077484130859375e+01
-4.100570678710937500e+01
-3.973078918457031250e+01
-3.844530105590820312e+01
-3.715225219726562500e+01
-3.585167312622070312e+01
-3.454359054565429688e+01
-3.322952270507812500e+01
-3.191023826599121094e+01
-3.058502769470214844e+01
-2.925614738464355469e+01
-2.792436218261718750e+01
-2.659118843078613281e+01
-2.525516891479492188e+01
-2.392004394531250000e+01
-2.258286666870117188e+01
-2.124737739562988281e+01
-1.991360092163085938e+01
-1.858230400085449219e+01
-1.725425720214843750e+01
-1.592947959899902344e+01
-1.460948467254638672e+01
-1.329503440856933594e+01
-1.198689842224121094e+01
-1.068583965301513672e+01
-9.391881942749023438e+00
-8.107275009155273438e+00
-6.831594467163085938e+00
-5.565828800201416016e+00
-4.310592651367187500e+00
-3.066946983337402344e+00
-1.835210204124450684e+00
-6.164426803588867188e-01
5.886366963386535645e-01
1.779428243637084961e+00
2.955311775207519531e+00
4.115226745605468750e+00
5.258984088897705078e+00
6.385800361633300781e+00
7.494892597198486328e+00
8.586144447326660156e+00
9.657809257507324219e+00
1.071051216125488281e+01
1.174354648590087891e+01
1.275545978546142578e+01
1.374628543853759766e+01
1.471531581878662109e+01
1.566406822204589844e+01
1.658737564086914062e+01
1.748899078369140625e+01
1.836597061157226562e+01
1.921909523010253906e+01
2.004690551757812500e+01
2.085167312622070312e+01
2.162822151184082031e+01
2.237881660461425781e+01
2.310349273681640625e+01
2.380004882812500000e+01
2.447000503540039062e+01
2.511116409301757812e+01
2.572504425048828125e+01
2.631019020080566406e+01
2.686588859558105469e+01
2.739291572570800781e+01
2.788906860351562500e+01
2.835660934448242188e+01
2.879334068298339844e+01
2.919854354858398438e+01
2.957373619079589844e+01
2.991745948791503906e+01
3.022974205017089844e+01
3.051060867309570312e+01
3.075860404968261719e+01
3.097523498535156250e+01
3.115979194641113281e+01
3.131155014038085938e+01
3.142979431152343750e+01
3.151677894592285156e+01
3.156955146789550781e+01
3.159037017822265625e+01
3.157702064514160156e+01
3.153101730346679688e+01
3.145163536071777344e+01
3.133963584899902344e+01
3.119355583190917969e+01
3.101416206359863281e+01
3.080075645446777344e+01
3.055562019348144531e+01
3.027657127380371094e+01
2.996440124511718750e+01
2.961915779113769531e+01
2.924088668823242188e+01
2.882963752746582031e+01
2.838545227050781250e+01
2.790838050842285156e+01
2.739920234680175781e+01
2.685870742797851562e+01
2.628470802307128906e+01
2.567873382568359375e+01
2.504156494140625000e+01
2.437324333190917969e+01
2.367380714416503906e+01
2.294255065917968750e+01
2.218248558044433594e+01
2.139141464233398438e+01
2.057011985778808594e+01
1.971863365173339844e+01
1.883921813964843750e+01
1.793042373657226562e+01
1.699227714538574219e+01
1.602629661560058594e+01
1.503251266479492188e+01
1.401095390319824219e+01
1.296239089965820312e+01
1.188610935211181641e+01
1.078510570526123047e+01
9.657176971435546875e+00
8.504574775695800781e+00
7.327325344085693359e+00
6.125820636749267578e+00
4.900751590728759766e+00
3.651543617248535156e+00
2.380371809005737305e+00
1.086288332939147949e+00
-2.290932536125183105e-01
-1.565787076950073242e+00
-2.923003435134887695e+00
-4.300241947174072266e+00
-5.696820259094238281e+00
-7.112426757812500000e+00
-8.546381950378417969e+00
-9.998525619506835938e+00
-1.146691417694091797e+01
-1.295228195190429688e+01
-1.445313453674316406e+01
-1.596946334838867188e+01
-1.750053787231445312e+01
-1.904487609863281250e+01
-2.060174942016601562e+01
-2.217191314697265625e+01
-2.375389099121093750e+01
-2.534621238708496094e+01
-2.694963455200195312e+01
-2.856268692016601562e+01
-3.018463897705078125e+01
-3.181402397155761719e+01
-3.345234680175781250e+01
-3.509813308715820312e+01
-3.674917602539062500e+01
-3.840624237060546875e+01
-4.006785964965820312e+01
-4.173405075073242188e+01
-4.340409469604492188e+01
-4.507652664184570312e+01
-4.674988555908203125e+01
-4.842567825317382812e+01
-5.010243988037109375e+01
-5.177796936035156250e+01
-5.345303726196289062e+01
-5.512692260742187500e+01
-5.679741668701171875e+01
-5.846529769897460938e+01
-6.012984848022460938e+01
-6.178961181640625000e+01
-6.344461059570312500e+01
-6.509264373779296875e+01
-6.673522949218750000e+01
-6.837165069580078125e+01
-6.999970245361328125e+01
-7.161943817138671875e+01
-7.322193908691406250e+01
-7.481841278076171875e+01
-7.640663146972656250e+01
-7.797921752929687500e+01
-7.954362487792968750e+01
-8.109245300292968750e+01
-8.262573242187500000e+01
-8.415093231201171875e+01
-8.565321350097656250e+01
-8.714005279541015625e+01
-8.862633514404296875e+01
-9.008235931396484375e+01
-9.152304077148437500e+01
-9.294097137451171875e+01
-9.434361267089843750e+01
-9.573100280761718750e+01
-9.708834075927734375e+01
-9.844541931152343750e+01
-9.976513671875000000e+01
-1.010624237060546875e+02
-1.023447799682617188e+02
-1.036048355102539062e+02
-1.048277893066406250e+02
-1.060434341430664062e+02
-1.072295303344726562e+02
-1.083861465454101562e+02
-1.095282135009765625e+02
-1.106334991455078125e+02
-1.117169113159179688e+02
-1.127785415649414062e+02
-1.138109970092773438e+02
-1.148069152832031250e+02
-1.157886428833007812e+02
-1.167265396118164062e+02
-1.176503601074218750e+02
-1.185304641723632812e+02
-1.193817520141601562e+02
-1.202117309570312500e+02
-1.210130157470703125e+02
-1.217782516479492188e+02
-1.225074615478515625e+02
-1.232155990600585938e+02
-1.238878479003906250e+02
-1.245316925048828125e+02
-1.251397476196289062e+02
-1.257120742797851562e+02
-1.262487335205078125e+02
-1.267646331787109375e+02
-1.272301101684570312e+02
-1.276823501586914062e+02
-1.280842742919921875e+02
-1.284656219482421875e+02
-1.287967681884765625e+02
-1.290999908447265625e+02
-1.293754119873046875e+02
-1.296155853271484375e+02
-1.298131561279296875e+02
-1.299830169677734375e+02
-1.301103668212890625e+02
-1.302175292968750000e+02
-1.302673797607421875e+02
-1.302971343994140625e+02
-1.302919616699218750e+02
-1.302593536376953125e+02
-1.301844635009765625e+02
-1.300747528076171875e+02
-1.299228363037109375e+02
-1.297436218261718750e+02
-1.295222473144531250e+02
-1.292736053466796875e+02
-1.289903106689453125e+02
-1.286649475097656250e+02
-1.283049774169921875e+02
-1.279178390502929688e+02
-1.274961471557617188e+02
-1.270399322509765625e+02
-1.265491714477539062e+02
-1.260239181518554688e+02
-1.254716186523437500e+02
-1.248774185180664062e+02
-1.242562026977539062e+02
-1.236005554199218750e+02
-1.229030609130859375e+02
-1.221860122680664062e+02
-1.214345626831054688e+02
-1.206487503051757812e+02
-1.198211135864257812e+02
-1.189739761352539062e+02
-1.180999221801757812e+02
-1.171914978027343750e+02
-1.162561569213867188e+02
-1.152864685058593750e+02
-1.142824478149414062e+02
-1.132589340209960938e+02
-1.122010803222656250e+02
-1.111237487792968750e+02
-1.100269241333007812e+02
-1.088883285522460938e+02
-1.077227935791015625e+02
-1.065377655029296875e+02
-1.053035049438476562e+02
-1.040571594238281250e+02
-1.027912902832031250e+02
-1.015058822631835938e+02
-1.001860733032226562e+02
-9.883926391601562500e+01
-9.748031616210937500e+01
-9.608691406250000000e+01
-9.468132781982421875e+01
-9.324869537353515625e+01
-9.180384063720703125e+01
-9.033190155029296875e+01
-8.884770965576171875e+01
-8.734380340576171875e+01
-8.582017517089843750e+01
-8.428421783447265625e+01
-8.271360778808593750e+01
-8.114546966552734375e+01
-7.955003356933593750e+01
-7.794212341308593750e+01
-7.632171630859375000e+01
-7.468873596191406250e+01
-7.303574371337890625e+01
-7.137754058837890625e+01
-6.969923400878906250e+01
-6.800894165039062500e+01
-6.631107330322265625e+01
-6.460485839843750000e+01
-6.288800811767578125e+01
-6.116269683837890625e+01
-5.942888641357421875e+01
-5.768726348876953125e+01
-5.593852615356445312e+01
-5.418336486816406250e+01
-5.242173004150390625e+01
-5.065653991699218750e+01
-4.888624572753906250e+01
-4.711154556274414062e+01
-4.533312988281250000e+01
-4.355316543579101562e+01
-4.177085876464843750e+01
-3.998838043212890625e+01
-3.820492935180664062e+01
-3.642193603515625000e+01
-3.464157104492187500e+01
-3.286228942871093750e+01
-3.108551788330078125e+01
-2.931194114685058594e+01
-2.754150199890136719e+01
-2.577562332153320312e+01
-2.401424407958984375e+01
-2.225879287719726562e+01
-2.050920867919921875e+01
-1.876543045043945312e+01
-1.702962303161621094e+01
-1.530321502685546875e+01
-1.358317089080810547e+01
-1.187537384033203125e+01
-1.017604827880859375e+01
-8.488103866577148438e+00
-6.811998844146728516e+00
-5.147375583648681641e+00
-3.496103286743164062e+00
-1.857504487037658691e+00
-2.326249629259109497e-01
1.377998352050781250e+00
2.974051475524902344e+00
4.554873943328857422e+00
6.119137763977050781e+00
7.667891025543212891e+00
9.199358940124511719e+00
1.071287918090820312e+01
1.220853519439697266e+01
1.368715190887451172e+01
1.514583683013916016e+01
1.658466911315917969e+01
1.800447463989257812e+01
1.940310478210449219e+01
2.078137779235839844e+01
2.213714599609375000e+01
2.347123146057128906e+01
2.478296852111816406e+01
2.607243156433105469e+01
2.733895683288574219e+01
2.858187484741210938e+01
2.980051994323730469e+01
3.099571037292480469e+01
3.216603088378906250e+01
3.331081390380859375e+01
3.443161392211914062e+01
3.552702713012695312e+01
3.659562301635742188e+01
3.763822937011718750e+01
3.865490722656250000e+01
3.964498519897460938e+01
4.060703659057617188e+01
4.154188537597656250e+01
4.244810104370117188e+01
4.332798385620117188e+01
4.417861938476562500e+01
4.500082015991210938e+01
4.579464340209960938e+01
4.655941009521484375e+01
4.729518127441406250e+01
4.800052642822265625e+01
4.867773437500000000e+01
4.932611846923828125e+01
4.994425582885742188e+01
5.053218841552734375e+01
5.109221267700195312e+01
5.162139892578125000e+01
5.212128829956054688e+01
5.259119033813476562e+01
5.303041076660156250e+01
5.344048309326171875e+01
5.381996536254882812e+01
5.416963195800781250e+01
5.448877716064453125e+01
5.477742385864257812e+01
5.503560256958007812e+01
5.526333618164062500e+01
5.546065521240234375e+01
5.562832260131835938e+01
5.576488113403320312e+01
5.587257003784179688e+01
5.594918823242187500e+01
5.599623870849609375e+01
5.601299667358398438e+01
5.600097274780273438e+01
5.595941925048828125e+01
5.588762283325195312e+01
5.578781509399414062e+01
5.565777587890625000e+01
5.549901199340820312e+01
5.531078720092773438e+01
5.509383773803710938e+01
5.484892272949218750e+01
5.457604217529296875e+01
5.427445983886718750e+01
5.394491195678710938e+01
5.358889007568359375e+01
5.320490646362304688e+01
5.279369354248046875e+01
5.235674667358398438e+01
5.189256286621093750e+01
5.140262603759765625e+01
5.088692092895507812e+01
5.034619140625000000e+01
4.978116226196289062e+01
4.918959045410156250e+01
4.857444000244140625e+01
4.793494796752929688e+01
4.727184677124023438e+01
4.658511352539062500e+01
4.587547302246093750e+01
4.514290618896484375e+01
4.438813781738281250e+01
4.361187744140625000e+01
4.281337356567382812e+01
4.199407577514648438e+01
4.115396499633789062e+01
4.029449462890625000e+01
3.941489791870117188e+01
3.851662826538085938e+01
3.759891128540039062e+01
3.666319656372070312e+01
3.571017456054687500e+01
3.473903274536132812e+01
3.375119018554687500e+01
3.274658966064453125e+01
3.172516059875488281e+01
3.068906402587890625e+01
2.963674163818359375e+01
2.856961631774902344e+01
2.748984146118164062e+01
2.639511680603027344e+01
2.528760147094726562e+01
2.416722297668457031e+01
2.303539085388183594e+01
2.189129066467285156e+01
2.073633003234863281e+01
1.957043075561523438e+01
1.839426422119140625e+01
1.720923614501953125e+01
1.601378250122070312e+01
1.481005287170410156e+01
1.359871006011962891e+01
1.237893104553222656e+01
1.115137863159179688e+01
9.918199539184570312e+00
8.678568840026855469e+00
7.433889865875244141e+00
6.183931350708007812e+00
4.929946422576904297e+00
3.671702623367309570e+00
2.409857988357543945e+00
1.145368218421936035e+00
-1.217521131038665771e-01
-1.390849471092224121e+00
-2.661560535430908203e+00
-3.932957887649536133e+00
-5.205202102661132812e+00
-6.477192401885986328e+00
-7.747677803039550781e+00
-9.018157958984375000e+00
-1.028671455383300781e+01
-1.155343532562255859e+01
-1.281766796112060547e+01
-1.407801055908203125e+01
-1.533529758453369141e+01
-1.658813095092773438e+01
-1.783734321594238281e+01
-1.908004570007324219e+01
-2.031782150268554688e+01
-2.155001068115234375e+01
-2.277447128295898438e+01
-2.399203681945800781e+01
-2.520279121398925781e+01
-2.640533256530761719e+01
-2.759826278686523438e+01
-2.878315353393554688e+01
-2.995860099792480469e+01
-3.112394905090332031e+01
-3.227928161621093750e+01
-3.342393875122070312e+01
-3.455726623535156250e+01
-3.568082427978515625e+01
-3.679098892211914062e+01
-3.789007186889648438e+01
-3.897592163085937500e+01
-4.004936599731445312e+01
-4.110973739624023438e+01
-4.215637969970703125e+01
-4.318937301635742188e+01
-4.420804977416992188e+01
-4.521249008178710938e+01
-4.620203018188476562e+01
-4.717377090454101562e+01
-4.813151168823242188e+01
-4.907011413574218750e+01
-4.999412918090820312e+01
-5.090138626098632812e+01
-5.179048156738281250e+01
-5.266371154785156250e+01
-5.351892089843750000e+01
-5.435469436645507812e+01
-5.517630004882812500e+01
-5.597860717773437500e+01
-5.676168823242187500e+01
-5.752708816528320312e+01
-5.827413558959960938e+01
-5.900214004516601562e+01
-5.971117782592773438e+01
-6.039759445190429688e+01
-6.106665039062500000e+01
-6.171319961547851562e+01
-6.234176635742187500e+01
-6.294794845581054688e+01
-6.353551864624023438e+01
-6.410453033447265625e+01
-6.464759826660156250e+01
-6.517964935302734375e+01
-6.568587493896484375e+01
-6.616631317138671875e+01
-6.662844848632812500e+01
-6.707233428955078125e+01
-6.749056243896484375e+01
-6.789058685302734375e+01
-6.827243041992187500e+01
-6.862868499755859375e+01
-6.896680450439453125e+01
-6.927937316894531250e+01
-6.957384490966796875e+01
-6.984279632568359375e+01
-7.009368133544921875e+01
-7.031908416748046875e+01
-7.052644348144531250e+01
-7.070833587646484375e+01
-7.087963867187500000e+01
-7.102549743652343750e+01
-7.114592742919921875e+01
-7.124091339111328125e+01
-7.131790924072265625e+01
-7.138433837890625000e+01
-7.142534637451171875e+01
-7.144092559814453125e+01
-7.143109130859375000e+01
-7.140325164794921875e+01
-7.135741424560546875e+01
-7.129356384277343750e+01
-7.120427703857421875e+01
-7.110439300537109375e+01
-7.096418762207031250e+01
-7.082080841064453125e+01
-7.065936279296875000e+01
-7.047241973876953125e+01
-7.026739501953125000e+01
-7.004427337646484375e+01
-6.980303192138671875e+01
-6.953621673583984375e+01
-6.926611328125000000e+01
-6.895554351806640625e+01
-6.864162445068359375e+01
-6.830204772949218750e+01
-6.795908355712890625e+01
-6.758296966552734375e+01
-6.719598388671875000e+01
-6.679066467285156250e+01
-6.637440490722656250e+01
-6.594718170166015625e+01
-6.549408721923828125e+01
-6.502252197265625000e+01
-6.453988647460937500e+01
-6.404614257812500000e+01
-6.353382110595703125e+01
-6.300807952880859375e+01
-6.246662902832031250e+01
-6.191238021850585938e+01
-6.134378814697265625e+01
-6.076300811767578125e+01
-6.016849899291992188e+01
-5.956167602539062500e+01
-5.894321060180664062e+01
-5.831229782104492188e+01
-5.767034912109375000e+01
-5.701655578613281250e+01
-5.635306549072265625e+01
-5.567758941650390625e+01
-5.499301910400390625e+01
-5.429927444458007812e+01
-5.359555053710937500e+01
-5.288324737548828125e+01
-5.216080474853515625e+01
-5.143112182617187500e+01
-5.069336700439453125e+01
-4.994672775268554688e+01
-4.919408798217773438e+01
-4.843463134765625000e+01
-4.766827392578125000e+01
-4.689493560791015625e+01
-4.611676025390625000e+01
-4.533292007446289062e+01
-4.454482269287109375e+01
-4.375089645385742188e+01
-4.295328521728515625e+01
-4.215264892578125000e+01
-4.134741592407226562e+01
-4.053972625732421875e+01
-3.972875213623046875e+01
-3.891515350341796875e+01
-3.810107040405273438e+01
-3.728343963623046875e+01
-3.646589660644531250e+01
-3.564612197875976562e+01
-3.482699966430664062e+01
-3.400695419311523438e+01
-3.318738937377929688e+01
-3.236895370483398438e+01
-3.155156135559082031e+01
-3.073513031005859375e+01
-2.992030525207519531e+01
-2.910774993896484375e+01
-2.829737281799316406e+01
-2.749057006835937500e+01
-2.668651390075683594e+01
-2.588585853576660156e+01
-2.508926010131835938e+01
-2.429737281799316406e+01
-2.350861740112304688e+01
-2.272514343261718750e+01
-2.194759941101074219e+01
-2.117441368103027344e+01
-2.040773010253906250e+01
-1.964671707153320312e+01
-1.889352035522460938e+01
-1.814581871032714844e+01
-1.740576171875000000e+01
-1.667326164245605469e+01
-1.594823360443115234e+01
-1.523059558868408203e+01
-1.452174949645996094e+01
-1.382161045074462891e+01
-1.312935638427734375e+01
-1.244787406921386719e+01
-1.177411365509033203e+01
-1.111096477508544922e+01
-1.045760536193847656e+01
-9.813956260681152344e+00
-9.181053161621093750e+00
-8.558746337890625000e+00
-7.947699546813964844e+00
-7.347392082214355469e+00
-6.758417606353759766e+00
-6.180924415588378906e+00
-5.615136623382568359e+00
-5.061279296875000000e+00
-4.519577026367187500e+00
-3.990107536315917969e+00
-3.473196029663085938e+00
-2.968854427337646484e+00
-2.477453708648681641e+00
-1.999053359031677246e+00
-1.533959269523620605e+00
-1.082031965255737305e+00
-6.436538100242614746e-01
-2.186878025531768799e-01
1.924817115068435669e-01
5.899151563644409180e-01
9.735975265502929688e-01
1.343289852142333984e+00
1.698602914810180664e+00
2.039890050888061523e+00
2.365794181823730469e+00
2.678597688674926758e+00
2.976792335510253906e+00
3.259681940078735352e+00
3.528782367706298828e+00
3.782632112503051758e+00
4.021996498107910156e+00
4.246154785156250000e+00
4.455870628356933594e+00
4.649676799774169922e+00
4.829820156097412109e+00
4.994832038879394531e+00
5.143983840942382812e+00
5.278032302856445312e+00
5.397734165191650391e+00
5.503099441528320312e+00
5.592653274536132812e+00
5.667146205902099609e+00
5.726586341857910156e+00
5.771721839904785156e+00
5.801071643829345703e+00
5.816867828369140625e+00
5.816883087158203125e+00
5.802604198455810547e+00
5.772543430328369141e+00
5.729671955108642578e+00
5.670269489288330078e+00
5.596561431884765625e+00
5.509284496307373047e+00
5.406944274902343750e+00
5.291018486022949219e+00
5.160010337829589844e+00
5.016137123107910156e+00
4.857901096343994141e+00
4.686773300170898438e+00
4.500508308410644531e+00
4.302062988281250000e+00
4.089931964874267578e+00
3.864839315414428711e+00
3.626021862030029297e+00
3.374199867248535156e+00
3.109350204467773438e+00
2.832935571670532227e+00
2.543443202972412109e+00
2.243076086044311523e+00
1.928610682487487793e+00
1.603807687759399414e+00
1.267001867294311523e+00
9.198707938194274902e-01
5.608212947845458984e-01
1.904883384704589844e-01
-1.902713030576705933e-01
-5.816422104835510254e-01
-9.835168719291687012e-01
-1.395730137825012207e+00
-1.817676186561584473e+00
-2.249344348907470703e+00
-2.690651178359985352e+00
-3.141045808792114258e+00
-3.600550174713134766e+00
-4.068816184997558594e+00
-4.545645713806152344e+00
-5.030728340148925781e+00
-5.523926734924316406e+00
-6.024793148040771484e+00
-6.533399581909179688e+00
-7.049521923065185547e+00
-7.572713375091552734e+00
-8.102603912353515625e+00
-8.639267921447753906e+00
-9.182412147521972656e+00
-9.731294631958007812e+00
-1.028688526153564453e+01
-1.084762859344482422e+01
-1.141360187530517578e+01
-1.198488712310791016e+01
-1.256082057952880859e+01
-1.314074039459228516e+01
-1.372547149658203125e+01
-1.431360912322998047e+01
-1.490598201751708984e+01
-1.550118255615234375e+01
-1.610078430175781250e+01
-1.670189666748046875e+01
-1.730609321594238281e+01
-1.791271400451660156e+01
-1.852184295654296875e+01
-1.913208198547363281e+01
-1.974426078796386719e+01
-2.035697746276855469e+01
-2.097180557250976562e+01
-2.158586120605468750e+01
-2.220145797729492188e+01
-2.281719589233398438e+01
-2.343316841125488281e+01
-2.404945945739746094e+01
-2.466243934631347656e+01
-2.527665710449218750e+01
-2.588774108886718750e+01
-2.649875068664550781e+01
-2.710754585266113281e+01
-2.771495819091796875e+01
-2.831958770751953125e+01
-2.892152214050292969e+01
-2.952010345458984375e+01
-3.011690521240234375e+01
-3.070978355407714844e+01
-3.130030822753906250e+01
-3.188559722900390625e+01
-3.246647644042968750e+01
-3.304525375366210938e+01
-3.361756515502929688e+01
-3.418645858764648438e+01
-3.474979019165039062e+01
-3.530764770507812500e+01
-3.586085510253906250e+01
-3.640726470947265625e+01
-3.694844436645507812e+01
-3.748299026489257812e+01
-3.801172637939453125e+01
-3.853324508666992188e+01
-3.904911804199218750e+01
-3.955718994140625000e+01
-4.005902481079101562e+01
-4.055247879028320312e+01
-4.103836441040039062e+01
-4.151750564575195312e+01
-4.198775100708007812e+01
-4.245065689086914062e+01
-4.290555953979492188e+01
-4.335029983520507812e+01
-4.378792572021484375e+01
-4.421628570556640625e+01
-4.463543701171875000e+01
-4.504620742797851562e+01
-4.544643020629882812e+01
-4.583840942382812500e+01
-4.622071838378906250e+01
-4.659194183349609375e+01
-4.695438003540039062e+01
-4.730660629272460938e+01
-4.764943313598632812e+01
-4.798291778564453125e+01
-4.830489730834960938e+01
-4.861692428588867188e+01
-4.891830444335937500e+01
-4.920910644531250000e+01
-4.948863983154296875e+01
-4.975919723510742188e+01
-5.001785659790039062e+01
-5.026541900634765625e+01
-5.050193786621093750e+01
-5.072746658325195312e+01
-5.094205474853515625e+01
-5.114498901367187500e+01
-5.133703231811523438e+01
-5.151821517944335938e+01
-5.168781661987304688e+01
-5.184733963012695312e+01
-5.199383544921875000e+01
-5.212732315063476562e+01
-5.225153732299804688e+01
-5.236277389526367188e+01
-5.246328353881835938e+01
-5.255085372924804688e+01
-5.262920379638671875e+01
-5.269389724731445312e+01
-5.274642181396484375e+01
-5.278902435302734375e+01
-5.281948089599609375e+01
-5.283779907226562500e+01
-5.284398269653320312e+01
-5.283952331542968750e+01
-5.282293701171875000e+01
-5.279497909545898438e+01
-5.275563430786132812e+01
-5.270417022705078125e+01
-5.264207077026367188e+01
-5.256784820556640625e+01
-5.248297500610351562e+01
-5.238671493530273438e+01
-5.227905273437500000e+01
-5.216072845458984375e+01
-5.203024673461914062e+01
-5.188833999633789062e+01
-5.173648452758789062e+01
-5.157317352294921875e+01
-5.139915084838867188e+01
-5.121438980102539062e+01
-5.101887893676757812e+01
-5.081334304809570312e+01
-5.059627532958984375e+01
-5.037063217163085938e+01
-5.013416290283203125e+01
-4.988758850097656250e+01
-4.963088226318359375e+01
-4.936550903320312500e+01
-4.908921813964843750e+01
-4.880494689941406250e+01
-4.851044464111328125e+01
-4.820642471313476562e+01
-4.789360046386718750e+01
-4.757193756103515625e+01
-4.724140548706054688e+01
-4.690269088745117188e+01
-4.655500411987304688e+01
-4.619902038574218750e+01
-4.583469390869140625e+01
-4.546344375610351562e+01
-4.508372879028320312e+01
-4.469623184204101562e+01
-4.430089187622070312e+01
-4.389912796020507812e+01
-4.348939514160156250e+01
-4.307237625122070312e+01
-4.264874267578125000e+01
-4.221769332885742188e+01
-4.178063964843750000e+01
-4.133752059936523438e+01
-4.088901138305664062e+01
-4.043280792236328125e+01
-3.997182083129882812e+01
-3.950523376464843750e+01
-3.903297805786132812e+01
-3.855572128295898438e+01
-3.807339477539062500e+01
-3.758592605590820312e+01
-3.709398269653320312e+01
-3.659749221801757812e+01
-3.609638214111328125e+01
-3.559206008911132812e+01
-3.508222579956054688e+01
-3.457051467895507812e+01
-3.405387878417968750e+01
-3.353447341918945312e+01
-3.301147460937500000e+01
-3.248555374145507812e+01
-3.195737075805664062e+01
-3.142758941650390625e+01
-3.089390754699707031e+01
-3.035995674133300781e+01
-2.982194519042968750e+01
-2.928350830078125000e+01
-2.874456405639648438e+01
-2.820355224609375000e+01
-2.766038894653320312e+01
-2.711721992492675781e+01
-2.657397079467773438e+01
-2.602907180786132812e+01
-2.548244476318359375e+01
-2.493846511840820312e+01
-2.439333724975585938e+01
-2.384846878051757812e+01
-2.330526351928710938e+01
-2.276364326477050781e+01
-2.222129631042480469e+01
-2.167963600158691406e+01
-2.114006233215332031e+01
-2.060324287414550781e+01
-2.006687355041503906e+01
-1.953235244750976562e+01
-1.899886703491210938e+01
-1.846856307983398438e+01
-1.794136428833007812e+01
-1.741645050048828125e+01
-1.689374160766601562e+01
-1.637390518188476562e+01
-1.585761070251464844e+01
-1.534403419494628906e+01
-1.483458709716796875e+01
-1.432845211029052734e+01
-1.382629299163818359e+01
-1.332729625701904297e+01
-1.283361530303955078e+01
-1.234368896484375000e+01
-1.185893154144287109e+01
-1.137778282165527344e+01
-1.090165805816650391e+01
-1.043122577667236328e+01
-9.964932441711425781e+00
-9.504191398620605469e+00
-9.049155235290527344e+00
-8.599309921264648438e+00
-8.155032157897949219e+00
-7.716475963592529297e+00
-7.283873558044433594e+00
-6.857230663299560547e+00
-6.436779975891113281e+00
-6.022380828857421875e+00
-5.614416122436523438e+00
-5.212821960449218750e+00
-4.817906379699707031e+00
-4.429578781127929688e+00
-4.048111915588378906e+00
-3.673460721969604492e+00
-3.305818557739257812e+00
-2.945245742797851562e+00
-2.591810941696166992e+00
-2.245532035827636719e+00
-1.906576275825500488e+00
-1.575037360191345215e+00
-1.250861525535583496e+00
-9.342189431190490723e-01
-6.249865889549255371e-01
-3.236501216888427734e-01
-3.003058023750782013e-02
2.559755742549896240e-01
5.340251326560974121e-01
8.042194843292236328e-01
1.066510677337646484e+00
1.320552229881286621e+00
1.566517114639282227e+00
1.804130911827087402e+00
2.034158706665039062e+00
2.254392147064208984e+00
2.467823743820190430e+00
2.672242641448974609e+00
2.869153022766113281e+00
3.056342124938964844e+00
3.236054897308349609e+00
3.408305168151855469e+00
3.570134878158569336e+00
3.724527597427368164e+00
3.870752334594726562e+00
4.008075714111328125e+00
4.137248992919921875e+00
4.257538318634033203e+00
4.369692325592041016e+00
4.473717689514160156e+00
4.568131923675537109e+00
4.655168056488037109e+00
4.734086036682128906e+00
4.804142951965332031e+00
4.865340232849121094e+00
4.919162273406982422e+00
4.965607166290283203e+00
5.001700401306152344e+00
5.031152725219726562e+00
5.051729679107666016e+00
5.064168453216552734e+00
5.069204330444335938e+00
5.066087245941162109e+00
5.055549621582031250e+00
5.036095619201660156e+00
5.009943008422851562e+00
4.974851131439208984e+00
4.933034420013427734e+00
4.883736610412597656e+00
4.826198577880859375e+00
4.761890888214111328e+00
4.690052509307861328e+00
4.611408710479736328e+00
4.525197505950927734e+00
4.431396007537841797e+00
4.331450939178466797e+00
4.225321292877197266e+00
4.111477375030517578e+00
3.991362094879150391e+00
3.864187240600585938e+00
3.730649471282958984e+00
3.591446638107299805e+00
3.445044755935668945e+00
3.292138338088989258e+00
3.133421897888183594e+00
2.968102693557739258e+00
2.797616004943847656e+00
2.621167898178100586e+00
2.438706159591674805e+00
2.251664161682128906e+00
2.057759046554565430e+00
1.859017252922058105e+00
1.654938340187072754e+00
1.445837974548339844e+00
1.232254505157470703e+00
1.012942314147949219e+00
7.890325188636779785e-01
5.603929758071899414e-01
3.272622227668762207e-01
8.965518325567245483e-02
-1.522649526596069336e-01
-3.982613086700439453e-01
-6.483204364776611328e-01
-9.022808670997619629e-01
-1.159981369972229004e+00
-1.421335816383361816e+00
-1.686183810234069824e+00
-1.954514503479003906e+00
-2.226019859313964844e+00
-2.500578165054321289e+00
-2.778305768966674805e+00
-3.058888196945190430e+00
-3.342153072357177734e+00
-3.627994537353515625e+00
-3.916262865066528320e+00
-4.206748962402343750e+00
-4.499593257904052734e+00
-4.794415950775146484e+00
-5.090913295745849609e+00
-5.389225006103515625e+00
-5.689121246337890625e+00
-5.990297794342041016e+00
-6.292896270751953125e+00
-6.596685886383056641e+00
-6.901437282562255859e+00
-7.206996917724609375e+00
-7.513580799102783203e+00
-7.821108341217041016e+00
-8.128386497497558594e+00
-8.436819076538085938e+00
-8.745733261108398438e+00
-9.053710937500000000e+00
-9.362305641174316406e+00
-9.670842170715332031e+00
-9.978647232055664062e+00
-1.028652954101562500e+01
-1.059381580352783203e+01
-1.090057277679443359e+01
-1.120612335205078125e+01
-1.151053714752197266e+01
-1.181387901306152344e+01
-1.211621570587158203e+01
-1.241761398315429688e+01
-1.271739673614501953e+01
-1.301562881469726562e+01
-1.331237697601318359e+01
-1.360770511627197266e+01
-1.390019130706787109e+01
-1.419138717651367188e+01
-1.448061084747314453e+01
-1.476718521118164062e+01
-1.505191612243652344e+01
-1.533337783813476562e+01
-1.561312007904052734e+01
-1.588971710205078125e+01
-1.616397285461425781e+01
-1.643520736694335938e+01
-1.670347595214843750e+01
-1.696883964538574219e+01
-1.723061752319335938e+01
-1.749035072326660156e+01
-1.774586486816406250e+01
-1.799796676635742188e+01
-1.824744987487792969e+01
-1.849288749694824219e+01
-1.873358917236328125e+01
-1.897183990478515625e+01
-1.920769309997558594e+01
-1.943823051452636719e+01
-1.966498756408691406e+01
-1.988653373718261719e+01
-2.010588836669921875e+01
-2.032087707519531250e+01
-2.053080177307128906e+01
-2.073794174194335938e+01
-2.093935394287109375e+01
-2.113581848144531250e+01
-2.133033370971679688e+01
-2.151772880554199219e+01
-2.170174789428710938e+01
-2.188093376159667969e+01
-2.205605316162109375e+01
-2.222565078735351562e+01
-2.239048957824707031e+01
-2.255134201049804688e+01
-2.270748710632324219e+01
-2.285746002197265625e+01
-2.300277137756347656e+01
-2.314344024658203125e+01
-2.328023147583007812e+01
-2.341019058227539062e+01
-2.353631019592285156e+01
-2.365637969970703125e+01
-2.377115631103515625e+01
-2.388214302062988281e+01
-2.398712539672851562e+01
-2.408686256408691406e+01
-2.418136405944824219e+01
-2.427064514160156250e+01
-2.435471534729003906e+01
-2.443358802795410156e+01
-2.450727081298828125e+01
-2.457577133178710938e+01
-2.463835525512695312e+01
-2.469577217102050781e+01
-2.474951553344726562e+01
-2.479661750793457031e+01
-2.483930969238281250e+01
-2.487685585021972656e+01
-2.490776824951171875e+01
-2.493428039550781250e+01
-2.495638847351074219e+01
-2.497186851501464844e+01
-2.498294639587402344e+01
-2.498961639404296875e+01
-2.499039459228515625e+01
-2.498601722717285156e+01
-2.497796440124511719e+01
-2.496326065063476562e+01
-2.494487190246582031e+01
-2.492130279541015625e+01
-2.489328956604003906e+01
-2.485933494567871094e+01
-2.482165908813476562e+01
-2.477876281738281250e+01
-2.473136520385742188e+01
-2.468017959594726562e+01
-2.462368965148925781e+01
-2.456261062622070312e+01
-2.449691009521484375e+01
-2.442804336547851562e+01
-2.435375022888183594e+01
-2.427548217773437500e+01
-2.419246292114257812e+01
-2.410465812683105469e+01
-2.401351737976074219e+01
-2.391826438903808594e+01
-2.381811714172363281e+01
-2.371526908874511719e+01
-2.360745048522949219e+01
-2.349611473083496094e+01
-2.338121604919433594e+01
-2.326197433471679688e+01
-2.313983917236328125e+01
-2.301327705383300781e+01
-2.288373565673828125e+01
-2.275042915344238281e+01
-2.261405944824218750e+01
-2.247383880615234375e+01
-2.233121109008789062e+01
-2.218464279174804688e+01
-2.203558158874511719e+01
-2.188323211669921875e+01
-2.172680854797363281e+01
-2.156923866271972656e+01
-2.140750122070312500e+01
-2.124378013610839844e+01
-2.107728195190429688e+01
-2.090722084045410156e+01
-2.073651885986328125e+01
-2.056215476989746094e+01
-2.038556289672851562e+01
-2.020744323730468750e+01
-2.002700042724609375e+01
-1.984343719482421875e+01
-1.965968322753906250e+01
-1.947271156311035156e+01
-1.928470230102539062e+01
-1.909486007690429688e+01
-1.890313529968261719e+01
-1.871021842956542969e+01
-1.851605796813964844e+01
-1.831911849975585938e+01
-1.812231445312500000e+01
-1.792485809326171875e+01
-1.772446250915527344e+01
-1.752478790283203125e+01
-1.732355117797851562e+01
-1.712143898010253906e+01
-1.691840171813964844e+01
-1.671512413024902344e+01
-1.651154899597167969e+01
-1.630762672424316406e+01
-1.610255432128906250e+01
-1.589776802062988281e+01
-1.569246578216552734e+01
-1.548659420013427734e+01
-1.528158569335937500e+01
-1.507589817047119141e+01
-1.487096500396728516e+01
-1.466524410247802734e+01
-1.446016788482666016e+01
-1.425642395019531250e+01
-1.405173110961914062e+01
-1.384826374053955078e+01
-1.364596843719482422e+01
-1.344256210327148438e+01
-1.324170780181884766e+01
-1.304112243652343750e+01
-1.284075450897216797e+01
-1.264278030395507812e+01
-1.244491767883300781e+01
-1.224860191345214844e+01
-1.205303859710693359e+01
-1.185891914367675781e+01
-1.166619491577148438e+01
-1.147481250762939453e+01
-1.128398036956787109e+01
-1.109587860107421875e+01
-1.090897083282470703e+01
-1.072321033477783203e+01
-1.054077529907226562e+01
-1.035864830017089844e+01
-1.017900943756103516e+01
-1.000181293487548828e+01
-9.825525283813476562e+00
-9.651587486267089844e+00
-9.479955673217773438e+00
-9.310583114624023438e+00
-9.142682075500488281e+00
-8.977697372436523438e+00
-8.814098358154296875e+00
-8.653327941894531250e+00
-8.495346069335937500e+00
-8.339071273803710938e+00
-8.185662269592285156e+00
-8.035238265991210938e+00
-7.886358737945556641e+00
-7.740556240081787109e+00
-7.597359180450439453e+00
-7.456963539123535156e+00
-7.319119930267333984e+00
-7.184175491333007812e+00
-7.052104949951171875e+00
-6.922810554504394531e+00
-6.796566009521484375e+00
-6.673201084136962891e+00
-6.552841663360595703e+00
-6.435466289520263672e+00
-6.321278572082519531e+00
-6.209959983825683594e+00
-6.101788520812988281e+00
-5.996821403503417969e+00
-5.894964694976806641e+00
-5.796276569366455078e+00
-5.700815200805664062e+00
-5.608563423156738281e+00
-5.519432544708251953e+00
-5.433705806732177734e+00
-5.351145744323730469e+00
-5.271814346313476562e+00
-5.195847034454345703e+00
-5.123084068298339844e+00
-5.053588390350341797e+00
-4.987424373626708984e+00
-4.924582481384277344e+00
-4.864904880523681641e+00
-4.808755874633789062e+00
-4.755606174468994141e+00
-4.705970764160156250e+00
-4.659545421600341797e+00
-4.616474151611328125e+00
-4.576602935791015625e+00
-4.540076732635498047e+00
-4.506743907928466797e+00
-4.476675987243652344e+00
-4.449871540069580078e+00
-4.426180362701416016e+00
-4.405750751495361328e+00
-4.388360023498535156e+00
-4.374306678771972656e+00
-4.363220214843750000e+00
-4.355252265930175781e+00
-4.350331783294677734e+00
-4.348464012145996094e+00
-4.349664688110351562e+00
-4.353803634643554688e+00
-4.361048698425292969e+00
-4.371196269989013672e+00
-4.384192466735839844e+00
-4.400207042694091797e+00
-4.419113159179687500e+00
-4.441007137298583984e+00
-4.465615272521972656e+00
-4.493183612823486328e+00
-4.523439407348632812e+00
-4.556406974792480469e+00
-4.592187404632568359e+00
-4.630656719207763672e+00
-4.671842098236083984e+00
-4.715473651885986328e+00
-4.761876583099365234e+00
-4.810707569122314453e+00
-4.862218379974365234e+00
-4.916067123413085938e+00
-4.972506523132324219e+00
-5.031270027160644531e+00
-5.092462539672851562e+00
-5.155967712402343750e+00
-5.221668243408203125e+00
-5.289670944213867188e+00
-5.359860420227050781e+00
-5.432046413421630859e+00
-5.506486892700195312e+00
-5.582843303680419922e+00
-5.661149978637695312e+00
-5.741443157196044922e+00
-5.823608398437500000e+00
-5.907682418823242188e+00
-5.993402481079101562e+00
-6.081028938293457031e+00
-6.170226573944091797e+00
-6.261106967926025391e+00
-6.353631973266601562e+00
-6.447543144226074219e+00
-6.543100833892822266e+00
-6.639896392822265625e+00
-6.737968444824218750e+00
-6.837430000305175781e+00
-6.938170909881591797e+00
-7.040081501007080078e+00
-7.143274784088134766e+00
-7.247418880462646484e+00
-7.352701187133789062e+00
-7.459087371826171875e+00
-7.566322803497314453e+00
-7.674151897430419922e+00
-7.782321453094482422e+00
-7.892061710357666016e+00
-8.002673149108886719e+00
-8.112712860107421875e+00
-8.224452018737792969e+00
-8.335705757141113281e+00
-8.448002815246582031e+00
-8.561386108398437500e+00
-8.673670768737792969e+00
-8.786383628845214844e+00
-8.899571418762207031e+00
-9.013273239135742188e+00
-9.126792907714843750e+00
-9.240915298461914062e+00
-9.354939460754394531e+00
-9.468910217285156250e+00
-9.582868576049804688e+00
-9.696116447448730469e+00
-9.809438705444335938e+00
-9.922136306762695312e+00
-1.003499317169189453e+01
-1.014805221557617188e+01
-1.025987148284912109e+01
-1.037272167205810547e+01
-1.048218631744384766e+01
-1.059350872039794922e+01
-1.070301628112792969e+01
-1.081223583221435547e+01
-1.092046833038330078e+01
-1.102849483489990234e+01
-1.113561534881591797e+01
-1.124187183380126953e+01
-1.134730339050292969e+01
-1.145120716094970703e+01
-1.155436706542968750e+01
-1.165682411193847656e+01
-1.175861644744873047e+01
-1.185829734802246094e+01
-1.195739364624023438e+01
-1.205594253540039062e+01
-1.215249729156494141e+01
-1.224709510803222656e+01
-1.234200286865234375e+01
-1.243428611755371094e+01
-1.252621269226074219e+01
-1.261558628082275391e+01
-1.270467472076416016e+01
-1.279128360748291016e+01
-1.287692546844482422e+01
-1.296088504791259766e+01
-1.304318714141845703e+01
-1.312460231781005859e+01
-1.320366764068603516e+01
-1.328115081787109375e+01
-1.335707759857177734e+01
-1.343146991729736328e+01
-1.350435161590576172e+01
-1.357500076293945312e+01
-1.364344215393066406e+01
-1.370969486236572266e+01
-1.377452278137207031e+01
-1.383720493316650391e+01
-1.389850425720214844e+01
-1.395769500732421875e+01
-1.401479816436767578e+01
-1.406982994079589844e+01
-1.412280941009521484e+01
-1.417375278472900391e+01
-1.422193241119384766e+01
-1.426885414123535156e+01
-1.431378650665283203e+01
-1.435674571990966797e+01
-1.439700412750244141e+01
-1.443531608581542969e+01
-1.447095298767089844e+01
-1.450467014312744141e+01
-1.453647899627685547e+01
-1.456564903259277344e+01
-1.459293270111083984e+01
-1.461834049224853516e+01
-1.464114189147949219e+01
-1.466208457946777344e+01
-1.468043804168701172e+01
-1.469695091247558594e+01
-1.471088790893554688e+01
-1.472151279449462891e+01
-1.473180675506591797e+01
-1.473880100250244141e+01
-1.474398803710937500e+01
-1.474662971496582031e+01
-1.474747180938720703e+01
-1.474652004241943359e+01
-1.474303245544433594e+01
-1.473627281188964844e+01
-1.472772502899169922e+01
-1.471813678741455078e+01
-1.470528030395507812e+01
-1.469063758850097656e+01
-1.467420482635498047e+01
-1.465522670745849609e+01
-1.463443374633789062e+01
-1.461107540130615234e+01
-1.458662223815917969e+01
-1.455883502960205078e+01
-1.452993011474609375e+01
-1.449766540527343750e+01
-1.446425533294677734e+01
-1.442894458770751953e+01
-1.439171504974365234e+01
-1.435255432128906250e+01
-1.430996131896972656e+01
-1.426763248443603516e+01
-1.422183704376220703e+01
-1.417478847503662109e+01
-1.412572574615478516e+01
-1.407314205169677734e+01
-1.402073955535888672e+01
-1.396552085876464844e+01
-1.390895557403564453e+01
-1.385028171539306641e+01
-1.379022121429443359e+01
-1.372800827026367188e+01
-1.366436672210693359e+01
-1.359853172302246094e+01
-1.353122329711914062e+01
-1.346241950988769531e+01
-1.339209747314453125e+01
-1.332023334503173828e+01
-1.324680233001708984e+01
-1.317178153991699219e+01
-1.309514522552490234e+01
-1.301686859130859375e+01
-1.293766880035400391e+01
-1.285677814483642578e+01
-1.277491188049316406e+01
-1.269055843353271484e+01
-1.260591888427734375e+01
-1.251948070526123047e+01
-1.243270301818847656e+01
-1.234332752227783203e+01
-1.225355529785156250e+01
-1.216261577606201172e+01
-1.207122135162353516e+01
-1.197860145568847656e+01
-1.188398456573486328e+01
-1.178956890106201172e+01
-1.169309616088867188e+01
-1.159676456451416016e+01
-1.149905586242675781e+01
-1.139993667602539062e+01
-1.130085849761962891e+01
-1.120104694366455078e+01
-1.110046672821044922e+01
-1.099834060668945312e+01
-1.089686393737792969e+01
-1.079377365112304688e+01
-1.068978023529052734e+01
-1.058559036254882812e+01
-1.048117160797119141e+01
-1.037574481964111328e+01
-1.027002048492431641e+01
-1.016396427154541016e+01
-1.005828475952148438e+01
-9.951462745666503906e+00
-9.844947814941406250e+00
-9.737222671508789062e+00
-9.630480766296386719e+00
-9.523203849792480469e+00
-9.415356636047363281e+00
-9.307648658752441406e+00
-9.200047492980957031e+00
-9.091774940490722656e+00
-8.983543395996093750e+00
-8.876059532165527344e+00
-8.767807006835937500e+00
-8.660237312316894531e+00
-8.551831245422363281e+00
-8.444785118103027344e+00
-8.336839675903320312e+00
-8.230933189392089844e+00
-8.124060630798339844e+00
-8.016933441162109375e+00
-7.910262584686279297e+00
-7.804760456085205078e+00
-7.699651241302490234e+00
-7.594160079956054688e+00
-7.489742279052734375e+00
-7.385624885559082031e+00
-7.282517433166503906e+00
-7.178162574768066406e+00
-7.075499534606933594e+00
-6.973757266998291016e+00
-6.873051643371582031e+00
-6.772388458251953125e+00
-6.672925949096679688e+00
-6.573073863983154297e+00
-6.475106716156005859e+00
-6.377509593963623047e+00
-6.280629158020019531e+00
-6.184664726257324219e+00
-6.089518070220947266e+00
-5.995240688323974609e+00
-5.901884078979492188e+00
-5.809499263763427734e+00
-5.718063831329345703e+00
-5.627555370330810547e+00
-5.538100719451904297e+00
-5.449677944183349609e+00
-5.362265586853027344e+00
-5.276065826416015625e+00
-5.190907955169677734e+00
-5.106847286224365234e+00
-5.023937225341796875e+00
-4.942380428314208984e+00
-4.861786365509033203e+00
-4.782507419586181641e+00
-4.704375743865966797e+00
-4.627596378326416016e+00
-4.552002429962158203e+00
-4.477725028991699219e+00
-4.404672622680664062e+00
-4.332902431488037109e+00
-4.262473583221435547e+00
-4.193443298339843750e+00
-4.125648498535156250e+00
-4.059222698211669922e+00
-3.994150876998901367e+00
-3.930494308471679688e+00
-3.868090391159057617e+00
-3.807223558425903320e+00
-3.747732400894165039e+00
-3.689457178115844727e+00
-3.632831335067749023e+00
-3.577473402023315430e+00
-3.523595571517944336e+00
-3.471112966537475586e+00
-3.420017480850219727e+00
-3.370448112487792969e+00
-3.322248220443725586e+00
-3.275558471679687500e+00
-3.230149030685424805e+00
-3.186384439468383789e+00
-3.143916368484497070e+00
-3.102932214736938477e+00
-3.063405036926269531e+00
-3.025277376174926758e+00
-2.988589763641357422e+00
-2.953339576721191406e+00
-2.919500589370727539e+00
-2.887121915817260742e+00
-2.856179475784301758e+00
-2.826671600341796875e+00
-2.798589706420898438e+00
-2.771955490112304688e+00
-2.746753454208374023e+00
-2.722983598709106445e+00
-2.700646400451660156e+00
-2.679736852645874023e+00
-2.660261392593383789e+00
-2.642208337783813477e+00
-2.625576972961425781e+00
-2.610364913940429688e+00
-2.596571922302246094e+00
-2.584192276000976562e+00
-2.573217630386352539e+00
-2.563633203506469727e+00
-2.555428504943847656e+00
-2.548591613769531250e+00
-2.543113708496093750e+00
-2.538982868194580078e+00
-2.536184787750244141e+00
-2.534712076187133789e+00
-2.534549236297607422e+00
-2.535681009292602539e+00
-2.538099050521850586e+00
-2.541790962219238281e+00
-2.546740055084228516e+00
-2.552937507629394531e+00
-2.560367107391357422e+00
-2.568983554840087891e+00
-2.578801393508911133e+00
-2.589782953262329102e+00
-2.601906061172485352e+00
-2.615163087844848633e+00
-2.629517555236816406e+00
-2.644962549209594727e+00
-2.661469459533691406e+00
-2.679032325744628906e+00
-2.697629690170288086e+00
-2.717234373092651367e+00
-2.737833023071289062e+00
-2.759458065032958984e+00
-2.781977891921997070e+00
-2.805388450622558594e+00
-2.829707860946655273e+00
-2.854954004287719727e+00
-2.881071567535400391e+00
-2.907931327819824219e+00
-2.935852766036987305e+00
-2.964263677597045898e+00
-2.993558883666992188e+00
-3.023539304733276367e+00
-3.054302215576171875e+00
-3.085649013519287109e+00
-3.117603540420532227e+00
-3.150339126586914062e+00
-3.183806180953979492e+00
-3.217806339263916016e+00
-3.252513885498046875e+00
-3.287730932235717773e+00
-3.323409080505371094e+00
-3.359796285629272461e+00
-3.396622419357299805e+00
-3.433912754058837891e+00
-3.471767663955688477e+00
-3.510065555572509766e+00
-3.548832654953002930e+00
-3.588095188140869141e+00
-3.627583265304565430e+00
-3.667471170425415039e+00
-3.707786798477172852e+00
-3.748333454132080078e+00
-3.789211750030517578e+00
-3.830448865890502930e+00
-3.871996641159057617e+00
-3.913585186004638672e+00
-3.955611944198608398e+00
-3.997732162475585938e+00
-4.040119647979736328e+00
-4.082579135894775391e+00
-4.125210285186767578e+00
-4.168038845062255859e+00
-4.210866928100585938e+00
-4.253869056701660156e+00
-4.297145366668701172e+00
-4.340198993682861328e+00
-4.383205413818359375e+00
-4.426336288452148438e+00
-4.469467163085937500e+00
-4.512325763702392578e+00
-4.555306434631347656e+00
-4.598210334777832031e+00
-4.641059875488281250e+00
-4.683804512023925781e+00
-4.726392269134521484e+00
-4.768697261810302734e+00
-4.811037540435791016e+00
-4.852990150451660156e+00
-4.894870281219482422e+00
-4.936472892761230469e+00
-4.977817058563232422e+00
-5.018844127655029297e+00
-5.059647560119628906e+00
-5.100095272064208984e+00
-5.140129566192626953e+00
-5.180064678192138672e+00
-5.219470500946044922e+00
-5.258364677429199219e+00
-5.296836853027343750e+00
-5.334977149963378906e+00
-5.372356414794921875e+00
-5.409360885620117188e+00
-5.445932388305664062e+00
-5.481640338897705078e+00
-5.517391681671142578e+00
-5.552904129028320312e+00
-5.587598323822021484e+00
-5.621489524841308594e+00
-5.654592514038085938e+00
-5.686921596527099609e+00
-5.719234466552734375e+00
-5.750802993774414062e+00
-5.780898571014404297e+00
-5.811020851135253906e+00
-5.841185092926025391e+00
-5.869918346405029297e+00
-5.898721218109130859e+00
-5.926121234893798828e+00
-5.952874660491943359e+00
-5.978995800018310547e+00
-6.003754615783691406e+00
-6.028649806976318359e+00
-6.052952766418457031e+00
-6.075932025909423828e+00
-6.098342895507812500e+00
-6.120198726654052734e+00
-6.140768051147460938e+00
-6.161548614501953125e+00
-6.181066513061523438e+00
-6.200075149536132812e+00
-6.217843055725097656e+00
-6.235123157501220703e+00
-6.251183032989501953e+00
-6.267518043518066406e+00
-6.282651901245117188e+00
-6.296593666076660156e+00
-6.310094356536865234e+00
-6.323162078857421875e+00
-6.335799217224121094e+00
-6.346521377563476562e+00
-6.356816768646240234e+00
-6.366685390472412109e+00
-6.375384807586669922e+00
-6.384401321411132812e+00
-6.391503810882568359e+00
-6.398178100585937500e+00
-6.403679370880126953e+00
-6.408748149871826172e+00
-6.413381576538085938e+00
-6.416833400726318359e+00
-6.419100284576416016e+00
-6.420920372009277344e+00
-6.422288894653320312e+00
-6.422457695007324219e+00
-6.422907352447509766e+00
-6.422145366668701172e+00
-6.420165061950683594e+00
-6.416959285736083984e+00
-6.413264274597167969e+00
-6.409071922302246094e+00
-6.404374122619628906e+00
-6.398418903350830078e+00
-6.392683982849121094e+00
-6.384930610656738281e+00
-6.376636981964111328e+00
-6.367792129516601562e+00
-6.358386516571044922e+00
-6.347667217254638672e+00
-6.337110519409179688e+00
-6.325219154357910156e+00
-6.312726974487304688e+00
-6.299622535705566406e+00
-6.285895824432373047e+00
-6.270049095153808594e+00
-6.255044937133789062e+00
-6.238642692565917969e+00
-6.220088958740234375e+00
-6.204574584960937500e+00
-6.186143875122070312e+00
-6.167015552520751953e+00
-6.147179126739501953e+00
-6.127367019653320312e+00
-6.106825351715087891e+00
-6.084800720214843750e+00
-6.063511848449707031e+00
-6.040719032287597656e+00
-6.017898559570312500e+00
-5.993552684783935547e+00
-5.968411445617675781e+00
-5.943949222564697266e+00
-5.918665409088134766e+00
-5.893290042877197266e+00
-5.866323471069335938e+00
-5.839238643646240234e+00
-5.812766075134277344e+00
-5.784662246704101562e+00
-5.756400108337402344e+00
-5.727966308593750000e+00
-5.698603630065917969e+00
-5.669041156768798828e+00
-5.639266014099121094e+00
-5.609262943267822266e+00
-5.578274726867675781e+00
-5.547030448913574219e+00
-5.515515327453613281e+00
-5.484457015991210938e+00
-5.453097343444824219e+00
-5.419934272766113281e+00
-5.387182235717773438e+00
-5.354824066162109375e+00
-5.320911884307861328e+00
-5.287732124328613281e+00
-5.254897117614746094e+00
-5.220901966094970703e+00
-5.187142372131347656e+00
-5.153153896331787109e+00
-5.119141101837158203e+00
-5.084714412689208984e+00
-5.050300121307373047e+00
-5.015433311462402344e+00
-4.980689525604248047e+00
-4.945826530456542969e+00
-4.910823345184326172e+00
-4.875660896301269531e+00
-4.840467453002929688e+00
-4.805147647857666016e+00
-4.769904136657714844e+00
-4.734493255615234375e+00
-4.699117660522460938e+00
-4.663681983947753906e+00
-4.628165245056152344e+00
-4.592770099639892578e+00
-4.557251930236816406e+00
-4.521814823150634766e+00
-4.486361980438232422e+00
-4.450947761535644531e+00
-4.415478229522705078e+00
-4.380082607269287109e+00
-4.344741344451904297e+00
-4.309364318847656250e+00
-4.274154663085937500e+00
-4.239022254943847656e+00
-4.203949928283691406e+00
-4.168921947479248047e+00
-4.133996009826660156e+00
-4.099305152893066406e+00
-4.064611911773681641e+00
-4.030198097229003906e+00
-3.995752096176147461e+00
-3.961632728576660156e+00
-3.927602767944335938e+00
-3.893798351287841797e+00
-3.860207557678222656e+00
-3.826669454574584961e+00
-3.793543815612792969e+00
-3.760597229003906250e+00
-3.727893352508544922e+00
-3.695422410964965820e+00
-3.663173675537109375e+00
-3.631288051605224609e+00
-3.599606752395629883e+00
-3.568270206451416016e+00
-3.537270307540893555e+00
-3.506524324417114258e+00
-3.476173877716064453e+00
-3.446210861206054688e+00
-3.416554689407348633e+00
-3.387271404266357422e+00
-3.358354568481445312e+00
-3.329872131347656250e+00
-3.301742553710937500e+00
-3.274033784866333008e+00
-3.246739149093627930e+00
-3.219926357269287109e+00
-3.193440198898315430e+00
-3.167496442794799805e+00
-3.141940593719482422e+00
-3.116913557052612305e+00
-3.092334985733032227e+00
-3.068122625350952148e+00
-3.044418334960937500e+00
-3.021289110183715820e+00
-2.998504161834716797e+00
-2.976205110549926758e+00
-2.954531908035278320e+00
-2.933254480361938477e+00
-2.912364006042480469e+00
-2.892076253890991211e+00
-2.872236967086791992e+00
-2.852841377258300781e+00
-2.833958387374877930e+00
-2.815583229064941406e+00
-2.797636747360229492e+00
-2.780261993408203125e+00
-2.763379812240600586e+00
-2.747059106826782227e+00
-2.731072187423706055e+00
-2.715636730194091797e+00
-2.700673818588256836e+00
-2.686104536056518555e+00
-2.672147035598754883e+00
-2.658574819564819336e+00
-2.645457983016967773e+00
-2.632792949676513672e+00
-2.620650768280029297e+00
-2.608954668045043945e+00
-2.597775936126708984e+00
-2.586964845657348633e+00
-2.576593637466430664e+00
-2.566587209701538086e+00
-2.557094335556030273e+00
-2.548040390014648438e+00
-2.539500713348388672e+00
-2.531327962875366211e+00
-2.523524284362792969e+00
-2.516241073608398438e+00
-2.509184360504150391e+00
-2.502729654312133789e+00
-2.496584177017211914e+00
-2.490902185440063477e+00
-2.485689401626586914e+00
-2.480729103088378906e+00
-2.476251602172851562e+00
-2.472264528274536133e+00
-2.468553066253662109e+00
-2.465274810791015625e+00
-2.462438821792602539e+00
-2.459906101226806641e+00
-2.457909822463989258e+00
-2.456163167953491211e+00
-2.454899787902832031e+00
-2.453982591629028320e+00
-2.453496694564819336e+00
-2.453379869461059570e+00
-2.453643560409545898e+00
-2.454373598098754883e+00
-2.455433368682861328e+00
0.000000000000000000e+00
0.000000000000000000e+00
0.000000000000000000e+00
0.000000000000000000e+00
0.000000000000000000e+00
0.000000000000000000e+00
0.000000000000000000e+00
0.000000000000000000e+00
0.000000000000000000e+00
0.000000000000000000e+00
0.000000000000000000e+00
0.000000000000000000e+00
0.000000000000000000e+00
0.000000000000000000e+00
0.000000000000000000e+00
0.000000000000000000e+00
0.000000000000000000e+00
0.000000000000000000e+00
0.000000000000000000e+00
0.000000000000000000e+00
0.000000000000000000e+00
0.000000000000000000e+00
0.000000000000000000e+00
0.000000000000000000e+00
0.000000000000000000e+00
0.000000000000000000e+00
0.000000000000000000e+00
0.000000000000000000e+00
0.000000000000000000e+00
0.000000000000000000e+00
0.000000000000000000e+00
0.000000000000000000e+00
0.000000000000000000e+00
0.000000000000000000e+00
0.000000000000000000e+00
0.000000000000000000e+00
0.000000000000000000e+00
0.000000000000000000e+00
0.000000000000000000e+00
0.000000000000000000e+00
0.000000000000000000e+00
0.000000000000000000e+00
0.000000000000000000e+00
0.000000000000000000e+00
0.000000000000000000e+00
0.000000000000000000e+00
0.000000000000000000e+00
0.000000000000000000e+00
0.000000000000000000e+00
0.000000000000000000e+00
0.000000000000000000e+00
0.000000000000000000e+00
0.000000000000000000e+00
0.000000000000000000e+00
0.000000000000000000e+00
0.000000000000000000e+00
0.000000000000000000e+00
0.000000000000000000e+00
0.000000000000000000e+00
0.000000000000000000e+00
0.000000000000000000e+00
0.000000000000000000e+00
0.000000000000000000e+00
0.000000000000000000e+00
0.000000000000000000e+00
0.000000000000000000e+00
0.000000000000000000e+00
0.000000000000000000e+00
0.000000000000000000e+00
0.000000000000000000e+00
0.000000000000000000e+00
0.000000000000000000e+00
0.000000000000000000e+00
0.000000000000000000e+00
0.000000000000000000e+00
0.000000000000000000e+00
0.000000000000000000e+00
0.000000000000000000e+00
0.000000000000000000e+00
0.000000000000000000e+00
0.000000000000000000e+00
0.000000000000000000e+00
0.000000000000000000e+00
0.000000000000000000e+00
0.000000000000000000e+00
0.000000000000000000e+00
0.000000000000000000e+00
0.000000000000000000e+00
0.000000000000000000e+00
0.000000000000000000e+00
0.000000000000000000e+00
0.000000000000000000e+00
0.000000000000000000e+00
0.000000000000000000e+00
0.000000000000000000e+00
0.000000000000000000e+00
0.000000000000000000e+00
0.000000000000000000e+00
0.000000000000000000e+00
0.000000000000000000e+00
