# ee
8.903130143880844116e-02
8.993384987115859985e-02
6.045967712998390198e-02
3.113233111798763275e-02
1.441391464322805405e-02
7.750142365694046021e-03
5.355891771614551544e-03
4.125765524804592133e-03
3.327253507450222969e-03
2.842225832864642143e-03
2.490212908014655113e-03
2.230541082099080086e-03
2.081315033137798309e-03
2.112503629177808762e-03
2.383126411586999893e-03
2.856532577425241470e-03
3.476460697129368782e-03
4.203880205750465393e-03
5.009160377085208893e-03
5.883048288524150848e-03
6.829716265201568604e-03
7.886657491326332092e-03
9.092815220355987549e-03
1.045960094779729843e-02
1.199165359139442444e-02
1.369407307356595993e-02
1.557126548141241074e-02
1.762439683079719543e-02
1.985243149101734161e-02
2.224875800311565399e-02
2.481142990291118622e-02
2.756275609135627747e-02
3.052879124879837036e-02
3.372635319828987122e-02
3.716674447059631348e-02
4.084838181734085083e-02
4.476819932460784912e-02
4.892992973327636719e-02
5.333901569247245789e-02
5.800105258822441101e-02
6.292219460010528564e-02
6.810875236988067627e-02
7.356701791286468506e-02
7.930330932140350342e-02
8.532347530126571655e-02
9.163163602352142334e-02
9.823144972324371338e-02
1.051265895366668701e-01
1.123207211494445801e-01
1.198172941803932190e-01
1.276190131902694702e-01
1.357283145189285278e-01
1.441476643085479736e-01
1.528795510530471802e-01
1.619258224964141846e-01
1.712857931852340698e-01
1.809581965208053589e-01
1.909417510032653809e-01
2.012351602315902710e-01
2.118373215198516846e-01
2.227477282285690308e-01
2.339661717414855957e-01
2.454922497272491455e-01
2.573257088661193848e-01
2.694655656814575195e-01
2.819080352783203125e-01
2.946486473083496094e-01
3.076828718185424805e-01
3.210062682628631592e-01
3.346142470836639404e-01
3.485013544559478760e-01
3.626621663570404053e-01
3.770911395549774170e-01
3.917827606201171875e-01
4.067310690879821777e-01
4.219280779361724854e-01
4.373653233051300049e-01
4.530344903469085693e-01
4.689269959926605225e-01
4.850344955921173096e-01
5.013483166694641113e-01
5.178599953651428223e-01
5.345609188079833984e-01
5.514425039291381836e-01
5.684958696365356445e-01
5.857112407684326172e-01
6.030784249305725098e-01
6.205874085426330566e-01
6.382280588150024414e-01
6.559897661209106445e-01
6.738598942756652832e-01
6.918252110481262207e-01
7.098726630210876465e-01
7.279890179634094238e-01
7.461611032485961914e-01
7.643758058547973633e-01
7.826199531555175781e-01
8.008803725242614746e-01
8.191438913345336914e-01
8.373973369598388672e-01
8.556275367736816406e-01
8.738213777542114258e-01
8.919656872749328613e-01
9.100472331047058105e-01
9.280529022216796875e-01
9.459695219993591309e-01
9.637839198112487793e-01
9.814830422401428223e-01
9.990535378456115723e-01
1.016482472419738770e+00
1.033756256103515625e+00
1.050861954689025879e+00
1.067785978317260742e+00
1.084515213966369629e+00
1.101036429405212402e+00
1.117336153984069824e+00
1.133401393890380859e+00
1.149218559265136719e+00
1.164774537086486816e+00
1.180056095123291016e+00
1.195050001144409180e+00
1.209742665290832520e+00
1.224121212959289551e+00
1.238171935081481934e+00
1.251881957054138184e+00
1.265237808227539062e+00
1.278226256370544434e+00
1.290833830833435059e+00
1.303047537803649902e+00
1.314854979515075684e+00
1.326247930526733398e+00
1.337219238281250000e+00
1.347761511802673340e+00
1.357867598533630371e+00
1.367530345916748047e+00
1.376742482185363770e+00
1.385496854782104492e+00
1.393786191940307617e+00
1.401603102684020996e+00
1.408940672874450684e+00
1.415791511535644531e+00
1.422148466110229492e+00
1.428004145622253418e+00
1.433351397514343262e+00
1.438183069229125977e+00
1.442492127418518066e+00
1.446270823478698730e+00
1.449512362480163574e+00
1.452209472656250000e+00
1.454356789588928223e+00
1.455956816673278809e+00
1.457014322280883789e+00
1.457533359527587891e+00
1.457518815994262695e+00
1.456974983215332031e+00
1.455906510353088379e+00
1.454317808151245117e+00
1.452213406562805176e+00
1.449597835540771484e+00
1.446475386619567871e+00
1.442850828170776367e+00
1.438728570938110352e+00
1.434113144874572754e+00
1.429008841514587402e+00
1.423420548439025879e+00
1.417352437973022461e+00
1.410809159278869629e+00
1.403795242309570312e+00
1.396314978599548340e+00
1.388373136520385742e+00
1.379974007606506348e+00
1.371122241020202637e+00
1.361822247505187988e+00
1.352078557014465332e+00
1.341897964477539062e+00
1.331296801567077637e+00
1.320293664932250977e+00
1.308906912803649902e+00
1.297155261039733887e+00
1.285057425498962402e+00
1.272631645202636719e+00
1.259896636009216309e+00
1.246871113777160645e+00
1.233573555946350098e+00
1.220022439956665039e+00
1.206236362457275391e+00
1.192234039306640625e+00
1.178033828735351562e+00
1.163654565811157227e+00
1.149114608764648438e+00
1.134432554244995117e+00
1.119626879692077637e+00
1.104716420173645020e+00
1.089719653129577637e+00
1.074654936790466309e+00
1.059541225433349609e+00
1.044396758079528809e+00
1.029240250587463379e+00
1.014090180397033691e+00
9.989672303199768066e-01
9.839001297950744629e-01
9.689192771911621094e-01
9.540556669235229492e-01
9.393398761749267578e-01
9.248025417327880859e-01
9.104743003845214844e-01
8.963860869407653809e-01
8.825682401657104492e-01
8.690516948699951172e-01
8.558670282363891602e-01
8.430450558662414551e-01
8.306162357330322266e-01
8.186114430427551270e-01
8.070612549781799316e-01
7.959964275360107422e-01
7.854475378990173340e-01
7.754454016685485840e-01
7.660205960273742676e-01
7.572038769721984863e-01
7.490258216857910156e-01
7.415173053741455078e-01
7.347088456153869629e-01
7.286311388015747070e-01
7.233149409294128418e-01
7.187909483909606934e-01
7.150897383689880371e-01
7.122420668601989746e-01
7.102785706520080566e-01
7.092300057411193848e-01
7.091269493103027344e-01
7.100002169609069824e-01
7.118804454803466797e-01
7.147982716560363770e-01
7.187844514846801758e-01
7.238695621490478516e-01
7.300843596458435059e-01
7.374595403671264648e-01
7.460257411003112793e-01
7.558136582374572754e-01
7.668539881706237793e-01
7.791774272918701172e-01
7.928146123886108398e-01
8.077962994575500488e-01
8.241531252861022949e-01
8.419157862663269043e-01
8.611149787902832031e-01
8.817812800407409668e-01
9.039455056190490723e-01
9.276382327079772949e-01
9.528865218162536621e-01
9.797018766403198242e-01
1.008092403411865234e+00
1.038065910339355469e+00
1.069630384445190430e+00
1.102793574333190918e+00
1.137563586235046387e+00
1.173948287963867188e+00
1.211955547332763672e+00
1.251593351364135742e+00
1.292869687080383301e+00
1.335792303085327148e+00
1.380369186401367188e+00
1.426608204841613770e+00
1.474517464637756348e+00
1.524104714393615723e+00
1.575377821922302246e+00
1.628345012664794922e+00
1.683013916015625000e+00
1.739392280578613281e+00
1.797488570213317871e+00
1.857310414314270020e+00
1.918865561485290527e+00
1.982162237167358398e+00
2.047208070755004883e+00
2.114011287689208984e+00
2.182579517364501953e+00
2.252921104431152344e+00
2.325043439865112305e+00
2.398954629898071289e+00
2.474662780761718750e+00
2.552175760269165039e+00
2.631501197814941406e+00
2.712647199630737305e+00
2.795621871948242188e+00
2.880432844161987305e+00
2.967088222503662109e+00
3.055595874786376953e+00
3.145963668823242188e+00
3.238199710845947266e+00
3.332311630249023438e+00
3.428307533264160156e+00
3.526195287704467773e+00
3.625982761383056641e+00
3.727678298950195312e+00
3.831288814544677734e+00
3.936823368072509766e+00
4.044289112091064453e+00
4.153694152832031250e+00
4.265046596527099609e+00
4.378346443176269531e+00
4.493560791015625000e+00
4.610649108886718750e+00
4.729570388793945312e+00
4.850285053253173828e+00
4.972751140594482422e+00
5.096929550170898438e+00
5.222777843475341797e+00
5.350257396697998047e+00
5.479326248168945312e+00
5.609944343566894531e+00
5.742070198059082031e+00
5.875664710998535156e+00
6.010686397552490234e+00
6.147094249725341797e+00
6.284847736358642578e+00
6.423907279968261719e+00
6.564231395721435547e+00
6.705779552459716797e+00
6.848510742187500000e+00
6.992385387420654297e+00
7.137362003326416016e+00
7.283400535583496094e+00
7.430459976196289062e+00
7.578499794006347656e+00
7.727479934692382812e+00
7.877358436584472656e+00
8.028097152709960938e+00
8.179652214050292969e+00
8.331984519958496094e+00
8.485054016113281250e+00
8.638820648193359375e+00
8.793241500854492188e+00
8.948276519775390625e+00
9.103887557983398438e+00
9.260031700134277344e+00
9.416668891906738281e+00
9.573758125305175781e+00
9.731259346008300781e+00
9.889131546020507812e+00
1.004733467102050781e+01
1.020582675933837891e+01
1.036456966400146484e+01
1.052352046966552734e+01
1.068263912200927734e+01
1.084188652038574219e+01
1.100121974945068359e+01
1.116059875488281250e+01
1.131998348236083984e+01
1.147933483123779297e+01
1.163860702514648438e+01
1.179774856567382812e+01
1.195670700073242188e+01
1.211542415618896484e+01
1.227384757995605469e+01
1.243192291259765625e+01
1.258959388732910156e+01
1.274680709838867188e+01
1.290350723266601562e+01
1.305963993072509766e+01
1.321515178680419922e+01
1.336998653411865234e+01
1.352408981323242188e+01
1.367740631103515625e+01
1.382988262176513672e+01
1.398146438598632812e+01
1.413209533691406250e+01
1.428172397613525391e+01
1.443029117584228516e+01
1.457774543762207031e+01
1.472403144836425781e+01
1.486909294128417969e+01
1.501287841796875000e+01
1.515533065795898438e+01
1.529639720916748047e+01
1.543601989746093750e+01
1.557414817810058594e+01
1.571072578430175781e+01
1.584569644927978516e+01
1.597900772094726562e+01
1.611060333251953125e+01
1.624043083190917969e+01
1.636843299865722656e+01
1.649455642700195312e+01
1.661874580383300781e+01
1.674094963073730469e+01
1.686110877990722656e+01
1.697917175292968750e+01
1.709508132934570312e+01
1.720878410339355469e+01
1.732022666931152344e+01
1.742935371398925781e+01
1.753610992431640625e+01
1.764043998718261719e+01
1.774229240417480469e+01
1.784160804748535156e+01
1.793833541870117188e+01
1.803241729736328125e+01
1.812380218505859375e+01
1.821243476867675781e+01
1.829826736450195312e+01
1.838128471374511719e+01
1.846147727966308594e+01
1.853883743286132812e+01
1.861335945129394531e+01
1.868502998352050781e+01
1.875384712219238281e+01
1.881979942321777344e+01
1.888288116455078125e+01
1.894308090209960938e+01
1.900039291381835938e+01
1.905480766296386719e+01
1.910631752014160156e+01
1.915491485595703125e+01
1.920059204101562500e+01
1.924334144592285156e+01
1.928315353393554688e+01
1.932002067565917969e+01
1.935393524169921875e+01
1.938488769531250000e+01
1.941287040710449219e+01
1.943787765502929688e+01
1.945989990234375000e+01
1.947892570495605469e+01
1.949495315551757812e+01
1.950797080993652344e+01
1.951797103881835938e+01
1.952494621276855469e+01
1.952888488769531250e+01
1.952978515625000000e+01
1.952763366699218750e+01
1.952242469787597656e+01
1.951414871215820312e+01
1.950279998779296875e+01
1.948837089538574219e+01
1.947084808349609375e+01
1.945022964477539062e+01
1.942650413513183594e+01
1.939966583251953125e+01
1.936970138549804688e+01
1.933660888671875000e+01
1.930037879943847656e+01
1.926099967956542969e+01
1.921846771240234375e+01
1.917277336120605469e+01
1.912390518188476562e+01
1.907185935974121094e+01
1.901662826538085938e+01
1.895820045471191406e+01
1.889657020568847656e+01
1.883173942565917969e+01
1.876375389099121094e+01
1.869266891479492188e+01
1.861854362487792969e+01
1.854143333435058594e+01
1.846139526367187500e+01
1.837848281860351562e+01
1.829275703430175781e+01
1.820427131652832031e+01
1.811308288574218750e+01
1.801924896240234375e+01
1.792282485961914062e+01
1.782386970520019531e+01
1.772243881225585938e+01
1.761858558654785156e+01
1.751236915588378906e+01
1.740384674072265625e+01
1.729307365417480469e+01
1.718010902404785156e+01
1.706500434875488281e+01
1.694782257080078125e+01
1.682861328125000000e+01
1.670743942260742188e+01
1.658435249328613281e+01
1.645941162109375000e+01
1.633267211914062500e+01
1.620419311523437500e+01
1.607402610778808594e+01
1.594223308563232422e+01
1.580886840820312500e+01
1.567398834228515625e+01
1.553764915466308594e+01
1.539990615844726562e+01
1.526082038879394531e+01
1.512044334411621094e+01
1.497883510589599609e+01
1.483604907989501953e+01
1.469214439392089844e+01
1.454717636108398438e+01
1.440120315551757812e+01
1.425427722930908203e+01
1.410646057128906250e+01
1.395780563354492188e+01
1.380836963653564453e+01
1.365821170806884766e+01
1.350738525390625000e+01
1.335594844818115234e+01
1.320395755767822266e+01
1.305146789550781250e+01
1.289853763580322266e+01
1.274522590637207031e+01
1.259160041809082031e+01
1.243773651123046875e+01
1.228370380401611328e+01
1.212957668304443359e+01
1.197542667388916016e+01
1.182132625579833984e+01
1.166734790802001953e+01
1.151356315612792969e+01
1.136004543304443359e+01
1.120686721801757812e+01
1.105410003662109375e+01
1.090181732177734375e+01
1.075008964538574219e+01
1.059899139404296875e+01
1.044859409332275391e+01
1.029897022247314453e+01
1.015019226074218750e+01
1.000233173370361328e+01
9.855462074279785156e+00
9.709654808044433594e+00
9.564983367919921875e+00
9.421519279479980469e+00
9.279335021972656250e+00
9.138503074645996094e+00
8.999095916748046875e+00
8.861186027526855469e+00
8.724844932556152344e+00
8.590147018432617188e+00
8.457161903381347656e+00
8.325963973999023438e+00
8.196624755859375000e+00
8.069216728210449219e+00
7.943813800811767578e+00
7.820485591888427734e+00
7.699306488037109375e+00
7.580348014831542969e+00
7.463682174682617188e+00
7.349382877349853516e+00
7.237521171569824219e+00
7.128170013427734375e+00
7.021400928497314453e+00
6.917287826538085938e+00
6.815901756286621094e+00
6.717315673828125000e+00
6.621601581573486328e+00
6.528832435607910156e+00
6.439079761505126953e+00
6.352416992187500000e+00
6.268915653228759766e+00
6.188639163970947266e+00
6.111612319946289062e+00
6.037850856781005859e+00
5.967370986938476562e+00
5.900187969207763672e+00
5.836318016052246094e+00
5.775776863098144531e+00
5.718579292297363281e+00
5.664741992950439453e+00
5.614280223846435547e+00
5.567210197448730469e+00
5.523547172546386719e+00
5.483306884765625000e+00
5.446505546569824219e+00
5.413157939910888672e+00
5.383281230926513672e+00
5.356890201568603516e+00
5.334000587463378906e+00
5.314628124237060547e+00
5.298789024353027344e+00
5.286498069763183594e+00
5.277772426605224609e+00
5.272626399993896484e+00
5.271076202392578125e+00
5.273138523101806641e+00
5.278827190399169922e+00
5.288159847259521484e+00
5.301151275634765625e+00
5.317817211151123047e+00
5.338173389434814453e+00
5.362236022949218750e+00
5.390019893646240234e+00
5.421541690826416016e+00
5.456816673278808594e+00
5.495861053466796875e+00
5.538689613342285156e+00
5.585319042205810547e+00
5.635764598846435547e+00
5.690042018890380859e+00
5.748167514801025391e+00
5.810155868530273438e+00
5.876023292541503906e+00
5.945785999298095703e+00
6.019459247589111328e+00
6.097058773040771484e+00
6.178600788116455078e+00
6.264100551605224609e+00
6.353573322296142578e+00
6.447035789489746094e+00
6.544502735137939453e+00
6.645977973937988281e+00
6.751413345336914062e+00
6.860746383666992188e+00
6.973918437957763672e+00
7.090866088867187500e+00
7.211529731750488281e+00
7.335847854614257812e+00
7.463760375976562500e+00
7.595204830169677734e+00
7.730121135711669922e+00
7.868447780609130859e+00
8.010123252868652344e+00
8.155088424682617188e+00
8.303280830383300781e+00
8.454639434814453125e+00
8.609103202819824219e+00
8.766612052917480469e+00
8.927103996276855469e+00
9.090517997741699219e+00
9.256793022155761719e+00
9.425869941711425781e+00
9.597683906555175781e+00
9.772177696228027344e+00
9.949289321899414062e+00
1.012895584106445312e+01
1.031111812591552734e+01
1.049571514129638672e+01
1.068268489837646484e+01
1.087196731567382812e+01
1.106350040435791016e+01
1.125722312927246094e+01
1.145307636260986328e+01
1.165099620819091797e+01
1.185092353820800781e+01
1.205279731750488281e+01
1.225655651092529297e+01
1.246213912963867188e+01
1.266948413848876953e+01
1.287853240966796875e+01
1.308922100067138672e+01
1.330148887634277344e+01
1.351527690887451172e+01
1.373052120208740234e+01
1.394716453552246094e+01
1.416514205932617188e+01
1.438439464569091797e+01
1.460486125946044922e+01
1.482648181915283203e+01
1.504919338226318359e+01
1.527293395996093750e+01
1.549764251708984375e+01
1.572323608398437500e+01
1.594962978363037109e+01
1.617674064636230469e+01
1.640448379516601562e+01
1.663277435302734375e+01
1.686152839660644531e+01
1.709066200256347656e+01
1.732008934020996094e+01
1.754972648620605469e+01
1.777948951721191406e+01
1.800929450988769531e+01
1.823905754089355469e+01
1.846869087219238281e+01
1.869811248779296875e+01
1.892724037170410156e+01
1.915598487854003906e+01
1.938426589965820312e+01
1.961199760437011719e+01
1.983909606933593750e+01
2.006547355651855469e+01
2.029105186462402344e+01
2.051573944091796875e+01
2.073945808410644531e+01
2.096212196350097656e+01
2.118364334106445312e+01
2.140394210815429688e+01
2.162293052673339844e+01
2.184052658081054688e+01
2.205664443969726562e+01
2.227120018005371094e+01
2.248410797119140625e+01
2.269528770446777344e+01
2.290464973449707031e+01
2.311211395263671875e+01
2.331759071350097656e+01
2.352100181579589844e+01
2.372225952148437500e+01
2.392127799987792969e+01
2.411797714233398438e+01
2.431226921081542969e+01
2.450407218933105469e+01
2.469329833984375000e+01
2.487986564636230469e+01
2.506369018554687500e+01
2.524468421936035156e+01
2.542276763916015625e+01
2.559785270690917969e+01
2.576985740661621094e+01
2.593869781494140625e+01
2.610429573059082031e+01
2.626661682128906250e+01
2.642563247680664062e+01
2.658131408691406250e+01
2.673363494873046875e+01
2.688256835937500000e+01
2.702808380126953125e+01
2.717015647888183594e+01
2.730875587463378906e+01
2.744385719299316406e+01
2.757542991638183594e+01
2.770344734191894531e+01
2.782788276672363281e+01
2.794870948791503906e+01
2.806589317321777344e+01
2.817941856384277344e+01
2.828924560546875000e+01
2.839534950256347656e+01
2.849770736694335938e+01
2.859628677368164062e+01
2.869106483459472656e+01
2.878200721740722656e+01
2.886909103393554688e+01
2.895228958129882812e+01
2.903156852722167969e+01
2.910690498352050781e+01
2.917827224731445312e+01
2.924564361572265625e+01
2.930898666381835938e+01
2.936827468872070312e+01
2.942348098754882812e+01
2.947457885742187500e+01
2.952153778076171875e+01
2.956433677673339844e+01
2.960293769836425781e+01
2.963732147216796875e+01
2.966745758056640625e+01
2.969331550598144531e+01
2.971487236022949219e+01
2.973209762573242188e+01
2.974496269226074219e+01
2.975344276428222656e+01
2.975750923156738281e+01
2.975713157653808594e+01
2.975228500366210938e+01
2.974294281005859375e+01
2.972907447814941406e+01
2.971065330505371094e+01
2.968765068054199219e+01
2.966004180908203125e+01
2.962780761718750000e+01
2.959099388122558594e+01
2.954965972900390625e+01
2.950385093688964844e+01
2.945363235473632812e+01
2.939905548095703125e+01
2.934017562866210938e+01
2.927705001831054688e+01
2.920973205566406250e+01
2.913828277587890625e+01
2.906275177001953125e+01
2.898319435119628906e+01
2.889967155456542969e+01
2.881223487854003906e+01
2.872094154357910156e+01
2.862584877014160156e+01
2.852701187133789062e+01
2.842448425292968750e+01
2.831832122802734375e+01
2.820857620239257812e+01
2.809531402587890625e+01
2.797858047485351562e+01
2.785843658447265625e+01
2.773493957519531250e+01
2.760814094543457031e+01
2.747809791564941406e+01
2.734486389160156250e+01
2.720849800109863281e+01
2.706905364990234375e+01
2.692658805847167969e+01
2.678115653991699219e+01
2.663281440734863281e+01
2.648161697387695312e+01
2.632761955261230469e+01
2.617087936401367188e+01
2.601145172119140625e+01
2.584939002990722656e+01
2.568475341796875000e+01
2.551759338378906250e+01
2.534796905517578125e+01
2.517593574523925781e+01
2.500154685974121094e+01
2.482486152648925781e+01
2.464593315124511719e+01
2.446481513977050781e+01
2.428156852722167969e+01
2.409624481201171875e+01
2.390890121459960938e+01
2.371959304809570312e+01
2.352837753295898438e+01
2.333531379699707031e+01
2.314048576354980469e+01
2.294399261474609375e+01
2.274591827392578125e+01
2.254636001586914062e+01
2.234540748596191406e+01
2.214315223693847656e+01
2.193968582153320312e+01
2.173510169982910156e+01
2.152949142456054688e+01
2.132294464111328125e+01
2.111555480957031250e+01
2.090741348266601562e+01
2.069861221313476562e+01
2.048924446105957031e+01
2.027939987182617188e+01
2.006916999816894531e+01
1.985864830017089844e+01
1.964792823791503906e+01
1.943709754943847656e+01
1.922624969482421875e+01
1.901547813415527344e+01
1.880487060546875000e+01
1.859452438354492188e+01
1.838452529907226562e+01
1.817497062683105469e+01
1.796594810485839844e+01
1.775755310058593750e+01
1.754987525939941406e+01
1.734300613403320312e+01
1.713703727722167969e+01
1.693206214904785156e+01
1.672817420959472656e+01
1.652545928955078125e+01
1.632401275634765625e+01
1.612392807006835938e+01
1.592529582977294922e+01
1.572820758819580078e+01
1.553275203704833984e+01
1.533902549743652344e+01
1.514711952209472656e+01
1.495712280273437500e+01
1.476913070678710938e+01
1.458323097229003906e+01
1.439951896667480469e+01
1.421808433532714844e+01
1.403902149200439453e+01
1.386242008209228516e+01
1.368837165832519531e+01
1.351696872711181641e+01
1.334829521179199219e+01
1.318240261077880859e+01
1.301933574676513672e+01
1.285913562774658203e+01
1.270184898376464844e+01
1.254751968383789062e+01
1.239618873596191406e+01
1.224790191650390625e+01
1.210270309448242188e+01
1.196063518524169922e+01
1.182174205780029297e+01
1.168606758117675781e+01
1.155365562438964844e+01
1.142455005645751953e+01
1.129879570007324219e+01
1.117643451690673828e+01
1.105750942230224609e+01
1.094206809997558594e+01
1.083014965057373047e+01
1.072180175781250000e+01
1.061706638336181641e+01
1.051598644256591797e+01
1.041860771179199219e+01
1.032497310638427734e+01
1.023512554168701172e+01
1.014910984039306641e+01
1.006696987152099609e+01
9.988748550415039062e+00
9.914489746093750000e+00
9.844237327575683594e+00
9.778036117553710938e+00
9.715929031372070312e+00
9.657959938049316406e+00
9.604171752929687500e+00
9.554609298706054688e+00
9.509316444396972656e+00
9.468336105346679688e+00
9.431713104248046875e+00
9.399490356445312500e+00
9.371711730957031250e+00
9.348422050476074219e+00
9.329663276672363281e+00
9.315480232238769531e+00
9.305916786193847656e+00
9.301015853881835938e+00
9.300823211669921875e+00
9.305379867553710938e+00
9.314731597900390625e+00
9.328921318054199219e+00
9.347992897033691406e+00
9.371976852416992188e+00
9.400841712951660156e+00
9.434546470642089844e+00
9.473048210144042969e+00
9.516301155090332031e+00
9.564264297485351562e+00
9.616893768310546875e+00
9.674144744873046875e+00
9.735977172851562500e+00
9.802345275878906250e+00
9.873206138610839844e+00
9.948517799377441406e+00
1.002823543548583984e+01
1.011231613159179688e+01
1.020071792602539062e+01
1.029339504241943359e+01
1.039030742645263672e+01
1.049140930175781250e+01
1.059665775299072266e+01
1.070601081848144531e+01
1.081942367553710938e+01
1.093685340881347656e+01
1.105825805664062500e+01
1.118359375000000000e+01
1.131281566619873047e+01
1.144588184356689453e+01
1.158274936676025391e+01
1.172337532043457031e+01
1.186771488189697266e+01
1.201572513580322266e+01
1.216736412048339844e+01
1.232258796691894531e+01
1.248135185241699219e+01
1.264361572265625000e+01
1.280933284759521484e+01
1.297846126556396484e+01
1.315095901489257812e+01
1.332678127288818359e+01
1.350588512420654297e+01
1.368822860717773438e+01
1.387376689910888672e+01
1.406245613098144531e+01
1.425425529479980469e+01
1.444912052154541016e+01
1.464700508117675781e+01
1.484787082672119141e+01
1.505167198181152344e+01
1.525836563110351562e+01
1.546790790557861328e+01
1.568025588989257812e+01
1.589535999298095703e+01
1.611313629150390625e+01
1.633349609375000000e+01
1.655635261535644531e+01
1.678161239624023438e+01
1.700918960571289062e+01
1.723899078369140625e+01
1.747093200683593750e+01
1.770491981506347656e+01
1.794086456298828125e+01
1.817867851257324219e+01
1.841827392578125000e+01
1.865955924987792969e+01
1.890244674682617188e+01
1.914684486389160156e+01
1.939266586303710938e+01
1.963981819152832031e+01
1.988821601867675781e+01
2.013776588439941406e+01
2.038838386535644531e+01
2.063997459411621094e+01
2.089245223999023438e+01
2.114572906494140625e+01
2.139971160888671875e+01
2.165431213378906250e+01
2.190944290161132812e+01
2.216501045227050781e+01
2.242092895507812500e+01
2.267711067199707031e+01
2.293346214294433594e+01
2.318989372253417969e+01
2.344632148742675781e+01
2.370265007019042969e+01
2.395879364013671875e+01
2.421466255187988281e+01
2.447016525268554688e+01
2.472521400451660156e+01
2.497972106933593750e+01
2.523359489440917969e+01
2.548674583435058594e+01
2.573908615112304688e+01
2.599052429199218750e+01
2.624097442626953125e+01
2.649034309387207031e+01
2.673854446411132812e+01
2.698548698425292969e+01
2.723108291625976562e+01
2.747523880004882812e+01
2.771787261962890625e+01
2.795888710021972656e+01
2.819820213317871094e+01
2.843575096130371094e+01
2.867146301269531250e+01
2.890527915954589844e+01
2.913713073730468750e+01
2.936696052551269531e+01
2.959469795227050781e+01
2.982027816772460938e+01
3.004364204406738281e+01
3.026472473144531250e+01
3.048345756530761719e+01
3.069977951049804688e+01
3.091362762451171875e+01
3.112493515014648438e+01
3.133363723754882812e+01
3.153967285156250000e+01
3.174297523498535156e+01
3.194348144531250000e+01
3.214112854003906250e+01
3.233584594726562500e+01
3.252757644653320312e+01
3.271625518798828125e+01
3.290181732177734375e+01
3.308419418334960938e+01
3.326332473754882812e+01
3.343914794921875000e+01
3.361159133911132812e+01
3.378060150146484375e+01
3.394610595703125000e+01
3.410804367065429688e+01
3.426634979248046875e+01
3.442095947265625000e+01
3.457181167602539062e+01
3.471883773803710938e+01
3.486197662353515625e+01
3.500115966796875000e+01
3.513633346557617188e+01
3.526741790771484375e+01
3.539436340332031250e+01
3.551709747314453125e+01
3.563555526733398438e+01
3.574967956542968750e+01
3.585939788818359375e+01
3.596465301513671875e+01
3.606537628173828125e+01
3.616150283813476562e+01
3.625297546386718750e+01
3.633972167968750000e+01
3.642168045043945312e+01
3.649878692626953125e+01
3.657099533081054688e+01
3.663830184936523438e+01
3.670073318481445312e+01
3.675830078125000000e+01
3.681102752685546875e+01
3.685893249511718750e+01
3.690202713012695312e+01
3.694033813476562500e+01
3.697388076782226562e+01
3.700267410278320312e+01
3.702673339843750000e+01
3.704608154296875000e+01
3.706073379516601562e+01
3.707070922851562500e+01
3.707602691650390625e+01
3.707670211791992188e+01
3.707275772094726562e+01
3.706421279907226562e+01
3.705108261108398438e+01
3.703338241577148438e+01
3.701113510131835938e+01
3.698436355590820312e+01
3.695307922363281250e+01
3.691730117797851562e+01
3.687704849243164062e+01
3.683234024047851562e+01
3.678319168090820312e+01
3.672962951660156250e+01
3.667166519165039062e+01
3.660931777954101562e+01
3.654260635375976562e+01
3.647154998779296875e+01
3.639616775512695312e+01
3.631647491455078125e+01
3.623249435424804688e+01
3.614424133300781250e+01
3.605173110961914062e+01
3.595499038696289062e+01
3.585403442382812500e+01
3.574887466430664062e+01
3.563953781127929688e+01
3.552603912353515625e+01
3.540840148925781250e+01
3.528663253784179688e+01
3.516076278686523438e+01
3.503080368041992188e+01
3.489677810668945312e+01
3.475869750976562500e+01
3.461658477783203125e+01
3.447045898437500000e+01
3.432034683227539062e+01
3.416631698608398438e+01
3.400845718383789062e+01
3.384683609008789062e+01
3.368153762817382812e+01
3.351264953613281250e+01
3.334024047851562500e+01
3.316439437866210938e+01
3.298519515991210938e+01
3.280271911621093750e+01
3.261704254150390625e+01
3.242824935913085938e+01
3.223642349243164062e+01
3.204163742065429688e+01
3.184397697448730469e+01
3.164351654052734375e+01
3.144034004211425781e+01
3.123452377319335938e+01
3.102615165710449219e+01
3.081530380249023438e+01
3.060205650329589844e+01
3.038649177551269531e+01
3.016868782043457031e+01
2.994872665405273438e+01
2.972669029235839844e+01
2.950265312194824219e+01
2.927669715881347656e+01
2.904890251159667969e+01
2.881935119628906250e+01
2.858812141418457031e+01
2.835529136657714844e+01
2.812094497680664062e+01
2.788515663146972656e+01
2.764801025390625000e+01
2.740958595275878906e+01
2.716996002197265625e+01
2.692921829223632812e+01
2.668743515014648438e+01
2.644469451904296875e+01
2.620107269287109375e+01
2.595664978027343750e+01
2.571150970458984375e+01
2.546572875976562500e+01
2.521938705444335938e+01
2.497256660461425781e+01
2.472534561157226562e+01
2.447780418395996094e+01
2.423002433776855469e+01
2.398208236694335938e+01
2.373405838012695312e+01
2.348603439331054688e+01
2.323808288574218750e+01
2.299027442932128906e+01
2.274268341064453125e+01
2.249538421630859375e+01
2.224844551086425781e+01
2.200194168090820312e+01
2.175594711303710938e+01
2.151053047180175781e+01
2.126576995849609375e+01
2.102173233032226562e+01
2.077849388122558594e+01
2.053612518310546875e+01
2.029470062255859375e+01
2.005429077148437500e+01
1.981497192382812500e+01
1.957681274414062500e+01
1.933988571166992188e+01
1.910426521301269531e+01
1.887002563476562500e+01
1.863723564147949219e+01
1.840597152709960938e+01
1.817630195617675781e+01
1.794830513000488281e+01
1.772204589843750000e+01
1.749760437011718750e+01
1.727504730224609375e+01
1.705445289611816406e+01
1.683588981628417969e+01
1.661943054199218750e+01
1.640514945983886719e+01
1.619311904907226562e+01
1.598341178894042969e+01
1.577610015869140625e+01
1.557125568389892578e+01
1.536895084381103516e+01
1.516926097869873047e+01
1.497225570678710938e+01
1.477800941467285156e+01
1.458659362792968750e+01
1.439808177947998047e+01
1.421254634857177734e+01
1.403005981445312500e+01
1.385069370269775391e+01
1.367452144622802734e+01
1.350161743164062500e+01
1.333205127716064453e+01
1.316589736938476562e+01
1.300322914123535156e+01
1.284411621093750000e+01
1.268862342834472656e+01
1.253676795959472656e+01
1.238855934143066406e+01
1.224400424957275391e+01
1.210311317443847656e+01
1.196589279174804688e+01
1.183235263824462891e+01
1.170249938964843750e+01
1.157634353637695312e+01
1.145389175415039062e+01
1.133515262603759766e+01
1.122013378143310547e+01
1.110884571075439453e+01
1.100129413604736328e+01
1.089748954772949219e+01
1.079743862152099609e+01
1.070115089416503906e+01
1.060863494873046875e+01
1.051989746093750000e+01
1.043494701385498047e+01
1.035379314422607422e+01
1.027644348144531250e+01
1.020290660858154297e+01
1.013319015502929688e+01
1.006730365753173828e+01
1.000525474548339844e+01
9.947050094604492188e+00
9.892701148986816406e+00
9.842214584350585938e+00
9.795598030090332031e+00
9.752861022949218750e+00
9.714011192321777344e+00
9.679057121276855469e+00
9.648007392883300781e+00
9.620869636535644531e+00
9.597652435302734375e+00
9.578364372253417969e+00
9.563013076782226562e+00
9.551609039306640625e+00
9.544157028198242188e+00
9.540668487548828125e+00
9.541150093078613281e+00
9.545610427856445312e+00
9.554058074951171875e+00
9.566501617431640625e+00
9.582947731018066406e+00
9.603406906127929688e+00
9.627885818481445312e+00
9.656394004821777344e+00
9.688940048217773438e+00
9.725519180297851562e+00
9.766087532043457031e+00
9.810588836669921875e+00
9.858964920043945312e+00
9.911159515380859375e+00
9.967117309570312500e+00
1.002678012847900391e+01
1.009009265899658203e+01
1.015699768066406250e+01
1.022743797302246094e+01
1.030135726928710938e+01
1.037870025634765625e+01
1.045940876007080078e+01
1.054342651367187500e+01
1.063069725036621094e+01
1.072116470336914062e+01
1.081477069854736328e+01
1.091145992279052734e+01
1.101117610931396484e+01
1.111386203765869141e+01
1.121945953369140625e+01
1.132791519165039062e+01
1.143916988372802734e+01
1.155316829681396484e+01
1.166985321044921875e+01
1.178916835784912109e+01
1.191105747222900391e+01
1.203546333312988281e+01
1.216232872009277344e+01
1.229159832000732422e+01
1.242321395874023438e+01
1.255712032318115234e+01
1.269326114654541016e+01
1.283157825469970703e+01
1.297201728820800781e+01
1.311451911926269531e+01
1.325902843475341797e+01
1.340548896789550781e+01
1.355384349822998047e+01
1.370403575897216797e+01
1.385600852966308594e+01
1.400970458984375000e+01
1.416507053375244141e+01
1.432204627990722656e+01
1.448057556152343750e+01
1.464060497283935547e+01
1.480207347869873047e+01
1.496492671966552734e+01
1.512910842895507812e+01
1.529456233978271484e+01
1.546122837066650391e+01
1.562903881072998047e+01
1.579792594909667969e+01
1.596781826019287109e+01
1.613864517211914062e+01
1.631034088134765625e+01
1.648283004760742188e+01
1.665604972839355469e+01
1.682992362976074219e+01
1.700438499450683594e+01
1.717936515808105469e+01
1.735479354858398438e+01
1.753059959411621094e+01
1.770671463012695312e+01
1.788306808471679688e+01
1.805959129333496094e+01
1.823621368408203125e+01
1.841286468505859375e+01
1.858947753906250000e+01
1.876598167419433594e+01
1.894230461120605469e+01
1.911837768554687500e+01
1.929413414001464844e+01
1.946949958801269531e+01
1.964441108703613281e+01
1.981879043579101562e+01
1.999257469177246094e+01
2.016569137573242188e+01
2.033806991577148438e+01
2.050964355468750000e+01
2.068033981323242188e+01
2.085008811950683594e+01
2.101882362365722656e+01
2.118647193908691406e+01
2.135296630859375000e+01
2.151823616027832031e+01
2.168220901489257812e+01
2.184481811523437500e+01
2.200599479675292969e+01
2.216566658020019531e+01
2.232376480102539062e+01
2.248022079467773438e+01
2.263496208190917969e+01
2.278792381286621094e+01
2.293903160095214844e+01
2.308821678161621094e+01
2.323541069030761719e+01
2.338054466247558594e+01
2.352354621887207031e+01
2.366434669494628906e+01
2.380288505554199219e+01
2.393912506103515625e+01
2.407304382324218750e+01
2.420461654663085938e+01
2.433381271362304688e+01
2.446061134338378906e+01
2.458498191833496094e+01
2.470690345764160156e+01
2.482634544372558594e+01
2.494328498840332031e+01
2.505769538879394531e+01
2.516954994201660156e+01
2.527882385253906250e+01
2.538549232482910156e+01
2.548952674865722656e+01
2.559090423583984375e+01
2.568959426879882812e+01
2.578557777404785156e+01
2.587882232666015625e+01
2.596930694580078125e+01
2.605700111389160156e+01
2.614188575744628906e+01
2.622392654418945312e+01
2.630310249328613281e+01
2.637939071655273438e+01
2.645275878906250000e+01
2.652318572998046875e+01
2.659064102172851562e+01
2.665510177612304688e+01
2.671654319763183594e+01
2.677493858337402344e+01
2.683026313781738281e+01
2.688248634338378906e+01
2.693158721923828125e+01
2.697753524780273438e+01
2.702030944824218750e+01
2.705988121032714844e+01
2.709622764587402344e+01
2.712931823730468750e+01
2.715913200378417969e+01
2.718563842773437500e+01
2.720881271362304688e+01
2.722863388061523438e+01
2.724506950378417969e+01
2.725809860229492188e+01
2.726769256591796875e+01
2.727382469177246094e+01
2.727647209167480469e+01
2.727560424804687500e+01
2.727120208740234375e+01
2.726324462890625000e+01
2.725175666809082031e+01
2.723677444458007812e+01
2.721832656860351562e+01
2.719645500183105469e+01
2.717118835449218750e+01
2.714256095886230469e+01
2.711060714721679688e+01
2.707535934448242188e+01
2.703685569763183594e+01
2.699512672424316406e+01
2.695020866394042969e+01
2.690213203430175781e+01
2.685093498229980469e+01
2.679664993286132812e+01
2.673930740356445312e+01
2.667894554138183594e+01
2.661559867858886719e+01
2.654929733276367188e+01
2.648007583618164062e+01
2.640797233581542969e+01
2.633301734924316406e+01
2.625524330139160156e+01
2.617468833923339844e+01
2.609138488769531250e+01
2.600536346435546875e+01
2.591666412353515625e+01
2.582531738281250000e+01
2.573135375976562500e+01
2.563481521606445312e+01
2.553572845458984375e+01
2.543413162231445312e+01
2.533005714416503906e+01
2.522353935241699219e+01
2.511461448669433594e+01
2.500331115722656250e+01
2.488966560363769531e+01
2.477371406555175781e+01
2.465548706054687500e+01
2.453502273559570312e+01
2.441235160827636719e+01
2.428750801086425781e+01
2.416052627563476562e+01
2.403144073486328125e+01
2.390028572082519531e+01
2.376709556579589844e+01
2.363190269470214844e+01
2.349474143981933594e+01
2.335564422607421875e+01
2.321464920043945312e+01
2.307179260253906250e+01
2.292712783813476562e+01
2.278071784973144531e+01
2.263262557983398438e+01
2.248290443420410156e+01
2.233162117004394531e+01
2.217883300781250000e+01
2.202460098266601562e+01
2.186898612976074219e+01
2.171204757690429688e+01
2.155384635925292969e+01
2.139444160461425781e+01
2.123389816284179688e+01
2.107226943969726562e+01
2.090962028503417969e+01
2.074600982666015625e+01
2.058150100708007812e+01
2.041614913940429688e+01
2.025001907348632812e+01
2.008316612243652344e+01
1.991565704345703125e+01
1.974754905700683594e+01
1.957890129089355469e+01
1.940977478027343750e+01
1.924023246765136719e+01
1.907032966613769531e+01
1.890013122558593750e+01
1.872969627380371094e+01
1.855908584594726562e+01
1.838835716247558594e+01
1.821757507324218750e+01
1.804679489135742188e+01
1.787607955932617188e+01
1.770549201965332031e+01
1.753508758544921875e+01
1.736493110656738281e+01
1.719507980346679688e+01
1.702559471130371094e+01
1.685653877258300781e+01
1.668796730041503906e+01
1.651994514465332031e+01
1.635253143310546875e+01
1.618578338623046875e+01
1.601976776123046875e+01
1.585453987121582031e+01
1.569016170501708984e+01
1.552669143676757812e+01
1.536419200897216797e+01
1.520272445678710938e+01
1.504234695434570312e+01
1.488311672210693359e+01
1.472507381439208984e+01
1.456825447082519531e+01
1.441269397735595703e+01
1.425842857360839844e+01
1.410549545288085938e+01
1.395392894744873047e+01
1.380376625061035156e+01
1.365504360198974609e+01
1.350779628753662109e+01
1.336206054687500000e+01
1.321787261962890625e+01
1.307526874542236328e+01
1.293428421020507812e+01
1.279495620727539062e+01
1.265732002258300781e+01
1.252141094207763672e+01
1.238726711273193359e+01
1.225492286682128906e+01
1.212441539764404297e+01
1.199577903747558594e+01
1.186905097961425781e+01
1.174426746368408203e+01
1.162146472930908203e+01
1.150067806243896484e+01
1.138194370269775391e+01
1.126529788970947266e+01
1.115077686309814453e+01
1.103841686248779297e+01
1.092825317382812500e+01
1.082032108306884766e+01
1.071465873718261719e+01
1.061130046844482422e+01
1.051028442382812500e+01
1.041164398193359375e+01
1.031541728973388672e+01
1.022163963317871094e+01
1.013034725189208984e+01
1.004157447814941406e+01
9.955360412597656250e+00
9.871738433837890625e+00
9.790746688842773438e+00
9.712419509887695312e+00
9.636794090270996094e+00
9.563905715942382812e+00
9.493790626525878906e+00
9.426486015319824219e+00
9.362025260925292969e+00
9.300447463989257812e+00
9.241787910461425781e+00
9.186072349548339844e+00
9.133296966552734375e+00
9.083446502685546875e+00
9.036508560180664062e+00
8.992466926574707031e+00
8.951309204101562500e+00
8.913020133972167969e+00
8.877587318420410156e+00
8.844994544982910156e+00
8.815229415893554688e+00
8.788275718688964844e+00
8.764122009277343750e+00
8.742752075195312500e+00
8.724154472351074219e+00
8.708311080932617188e+00
8.695211410522460938e+00
8.684840202331542969e+00
8.677183151245117188e+00
8.672224998474121094e+00
8.669955253601074219e+00
8.670355796813964844e+00
8.673414230346679688e+00
8.679117202758789062e+00
8.687449455261230469e+00
8.698397636413574219e+00
8.711947441101074219e+00
8.728084564208984375e+00
8.746795654296875000e+00
8.768065452575683594e+00
8.791879653930664062e+00
8.818225860595703125e+00
8.847089767456054688e+00
8.878456115722656250e+00
8.912310600280761719e+00
8.948640823364257812e+00
8.987431526184082031e+00
9.028668403625488281e+00
9.072338104248046875e+00
9.118426322937011719e+00
9.166919708251953125e+00
9.217802047729492188e+00
9.271060943603515625e+00
9.326683044433593750e+00
9.384652137756347656e+00
9.444954872131347656e+00
9.507577896118164062e+00
9.572506904602050781e+00
9.639727592468261719e+00
9.709225654602050781e+00
9.780987739562988281e+00
9.854992866516113281e+00
9.931200027465820312e+00
1.000956058502197266e+01
1.009002780914306641e+01
1.017255401611328125e+01
1.025709152221679688e+01
1.034359169006347656e+01
1.043200588226318359e+01
1.052228927612304688e+01
1.061439228057861328e+01
1.070826721191406250e+01
1.080386638641357422e+01
1.090114307403564453e+01
1.100004863739013672e+01
1.110053539276123047e+01
1.120255565643310547e+01
1.130606174468994141e+01
1.141100692749023438e+01
1.151734161376953125e+01
1.162501907348632812e+01
1.173399162292480469e+01
1.184421062469482422e+01
1.195563030242919922e+01
1.206820106506347656e+01
1.218187618255615234e+01
1.229660797119140625e+01
1.241234874725341797e+01
1.252904891967773438e+01
1.264666366577148438e+01
1.276514339447021484e+01
1.288444137573242188e+01
1.300450897216796875e+01
1.312529945373535156e+01
1.324676418304443359e+01
1.336885547637939453e+01
1.349152565002441406e+01
1.361472702026367188e+01
1.373841381072998047e+01
1.386253547668457031e+01
1.398704528808593750e+01
1.411189556121826172e+01
1.423703861236572266e+01
1.436242866516113281e+01
1.448801326751708984e+01
1.461374950408935547e+01
1.473958778381347656e+01
1.486547851562500000e+01
1.499137783050537109e+01
1.511723327636718750e+01
1.524300193786621094e+01
1.536863517761230469e+01
1.549408912658691406e+01
1.561932563781738281e+01
1.574430465698242188e+01
1.586898231506347656e+01
1.599331951141357422e+01
1.611727714538574219e+01
1.624081039428710938e+01
1.636388397216796875e+01
1.648645210266113281e+01
1.660847473144531250e+01
1.672991371154785156e+01
1.685072708129882812e+01
1.697087478637695312e+01
1.709031486511230469e+01
1.720900535583496094e+01
1.732690811157226562e+01
1.744398117065429688e+01
1.756018447875976562e+01
1.767547607421875000e+01
1.778981781005859375e+01
1.790316390991210938e+01
1.801547813415527344e+01
1.812671852111816406e+01
1.823684501647949219e+01
1.834581375122070312e+01
1.845358657836914062e+01
1.856012344360351562e+01
1.866538238525390625e+01
1.876932144165039062e+01
1.887190246582031250e+01
1.897308349609375000e+01
1.907282066345214844e+01
1.917107963562011719e+01
1.926781463623046875e+01
1.936298751831054688e+01
1.945655632019042969e+01
1.954847908020019531e+01
1.963871765136718750e+01
1.972723007202148438e+01
1.981397628784179688e+01
1.989891433715820312e+01
1.998200225830078125e+01
2.006320190429687500e+01
2.014247131347656250e+01
2.021977233886718750e+01
2.029505920410156250e+01
2.036829376220703125e+01
2.043943786621093750e+01
2.050844573974609375e+01
2.057528686523437500e+01
2.063994979858398438e+01
2.070243072509765625e+01
2.076272773742675781e+01
2.082083511352539062e+01
2.087675094604492188e+01
2.093047142028808594e+01
2.098199081420898438e+01
2.103131103515625000e+01
2.107842254638671875e+01
2.112332725524902344e+01
2.116601753234863281e+01
2.120649147033691406e+01
2.124474716186523438e+01
2.128077697753906250e+01
2.131458091735839844e+01
2.134615516662597656e+01
2.137549400329589844e+01
2.140259552001953125e+01
2.142745780944824219e+01
2.145007514953613281e+01
2.147044372558593750e+01
2.148855972290039062e+01
2.150442504882812500e+01
2.151802825927734375e+01
2.152937126159667969e+01
2.153844833374023438e+01
2.154525566101074219e+01
2.154979133605957031e+01
2.155205345153808594e+01
2.155203437805175781e+01
2.154973030090332031e+01
2.154514312744140625e+01
2.153826522827148438e+01
2.152909278869628906e+01
2.151762390136718750e+01
2.150385475158691406e+01
2.148778343200683594e+01
2.146940422058105469e+01
2.144871330261230469e+01
2.142570877075195312e+01
2.140038681030273438e+01
2.137274169921875000e+01
2.134277343750000000e+01
2.131047821044921875e+01
2.127584838867187500e+01
2.123888397216796875e+01
2.119958114624023438e+01
2.115793609619140625e+01
2.111394500732421875e+01
2.106761169433593750e+01
2.101896095275878906e+01
2.096802330017089844e+01
2.091483306884765625e+01
2.085942077636718750e+01
2.080181884765625000e+01
2.074205780029296875e+01
2.068017005920410156e+01
2.061618995666503906e+01
2.055014419555664062e+01
2.048206901550292969e+01
2.041199684143066406e+01
2.033995437622070312e+01
2.026597976684570312e+01
2.019009971618652344e+01
2.011234855651855469e+01
2.003275871276855469e+01
1.995136070251464844e+01
1.986818504333496094e+01
1.978326606750488281e+01
1.969663619995117188e+01
1.960832595825195312e+01
1.951836395263671875e+01
1.942678833007812500e+01
1.933362770080566406e+01
1.923891258239746094e+01
1.914267730712890625e+01
1.904495048522949219e+01
1.894576835632324219e+01
1.884515953063964844e+01
1.874315834045410156e+01
1.863979530334472656e+01
1.853509902954101562e+01
1.842910766601562500e+01
1.832184791564941406e+01
1.821335411071777344e+01
1.810365867614746094e+01
1.799279022216796875e+01
1.788078498840332031e+01
1.776767158508300781e+01
1.765348243713378906e+01
1.753825187683105469e+01
1.742200660705566406e+01
1.730478477478027344e+01
1.718661117553710938e+01
1.706752395629882812e+01
1.694755172729492188e+01
1.682672882080078125e+01
1.670508384704589844e+01
1.658264923095703125e+01
1.645945930480957031e+01
1.633555221557617188e+01
1.621096420288085938e+01
1.608573722839355469e+01
1.595990657806396484e+01
1.583351325988769531e+01
1.570659542083740234e+01
1.557919120788574219e+01
1.545134162902832031e+01
1.532308197021484375e+01
1.519445133209228516e+01
1.506549072265625000e+01
1.493623638153076172e+01
1.480673027038574219e+01
1.467700862884521484e+01
1.454711055755615234e+01
1.441707515716552734e+01
1.428693962097167969e+01
1.415674495697021484e+01
1.402652740478515625e+01
1.389632892608642578e+01
1.376618385314941406e+01
1.363613605499267578e+01
1.350622081756591797e+01
1.337647724151611328e+01
1.324694347381591797e+01
1.311765956878662109e+01
1.298866462707519531e+01
1.285999584197998047e+01
1.273169231414794922e+01
1.260379314422607422e+01
1.247633743286132812e+01
1.234936237335205078e+01
1.222290802001953125e+01
1.209701251983642578e+01
1.197171497344970703e+01
1.184705448150634766e+01
1.172306823730468750e+01
1.159979534149169922e+01
1.147727584838867188e+01
1.135554790496826172e+01
1.123464965820312500e+01
1.111461925506591797e+01
1.099549674987792969e+01
1.087732028961181641e+01
1.076012802124023438e+01
1.064395904541015625e+01
1.052885341644287109e+01
1.041484737396240234e+01
1.030198097229003906e+01
1.019028949737548828e+01
1.007979297637939453e+01
9.970504760742187500e+00
9.862442970275878906e+00
9.755621910095214844e+00
9.650058746337890625e+00
9.545767784118652344e+00
9.442766189575195312e+00
9.341068267822265625e+00
9.240692138671875000e+00
9.141651153564453125e+00
9.043962478637695312e+00
8.947640419006347656e+00
8.852703094482421875e+00
8.759164810180664062e+00
8.667040824890136719e+00
8.576348304748535156e+00
8.487102508544921875e+00
8.399319648742675781e+00
8.313014030456542969e+00
8.228201866149902344e+00
8.144900321960449219e+00
8.063124656677246094e+00
7.982890129089355469e+00
7.904212951660156250e+00
7.827108383178710938e+00
7.751592636108398438e+00
7.677680969238281250e+00
7.605390548706054688e+00
7.534735202789306641e+00
7.465732097625732422e+00
7.398396968841552734e+00
7.332744598388671875e+00
7.268792152404785156e+00
7.206554889678955078e+00
7.146048069000244141e+00
7.087287425994873047e+00
7.030289173126220703e+00
6.975069522857666016e+00
6.921644210815429688e+00
6.870028018951416016e+00
6.820237636566162109e+00
6.772288322448730469e+00
6.726196765899658203e+00
6.681977748870849609e+00
6.639647006988525391e+00
6.599221229553222656e+00
6.560715675354003906e+00
6.524146080017089844e+00
6.489528656005859375e+00
6.456872940063476562e+00
6.426169872283935547e+00
6.397403717041015625e+00
6.370558261871337891e+00
6.345618724822998047e+00
6.322569370269775391e+00
6.301395416259765625e+00
6.282080173492431641e+00
6.264609336853027344e+00
6.248966693878173828e+00
6.235136985778808594e+00
6.223104953765869141e+00
6.212854862213134766e+00
6.204371452331542969e+00
6.197638988494873047e+00
6.192642688751220703e+00
6.189365863800048828e+00
6.187793731689453125e+00
6.187911510467529297e+00
6.189702510833740234e+00
6.193151950836181641e+00
6.198244571685791016e+00
6.204964160919189453e+00
6.213295936584472656e+00
6.223224163055419922e+00
6.234733104705810547e+00
6.247807979583740234e+00
6.262432575225830078e+00
6.278591632843017578e+00
6.296270370483398438e+00
6.315452575683593750e+00
6.336122512817382812e+00
6.358265399932861328e+00
6.381865978240966797e+00
6.406908035278320312e+00
6.433376312255859375e+00
6.461256027221679688e+00
6.490530490875244141e+00
6.521185398101806641e+00
6.553204059600830078e+00
6.586572170257568359e+00
6.621273994445800781e+00
6.657293319702148438e+00
6.694615840911865234e+00
6.733225345611572266e+00
6.773106098175048828e+00
6.814244270324707031e+00
6.856622219085693359e+00
6.900225639343261719e+00
6.945038795471191406e+00
6.991043567657470703e+00
7.038212299346923828e+00
7.086515426635742188e+00
7.135920524597167969e+00
7.186398983001708984e+00
7.237918853759765625e+00
7.290451049804687500e+00
7.343964576721191406e+00
7.398429393768310547e+00
7.453813552856445312e+00
7.510088920593261719e+00
7.567223072052001953e+00
7.625186920166015625e+00
7.683948993682861328e+00
7.743480205535888672e+00
7.803749084472656250e+00
7.864724636077880859e+00
7.926377773284912109e+00
7.988677978515625000e+00
8.051593780517578125e+00
8.115096092224121094e+00
8.179152488708496094e+00
8.243735313415527344e+00
8.308811187744140625e+00
8.374351501464843750e+00
8.440325736999511719e+00
8.506703376770019531e+00
8.573452949523925781e+00
8.640544891357421875e+00
8.707949638366699219e+00
8.775634765625000000e+00
8.843571662902832031e+00
8.911728858947753906e+00
8.980075836181640625e+00
9.048583030700683594e+00
9.117218971252441406e+00
9.185954093933105469e+00
9.254757881164550781e+00
9.323599815368652344e+00
9.392449378967285156e+00
9.461276054382324219e+00
9.530049324035644531e+00
9.598737716674804688e+00
9.667313575744628906e+00
9.735744476318359375e+00
9.803999900817871094e+00
9.872050285339355469e+00
9.939864158630371094e+00
1.000741291046142578e+01
1.007466506958007812e+01
1.014159011840820312e+01
1.020816802978515625e+01
1.027437877655029297e+01
1.034020137786865234e+01
1.040561389923095703e+01
1.047059726715087891e+01
1.053513145446777344e+01
1.059919548034667969e+01
1.066276836395263672e+01
1.072583103179931641e+01
1.078836154937744141e+01
1.085033988952636719e+01
1.091174697875976562e+01
1.097255992889404297e+01
1.103275966644287109e+01
1.109232711791992188e+01
1.115123939514160156e+01
1.120947837829589844e+01
1.126702117919921875e+01
1.132384872436523438e+01
1.137994098663330078e+01
1.143527698516845703e+01
1.148983573913574219e+01
1.154359817504882812e+01
1.159654331207275391e+01
1.164864921569824219e+01
1.169989776611328125e+01
1.175026702880859375e+01
1.179973697662353516e+01
1.184828662872314453e+01
1.189589691162109375e+01
1.194254684448242188e+01
1.198821544647216797e+01
1.203288269042968750e+01
1.207652759552001953e+01
1.211913108825683594e+01
1.216067123413085938e+01
1.220112895965576172e+01
1.224048233032226562e+01
1.227871131896972656e+01
1.231579685211181641e+01
1.235171604156494141e+01
1.238645172119140625e+01
1.241998100280761719e+01
1.245228290557861328e+01
1.248333930969238281e+01
1.251312923431396484e+01
1.254163074493408203e+01
1.256882381439208984e+01
1.259468936920166016e+01
1.261920928955078125e+01
1.264238548278808594e+01
1.266421794891357422e+01
1.268471050262451172e+01
1.270386791229248047e+01
1.272169113159179688e+01
1.273818588256835938e+01
1.275335407257080078e+01
1.276719856262207031e+01
1.277972126007080078e+01
1.279092884063720703e+01
1.280082130432128906e+01
1.280940341949462891e+01
1.281667804718017578e+01
1.282264804840087891e+01
1.282731723785400391e+01
1.283068847656250000e+01
1.283276367187500000e+01
1.283354759216308594e+01
1.283304309844970703e+01
1.283125305175781250e+01
1.282818126678466797e+01
1.282382965087890625e+01
1.281820201873779297e+01
1.281130218505859375e+01
1.280313205718994141e+01
1.279369640350341797e+01
1.278299713134765625e+01
1.277103710174560547e+01
1.275782108306884766e+01
1.274335098266601562e+01
1.272762966156005859e+01
1.271066188812255859e+01
1.269244956970214844e+01
1.267299556732177734e+01
1.265230369567871094e+01
1.263037776947021484e+01
1.260722064971923828e+01
1.258283424377441406e+01
1.255722332000732422e+01
1.253038883209228516e+01
1.250233650207519531e+01
1.247306919097900391e+01
1.244258785247802734e+01
1.241089725494384766e+01
1.237800121307373047e+01
1.234390163421630859e+01
1.230860233306884766e+01
1.227210712432861328e+01
1.223441696166992188e+01
1.219553947448730469e+01
1.215549373626708984e+01
1.211429691314697266e+01
1.207197284698486328e+01
1.202854251861572266e+01
1.198402404785156250e+01
1.193844032287597656e+01
1.189181137084960938e+01
1.184415817260742188e+01
1.179550075531005859e+01
1.174586105346679688e+01
1.169525909423828125e+01
1.164371490478515625e+01
1.159125041961669922e+01
1.153788661956787109e+01
1.148364257812500000e+01
1.142854118347167969e+01
1.137260150909423828e+01
1.131584548950195312e+01
1.125829315185546875e+01
1.119996452331542969e+01
1.114088153839111328e+01
1.108106517791748047e+01
1.102053451538085938e+01
1.095931243896484375e+01
1.089741897583007812e+01
1.083487319946289062e+01
1.077169799804687500e+01
1.070791339874267578e+01
1.064353942871093750e+01
1.057859802246093750e+01
1.051310920715332031e+01
1.044709396362304688e+01
1.038057327270507812e+01
1.031356716156005859e+01
1.024609756469726562e+01
1.017818355560302734e+01
1.010984706878662109e+01
1.004110908508300781e+01
9.971989631652832031e+00
9.902508735656738281e+00
9.832689285278320312e+00
9.762551307678222656e+00
9.692113876342773438e+00
9.621398925781250000e+00
9.550427436828613281e+00
9.479220390319824219e+00
9.407796859741210938e+00
9.336180686950683594e+00
9.264389991760253906e+00
9.192445755004882812e+00
9.120368957519531250e+00
9.048178672790527344e+00
8.975896835327148438e+00
8.903542518615722656e+00
8.831135749816894531e+00
8.758696556091308594e+00
8.686245918273925781e+00
8.613802909851074219e+00
8.541389465332031250e+00
8.469023704528808594e+00
8.396726608276367188e+00
8.324518203735351562e+00
8.252418518066406250e+00
8.180448532104492188e+00
8.108628273010253906e+00
8.036975860595703125e+00
7.965514659881591797e+00
7.894262790679931641e+00
7.823241233825683594e+00
7.752468585968017578e+00
7.681967258453369141e+00
7.611755371093750000e+00
7.541854381561279297e+00
7.472283840179443359e+00
7.403064250946044922e+00
7.334216594696044922e+00
7.265758514404296875e+00
7.197713375091552734e+00
7.130097866058349609e+00
7.062935352325439453e+00
6.996243476867675781e+00
6.930044651031494141e+00
6.864357471466064453e+00
6.799201965332031250e+00
6.734599590301513672e+00
6.670569419860839844e+00
6.607131958007812500e+00
6.544307708740234375e+00
6.482115745544433594e+00
6.420577049255371094e+00
6.359711647033691406e+00
6.299540042877197266e+00
6.240081787109375000e+00
6.181357383728027344e+00
6.123386859893798828e+00
6.066190242767333984e+00
6.009788036346435547e+00
5.954200267791748047e+00
5.899446964263916016e+00
5.845545768737792969e+00
5.792503833770751953e+00
5.740325450897216797e+00
5.689015865325927734e+00
5.638579368591308594e+00
5.589020252227783203e+00
5.540343761444091797e+00
5.492554664611816406e+00
5.445656299591064453e+00
5.399654388427734375e+00
5.354553699493408203e+00
5.310357570648193359e+00
5.267072200775146484e+00
5.224700927734375000e+00
5.183248996734619141e+00
5.142720699310302734e+00
5.103121280670166016e+00
5.064454078674316406e+00
5.026724815368652344e+00
4.989938259124755859e+00
4.954097747802734375e+00
4.919209480285644531e+00
4.885276317596435547e+00
4.852304935455322266e+00
4.820297718048095703e+00
4.789260864257812500e+00
4.759199142456054688e+00
4.730115413665771484e+00
4.702016353607177734e+00
4.674904823303222656e+00
4.648786544799804688e+00
4.623665809631347656e+00
4.599547386169433594e+00
4.576435089111328125e+00
4.554334163665771484e+00
4.533249855041503906e+00
4.513185977935791016e+00
4.494146823883056641e+00
4.476137638092041016e+00
4.459162712097167969e+00
4.443227291107177734e+00
4.428335189819335938e+00
4.414491176605224609e+00
4.401700019836425781e+00
4.389966487884521484e+00
4.379294395446777344e+00
4.369689464569091797e+00
4.361155509948730469e+00
4.353697776794433594e+00
4.347320556640625000e+00
4.342025279998779297e+00
4.337802886962890625e+00
4.334641933441162109e+00
4.332530021667480469e+00
4.331455230712890625e+00
4.331405162811279297e+00
4.332368373870849609e+00
4.334331989288330078e+00
4.337285518646240234e+00
4.341215610504150391e+00
4.346110343933105469e+00
4.351958274841308594e+00
4.358747482299804688e+00
4.366465568542480469e+00
4.375100612640380859e+00
4.384640216827392578e+00
4.395072937011718750e+00
4.406386852264404297e+00
4.418569564819335938e+00
4.431609153747558594e+00
4.445493221282958984e+00
4.460210800170898438e+00
4.475748538970947266e+00
4.492095470428466797e+00
4.509239673614501953e+00
4.527168273925781250e+00
4.545869827270507812e+00
4.565332412719726562e+00
4.585543155670166016e+00
4.606491565704345703e+00
4.628164291381835938e+00
4.650549888610839844e+00
4.673636436462402344e+00
4.697411537170410156e+00
4.721863269805908203e+00
4.746980190277099609e+00
4.772749900817871094e+00
4.799160003662109375e+00
4.826198577880859375e+00
4.853854656219482422e+00
4.882114887237548828e+00
4.910967826843261719e+00
4.940401554107666016e+00
4.970404148101806641e+00
5.000963687896728516e+00
5.032067298889160156e+00
5.063704013824462891e+00
5.095860958099365234e+00
5.128526687622070312e+00
5.161689281463623047e+00
5.195335388183593750e+00
5.229448795318603516e+00
5.264012813568115234e+00
5.299009323120117188e+00
5.334421634674072266e+00
5.370233058929443359e+00
5.406424999237060547e+00
5.442981719970703125e+00
5.479884624481201172e+00
5.517117500305175781e+00
5.554663181304931641e+00
5.592503547668457031e+00
5.630621910095214844e+00
5.669001579284667969e+00
5.707624435424804688e+00
5.746473312377929688e+00
5.785531520843505859e+00
5.824781417846679688e+00
5.864206314086914062e+00
5.903788566589355469e+00
5.943511009216308594e+00
5.983356475830078125e+00
6.023307800292968750e+00
6.063347339630126953e+00
6.103458404541015625e+00
6.143623828887939453e+00
6.183825492858886719e+00
6.224047183990478516e+00
6.264271736145019531e+00
6.304480552673339844e+00
6.344658374786376953e+00
6.384786605834960938e+00
6.424848556518554688e+00
6.464826583862304688e+00
6.504703998565673828e+00
6.544463157653808594e+00
6.584086894989013672e+00
6.623558044433593750e+00
6.662859916687011719e+00
6.701973915100097656e+00
6.740884780883789062e+00
6.779573440551757812e+00
6.818024635314941406e+00
6.856218814849853516e+00
6.894140243530273438e+00
6.931771278381347656e+00
6.969094753265380859e+00
7.006093978881835938e+00
7.042750835418701172e+00
7.079048156738281250e+00
7.114971160888671875e+00
7.150508403778076172e+00
7.185650348663330078e+00
7.220388889312744141e+00
7.254714488983154297e+00
7.288618087768554688e+00
7.322090148925781250e+00
7.355121612548828125e+00
7.387703418731689453e+00
7.419826030731201172e+00
7.451480865478515625e+00
7.482658386230468750e+00
7.513350009918212891e+00
7.543546199798583984e+00
7.573237419128417969e+00
7.602415084838867188e+00
7.631069660186767578e+00
7.659192085266113281e+00
7.686773777008056641e+00
7.713804721832275391e+00
7.740275859832763672e+00
7.766178607940673828e+00
7.791502952575683594e+00
7.816240310668945312e+00
7.840382099151611328e+00
7.863918304443359375e+00
7.886839866638183594e+00
7.909137248992919922e+00
7.930801868438720703e+00
7.951825141906738281e+00
7.972197055816650391e+00
7.991908073425292969e+00
8.010950088500976562e+00
8.029313087463378906e+00
8.046989440917968750e+00
8.063967704772949219e+00
8.080239295959472656e+00
8.095796585083007812e+00
8.110629081726074219e+00
8.124728202819824219e+00
8.138084411621093750e+00
8.150689125061035156e+00
8.162532806396484375e+00
8.173604965209960938e+00
8.183899879455566406e+00
8.193404197692871094e+00
8.202112197875976562e+00
8.210012435913085938e+00
8.217096328735351562e+00
8.223356246948242188e+00
8.228783607482910156e+00
8.233380317687988281e+00
8.237153053283691406e+00
8.240105628967285156e+00
8.242240905761718750e+00
8.243566513061523438e+00
8.244086265563964844e+00
8.243803977966308594e+00
8.242723464965820312e+00
8.240851402282714844e+00
8.238191604614257812e+00
8.234748840332031250e+00
8.230526924133300781e+00
8.225532531738281250e+00
8.219767570495605469e+00
8.213238716125488281e+00
8.205950736999511719e+00
8.197907447814941406e+00
8.189112663269042969e+00
8.179574012756347656e+00
8.169292449951171875e+00
8.158275604248046875e+00
8.146526336669921875e+00
8.134050369262695312e+00
8.120851516723632812e+00
8.106935501098632812e+00
8.092305183410644531e+00
8.076968193054199219e+00
8.060925483703613281e+00
8.044184684753417969e+00
8.026748657226562500e+00
8.008623123168945312e+00
7.989813327789306641e+00
7.970322132110595703e+00
7.950155258178710938e+00
7.929316997528076172e+00
7.907812595367431641e+00
7.885645866394042969e+00
7.862822532653808594e+00
7.839346408843994141e+00
7.815222263336181641e+00
7.790454387664794922e+00
7.765048980712890625e+00
7.739009380340576172e+00
7.712340354919433594e+00
7.685047149658203125e+00
7.657133579254150391e+00
7.628605365753173828e+00
7.599466323852539062e+00
7.569720268249511719e+00
7.539375305175781250e+00
7.508440494537353516e+00
7.476926803588867188e+00
7.444847106933593750e+00
7.412211418151855469e+00
7.379031658172607422e+00
7.345319747924804688e+00
7.311086177825927734e+00
7.276343822479248047e+00
7.241102218627929688e+00
7.205375194549560547e+00
7.169171810150146484e+00
7.132505416870117188e+00
7.095386981964111328e+00
7.057826519012451172e+00
7.019837856292724609e+00
6.981431007385253906e+00
6.942617416381835938e+00
6.903409004211425781e+00
6.863817214965820312e+00
6.823853015899658203e+00
6.783527851104736328e+00
6.742854118347167969e+00
6.701842308044433594e+00
6.660504341125488281e+00
6.618851661682128906e+00
6.576895713806152344e+00
6.534647941589355469e+00
6.492119312286376953e+00
6.449321746826171875e+00
6.406266689300537109e+00
6.362966060638427734e+00
6.319430351257324219e+00
6.275671482086181641e+00
6.231701374053955078e+00
6.187530994415283203e+00
6.143171310424804688e+00
6.098634719848632812e+00
6.053932189941406250e+00
6.009075164794921875e+00
5.964075565338134766e+00
5.918943881988525391e+00
5.873692512512207031e+00
5.828332424163818359e+00
5.782875537872314453e+00
5.737332820892333984e+00
5.691716194152832031e+00
5.646036148071289062e+00
5.600305557250976562e+00
5.554534912109375000e+00
5.508736133575439453e+00
5.462923526763916016e+00
5.417111396789550781e+00
5.371313571929931641e+00
5.325544357299804688e+00
5.279818534851074219e+00
5.234150409698486328e+00
5.188553810119628906e+00
5.143043518066406250e+00
5.097633361816406250e+00
5.052337646484375000e+00
5.007171630859375000e+00
4.962148666381835938e+00
4.917283058166503906e+00
4.872589588165283203e+00
4.828082084655761719e+00
4.783775329589843750e+00
4.739683151245117188e+00
4.695819854736328125e+00
4.652200698852539062e+00
4.608839035034179688e+00
4.565749168395996094e+00
4.522946357727050781e+00
4.480443477630615234e+00
4.438255786895751953e+00
4.396397590637207031e+00
4.354882240295410156e+00
4.313725471496582031e+00
4.272940635681152344e+00
4.232542514801025391e+00
4.192544937133789062e+00
4.152962207794189453e+00
4.113809108734130859e+00
4.075099945068359375e+00
4.036848545074462891e+00
3.999069690704345703e+00
3.961776971817016602e+00
3.924985647201538086e+00
3.888709306716918945e+00
3.852962493896484375e+00
3.817759513854980469e+00
3.783114671707153320e+00
3.749042510986328125e+00
3.715556621551513672e+00
3.682672500610351562e+00
3.650403261184692383e+00
3.618763685226440430e+00
3.587768316268920898e+00
3.557430744171142578e+00
3.527766466140747070e+00
3.498784065246582031e+00
3.470474481582641602e+00
3.442824602127075195e+00
3.415820598602294922e+00
3.389448404312133789e+00
3.363694190979003906e+00
3.338544607162475586e+00
3.313985586166381836e+00
3.290003538131713867e+00
3.266585111618041992e+00
3.243715763092041016e+00
3.221382617950439453e+00
3.199571132659912109e+00
3.178268194198608398e+00
3.157459497451782227e+00
3.137131929397583008e+00
3.117271184921264648e+00
3.097863912582397461e+00
3.078896284103393555e+00
3.060354471206665039e+00
3.042224645614624023e+00
3.024493455886840820e+00
3.007147073745727539e+00
2.990171194076538086e+00
2.973552703857421875e+00
2.957277774810791016e+00
2.941332340240478516e+00
2.925702810287475586e+00
2.910375833511352539e+00
2.895336866378784180e+00
2.880573034286499023e+00
2.866070270538330078e+00
2.851814746856689453e+00
2.837792634963989258e+00
2.823990345001220703e+00
2.810394048690795898e+00
2.796989917755126953e+00
2.783764839172363281e+00
2.770704269409179688e+00
2.757795095443725586e+00
2.745023012161254883e+00
2.732374668121337891e+00
2.719836473464965820e+00
2.707394123077392578e+00
2.695034265518188477e+00
2.682743310928344727e+00
2.670506954193115234e+00
2.658311843872070312e+00
2.646144628524780273e+00
2.633990526199340820e+00
