# tt
1.085237670898437500e+03
1.015338500976562500e+03
9.517415771484375000e+02
9.060520019531250000e+02
8.765895385742187500e+02
8.590268554687500000e+02
8.490938720703125000e+02
8.452854003906250000e+02
8.459398193359375000e+02
8.494181518554687500e+02
8.561829833984375000e+02
8.650016479492187500e+02
8.745070190429687500e+02
8.851918334960937500e+02
8.977852172851562500e+02
9.121029663085937500e+02
9.277083129882812500e+02
9.440666503906250000e+02
9.607606811523437500e+02
9.779379272460937500e+02
9.958185424804687500e+02
1.014348266601562500e+03
1.033414184570312500e+03
1.052944091796875000e+03
1.072894775390625000e+03
1.093301147460937500e+03
1.114192993164062500e+03
1.135506103515625000e+03
1.157181518554687500e+03
1.179279296875000000e+03
1.201862792968750000e+03
1.224888916015625000e+03
1.248279907226562500e+03
1.271927490234375000e+03
1.295772094726562500e+03
1.319981201171875000e+03
1.344721923828125000e+03
1.369935424804687500e+03
1.395506958007812500e+03
1.421342895507812500e+03
1.447437011718750000e+03
1.473804321289062500e+03
1.500460205078125000e+03
1.527419677734375000e+03
1.554695434570312500e+03
1.582288452148437500e+03
1.610196899414062500e+03
1.638419311523437500e+03
1.666953735351562500e+03
1.695799682617187500e+03
1.724960937500000000e+03
1.754442382812500000e+03
1.784249267578125000e+03
1.814386230468750000e+03
1.844855468750000000e+03
1.875648437500000000e+03
1.906753051757812500e+03
1.938157836914062500e+03
1.969850830078125000e+03
2.001825927734375000e+03
2.034097900390625000e+03
2.066687011718750000e+03
2.099613037109375000e+03
2.132896728515625000e+03
2.166550292968750000e+03
2.200557861328125000e+03
2.234894775390625000e+03
2.269536621093750000e+03
2.304460205078125000e+03
2.339649414062500000e+03
2.375125732421875000e+03
2.410918457031250000e+03
2.447056884765625000e+03
2.483571044921875000e+03
2.520483154296875000e+03
2.557788085937500000e+03
2.595472900390625000e+03
2.633524902343750000e+03
2.671931396484375000e+03
2.710679443359375000e+03
2.749754638671875000e+03
2.789141357421875000e+03
2.828825439453125000e+03
2.868791015625000000e+03
2.909027832031250000e+03
2.949541259765625000e+03
2.990340820312500000e+03
3.031436035156250000e+03
3.072837158203125000e+03
3.114551025390625000e+03
3.156576171875000000e+03
3.198908447265625000e+03
3.241543457031250000e+03
3.284477539062500000e+03
3.327706542968750000e+03
3.371226318359375000e+03
3.415032714843750000e+03
3.459121826171875000e+03
3.503489746093750000e+03
3.548131835937500000e+03
3.593044921875000000e+03
3.638223632812500000e+03
3.683665283203125000e+03
3.729365234375000000e+03
3.775319091796875000e+03
3.821523437500000000e+03
3.867973388671875000e+03
3.914665283203125000e+03
3.961595703125000000e+03
4.008758544921875000e+03
4.056147216796875000e+03
4.103752441406250000e+03
4.151566406250000000e+03
4.199579589843750000e+03
4.247784179687500000e+03
4.296171875000000000e+03
4.344732910156250000e+03
4.393460449218750000e+03
4.442345214843750000e+03
4.491377929687500000e+03
4.540551269531250000e+03
4.589856445312500000e+03
4.639284179687500000e+03
4.688827148437500000e+03
4.738475097656250000e+03
4.788221679687500000e+03
4.838057128906250000e+03
4.887972656250000000e+03
4.937959960937500000e+03
4.988010742187500000e+03
5.038113281250000000e+03
5.088255859375000000e+03
5.138426269531250000e+03
5.188613769531250000e+03
5.238806152343750000e+03
5.288991699218750000e+03
5.339158691406250000e+03
5.389295410156250000e+03
5.439390625000000000e+03
5.489432128906250000e+03
5.539408203125000000e+03
5.589307617187500000e+03
5.639117675781250000e+03
5.688827636718750000e+03
5.738425781250000000e+03
5.787899414062500000e+03
5.837238281250000000e+03
5.886429687500000000e+03
5.935461914062500000e+03
5.984324218750000000e+03
6.033007324218750000e+03
6.081503417968750000e+03
6.129803222656250000e+03
6.177898925781250000e+03
6.225781738281250000e+03
6.273443847656250000e+03
6.320876464843750000e+03
6.368070800781250000e+03
6.415019042968750000e+03
6.461712890625000000e+03
6.508143066406250000e+03
6.554301757812500000e+03
6.600180664062500000e+03
6.645771484375000000e+03
6.691065429687500000e+03
6.736054199218750000e+03
6.780729980468750000e+03
6.825083007812500000e+03
6.869105957031250000e+03
6.912790527343750000e+03
6.956126953125000000e+03
6.999108886718750000e+03
7.041726562500000000e+03
7.083971679687500000e+03
7.125835449218750000e+03
7.167305664062500000e+03
7.208371093750000000e+03
7.249020019531250000e+03
7.289237792968750000e+03
7.329014160156250000e+03
7.368337402343750000e+03
7.407192871093750000e+03
7.445570312500000000e+03
7.483457519531250000e+03
7.520841796875000000e+03
7.557709960937500000e+03
7.594051269531250000e+03
7.629853027343750000e+03
7.665102539062500000e+03
7.699789062500000000e+03
7.733898437500000000e+03
7.767418945312500000e+03
7.800339355468750000e+03
7.832646484375000000e+03
7.864328613281250000e+03
7.895374023437500000e+03
7.925768554687500000e+03
7.955502441406250000e+03
7.984562011718750000e+03
8.012937011718750000e+03
8.040622070312500000e+03
8.067614746093750000e+03
8.093913085937500000e+03
8.119511718750000000e+03
8.144409179687500000e+03
8.168602050781250000e+03
8.192087890625000000e+03
8.214861328125000000e+03
8.236922851562500000e+03
8.258265625000000000e+03
8.278889648437500000e+03
8.298790039062500000e+03
8.317964843750000000e+03
8.336410156250000000e+03
8.354123046875000000e+03
8.371100585937500000e+03
8.387339843750000000e+03
8.402837890625000000e+03
8.417591796875000000e+03
8.431596679687500000e+03
8.444852539062500000e+03
8.457354492187500000e+03
8.469098632812500000e+03
8.480083007812500000e+03
8.490305664062500000e+03
8.499761718750000000e+03
8.508448242187500000e+03
8.516363281250000000e+03
8.523501953125000000e+03
8.529864257812500000e+03
8.535443359375000000e+03
8.540239257812500000e+03
8.544248046875000000e+03
8.547465820312500000e+03
8.549889648437500000e+03
8.551516601562500000e+03
8.552344726562500000e+03
8.552370117187500000e+03
8.551588867187500000e+03
8.549999023437500000e+03
8.547596679687500000e+03
8.544379882812500000e+03
8.540344726562500000e+03
8.535489257812500000e+03
8.529808593750000000e+03
8.523300781250000000e+03
8.515962890625000000e+03
8.507791015625000000e+03
8.498782226562500000e+03
8.488936523437500000e+03
8.478258789062500000e+03
8.466755859375000000e+03
8.454436523437500000e+03
8.441307617187500000e+03
8.427375976562500000e+03
8.412651367187500000e+03
8.397138671875000000e+03
8.380847656250000000e+03
8.363784179687500000e+03
8.345956054687500000e+03
8.327372070312500000e+03
8.308038085937500000e+03
8.287962890625000000e+03
8.267153320312500000e+03
8.245617187500000000e+03
8.223362304687500000e+03
8.200395507812500000e+03
8.176725097656250000e+03
8.152358398437500000e+03
8.127301757812500000e+03
8.101564453125000000e+03
8.075152832031250000e+03
8.048075195312500000e+03
8.020338867187500000e+03
7.991950683593750000e+03
7.962919433593750000e+03
7.933250976562500000e+03
7.902954589843750000e+03
7.872037109375000000e+03
7.840505371093750000e+03
7.808367675781250000e+03
7.775631835937500000e+03
7.742304687500000000e+03
7.708394042968750000e+03
7.673907226562500000e+03
7.638852050781250000e+03
7.603236816406250000e+03
7.567067382812500000e+03
7.530352539062500000e+03
7.493098632812500000e+03
7.455314453125000000e+03
7.417007324218750000e+03
7.378183593750000000e+03
7.338852539062500000e+03
7.299020019531250000e+03
7.258695800781250000e+03
7.217884277343750000e+03
7.176595703125000000e+03
7.134836425781250000e+03
7.092614746093750000e+03
7.049942382812500000e+03
7.006830078125000000e+03
6.963290527343750000e+03
6.919335937500000000e+03
6.874977539062500000e+03
6.830227539062500000e+03
6.785097656250000000e+03
6.739600097656250000e+03
6.693746582031250000e+03
6.647548828125000000e+03
6.601018554687500000e+03
6.554167968750000000e+03
6.507009277343750000e+03
6.459553710937500000e+03
6.411812988281250000e+03
6.363799804687500000e+03
6.315526367187500000e+03
6.267002929687500000e+03
6.218243164062500000e+03
6.169257324218750000e+03
6.120058593750000000e+03
6.070658203125000000e+03
6.021067871093750000e+03
5.971299804687500000e+03
5.921366699218750000e+03
5.871278808593750000e+03
5.821048828125000000e+03
5.770688964843750000e+03
5.720210449218750000e+03
5.669625976562500000e+03
5.618946777343750000e+03
5.568185058593750000e+03
5.517352539062500000e+03
5.466460937500000000e+03
5.415522460937500000e+03
5.364548828125000000e+03
5.313551757812500000e+03
5.262543457031250000e+03
5.211536132812500000e+03
5.160540527343750000e+03
5.109569824218750000e+03
5.058635253906250000e+03
5.007748535156250000e+03
4.956921386718750000e+03
4.906166992187500000e+03
4.855495605468750000e+03
4.804920410156250000e+03
4.754452148437500000e+03
4.704103515625000000e+03
4.653885742187500000e+03
4.603806640625000000e+03
4.553875000000000000e+03
4.504098144531250000e+03
4.454483398437500000e+03
4.405040039062500000e+03
4.355774414062500000e+03
4.306695312500000000e+03
4.257810058593750000e+03
4.209126464843750000e+03
4.160653320312500000e+03
4.112397460937500000e+03
4.064366943359375000e+03
4.016569824218750000e+03
3.969014160156250000e+03
3.921707275390625000e+03
3.874657470703125000e+03
3.827871826171875000e+03
3.781359375000000000e+03
3.735126953125000000e+03
3.689182617187500000e+03
3.643534912109375000e+03
3.598190673828125000e+03
3.553158691406250000e+03
3.508446044921875000e+03
3.464060791015625000e+03
3.420011230468750000e+03
3.376304687500000000e+03
3.332949218750000000e+03
3.289952636718750000e+03
3.247322998046875000e+03
3.205067626953125000e+03
3.163194824218750000e+03
3.121712158203125000e+03
3.080627929687500000e+03
3.039949462890625000e+03
2.999684814453125000e+03
2.959842041015625000e+03
2.920428710937500000e+03
2.881452880859375000e+03
2.842922119140625000e+03
2.804844482421875000e+03
2.767228027343750000e+03
2.730079833984375000e+03
2.693408691406250000e+03
2.657221923828125000e+03
2.621527343750000000e+03
2.586333007812500000e+03
2.551646728515625000e+03
2.517476318359375000e+03
2.483828125000000000e+03
2.450703125000000000e+03
2.418100585937500000e+03
2.386020019531250000e+03
2.354460449218750000e+03
2.323421875000000000e+03
2.292903320312500000e+03
2.262904052734375000e+03
2.233423583984375000e+03
2.204461425781250000e+03
2.176016845703125000e+03
2.148089355468750000e+03
2.120678222656250000e+03
2.093782714843750000e+03
2.067402343750000000e+03
2.041536621093750000e+03
2.016184936523437500e+03
1.991346557617187500e+03
1.967020629882812500e+03
1.943206909179687500e+03
1.919904907226562500e+03
1.897113647460937500e+03
1.874832519531250000e+03
1.853061157226562500e+03
1.831798828125000000e+03
1.811044799804687500e+03
1.790798706054687500e+03
1.771059936523437500e+03
1.751827514648437500e+03
1.733101318359375000e+03
1.714880371093750000e+03
1.697164184570312500e+03
1.679952148437500000e+03
1.663243652343750000e+03
1.647038085937500000e+03
1.631334838867187500e+03
1.616133422851562500e+03
1.601432861328125000e+03
1.587232910156250000e+03
1.573532714843750000e+03
1.560331909179687500e+03
1.547629760742187500e+03
1.535425537109375000e+03
1.523718750000000000e+03
1.512508911132812500e+03
1.501795043945312500e+03
1.491576904296875000e+03
1.481853759765625000e+03
1.472624877929687500e+03
1.463889892578125000e+03
1.455646850585937500e+03
1.447890502929687500e+03
1.440613769531250000e+03
1.433810058593750000e+03
1.427473022460937500e+03
1.421595581054687500e+03
1.416171264648437500e+03
1.411193359375000000e+03
1.406655151367187500e+03
1.402549926757812500e+03
1.398871215820312500e+03
1.395612060546875000e+03
1.392765991210937500e+03
1.390326171875000000e+03
1.388286132812500000e+03
1.386639038085937500e+03
1.385378295898437500e+03
1.384497070312500000e+03
1.383988769531250000e+03
1.383846801757812500e+03
1.384064453125000000e+03
1.384635009765625000e+03
1.385551757812500000e+03
1.386808105468750000e+03
1.388397460937500000e+03
1.390312744140625000e+03
1.392547729492187500e+03
1.395095581054687500e+03
1.397949584960937500e+03
1.401103149414062500e+03
1.404549438476562500e+03
1.408281860351562500e+03
1.412293823242187500e+03
1.416578613281250000e+03
1.421129394531250000e+03
1.425939697265625000e+03
1.431002685546875000e+03
1.436311767578125000e+03
1.441860351562500000e+03
1.447641479492187500e+03
1.453648803710937500e+03
1.459875488281250000e+03
1.466314819335937500e+03
1.472960205078125000e+03
1.479804931640625000e+03
1.486842285156250000e+03
1.494065551757812500e+03
1.501468261718750000e+03
1.509043579101562500e+03
1.516784790039062500e+03
1.524685424804687500e+03
1.532739135742187500e+03
1.540939819335937500e+03
1.549281250000000000e+03
1.557757324218750000e+03
1.566361938476562500e+03
1.575088989257812500e+03
1.583932006835937500e+03
1.592885009765625000e+03
1.601941894531250000e+03
1.611096557617187500e+03
1.620342651367187500e+03
1.629674072265625000e+03
1.639084716796875000e+03
1.648568481445312500e+03
1.658119140625000000e+03
1.667730346679687500e+03
1.677396240234375000e+03
1.687110717773437500e+03
1.696867187500000000e+03
1.706659790039062500e+03
1.716482299804687500e+03
1.726328735351562500e+03
1.736192626953125000e+03
1.746068115234375000e+03
1.755948730468750000e+03
1.765828491210937500e+03
1.775701293945312500e+03
1.785560913085937500e+03
1.795401123046875000e+03
1.805215942382812500e+03
1.814998901367187500e+03
1.824744018554687500e+03
1.834445190429687500e+03
1.844096557617187500e+03
1.853691284179687500e+03
1.863223510742187500e+03
1.872687255859375000e+03
1.882076171875000000e+03
1.891384277343750000e+03
1.900605102539062500e+03
1.909732666015625000e+03
1.918760864257812500e+03
1.927683593750000000e+03
1.936494384765625000e+03
1.945187377929687500e+03
1.953756225585937500e+03
1.962194946289062500e+03
1.970497314453125000e+03
1.978657104492187500e+03
1.986669067382812500e+03
1.994531127929687500e+03
2.002241943359375000e+03
2.009800292968750000e+03
2.017205200195312500e+03
2.024455566406250000e+03
2.031549682617187500e+03
2.038486572265625000e+03
2.045265136718750000e+03
2.051883789062500000e+03
2.058341796875000000e+03
2.064637695312500000e+03
2.070770263671875000e+03
2.076738281250000000e+03
2.082540771484375000e+03
2.088176025390625000e+03
2.093643066406250000e+03
2.098940917968750000e+03
2.104067871093750000e+03
2.109023193359375000e+03
2.113805664062500000e+03
2.118413574218750000e+03
2.122845947265625000e+03
2.127101806640625000e+03
2.131179443359375000e+03
2.135078125000000000e+03
2.138796630859375000e+03
2.142333251953125000e+03
2.145687255859375000e+03
2.148857177734375000e+03
2.151842041015625000e+03
2.154640136718750000e+03
2.157250732421875000e+03
2.159672363281250000e+03
2.161904052734375000e+03
2.163944335937500000e+03
2.165792236328125000e+03
2.167446044921875000e+03
2.168905273437500000e+03
2.170167968750000000e+03
2.171233398437500000e+03
2.172100097656250000e+03
2.172767089843750000e+03
2.173232910156250000e+03
2.173496582031250000e+03
2.173556640625000000e+03
2.173412109375000000e+03
2.173061523437500000e+03
2.172503662109375000e+03
2.171737792968750000e+03
2.170762695312500000e+03
2.169581542968750000e+03
2.168197021484375000e+03
2.166613037109375000e+03
2.164832763671875000e+03
2.162858886718750000e+03
2.160695312500000000e+03
2.158344726562500000e+03
2.155811035156250000e+03
2.153096923828125000e+03
2.150206298828125000e+03
2.147142089843750000e+03
2.143907470703125000e+03
2.140505615234375000e+03
2.136940185546875000e+03
2.133214355468750000e+03
2.129331054687500000e+03
2.125294189453125000e+03
2.121106445312500000e+03
2.116771240234375000e+03
2.112291748046875000e+03
2.107671875000000000e+03
2.102914306640625000e+03
2.098022460937500000e+03
2.092999267578125000e+03
2.087848632812500000e+03
2.082573486328125000e+03
2.077177001953125000e+03
2.071662597656250000e+03
2.066033691406250000e+03
2.060293212890625000e+03
2.054444824218750000e+03
2.048491455078125000e+03
2.042436767578125000e+03
2.036283569335937500e+03
2.030035278320312500e+03
2.023695434570312500e+03
2.017267089843750000e+03
2.010753662109375000e+03
2.004158203125000000e+03
1.997484008789062500e+03
1.990734497070312500e+03
1.983912841796875000e+03
1.977022583007812500e+03
1.970066650390625000e+03
1.963048461914062500e+03
1.955971191406250000e+03
1.948838134765625000e+03
1.941652832031250000e+03
1.934418212890625000e+03
1.927137817382812500e+03
1.919815185546875000e+03
1.912454345703125000e+03
1.905059082031250000e+03
1.897633300781250000e+03
1.890180541992187500e+03
1.882704833984375000e+03
1.875209838867187500e+03
1.867699462890625000e+03
1.860177368164062500e+03
1.852647583007812500e+03
1.845114013671875000e+03
1.837580078125000000e+03
1.830049926757812500e+03
1.822527221679687500e+03
1.815015869140625000e+03
1.807519775390625000e+03
1.800042358398437500e+03
1.792587768554687500e+03
1.785159667968750000e+03
1.777761962890625000e+03
1.770398437500000000e+03
1.763072998046875000e+03
1.755789306640625000e+03
1.748551391601562500e+03
1.741362670898437500e+03
1.734227294921875000e+03
1.727149047851562500e+03
1.720131591796875000e+03
1.713178710937500000e+03
1.706294555664062500e+03
1.699482666015625000e+03
1.692746948242187500e+03
1.686091064453125000e+03
1.679518920898437500e+03
1.673034545898437500e+03
1.666641357421875000e+03
1.660343505859375000e+03
1.654144653320312500e+03
1.648048583984375000e+03
1.642059082031250000e+03
1.636180175781250000e+03
1.630415405273437500e+03
1.624768798828125000e+03
1.619244140625000000e+03
1.613845214843750000e+03
1.608575683593750000e+03
1.603439697265625000e+03
1.598440673828125000e+03
1.593582641601562500e+03
1.588868896484375000e+03
1.584300781250000000e+03
1.579878906250000000e+03
1.575604003906250000e+03
1.571477050781250000e+03
1.567498657226562500e+03
1.563669677734375000e+03
1.559990722656250000e+03
1.556462646484375000e+03
1.553086181640625000e+03
1.549862182617187500e+03
1.546791381835937500e+03
1.543874389648437500e+03
1.541112182617187500e+03
1.538505249023437500e+03
1.536054565429687500e+03
1.533760864257812500e+03
1.531624877929687500e+03
1.529647460937500000e+03
1.527829223632812500e+03
1.526171020507812500e+03
1.524673583984375000e+03
1.523337768554687500e+03
1.522164062500000000e+03
1.521153442382812500e+03
1.520306762695312500e+03
1.519624511718750000e+03
1.519107788085937500e+03
1.518756958007812500e+03
1.518572998046875000e+03
1.518556762695312500e+03
1.518708862304687500e+03
1.519030151367187500e+03
1.519521362304687500e+03
1.520183227539062500e+03
1.521016479492187500e+03
1.522021850585937500e+03
1.523200317382812500e+03
1.524552368164062500e+03
1.526078857421875000e+03
1.527780639648437500e+03
1.529658447265625000e+03
1.531713012695312500e+03
1.533945068359375000e+03
1.536355468750000000e+03
1.538944824218750000e+03
1.541713989257812500e+03
1.544663696289062500e+03
1.547794799804687500e+03
1.551107910156250000e+03
1.554603271484375000e+03
1.558278930664062500e+03
1.562131713867187500e+03
1.566159301757812500e+03
1.570358520507812500e+03
1.574726928710937500e+03
1.579261718750000000e+03
1.583960205078125000e+03
1.588819458007812500e+03
1.593836791992187500e+03
1.599009643554687500e+03
1.604335083007812500e+03
1.609810302734375000e+03
1.615432861328125000e+03
1.621199584960937500e+03
1.627108032226562500e+03
1.633155395507812500e+03
1.639338867187500000e+03
1.645655761718750000e+03
1.652103271484375000e+03
1.658678833007812500e+03
1.665379394531250000e+03
1.672202392578125000e+03
1.679145141601562500e+03
1.686204711914062500e+03
1.693378417968750000e+03
1.700663696289062500e+03
1.708057617187500000e+03
1.715557373046875000e+03
1.723160400390625000e+03
1.730863891601562500e+03
1.738664794921875000e+03
1.746561035156250000e+03
1.754549316406250000e+03
1.762626831054687500e+03
1.770791259765625000e+03
1.779039672851562500e+03
1.787369140625000000e+03
1.795777221679687500e+03
1.804260986328125000e+03
1.812817626953125000e+03
1.821444580078125000e+03
1.830139038085937500e+03
1.838898071289062500e+03
1.847719116210937500e+03
1.856599487304687500e+03
1.865536254882812500e+03
1.874526855468750000e+03
1.883568481445312500e+03
1.892658081054687500e+03
1.901793334960937500e+03
1.910970214843750000e+03
1.920185424804687500e+03
1.929435058593750000e+03
1.938715942382812500e+03
1.948023803710937500e+03
1.957355346679687500e+03
1.966706909179687500e+03
1.976074829101562500e+03
1.985455444335937500e+03
1.994845214843750000e+03
2.004240112304687500e+03
2.013637084960937500e+03
2.023031982421875000e+03
2.032421508789062500e+03
2.041801757812500000e+03
2.051169189453125000e+03
2.060520019531250000e+03
2.069851074218750000e+03
2.079158203125000000e+03
2.088437988281250000e+03
2.097686767578125000e+03
2.106900878906250000e+03
2.116076416015625000e+03
2.125210205078125000e+03
2.134298339843750000e+03
2.143337158203125000e+03
2.152323486328125000e+03
2.161252929687500000e+03
2.170122070312500000e+03
2.178927734375000000e+03
2.187665771484375000e+03
2.196332519531250000e+03
2.204924560546875000e+03
2.213438476562500000e+03
2.221869873046875000e+03
2.230216064453125000e+03
2.238472656250000000e+03
2.246636230468750000e+03
2.254703125000000000e+03
2.262669921875000000e+03
2.270532714843750000e+03
2.278288085937500000e+03
2.285932128906250000e+03
2.293461425781250000e+03
2.300872070312500000e+03
2.308160644531250000e+03
2.315323486328125000e+03
2.322356933593750000e+03
2.329257080078125000e+03
2.336021240234375000e+03
2.342646972656250000e+03
2.349133056640625000e+03
2.355478027343750000e+03
2.361680419921875000e+03
2.367739013671875000e+03
2.373651611328125000e+03
2.379417724609375000e+03
2.385035156250000000e+03
2.390502685546875000e+03
2.395818603515625000e+03
2.400982177734375000e+03
2.405990966796875000e+03
2.410844238281250000e+03
2.415540039062500000e+03
2.420077392578125000e+03
2.424454345703125000e+03
2.428669677734375000e+03
2.432721923828125000e+03
2.436609375000000000e+03
2.440331054687500000e+03
2.443885009765625000e+03
2.447270019531250000e+03
2.450484863281250000e+03
2.453527587890625000e+03
2.456396728515625000e+03
2.459091064453125000e+03
2.461609130859375000e+03
2.463949462890625000e+03
2.466110351562500000e+03
2.468090576171875000e+03
2.469888916015625000e+03
2.471503173828125000e+03
2.472932617187500000e+03
2.474175292968750000e+03
2.475229736328125000e+03
2.476094726562500000e+03
2.476768798828125000e+03
2.477250488281250000e+03
2.477538085937500000e+03
2.477630371093750000e+03
2.477525878906250000e+03
2.477222900390625000e+03
2.476719970703125000e+03
2.476016113281250000e+03
2.475109130859375000e+03
2.473998291015625000e+03
2.472681396484375000e+03
2.471157714843750000e+03
2.469425048828125000e+03
2.467483154296875000e+03
2.465332763671875000e+03
2.462975830078125000e+03
2.460413574218750000e+03
2.457647949218750000e+03
2.454681152343750000e+03
2.451513916015625000e+03
2.448148437500000000e+03
2.444586425781250000e+03
2.440829589843750000e+03
2.436879638671875000e+03
2.432737792968750000e+03
2.428406250000000000e+03
2.423886718750000000e+03
2.419180419921875000e+03
2.414289306640625000e+03
2.409215332031250000e+03
2.403959716796875000e+03
2.398524658203125000e+03
2.392911132812500000e+03
2.387121337890625000e+03
2.381156982421875000e+03
2.375019287109375000e+03
2.368710693359375000e+03
2.362232177734375000e+03
2.355585937500000000e+03
2.348773193359375000e+03
2.341795898437500000e+03
2.334655761718750000e+03
2.327354492187500000e+03
2.319893554687500000e+03
2.312274658203125000e+03
2.304500000000000000e+03
2.296570556640625000e+03
2.288488281250000000e+03
2.280254882812500000e+03
2.271872314453125000e+03
2.263341796875000000e+03
2.254665283203125000e+03
2.245844482421875000e+03
2.236880859375000000e+03
2.227776367187500000e+03
2.218532470703125000e+03
2.209151123046875000e+03
2.199633544921875000e+03
2.189981933593750000e+03
2.180197509765625000e+03
2.170282470703125000e+03
2.160238037109375000e+03
2.150066162109375000e+03
2.139768554687500000e+03
2.129348632812500000e+03
2.118809326171875000e+03
2.108154052734375000e+03
2.097385986328125000e+03
2.086508300781250000e+03
2.075524658203125000e+03
2.064437988281250000e+03
2.053251708984375000e+03
2.041968994140625000e+03
2.030593261718750000e+03
2.019127563476562500e+03
2.007575195312500000e+03
1.995939819335937500e+03
1.984224365234375000e+03
1.972432128906250000e+03
1.960566284179687500e+03
1.948630371093750000e+03
1.936627563476562500e+03
1.924561157226562500e+03
1.912434204101562500e+03
1.900250122070312500e+03
1.888012451171875000e+03
1.875723999023437500e+03
1.863388305664062500e+03
1.851008544921875000e+03
1.838588012695312500e+03
1.826130126953125000e+03
1.813638061523437500e+03
1.801114990234375000e+03
1.788564331054687500e+03
1.775989257812500000e+03
1.763393066406250000e+03
1.750778930664062500e+03
1.738150390625000000e+03
1.725510498046875000e+03
1.712862548828125000e+03
1.700209838867187500e+03
1.687555786132812500e+03
1.674903564453125000e+03
1.662256225585937500e+03
1.649617309570312500e+03
1.636989990234375000e+03
1.624377685546875000e+03
1.611783447265625000e+03
1.599210571289062500e+03
1.586662475585937500e+03
1.574142456054687500e+03
1.561653564453125000e+03
1.549199218750000000e+03
1.536782592773437500e+03
1.524405761718750000e+03
1.512070922851562500e+03
1.499780517578125000e+03
1.487536254882812500e+03
1.475340454101562500e+03
1.463195312500000000e+03
1.451102783203125000e+03
1.439065063476562500e+03
1.427084350585937500e+03
1.415162719726562500e+03
1.403302246093750000e+03
1.391505249023437500e+03
1.379773681640625000e+03
1.368109741210937500e+03
1.356515502929687500e+03
1.344993164062500000e+03
1.333544799804687500e+03
1.322172485351562500e+03
1.310878417968750000e+03
1.299664916992187500e+03
1.288533691406250000e+03
1.277487304687500000e+03
1.266527587890625000e+03
1.255656738281250000e+03
1.244876953125000000e+03
1.234190307617187500e+03
1.223598999023437500e+03
1.213105102539062500e+03
1.202710693359375000e+03
1.192417968750000000e+03
1.182229125976562500e+03
1.172146118164062500e+03
1.162171142578125000e+03
1.152306396484375000e+03
1.142553955078125000e+03
1.132916015625000000e+03
1.123394531250000000e+03
1.113991943359375000e+03
1.104710083007812500e+03
1.095551147460937500e+03
1.086517333984375000e+03
1.077610717773437500e+03
1.068833618164062500e+03
1.060187744140625000e+03
1.051675659179687500e+03
1.043299194335937500e+03
1.035060668945312500e+03
1.026962158203125000e+03
1.019005676269531250e+03
1.011193054199218750e+03
1.003524658203125000e+03
9.959999389648437500e+02
9.886189575195312500e+02
9.813813476562500000e+02
9.742869262695312500e+02
9.673356323242187500e+02
9.605270996093750000e+02
9.538612670898437500e+02
9.473377075195312500e+02
9.409565429687500000e+02
9.347172241210937500e+02
9.286198120117187500e+02
9.226640014648437500e+02
9.168494873046875000e+02
9.111762695312500000e+02
9.056440429687500000e+02
9.002525024414062500e+02
8.950015869140625000e+02
8.898911132812500000e+02
8.849207153320312500e+02
8.800903320312500000e+02
8.753996582031250000e+02
8.708486938476562500e+02
8.664368896484375000e+02
8.621643676757812500e+02
8.580307617187500000e+02
8.540358276367187500e+02
8.501795654296875000e+02
8.464614868164062500e+02
8.428816528320312500e+02
8.394396972656250000e+02
8.361354980468750000e+02
8.329687500000000000e+02
8.299393920898437500e+02
8.270471191406250000e+02
8.242917480468750000e+02
8.216730346679687500e+02
8.191908569335937500e+02
8.168449707031250000e+02
8.146351928710937500e+02
8.125612792968750000e+02
8.106230468750000000e+02
8.088203125000000000e+02
8.071527709960937500e+02
8.056204223632812500e+02
8.042228393554687500e+02
8.029598999023437500e+02
8.018314819335937500e+02
8.008372802734375000e+02
7.999768676757812500e+02
7.992484741210937500e+02
7.986500244140625000e+02
7.981795043945312500e+02
7.978349609375000000e+02
7.976142578125000000e+02
7.975155029296875000e+02
7.975364379882812500e+02
7.976752929687500000e+02
7.979298095703125000e+02
7.982980346679687500e+02
7.987780761718750000e+02
7.993676757812500000e+02
8.000649414062500000e+02
8.008677978515625000e+02
8.017742309570312500e+02
8.027821655273437500e+02
8.038896484375000000e+02
8.050946044921875000e+02
8.063949584960937500e+02
8.077887573242187500e+02
8.092738647460937500e+02
8.108483886718750000e+02
8.125101928710937500e+02
8.142572631835937500e+02
8.160875854492187500e+02
8.179991455078125000e+02
8.199898681640625000e+02
8.220576782226562500e+02
8.242006835937500000e+02
8.264167480468750000e+02
8.287038574218750000e+02
8.310599975585937500e+02
8.334830932617187500e+02
8.359711914062500000e+02
8.385222167968750000e+02
8.411340942382812500e+02
8.438048706054687500e+02
8.465324707031250000e+02
8.493148193359375000e+02
8.521500244140625000e+02
8.550358886718750000e+02
8.579704589843750000e+02
8.609516601562500000e+02
8.639776000976562500e+02
8.670460815429687500e+02
8.701550292968750000e+02
8.733026733398437500e+02
8.764867553710937500e+02
8.797053222656250000e+02
8.829563598632812500e+02
8.862379150390625000e+02
8.895480346679687500e+02
8.928848266601562500e+02
8.962463378906250000e+02
8.996305541992187500e+02
9.030357055664062500e+02
9.064598388671875000e+02
9.099008789062500000e+02
9.133571166992187500e+02
9.168262939453125000e+02
9.203068237304687500e+02
9.237966918945312500e+02
9.272938232421875000e+02
9.307963256835937500e+02
9.343023681640625000e+02
9.378099975585937500e+02
9.413171386718750000e+02
9.448221435546875000e+02
9.483228149414062500e+02
9.518173828125000000e+02
9.553037719726562500e+02
9.587802124023437500e+02
9.622447509765625000e+02
9.656953125000000000e+02
9.691300659179687500e+02
9.725471801757812500e+02
9.759445190429687500e+02
9.793202514648437500e+02
9.826725463867187500e+02
9.859993286132812500e+02
9.892986450195312500e+02
9.925687255859375000e+02
9.958075561523437500e+02
9.990131225585937500e+02
1.002183654785156250e+03
1.005317077636718750e+03
1.008411621093750000e+03
1.011465148925781250e+03
1.014475952148437500e+03
1.017441955566406250e+03
1.020361206054687500e+03
1.023231811523437500e+03
1.026052001953125000e+03
1.028819580078125000e+03
1.031532836914062500e+03
1.034189697265625000e+03
1.036788330078125000e+03
1.039326660156250000e+03
1.041802978515625000e+03
1.044215332031250000e+03
1.046563354492187500e+03
1.048846435546875000e+03
1.051064086914062500e+03
1.053216064453125000e+03
1.055301879882812500e+03
1.057321044921875000e+03
1.059273315429687500e+03
1.061157958984375000e+03
1.062974853515625000e+03
1.064723510742187500e+03
1.066403442382812500e+03
1.068014282226562500e+03
1.069555541992187500e+03
1.071026855468750000e+03
1.072427734375000000e+03
1.073757934570312500e+03
1.075016723632812500e+03
1.076204101562500000e+03
1.077319335937500000e+03
1.078362060546875000e+03
1.079331665039062500e+03
1.080228149414062500e+03
1.081050903320312500e+03
1.081799438476562500e+03
1.082473388671875000e+03
1.083072387695312500e+03
1.083595825195312500e+03
1.084043457031250000e+03
1.084414794921875000e+03
1.084709594726562500e+03
1.084927124023437500e+03
1.085067138671875000e+03
1.085129272460937500e+03
1.085112792968750000e+03
1.085017700195312500e+03
1.084843383789062500e+03
1.084589355468750000e+03
1.084255371093750000e+03
1.083840698242187500e+03
1.083345214843750000e+03
1.082768432617187500e+03
1.082109985351562500e+03
1.081369140625000000e+03
1.080545898437500000e+03
1.079639526367187500e+03
1.078649780273437500e+03
1.077576171875000000e+03
1.076418212890625000e+03
1.075175659179687500e+03
1.073848266601562500e+03
1.072436767578125000e+03
1.070942382812500000e+03
1.069366088867187500e+03
1.067709228515625000e+03
1.065972656250000000e+03
1.064157592773437500e+03
1.062265136718750000e+03
1.060296264648437500e+03
1.058252197265625000e+03
1.056134033203125000e+03
1.053942871093750000e+03
1.051679809570312500e+03
1.049345825195312500e+03
1.046942260742187500e+03
1.044469970703125000e+03
1.041930175781250000e+03
1.039323974609375000e+03
1.036652465820312500e+03
1.033916503906250000e+03
1.031117675781250000e+03
1.028256835937500000e+03
1.025334960937500000e+03
1.022353271484375000e+03
1.019312927246093750e+03
1.016214843750000000e+03
1.013060302734375000e+03
1.009850341796875000e+03
1.006586059570312500e+03
1.003268554687500000e+03
9.998988647460937500e+02
9.964781494140625000e+02
9.930076293945312500e+02
9.894882202148437500e+02
9.859210205078125000e+02
9.823072509765625000e+02
9.786480102539062500e+02
9.749441528320312500e+02
9.711971435546875000e+02
9.674078369140625000e+02
9.635773925781250000e+02
9.597069091796875000e+02
9.557975463867187500e+02
9.518504028320312500e+02
9.478664550781250000e+02
9.438468627929687500e+02
9.397927246093750000e+02
9.357052001953125000e+02
9.315853271484375000e+02
9.274342651367187500e+02
9.232531127929687500e+02
9.190432128906250000e+02
9.148061523437500000e+02
9.105432739257812500e+02
9.062561645507812500e+02
9.019461669921875000e+02
8.976147460937500000e+02
8.932633666992187500e+02
8.888934936523437500e+02
8.845066528320312500e+02
8.801041259765625000e+02
8.756874389648437500e+02
8.712581176757812500e+02
8.668176269531250000e+02
8.623673095703125000e+02
8.579086303710937500e+02
8.534431152343750000e+02
8.489722290039062500e+02
8.444973754882812500e+02
8.400199584960937500e+02
8.355415649414062500e+02
8.310635986328125000e+02
8.265874023437500000e+02
8.221145629882812500e+02
8.176465454101562500e+02
8.131846923828125000e+02
8.087305297851562500e+02
8.042854614257812500e+02
7.998510131835937500e+02
7.954285888671875000e+02
7.910197143554687500e+02
7.866257324218750000e+02
7.822481689453125000e+02
7.778884887695312500e+02
7.735480346679687500e+02
7.692283935546875000e+02
7.649309692382812500e+02
7.606572265625000000e+02
7.564086303710937500e+02
7.521866455078125000e+02
7.479926147460937500e+02
7.438281250000000000e+02
7.396945190429687500e+02
7.355933837890625000e+02
7.315260620117187500e+02
7.274940795898437500e+02
7.234987792968750000e+02
7.195417480468750000e+02
7.156243896484375000e+02
7.117481689453125000e+02
7.079143676757812500e+02
7.041237182617187500e+02
7.003767700195312500e+02
6.966741943359375000e+02
6.930164794921875000e+02
6.894042358398437500e+02
6.858380126953125000e+02
6.823184204101562500e+02
6.788461303710937500e+02
6.754215087890625000e+02
6.720452880859375000e+02
6.687180175781250000e+02
6.654403076171875000e+02
6.622125854492187500e+02
6.590356445312500000e+02
6.559099121093750000e+02
6.528359985351562500e+02
6.498145751953125000e+02
6.468460083007812500e+02
6.439311523437500000e+02
6.410703735351562500e+02
6.382643432617187500e+02
6.355136108398437500e+02
6.328187255859375000e+02
6.301803588867187500e+02
6.275989990234375000e+02
6.250752563476562500e+02
6.226097412109375000e+02
6.202030029296875000e+02
6.178555908203125000e+02
6.155681152343750000e+02
6.133411865234375000e+02
6.111752929687500000e+02
6.090711059570312500e+02
6.070291748046875000e+02
6.050500488281250000e+02
6.031343383789062500e+02
6.012825927734375000e+02
5.994954223632812500e+02
5.977733764648437500e+02
5.961170654296875000e+02
5.945270385742187500e+02
5.930039672851562500e+02
5.915482788085937500e+02
5.901605834960937500e+02
5.888416137695312500e+02
5.875917358398437500e+02
5.864116821289062500e+02
5.853019409179687500e+02
5.842631225585937500e+02
5.832956542968750000e+02
5.823989868164062500e+02
5.815726318359375000e+02
5.808158569335937500e+02
5.801279907226562500e+02
5.795084838867187500e+02
5.789566650390625000e+02
5.784719238281250000e+02
5.780535888671875000e+02
5.777010498046875000e+02
5.774136962890625000e+02
5.771907348632812500e+02
5.770317993164062500e+02
5.769360351562500000e+02
5.769028930664062500e+02
5.769317016601562500e+02
5.770219116210937500e+02
5.771727905273437500e+02
5.773837280273437500e+02
5.776541137695312500e+02
5.779832763671875000e+02
5.783706665039062500e+02
5.788155517578125000e+02
5.793173217773437500e+02
5.798753051757812500e+02
5.804889526367187500e+02
5.811575927734375000e+02
5.818805541992187500e+02
5.826572875976562500e+02
5.834870605468750000e+02
5.843692626953125000e+02
5.853033447265625000e+02
5.862885131835937500e+02
5.873242797851562500e+02
5.884099731445312500e+02
5.895448608398437500e+02
5.907284545898437500e+02
5.919600219726562500e+02
5.932389526367187500e+02
5.945645751953125000e+02
5.959363403320312500e+02
5.973535156250000000e+02
5.988155517578125000e+02
6.003217773437500000e+02
6.018715209960937500e+02
6.034642333984375000e+02
6.050991821289062500e+02
6.067758178710937500e+02
6.084934082031250000e+02
6.102514038085937500e+02
6.120490722656250000e+02
6.138852539062500000e+02
6.157587890625000000e+02
6.176685180664062500e+02
6.196132202148437500e+02
6.215916748046875000e+02
6.236027832031250000e+02
6.256452636718750000e+02
6.277179565429687500e+02
6.298197021484375000e+02
6.319492187500000000e+02
6.341054077148437500e+02
6.362871093750000000e+02
6.384929809570312500e+02
6.407219848632812500e+02
6.429728393554687500e+02
6.452443847656250000e+02
6.475354614257812500e+02
6.498448486328125000e+02
6.521712646484375000e+02
6.545136718750000000e+02
6.568708496093750000e+02
6.592415161132812500e+02
6.616245727539062500e+02
6.640187988281250000e+02
6.664229125976562500e+02
6.688358764648437500e+02
6.712565307617187500e+02
6.736834716796875000e+02
6.761156005859375000e+02
6.785518188476562500e+02
6.809908447265625000e+02
6.834315185546875000e+02
6.858726196289062500e+02
6.883129882812500000e+02
6.907514038085937500e+02
6.931867065429687500e+02
6.956177368164062500e+02
6.980432128906250000e+02
7.004620361328125000e+02
7.028729248046875000e+02
7.052747802734375000e+02
7.076663208007812500e+02
7.100464477539062500e+02
7.124139404296875000e+02
7.147675781250000000e+02
7.171062011718750000e+02
7.194285888671875000e+02
7.217335205078125000e+02
7.240198974609375000e+02
7.262865600585937500e+02
7.285326538085937500e+02
7.307574462890625000e+02
7.329602050781250000e+02
7.351401367187500000e+02
7.372965087890625000e+02
7.394285278320312500e+02
7.415355224609375000e+02
7.436166381835937500e+02
7.456712036132812500e+02
7.476984252929687500e+02
7.496975708007812500e+02
7.516677856445312500e+02
7.536084594726562500e+02
7.555187988281250000e+02
7.573979492187500000e+02
7.592453002929687500e+02
7.610599365234375000e+02
7.628412475585937500e+02
7.645884399414062500e+02
7.663007202148437500e+02
7.679773559570312500e+02
7.696176757812500000e+02
7.712207031250000000e+02
7.727859497070312500e+02
7.743124389648437500e+02
7.757994995117187500e+02
7.772464599609375000e+02
7.786524658203125000e+02
7.800167846679687500e+02
7.813386230468750000e+02
7.826173706054687500e+02
7.838521118164062500e+02
7.850421142578125000e+02
7.861867065429687500e+02
7.872850341796875000e+02
7.883364257812500000e+02
7.893400878906250000e+02
7.902953491210937500e+02
7.912012939453125000e+02
7.920572509765625000e+02
7.928625488281250000e+02
7.936162719726562500e+02
7.943177490234375000e+02
7.949662475585937500e+02
7.955609741210937500e+02
7.961011962890625000e+02
7.965861206054687500e+02
7.970150756835937500e+02
7.973872070312500000e+02
7.977019042968750000e+02
7.979593505859375000e+02
7.981595458984375000e+02
7.983028564453125000e+02
7.983894042968750000e+02
7.984193115234375000e+02
7.983927612304687500e+02
7.983100585937500000e+02
7.981713867187500000e+02
7.979768066406250000e+02
7.977266235351562500e+02
7.974209594726562500e+02
7.970599975585937500e+02
7.966440429687500000e+02
7.961730957031250000e+02
7.956475219726562500e+02
7.950674438476562500e+02
7.944330444335937500e+02
7.937444458007812500e+02
7.930020141601562500e+02
7.922057495117187500e+02
7.913559570312500000e+02
7.904527587890625000e+02
7.894963378906250000e+02
7.884869995117187500e+02
7.874248046875000000e+02
7.863099975585937500e+02
7.851427612304687500e+02
7.839232788085937500e+02
7.826517333984375000e+02
7.813283691406250000e+02
7.799533081054687500e+02
7.785267944335937500e+02
7.770488891601562500e+02
7.755199584960937500e+02
7.739400634765625000e+02
7.723095092773437500e+02
7.706282958984375000e+02
7.688968505859375000e+02
7.671151733398437500e+02
7.652835083007812500e+02
7.634020996093750000e+02
7.614711303710937500e+02
7.594907226562500000e+02
7.574610595703125000e+02
7.553824462890625000e+02
7.532549438476562500e+02
7.510787963867187500e+02
7.488541870117187500e+02
7.465812988281250000e+02
7.442604980468750000e+02
7.418923339843750000e+02
7.394779052734375000e+02
7.370179443359375000e+02
7.345133056640625000e+02
7.319648437500000000e+02
7.293733520507812500e+02
7.267398071289062500e+02
7.240649414062500000e+02
7.213497314453125000e+02
7.185949707031250000e+02
7.158014526367187500e+02
7.129701538085937500e+02
7.101017456054687500e+02
7.071972656250000000e+02
7.042574462890625000e+02
7.012832641601562500e+02
6.982753906250000000e+02
6.952348022460937500e+02
6.921623535156250000e+02
6.890588378906250000e+02
6.859251708984375000e+02
6.827621459960937500e+02
6.795706787109375000e+02
6.763515625000000000e+02
6.731056518554687500e+02
6.698338623046875000e+02
6.665369873046875000e+02
6.632158813476562500e+02
6.598714599609375000e+02
6.565044555664062500e+02
6.531158447265625000e+02
6.497064208984375000e+02
6.462770385742187500e+02
6.428285522460937500e+02
6.393618164062500000e+02
6.358776855468750000e+02
6.323770141601562500e+02
6.288606567382812500e+02
6.253294677734375000e+02
6.217842407226562500e+02
6.182258911132812500e+02
6.146553344726562500e+02
6.110732421875000000e+02
6.074806518554687500e+02
6.038782958984375000e+02
6.002670898437500000e+02
5.966478271484375000e+02
5.930214843750000000e+02
5.893886718750000000e+02
5.857505493164062500e+02
5.821076660156250000e+02
5.784608764648437500e+02
5.748110351562500000e+02
5.711589355468750000e+02
5.675053100585937500e+02
5.638509521484375000e+02
5.601966552734375000e+02
5.565432739257812500e+02
5.528915405273437500e+02
5.492423095703125000e+02
5.455963134765625000e+02
5.419543457031250000e+02
5.383171997070312500e+02
5.346856689453125000e+02
5.310606079101562500e+02
5.274426879882812500e+02
5.238328247070312500e+02
5.202318115234375000e+02
5.166402587890625000e+02
5.130591430664062500e+02
5.094892272949218750e+02
5.059312438964843750e+02
5.023860473632812500e+02
4.988543395996093750e+02
4.953370361328125000e+02
4.918348388671875000e+02
4.883485717773437500e+02
4.848789978027343750e+02
4.814269714355468750e+02
4.779931945800781250e+02
4.745785522460937500e+02
4.711838073730468750e+02
4.678096923828125000e+02
4.644570922851562500e+02
4.611267395019531250e+02
4.578194580078125000e+02
4.545359802246093750e+02
4.512771606445312500e+02
4.480438232421875000e+02
4.448366699218750000e+02
4.416565246582031250e+02
4.385041809082031250e+02
4.353804626464843750e+02
4.322861022949218750e+02
4.292219543457031250e+02
4.261887817382812500e+02
4.231873779296875000e+02
4.202185058593750000e+02
4.172830200195312500e+02
4.143815612792968750e+02
4.115144348144531250e+02
4.086817932128906250e+02
4.058838195800781250e+02
4.031207275390625000e+02
4.003926391601562500e+02
3.976997680664062500e+02
3.950422668457031250e+02
3.924203491210937500e+02
3.898341369628906250e+02
3.872838439941406250e+02
3.847696533203125000e+02
3.822916870117187500e+02
3.798502197265625000e+02
3.774453125000000000e+02
3.750772399902343750e+02
3.727461242675781250e+02
3.704521179199218750e+02
3.681954650878906250e+02
3.659763183593750000e+02
3.637948608398437500e+02
3.616512145996093750e+02
3.595456237792968750e+02
3.574782409667968750e+02
3.554492187500000000e+02
3.534587707519531250e+02
3.515070495605468750e+02
3.495942687988281250e+02
3.477205505371093750e+02
3.458860778808593750e+02
3.440910644531250000e+02
3.423356628417968750e+02
3.406200866699218750e+02
3.389444580078125000e+02
3.373089599609375000e+02
3.357138366699218750e+02
3.341591491699218750e+02
3.326451721191406250e+02
3.311720581054687500e+02
3.297399597167968750e+02
3.283490600585937500e+02
3.269995422363281250e+02
3.256916198730468750e+02
3.244253845214843750e+02
3.232010803222656250e+02
3.220188903808593750e+02
3.208789062500000000e+02
3.197814025878906250e+02
3.187265625000000000e+02
3.177144470214843750e+02
3.167452087402343750e+02
3.158185119628906250e+02
3.149339294433593750e+02
3.140909423828125000e+02
3.132891235351562500e+02
3.125280761718750000e+02
3.118073120117187500e+02
3.111263732910156250e+02
3.104848937988281250e+02
3.098822937011718750e+02
3.093182678222656250e+02
3.087922668457031250e+02
3.083039245605468750e+02
3.078527526855468750e+02
3.074382629394531250e+02
3.070600891113281250e+02
3.067177124023437500e+02
3.064107666015625000e+02
3.061387329101562500e+02
3.059012145996093750e+02
3.056977233886718750e+02
3.055278320312500000e+02
3.053911132812500000e+02
3.052871093750000000e+02
3.052153625488281250e+02
3.051754150390625000e+02
3.051668701171875000e+02
3.051892395019531250e+02
3.052420959472656250e+02
3.053249511718750000e+02
3.054374389648437500e+02
3.055790405273437500e+02
3.057493591308593750e+02
3.059479064941406250e+02
3.061742553710937500e+02
3.064279785156250000e+02
3.067085876464843750e+02
3.070156860351562500e+02
3.073487854003906250e+02
3.077074584960937500e+02
3.080912780761718750e+02
3.084997558593750000e+02
3.089324951171875000e+02
3.093889770507812500e+02
3.098688354492187500e+02
3.103715820312500000e+02
3.108967590332031250e+02
3.114439697265625000e+02
3.120127258300781250e+02
3.126025695800781250e+02
3.132130737304687500e+02
3.138435974121093750e+02
3.144935607910156250e+02
3.151623535156250000e+02
3.158492736816406250e+02
3.165537719726562500e+02
3.172751770019531250e+02
3.180129394531250000e+02
3.187663879394531250e+02
3.195348510742187500e+02
3.203178405761718750e+02
3.211145935058593750e+02
3.219245910644531250e+02
3.227471313476562500e+02
3.235816650390625000e+02
3.244275207519531250e+02
3.252840881347656250e+02
3.261507873535156250e+02
3.270269165039062500e+02
3.279119262695312500e+02
3.288051757812500000e+02
3.297060241699218750e+02
3.306138610839843750e+02
3.315280151367187500e+02
3.324479675292968750e+02
3.333730163574218750e+02
3.343025817871093750e+02
3.352360229492187500e+02
3.361726989746093750e+02
3.371120605468750000e+02
3.380534057617187500e+02
3.389961242675781250e+02
3.399396362304687500e+02
3.408832702636718750e+02
3.418264770507812500e+02
3.427685546875000000e+02
3.437089233398437500e+02
3.446469726562500000e+02
3.455820312500000000e+02
3.465135192871093750e+02
3.474407958984375000e+02
3.483632507324218750e+02
3.492802734375000000e+02
3.501912231445312500e+02
3.510954895019531250e+02
3.519924316406250000e+02
3.528814392089843750e+02
3.537618713378906250e+02
3.546331481933593750e+02
3.554946289062500000e+02
3.563457336425781250e+02
3.571861267089843750e+02
3.580154724121093750e+02
3.588334655761718750e+02
3.596398315429687500e+02
3.604342346191406250e+02
3.612164001464843750e+02
3.619859619140625000e+02
3.627426452636718750e+02
3.634861755371093750e+02
3.642162170410156250e+02
3.649324340820312500e+02
3.656345520019531250e+02
3.663222656250000000e+02
3.669952392578125000e+02
3.676532287597656250e+02
3.682958679199218750e+02
3.689228820800781250e+02
3.695339355468750000e+02
3.701287536621093750e+02
3.707070007324218750e+02
3.712683715820312500e+02
3.718125915527343750e+02
3.723393249511718750e+02
3.728482666015625000e+02
3.733391113281250000e+02
3.738115844726562500e+02
3.742653198242187500e+02
3.747000732421875000e+02
3.751154479980468750e+02
3.755112609863281250e+02
3.758871154785156250e+02
3.762427062988281250e+02
3.765777893066406250e+02
3.768919677734375000e+02
3.771850280761718750e+02
3.774566040039062500e+02
3.777063903808593750e+02
3.779341125488281250e+02
3.781394653320312500e+02
3.783220825195312500e+02
3.784817199707031250e+02
3.786180114746093750e+02
3.787307128906250000e+02
3.788195190429687500e+02
3.788840332031250000e+02
3.789240417480468750e+02
3.789392089843750000e+02
3.789292297363281250e+02
3.788937988281250000e+02
3.788326416015625000e+02
3.787459106445312500e+02
3.786337585449218750e+02
3.784963378906250000e+02
3.783338317871093750e+02
3.781464233398437500e+02
3.779342346191406250e+02
3.776975097656250000e+02
3.774363403320312500e+02
3.771509399414062500e+02
3.768414611816406250e+02
3.765080871582031250e+02
3.761510009765625000e+02
3.757703247070312500e+02
3.753662719726562500e+02
3.749389953613281250e+02
3.744886474609375000e+02
3.740154418945312500e+02
3.735195007324218750e+02
3.730010070800781250e+02
3.724601440429687500e+02
3.718970642089843750e+02
3.713119812011718750e+02
3.707049865722656250e+02
3.700763244628906250e+02
3.694261169433593750e+02
3.687545471191406250e+02
3.680618286132812500e+02
3.673480224609375000e+02
3.666134338378906250e+02
3.658580932617187500e+02
3.650823059082031250e+02
3.642861328125000000e+02
3.634697570800781250e+02
3.626334228515625000e+02
3.617772827148437500e+02
3.609013977050781250e+02
3.600060729980468750e+02
3.590914306640625000e+02
3.581575927734375000e+02
3.572048034667968750e+02
3.562331542968750000e+02
3.552428588867187500e+02
3.542341308593750000e+02
3.532070617675781250e+02
3.521618347167968750e+02
3.510986633300781250e+02
3.500177001953125000e+02
3.489190979003906250e+02
3.478030090332031250e+02
3.466697082519531250e+02
3.455195007324218750e+02
3.443528442382812500e+02
3.431701660156250000e+02
3.419718933105468750e+02
3.407584228515625000e+02
3.395302124023437500e+02
3.382876281738281250e+02
3.370311584472656250e+02
3.357611389160156250e+02
3.344780883789062500e+02
3.331823730468750000e+02
3.318744201660156250e+02
3.305546569824218750e+02
3.292234802246093750e+02
3.278813781738281250e+02
3.265287170410156250e+02
3.251659240722656250e+02
3.237934265136718750e+02
3.224116516113281250e+02
3.210210266113281250e+02
3.196219482421875000e+02
3.182148742675781250e+02
3.168002014160156250e+02
3.153783264160156250e+02
3.139497375488281250e+02
3.125148010253906250e+02
3.110739440917968750e+02
3.096276245117187500e+02
3.081762084960937500e+02
3.067201843261718750e+02
3.052599487304687500e+02
3.037958984375000000e+02
3.023284606933593750e+02
3.008580932617187500e+02
2.993851623535156250e+02
2.979101257324218750e+02
2.964334106445312500e+02
2.949554138183593750e+02
2.934765930175781250e+02
2.919973144531250000e+02
2.905180664062500000e+02
2.890392150878906250e+02
2.875612182617187500e+02
2.860844726562500000e+02
2.846094055175781250e+02
2.831364440917968750e+02
2.816660156250000000e+02
2.801985168457031250e+02
2.787344360351562500e+02
2.772740783691406250e+02
2.758178405761718750e+02
2.743659973144531250e+02
2.729188537597656250e+02
2.714767150878906250e+02
2.700399169921875000e+02
2.686087036132812500e+02
2.671834106445312500e+02
2.657643432617187500e+02
2.643518371582031250e+02
2.629461364746093750e+02
2.615475769042968750e+02
2.601564636230468750e+02
2.587731018066406250e+02
2.573977661132812500e+02
2.560307922363281250e+02
2.546724853515625000e+02
2.533231353759765625e+02
2.519830474853515625e+02
2.506525573730468750e+02
2.493319091796875000e+02
2.480214385986328125e+02
2.467214660644531250e+02
2.454322814941406250e+02
2.441541748046875000e+02
2.428874664306640625e+02
2.416324462890625000e+02
2.403894653320312500e+02
2.391587677001953125e+02
2.379406738281250000e+02
2.367355041503906250e+02
2.355435638427734375e+02
2.343651275634765625e+02
2.332005157470703125e+02
2.320500488281250000e+02
2.309140319824218750e+02
2.297927246093750000e+02
2.286864776611328125e+02
2.275955810546875000e+02
2.265203399658203125e+02
2.254610443115234375e+02
2.244180145263671875e+02
2.233915710449218750e+02
2.223819580078125000e+02
2.213895263671875000e+02
2.204145965576171875e+02
2.194574127197265625e+02
2.185183410644531250e+02
2.175976409912109375e+02
2.166956634521484375e+02
2.158126068115234375e+02
2.149485321044921875e+02
2.141033935546875000e+02
2.132771606445312500e+02
2.124698333740234375e+02
2.116813507080078125e+02
2.109116973876953125e+02
2.101608581542968750e+02
2.094288024902343750e+02
2.087154998779296875e+02
2.080209045410156250e+02
2.073450164794921875e+02
2.066877746582031250e+02
2.060491943359375000e+02
2.054292144775390625e+02
2.048278350830078125e+02
2.042449951171875000e+02
2.036806945800781250e+02
2.031348876953125000e+02
2.026075592041015625e+02
2.020986785888671875e+02
2.016082153320312500e+02
2.011361389160156250e+02
2.006824493408203125e+02
2.002470703125000000e+02
1.998300170898437500e+02
1.994312438964843750e+02
1.990507202148437500e+02
1.986884155273437500e+02
1.983443298339843750e+02
1.980184020996093750e+02
1.977106170654296875e+02
1.974209594726562500e+02
1.971493835449218750e+02
1.968958740234375000e+02
1.966603851318359375e+02
1.964429168701171875e+02
1.962434234619140625e+02
1.960618896484375000e+02
1.958982543945312500e+02
1.957525482177734375e+02
1.956246795654296875e+02
1.955146636962890625e+02
1.954224700927734375e+02
1.953480529785156250e+02
1.952913970947265625e+02
1.952524719238281250e+02
1.952312622070312500e+02
1.952277221679687500e+02
1.952418212890625000e+02
1.952734832763671875e+02
1.953225097656250000e+02
1.953885803222656250e+02
1.954713897705078125e+02
1.955706939697265625e+02
1.956861724853515625e+02
1.958175506591796875e+02
1.959645385742187500e+02
1.961268615722656250e+02
1.963042297363281250e+02
1.964963378906250000e+02
1.967029113769531250e+02
1.969236755371093750e+02
1.971583099365234375e+02
1.974065551757812500e+02
1.976681365966796875e+02
1.979427185058593750e+02
1.982300720214843750e+02
1.985298614501953125e+02
1.988418273925781250e+02
1.991656799316406250e+02
1.995011291503906250e+02
1.998478851318359375e+02
2.002056579589843750e+02
2.005741729736328125e+02
2.009531250000000000e+02
2.013422393798828125e+02
2.017412414550781250e+02
2.021498260498046875e+02
2.025677032470703125e+02
2.029946136474609375e+02
2.034302368164062500e+02
2.038742980957031250e+02
2.043265075683593750e+02
2.047866058349609375e+02
2.052542572021484375e+02
2.057292175292968750e+02
2.062111816406250000e+02
2.066998596191406250e+02
2.071949768066406250e+02
2.076962280273437500e+02
2.082033538818359375e+02
2.087160339355468750e+02
2.092340087890625000e+02
2.097569732666015625e+02
2.102846527099609375e+02
2.108167419433593750e+02
2.113529815673828125e+02
2.118930816650390625e+02
2.124367218017578125e+02
2.129836425781250000e+02
2.135335540771484375e+02
2.140861511230468750e+02
2.146411590576171875e+02
2.151982574462890625e+02
2.157571868896484375e+02
2.163176269531250000e+02
2.168793182373046875e+02
2.174419555664062500e+02
2.180052337646484375e+02
2.185688476562500000e+02
2.191325378417968750e+02
2.196959991455078125e+02
2.202589721679687500e+02
2.208210906982421875e+02
2.213821258544921875e+02
2.219417724609375000e+02
2.224997558593750000e+02
2.230557403564453125e+02
2.236094512939453125e+02
2.241605834960937500e+02
2.247088928222656250e+02
2.252540435791015625e+02
2.257957458496093750e+02
2.263337402343750000e+02
2.268677062988281250e+02
2.273973388671875000e+02
2.279224090576171875e+02
2.284425506591796875e+02
2.289575195312500000e+02
2.294669952392578125e+02
2.299707031250000000e+02
2.304683685302734375e+02
2.309596405029296875e+02
2.314442749023437500e+02
2.319219970703125000e+02
2.323924560546875000e+02
2.328554229736328125e+02
2.333105468750000000e+02
2.337575836181640625e+02
2.341962127685546875e+02
2.346261444091796875e+02
2.350471038818359375e+02
2.354587860107421875e+02
2.358609161376953125e+02
2.362531585693359375e+02
2.366352691650390625e+02
2.370069427490234375e+02
2.373678894042968750e+02
2.377177886962890625e+02
2.380564117431640625e+02
2.383836364746093750e+02
2.386993865966796875e+02
2.390035858154296875e+02
2.392961273193359375e+02
2.395769500732421875e+02
2.398459472656250000e+02
2.401031036376953125e+02
2.403482666015625000e+02
2.405813751220703125e+02
2.408023834228515625e+02
2.410111694335937500e+02
2.412076416015625000e+02
2.413917846679687500e+02
2.415634307861328125e+02
2.417225646972656250e+02
2.418690795898437500e+02
2.420029144287109375e+02
2.421239624023437500e+02
2.422321319580078125e+02
2.423273773193359375e+02
2.424096221923828125e+02
2.424787445068359375e+02
2.425346679687500000e+02
2.425773620605468750e+02
2.426066741943359375e+02
2.426225738525390625e+02
2.426249694824218750e+02
2.426137847900390625e+02
2.425889282226562500e+02
2.425503082275390625e+02
2.424978637695312500e+02
2.424315032958984375e+02
2.423511505126953125e+02
2.422567291259765625e+02
2.421481475830078125e+02
2.420253143310546875e+02
2.418881835937500000e+02
2.417366333007812500e+02
2.415706024169921875e+02
2.413900299072265625e+02
2.411948089599609375e+02
2.409848327636718750e+02
2.407601013183593750e+02
2.405204620361328125e+02
2.402658386230468750e+02
2.399961853027343750e+02
2.397113800048828125e+02
2.394113769531250000e+02
2.390960845947265625e+02
2.387654571533203125e+02
2.384196014404296875e+02
2.380587005615234375e+02
2.376828918457031250e+02
2.372923126220703125e+02
2.368871307373046875e+02
2.364675292968750000e+02
2.360336303710937500e+02
2.355855560302734375e+02
2.351235504150390625e+02
2.346476898193359375e+02
2.341581726074218750e+02
2.336551513671875000e+02
2.331387634277343750e+02
2.326091613769531250e+02
2.320665283203125000e+02
2.315109863281250000e+02
2.309426727294921875e+02
2.303618011474609375e+02
2.297684936523437500e+02
2.291629333496093750e+02
2.285452270507812500e+02
2.279155578613281250e+02
2.272740478515625000e+02
2.266209259033203125e+02
2.259562683105468750e+02
2.252802581787109375e+02
2.245930786132812500e+02
2.238948516845703125e+02
2.231857452392578125e+02
2.224659271240234375e+02
2.217355041503906250e+02
2.209946594238281250e+02
2.202435760498046875e+02
2.194823760986328125e+02
2.187112121582031250e+02
2.179302520751953125e+02
2.171396636962890625e+02
2.163395538330078125e+02
2.155301208496093750e+02
2.147115173339843750e+02
2.138838653564453125e+02
2.130473632812500000e+02
2.122021484375000000e+02
2.113483581542968750e+02
2.104861602783203125e+02
2.096157226562500000e+02
2.087371826171875000e+02
2.078506927490234375e+02
2.069564208984375000e+02
2.060545349121093750e+02
2.051452636718750000e+02
2.042288208007812500e+02
2.033054809570312500e+02
2.023754425048828125e+02
2.014389953613281250e+02
2.004963378906250000e+02
1.995477294921875000e+02
1.985933990478515625e+02
1.976335906982421875e+02
1.966685638427734375e+02
1.956985168457031250e+02
1.947237243652343750e+02
1.937444000244140625e+02
1.927608032226562500e+02
1.917731781005859375e+02
1.907817230224609375e+02
1.897867279052734375e+02
1.887884063720703125e+02
1.877870025634765625e+02
1.867827453613281250e+02
1.857758941650390625e+02
1.847666778564453125e+02
1.837553405761718750e+02
1.827421112060546875e+02
1.817272338867187500e+02
1.807109527587890625e+02
1.796935119628906250e+02
1.786751403808593750e+02
1.776560668945312500e+02
1.766365661621093750e+02
1.756168518066406250e+02
1.745971679687500000e+02
1.735777435302734375e+02
1.725588226318359375e+02
1.715406646728515625e+02
1.705234985351562500e+02
1.695075531005859375e+02
1.684930725097656250e+02
1.674803009033203125e+02
1.664694824218750000e+02
1.654608459472656250e+02
1.644546356201171875e+02
1.634510803222656250e+02
1.624504394531250000e+02
1.614529418945312500e+02
1.604588165283203125e+02
1.594683227539062500e+02
1.584816894531250000e+02
1.574991607666015625e+02
1.565209503173828125e+02
1.555472259521484375e+02
1.545781250000000000e+02
1.536137695312500000e+02
1.526543273925781250e+02
1.516999359130859375e+02
1.507507019042968750e+02
1.498068084716796875e+02
1.488683624267578125e+02
1.479355316162109375e+02
1.470084381103515625e+02
1.460872344970703125e+02
1.451720428466796875e+02
1.442630157470703125e+02
1.433602905273437500e+02
1.424640045166015625e+02
1.415743103027343750e+02
1.406913299560546875e+02
1.398152160644531250e+02
1.389461059570312500e+02
1.380841522216796875e+02
1.372294616699218750e+02
1.363822021484375000e+02
1.355425109863281250e+02
1.347105255126953125e+02
1.338863677978515625e+02
1.330702056884765625e+02
1.322621612548828125e+02
1.314623870849609375e+02
1.306710052490234375e+02
1.298881835937500000e+02
1.291140441894531250e+02
1.283487243652343750e+02
1.275923690795898438e+02
1.268451232910156250e+02
1.261071166992187500e+02
1.253785095214843750e+02
1.246594161987304688e+02
1.239499816894531250e+02
1.232503662109375000e+02
1.225606842041015625e+02
1.218810958862304688e+02
1.212117309570312500e+02
1.205527343750000000e+02
1.199042434692382812e+02
1.192664031982421875e+02
1.186393432617187500e+02
1.180232086181640625e+02
1.174181442260742188e+02
1.168242874145507812e+02
1.162417373657226562e+02
1.156705017089843750e+02
1.151105194091796875e+02
1.145617675781250000e+02
1.140241928100585938e+02
1.134977416992187500e+02
1.129823760986328125e+02
1.124780654907226562e+02
1.119847564697265625e+02
1.115024185180664062e+02
1.110309982299804688e+02
1.105704498291015625e+02
1.101207351684570312e+02
1.096818084716796875e+02
1.092536392211914062e+02
1.088361816406250000e+02
1.084293670654296875e+02
1.080331954956054688e+02
1.076475906372070312e+02
1.072725219726562500e+02
1.069079437255859375e+02
1.065538177490234375e+02
1.062100982666015625e+02
1.058767471313476562e+02
1.055537109375000000e+02
1.052409591674804688e+02
1.049384384155273438e+02
1.046461181640625000e+02
1.043639373779296875e+02
1.040918731689453125e+02
1.038298721313476562e+02
1.035778884887695312e+02
1.033358993530273438e+02
1.031038360595703125e+02
1.028816680908203125e+02
1.026693572998046875e+02
1.024668426513671875e+02
1.022741088867187500e+02
1.020910873413085938e+02
1.019177474975585938e+02
1.017540512084960938e+02
1.015999526977539062e+02
1.014553985595703125e+02
1.013203582763671875e+02
1.011947860717773438e+02
1.010786361694335938e+02
1.009718704223632812e+02
1.008744430541992188e+02
1.007863159179687500e+02
1.007074356079101562e+02
1.006377487182617188e+02
1.005771331787109375e+02
1.005254440307617188e+02
1.004825363159179688e+02
1.004482650756835938e+02
1.004224853515625000e+02
1.004050674438476562e+02
1.003958511352539062e+02
1.003946990966796875e+02
1.004014816284179688e+02
1.004160385131835938e+02
1.004382324218750000e+02
1.004679260253906250e+02
1.005049591064453125e+02
1.005492095947265625e+02
1.006005172729492188e+02
1.006587600708007812e+02
1.007237701416015625e+02
1.007954254150390625e+02
1.008735656738281250e+02
1.009580612182617188e+02
1.010487594604492188e+02
1.011455230712890625e+02
1.012482070922851562e+02
1.013566665649414062e+02
1.014707641601562500e+02
1.015903549194335938e+02
1.017152938842773438e+02
1.018454360961914062e+02
1.019806442260742188e+02
1.021207656860351562e+02
1.022656707763671875e+02
1.024152069091796875e+02
1.025692291259765625e+02
1.027276000976562500e+02
1.028901748657226562e+02
1.030568161010742188e+02
1.032273712158203125e+02
1.034016952514648438e+02
1.035796661376953125e+02
1.037611160278320312e+02
1.039459152221679688e+02
1.041339187622070312e+02
1.043249740600585938e+02
1.045189514160156250e+02
1.047157058715820312e+02
1.049150924682617188e+02
1.051169586181640625e+02
1.053211746215820312e+02
1.055275878906250000e+02
1.057360610961914062e+02
1.059464111328125000e+02
1.061584472656250000e+02
1.063720245361328125e+02
1.065869216918945312e+02
1.068029937744140625e+02
1.070200500488281250e+02
1.072378997802734375e+02
1.074563751220703125e+02
1.076753005981445312e+02
1.078944778442382812e+02
1.081137466430664062e+02
1.083329238891601562e+02
1.085518112182617188e+02
1.087702560424804688e+02
1.089880599975585938e+02
1.092050552368164062e+02
1.094210662841796875e+02
1.096358947753906250e+02
1.098493652343750000e+02
1.100613174438476562e+02
1.102715606689453125e+02
1.104799041748046875e+02
1.106861801147460938e+02
1.108902053833007812e+02
1.110918045043945312e+02
1.112908020019531250e+02
1.114869995117187500e+02
1.116802368164062500e+02
1.118703384399414062e+02
1.120571060180664062e+02
1.122403564453125000e+02
1.124199295043945312e+02
1.125956420898437500e+02
1.127673110961914062e+02
1.129347534179687500e+02
1.130977859497070312e+02
1.132562408447265625e+02
1.134099349975585938e+02
1.135587005615234375e+02
1.137023315429687500e+02
1.138406600952148438e+02
1.139735183715820312e+02
1.141007080078125000e+02
1.142220687866210938e+02
1.143374023437500000e+02
1.144465332031250000e+02
1.145493011474609375e+02
1.146455078125000000e+02
1.147349700927734375e+02
1.148175735473632812e+02
1.148934097290039062e+02
1.149625930786132812e+02
1.150252838134765625e+02
1.150816040039062500e+02
1.151317138671875000e+02
1.151757354736328125e+02
1.152137985229492188e+02
1.152460556030273438e+02
1.152726516723632812e+02
1.152937011718750000e+02
1.153093643188476562e+02
1.153197631835937500e+02
1.153250656127929688e+02
1.153253707885742188e+02
1.153208312988281250e+02
1.153116073608398438e+02
1.152977981567382812e+02
1.152795715332031250e+02
1.152570648193359375e+02
1.152304077148437500e+02
1.151997222900390625e+02
1.151651763916015625e+02
1.151269073486328125e+02
1.150850219726562500e+02
1.150396804809570312e+02
1.149910354614257812e+02
1.149392013549804688e+02
1.148843231201171875e+02
1.148265304565429688e+02
1.147659835815429688e+02
1.147028045654296875e+02
1.146371383666992188e+02
1.145691299438476562e+02
1.144988937377929688e+02
1.144265899658203125e+02
1.143523406982421875e+02
1.142763137817382812e+02
1.141986007690429688e+02
1.141193923950195312e+02
1.140387802124023438e+02
1.139569244384765625e+02
1.138739700317382812e+02
1.137900543212890625e+02
1.137052917480468750e+02
1.136198501586914062e+02
1.135338439941406250e+02
1.134474411010742188e+02
1.133607482910156250e+02
1.132739105224609375e+02
