# k_h
6.807089448557235301e-06
7.519543942180462182e-06
8.306566087412647903e-06
9.175961167784407735e-06
1.013635028357384726e-05
1.119725675380323082e-05
1.236920161318266764e-05
1.366380638501141220e-05
1.509390949649969116e-05
1.667369178903754801e-05
1.841882112785242498e-05
2.034660064964555204e-05
2.247614793304819614e-05
2.482858144503552467e-05
2.742722972470801324e-05
3.029786239494569600e-05
3.346894300193525851e-05
3.697192369145341218e-05
4.084153988515026867e-05
4.511616134550422430e-05
4.983817780157551169e-05
5.505442095454782248e-05
6.081661194912157953e-05
6.718189979437738657e-05
7.421339250868186355e-05
8.198083378374576569e-05
9.056123963091522455e-05
1.000397023744881153e-04
1.105102201108820736e-04
1.220766134792938828e-04
1.348535879515111446e-04
1.489678543293848634e-04
1.645593583816662431e-04
1.817827287595719099e-04
2.008087612921372056e-04
2.218261215602979064e-04
2.450432220939546824e-04
2.706903323996812105e-04
2.990217471960932016e-04
3.303184348624199629e-04
3.648907586466521025e-04
4.030815325677394867e-04
4.452694847714155912e-04
4.918729537166655064e-04
5.433541373349726200e-04
6.002235459163784981e-04
6.630450952798128128e-04
7.324417820200324059e-04
8.091017371043562889e-04
8.937852107919752598e-04
9.873319650068879128e-04
1.090669655241072178e-03
1.204823027364909649e-03
1.330924103967845440e-03
1.470223418436944485e-03
1.624102238565683365e-03
1.794086652807891369e-03
1.981862122192978859e-03
2.189290942624211311e-03
2.418430056422948837e-03
2.671551425009965897e-03
2.951165661215782166e-03
3.260045079514384270e-03
3.601253265514969826e-03
3.978173248469829559e-03
4.394542891532182693e-03
4.854491446167230606e-03
5.362580064684152603e-03
5.923846736550331116e-03
6.543857976794242859e-03
7.228761445730924606e-03
7.985349744558334351e-03
8.821125142276287079e-03
9.744375012814998627e-03
1.076425611972808838e-02
1.189088169485330582e-02
1.313542388379573822e-02
1.451022457331418991e-02
1.602891646325588226e-02
1.770655997097492218e-02
1.955979317426681519e-02
2.160699106752872467e-02
2.386845462024211884e-02
2.636661380529403687e-02
2.912623807787895203e-02
3.217469528317451477e-02
3.554221242666244507e-02
3.926218673586845398e-02
4.318840429186820984e-02
4.711462557315826416e-02
5.104084312915802002e-02
5.496706441044807434e-02
5.889328196644783020e-02
6.281950324773788452e-02
6.674572080373764038e-02
7.067193835973739624e-02
7.459815591573715210e-02
7.852437347173690796e-02
8.245059847831726074e-02
8.822757750749588013e-02
9.400455653667449951e-02
9.978153556585311890e-02
1.055585145950317383e-01
1.113354936242103577e-01
1.171124726533889771e-01
1.228894591331481934e-01
1.286664307117462158e-01
1.344434171915054321e-01
1.402203887701034546e-01
1.459973752498626709e-01
1.517743617296218872e-01
1.575513333082199097e-01
1.633283197879791260e-01
1.691052913665771484e-01
1.748822778463363647e-01
1.806592494249343872e-01
1.864362359046936035e-01
1.922132223844528198e-01
1.979901939630508423e-01
2.037671804428100586e-01
2.095441520214080811e-01
2.153211385011672974e-01
2.210981100797653198e-01
2.268750965595245361e-01
2.326520830392837524e-01
2.384290546178817749e-01
2.442060410976409912e-01
2.499830126762390137e-01
2.557599842548370361e-01
2.615369856357574463e-01
2.673139572143554688e-01
2.730909287929534912e-01
2.788679301738739014e-01
2.846449017524719238e-01
2.904218733310699463e-01
2.961988449096679688e-01
3.019758462905883789e-01
3.077528178691864014e-01
3.135297894477844238e-01
3.193067908287048340e-01
3.250837624073028564e-01
3.308607339859008789e-01
3.366377055644989014e-01
3.424147069454193115e-01
3.481916785240173340e-01
3.539686501026153564e-01
3.550003468990325928e-01
3.765091300010681152e-01
3.993211090564727783e-01
5.572974681854248047e-01
7.777712941169738770e-01
1.085467338562011719e+00
1.514891624450683594e+00
2.114201545715332031e+00
2.950606107711791992e+00
4.117902278900146484e+00
5.746995925903320312e+00
8.020578384399414062e+00
1.119361877441406250e+01
1.562195396423339844e+01
2.180219268798828125e+01
3.042741203308105469e+01
4.246487426757812500e+01
5.926450729370117188e+01
8.271028137207031250e+01
