# tt
1.090505126953125000e+03
1.030831420898437500e+03
9.713836059570312500e+02
9.250762939453125000e+02
8.916542968750000000e+02
8.688758544921875000e+02
8.539989013671875000e+02
8.452631835937500000e+02
8.413043823242187500e+02
8.406190185546875000e+02
8.436399536132812500e+02
8.483225708007812500e+02
8.544554443359375000e+02
8.610230102539062500e+02
8.696829223632812500e+02
8.802872924804687500e+02
8.915443725585937500e+02
9.042961425781250000e+02
9.167927856445312500e+02
9.298664550781250000e+02
9.434522094726562500e+02
9.571109008789062500e+02
9.712233276367187500e+02
9.858852539062500000e+02
1.000596130371093750e+03
1.015801635742187500e+03
1.031346557617187500e+03
1.046996337890625000e+03
1.063119628906250000e+03
1.079082519531250000e+03
1.095657592773437500e+03
1.112366821289062500e+03
1.129172119140625000e+03
1.146520019531250000e+03
1.163604858398437500e+03
1.181039672851562500e+03
1.198769409179687500e+03
1.216881958007812500e+03
1.235092285156250000e+03
1.253406250000000000e+03
1.271803344726562500e+03
1.290331054687500000e+03
1.308962402343750000e+03
1.327893432617187500e+03
1.347033081054687500e+03
1.366404541015625000e+03
1.385892822265625000e+03
1.405605834960937500e+03
1.425502685546875000e+03
1.445606811523437500e+03
1.465976562500000000e+03
1.486437500000000000e+03
1.507037719726562500e+03
1.527677001953125000e+03
1.548558227539062500e+03
1.569758178710937500e+03
1.591211181640625000e+03
1.612925537109375000e+03
1.634761230468750000e+03
1.656877929687500000e+03
1.679147949218750000e+03
1.701594970703125000e+03
1.724242797851562500e+03
1.747114624023437500e+03
1.770294555664062500e+03
1.793660522460937500e+03
1.817225219726562500e+03
1.841001464843750000e+03
1.864927368164062500e+03
1.888967773437500000e+03
1.913341308593750000e+03
1.937995239257812500e+03
1.963026489257812500e+03
1.988456909179687500e+03
2.014130004882812500e+03
2.039995361328125000e+03
2.066046386718750000e+03
2.092277343750000000e+03
2.118681640625000000e+03
2.145420410156250000e+03
2.172355468750000000e+03
2.199590087890625000e+03
2.227078369140625000e+03
2.254775634765625000e+03
2.282778564453125000e+03
2.311013427734375000e+03
2.339400390625000000e+03
2.368008544921875000e+03
2.396832275390625000e+03
2.425792724609375000e+03
2.455039794921875000e+03
2.484425781250000000e+03
2.514027587890625000e+03
2.543846679687500000e+03
2.573810791015625000e+03
2.604070068359375000e+03
2.634552246093750000e+03
2.665184814453125000e+03
2.696117919921875000e+03
2.727205322265625000e+03
2.758522460937500000e+03
2.790071777343750000e+03
2.821780517578125000e+03
2.853725097656250000e+03
2.885832519531250000e+03
2.918104980468750000e+03
2.950618164062500000e+03
2.983300292968750000e+03
3.016152587890625000e+03
3.049102539062500000e+03
3.082223632812500000e+03
3.115590332031250000e+03
3.148978027343750000e+03
3.182609863281250000e+03
3.216261474609375000e+03
3.250081542968750000e+03
3.284068847656250000e+03
3.318073974609375000e+03
3.352245117187500000e+03
3.386433105468750000e+03
3.420711181640625000e+03
3.455078857421875000e+03
3.489535400390625000e+03
3.524005859375000000e+03
3.558563720703125000e+03
3.593134033203125000e+03
3.627716308593750000e+03
3.662309814453125000e+03
3.696913574218750000e+03
3.731526611328125000e+03
3.766150146484375000e+03
3.800709472656250000e+03
3.835278320312500000e+03
3.869857910156250000e+03
3.904298583984375000e+03
3.938675781250000000e+03
3.973063720703125000e+03
4.007239257812500000e+03
4.041426025390625000e+03
4.075474853515625000e+03
4.109386230468750000e+03
4.143234375000000000e+03
4.176871093750000000e+03
4.210370605468750000e+03
4.243733398437500000e+03
4.276884765625000000e+03
4.309825195312500000e+03
4.342629394531250000e+03
4.375222656250000000e+03
4.407604492187500000e+03
4.439700683593750000e+03
4.471659667968750000e+03
4.503405273437500000e+03
4.534937500000000000e+03
4.566180175781250000e+03
4.597282226562500000e+03
4.628167968750000000e+03
4.658836914062500000e+03
4.689288085937500000e+03
4.719446777343750000e+03
4.749386230468750000e+03
4.779105957031250000e+03
4.808455566406250000e+03
4.837583984375000000e+03
4.866341308593750000e+03
4.894875976562500000e+03
4.922963867187500000e+03
4.950826660156250000e+03
4.978241210937500000e+03
5.005354980468750000e+03
5.032019042968750000e+03
5.058307128906250000e+03
5.084217773437500000e+03
5.109750488281250000e+03
5.134755859375000000e+03
5.159382324218750000e+03
5.183556640625000000e+03
5.207204589843750000e+03
5.230474121093750000e+03
5.253217773437500000e+03
5.275509765625000000e+03
5.297276367187500000e+03
5.318591308593750000e+03
5.339455078125000000e+03
5.359719726562500000e+03
5.379533691406250000e+03
5.398897460937500000e+03
5.417662109375000000e+03
5.435977539062500000e+03
5.453693847656250000e+03
5.470961425781250000e+03
5.487631347656250000e+03
5.503851562500000000e+03
5.519474609375000000e+03
5.534575195312500000e+03
5.549153320312500000e+03
5.563208496093750000e+03
5.576741699218750000e+03
5.589678222656250000e+03
5.602093750000000000e+03
5.613913085937500000e+03
5.625135742187500000e+03
5.635762207031250000e+03
5.645792480468750000e+03
5.655226074218750000e+03
5.664062988281250000e+03
5.672229003906250000e+03
5.679723632812500000e+03
5.686695800781250000e+03
5.692997070312500000e+03
5.698700683593750000e+03
5.703807128906250000e+03
5.708242675781250000e+03
5.712080078125000000e+03
5.715319824218750000e+03
5.717962402343750000e+03
5.719933105468750000e+03
5.721305664062500000e+03
5.722006347656250000e+03
5.722108398437500000e+03
5.721538574218750000e+03
5.720295898437500000e+03
5.718455566406250000e+03
5.715941894531250000e+03
5.712830078125000000e+03
5.709045410156250000e+03
5.704662109375000000e+03
5.699679199218750000e+03
5.694023925781250000e+03
5.687694824218750000e+03
5.680841796875000000e+03
5.673314453125000000e+03
5.665113769531250000e+03
5.656388183593750000e+03
5.646988769531250000e+03
5.637063476562500000e+03
5.626464843750000000e+03
5.615266113281250000e+03
5.603467773437500000e+03
5.591143554687500000e+03
5.578145019531250000e+03
5.564621093750000000e+03
5.550496093750000000e+03
5.535771484375000000e+03
5.520520019531250000e+03
5.504667968750000000e+03
5.488290527343750000e+03
5.471385742187500000e+03
5.453954589843750000e+03
5.435922363281250000e+03
5.417363769531250000e+03
5.398353027343750000e+03
5.378742187500000000e+03
5.358604003906250000e+03
5.337940429687500000e+03
5.316825195312500000e+03
5.295183593750000000e+03
5.273016113281250000e+03
5.250472167968750000e+03
5.227402343750000000e+03
5.203881347656250000e+03
5.179983398437500000e+03
5.155634765625000000e+03
5.130835449218750000e+03
5.105659179687500000e+03
5.080032226562500000e+03
5.054029296875000000e+03
5.027649902343750000e+03
5.000820800781250000e+03
4.973614746093750000e+03
4.946107910156250000e+03
4.918225097656250000e+03
4.889967285156250000e+03
4.861333496093750000e+03
4.832473144531250000e+03
4.803162597656250000e+03
4.773625976562500000e+03
4.743788574218750000e+03
4.713649902343750000e+03
4.683285644531250000e+03
4.652546386718750000e+03
4.621655273437500000e+03
4.590464355468750000e+03
4.559047363281250000e+03
4.527330078125000000e+03
4.495461425781250000e+03
4.463367675781250000e+03
4.431122558593750000e+03
4.398652343750000000e+03
4.366030761718750000e+03
4.333184570312500000e+03
4.300261718750000000e+03
4.267114257812500000e+03
4.233890136718750000e+03
4.200516113281250000e+03
4.166991699218750000e+03
4.133317382812500000e+03
4.099641601562500000e+03
4.065815185546875000e+03
4.031914062500000000e+03
3.997936767578125000e+03
3.963958984375000000e+03
3.929906005859375000e+03
3.895852539062500000e+03
3.861723876953125000e+03
3.827594970703125000e+03
3.793466064453125000e+03
3.759411132812500000e+03
3.725281738281250000e+03
3.691227050781250000e+03
3.657246582031250000e+03
3.623267089843750000e+03
3.589362060546875000e+03
3.555457519531250000e+03
3.521702880859375000e+03
3.488023437500000000e+03
3.454493408203125000e+03
3.421039550781250000e+03
3.387660888671875000e+03
3.354432373046875000e+03
3.321354248046875000e+03
3.288426513671875000e+03
3.255649414062500000e+03
3.223097167968750000e+03
3.190621582031250000e+03
3.158371093750000000e+03
3.126346191406250000e+03
3.094472167968750000e+03
3.062824218750000000e+03
3.031401855468750000e+03
3.000205810546875000e+03
2.969235351562500000e+03
2.938565673828125000e+03
2.908122314453125000e+03
2.877905517578125000e+03
2.847989746093750000e+03
2.818300537109375000e+03
2.788986816406250000e+03
2.759900634765625000e+03
2.731115478515625000e+03
2.702631835937500000e+03
2.674524658203125000e+03
2.646719238281250000e+03
2.619141601562500000e+03
2.592014648437500000e+03
2.565115722656250000e+03
2.538593505859375000e+03
2.512448486328125000e+03
2.486605957031250000e+03
2.461214843750000000e+03
2.436126708984375000e+03
2.411415527343750000e+03
2.387081054687500000e+03
2.363124023437500000e+03
2.339617919921875000e+03
2.316488769531250000e+03
2.293736083984375000e+03
2.271360351562500000e+03
2.249435791015625000e+03
2.227887695312500000e+03
2.206790283203125000e+03
2.186069335937500000e+03
2.165799072265625000e+03
2.145905273437500000e+03
2.126462158203125000e+03
2.107469482421875000e+03
2.088852783203125000e+03
2.070761230468750000e+03
2.053045410156250000e+03
2.035780151367187500e+03
2.018890747070312500e+03
2.002525878906250000e+03
1.986611083984375000e+03
1.971072143554687500e+03
1.955983154296875000e+03
1.941418457031250000e+03
1.927229370117187500e+03
1.913490234375000000e+03
1.900275024414062500e+03
1.887435546875000000e+03
1.875045410156250000e+03
1.863104858398437500e+03
1.851688354492187500e+03
1.840647094726562500e+03
1.830055175781250000e+03
1.819912597656250000e+03
1.810219482421875000e+03
1.800975463867187500e+03
1.792180664062500000e+03
1.783835205078125000e+03
1.775864257812500000e+03
1.768416748046875000e+03
1.761343872070312500e+03
1.754720092773437500e+03
1.748545043945312500e+03
1.742744506835937500e+03
1.737392578125000000e+03
1.732489501953125000e+03
1.727960571289062500e+03
1.723880371093750000e+03
1.720248535156250000e+03
1.716990844726562500e+03
1.714107177734375000e+03
1.711671752929687500e+03
1.709610107421875000e+03
1.707996582031250000e+03
1.706756835937500000e+03
1.705890625000000000e+03
1.705398071289062500e+03
1.705278808593750000e+03
1.705532958984375000e+03
1.706160400390625000e+03
1.707086791992187500e+03
1.708460693359375000e+03
1.710133300781250000e+03
1.712178833007812500e+03
1.714523071289062500e+03
1.717239990234375000e+03
1.720329711914062500e+03
1.723717773437500000e+03
1.727404174804687500e+03
1.731388549804687500e+03
1.735671264648437500e+03
1.740326171875000000e+03
1.745279174804687500e+03
1.750455810546875000e+03
1.755929931640625000e+03
1.761702026367187500e+03
1.767771606445312500e+03
1.774064453125000000e+03
1.780580444335937500e+03
1.787393920898437500e+03
1.794430419921875000e+03
1.801689819335937500e+03
1.809172119140625000e+03
1.816951416015625000e+03
1.824878906250000000e+03
1.833103515625000000e+03
1.841476196289062500e+03
1.850071533203125000e+03
1.858814819335937500e+03
1.867780517578125000e+03
1.876894042968750000e+03
1.886229492187500000e+03
1.895638671875000000e+03
1.905269775390625000e+03
1.914973999023437500e+03
1.924825683593750000e+03
1.934899169921875000e+03
1.945045898437500000e+03
1.955265136718750000e+03
1.965706176757812500e+03
1.976145507812500000e+03
1.986731811523437500e+03
1.997464843750000000e+03
2.008195800781250000e+03
2.018999267578125000e+03
2.029949096679687500e+03
2.040896728515625000e+03
2.051916259765625000e+03
2.062933593750000000e+03
2.074022460937500000e+03
2.085108642578125000e+03
2.096266357421875000e+03
2.107420898437500000e+03
2.118647216796875000e+03
2.129795898437500000e+03
2.141015625000000000e+03
2.152232177734375000e+03
2.163371093750000000e+03
2.174506347656250000e+03
2.185637939453125000e+03
2.196691650390625000e+03
2.207741210937500000e+03
2.218712646484375000e+03
2.229605712890625000e+03
2.240494628906250000e+03
2.251304931640625000e+03
2.262036621093750000e+03
2.272689453125000000e+03
2.283337402343750000e+03
2.293832275390625000e+03
2.304173583984375000e+03
2.314510253906250000e+03
2.324693115234375000e+03
2.334722167968750000e+03
2.344671630859375000e+03
2.354467285156250000e+03
2.364183105468750000e+03
2.373670166015625000e+03
2.383077636718750000e+03
2.392330566406250000e+03
2.401503173828125000e+03
2.410446777343750000e+03
2.419236083984375000e+03
2.427870361328125000e+03
2.436349365234375000e+03
2.444673583984375000e+03
2.452842773437500000e+03
2.460708007812500000e+03
2.468492431640625000e+03
2.476047851562500000e+03
2.483374023437500000e+03
2.490546142578125000e+03
2.497489501953125000e+03
2.504279296875000000e+03
2.510840576171875000e+03
2.517174072265625000e+03
2.523280029296875000e+03
2.529232666015625000e+03
2.534958251953125000e+03
2.540456542968750000e+03
2.545802490234375000e+03
2.550847412109375000e+03
2.555740478515625000e+03
2.560332763671875000e+03
2.564773437500000000e+03
2.568988525390625000e+03
2.572903564453125000e+03
2.576593505859375000e+03
2.580057861328125000e+03
2.583297851562500000e+03
2.586312744140625000e+03
2.589103271484375000e+03
2.591595214843750000e+03
2.593863281250000000e+03
2.595907226562500000e+03
2.597727539062500000e+03
2.599324462890625000e+03
2.600697998046875000e+03
2.601774414062500000e+03
2.602627929687500000e+03
2.603259033203125000e+03
2.603667480468750000e+03
2.603854003906250000e+03
2.603744140625000000e+03
2.603412597656250000e+03
2.602859375000000000e+03
2.602084960937500000e+03
2.601089355468750000e+03
2.599873046875000000e+03
2.598361328125000000e+03
2.596703857421875000e+03
2.594751708984375000e+03
2.592653808593750000e+03
2.590261474609375000e+03
2.587649902343750000e+03
2.584893066406250000e+03
2.581842773437500000e+03
2.578647705078125000e+03
2.575159423828125000e+03
2.571526611328125000e+03
2.567675292968750000e+03
2.563605224609375000e+03
2.559316894531250000e+03
2.554884277343750000e+03
2.550233398437500000e+03
2.545364501953125000e+03
2.540351806640625000e+03
2.535121093750000000e+03
2.529746826171875000e+03
2.524155029296875000e+03
2.518419677734375000e+03
2.512541259765625000e+03
2.506445312500000000e+03
2.500132080078125000e+03
2.493750244140625000e+03
2.487151367187500000e+03
2.480409667968750000e+03
2.473525390625000000e+03
2.466424072265625000e+03
2.459254882812500000e+03
2.451943603515625000e+03
2.444415527343750000e+03
2.436819824218750000e+03
2.429082275390625000e+03
2.421276855468750000e+03
2.413255615234375000e+03
2.405241210937500000e+03
2.397010986328125000e+03
2.388713623046875000e+03
2.380349121093750000e+03
2.371917968750000000e+03
2.363345458984375000e+03
2.354706298828125000e+03
2.346000488281250000e+03
2.337153808593750000e+03
2.328314941406250000e+03
2.319335693359375000e+03
2.310364501953125000e+03
2.301326904296875000e+03
2.292223632812500000e+03
2.283128662109375000e+03
2.273893554687500000e+03
2.264667236328125000e+03
2.255449462890625000e+03
2.246166503906250000e+03
2.236892333984375000e+03
2.227552734375000000e+03
2.218222167968750000e+03
2.208901123046875000e+03
2.199514648437500000e+03
2.190211425781250000e+03
2.180843261718750000e+03
2.171558105468750000e+03
2.162207519531250000e+03
2.152940185546875000e+03
2.143681884765625000e+03
2.134432373046875000e+03
2.125266113281250000e+03
2.116108398437500000e+03
2.106959472656250000e+03
2.097893554687500000e+03
2.088836425781250000e+03
2.079862060546875000e+03
2.070970947265625000e+03
2.062162353515625000e+03
2.053362548828125000e+03
2.044719604492187500e+03
2.036085327148437500e+03
2.027533813476562500e+03
2.019139282226562500e+03
2.010753051757812500e+03
2.002523803710937500e+03
1.994377197265625000e+03
1.986387573242187500e+03
1.978405883789062500e+03
1.970655639648437500e+03
1.962913452148437500e+03
1.955327880859375000e+03
1.947899169921875000e+03
1.940552856445312500e+03
1.933363281250000000e+03
1.926330200195312500e+03
1.919379150390625000e+03
1.912584960937500000e+03
1.905947265625000000e+03
1.899465942382812500e+03
1.893141113281250000e+03
1.886972656250000000e+03
1.880886352539062500e+03
1.875030517578125000e+03
1.869331176757812500e+03
1.863788085937500000e+03
1.858401123046875000e+03
1.853244750976562500e+03
1.848170288085937500e+03
1.843326171875000000e+03
1.838638183593750000e+03
1.834180664062500000e+03
1.829804565429687500e+03
1.825732910156250000e+03
1.821742187500000000e+03
1.817980957031250000e+03
1.814449096679687500e+03
1.811072021484375000e+03
1.807849609375000000e+03
1.804855834960937500e+03
1.802090576171875000e+03
1.799478881835937500e+03
1.797095703125000000e+03
1.794865600585937500e+03
1.792863281250000000e+03
1.791014038085937500e+03
1.789392089843750000e+03
1.787996948242187500e+03
1.786754272460937500e+03
1.785812255859375000e+03
1.784948120117187500e+03
1.784384399414062500e+03
1.783972290039062500e+03
1.783785644531250000e+03
1.783750122070312500e+03
1.783940185546875000e+03
1.784354858398437500e+03
1.784920288085937500e+03
1.785710205078125000e+03
1.786724609375000000e+03
1.787963134765625000e+03
1.789351196289062500e+03
1.790888793945312500e+03
1.792724243164062500e+03
1.794708618164062500e+03
1.796841796875000000e+03
1.799197753906250000e+03
1.801776611328125000e+03
1.804503540039062500e+03
1.807452514648437500e+03
1.810549438476562500e+03
1.813868041992187500e+03
1.817333984375000000e+03
1.821021118164062500e+03
1.824855224609375000e+03
1.828910400390625000e+03
1.833112060546875000e+03
1.837533935546875000e+03
1.842027832031250000e+03
1.846741455078125000e+03
1.851675170898437500e+03
1.856679931640625000e+03
1.861904052734375000e+03
1.867273315429687500e+03
1.872787109375000000e+03
1.878445556640625000e+03
1.884248291015625000e+03
1.890195190429687500e+03
1.896360107421875000e+03
1.902594604492187500e+03
1.908972656250000000e+03
1.915494018554687500e+03
1.922158447265625000e+03
1.928965698242187500e+03
1.935841430664062500e+03
1.942859375000000000e+03
1.950019897460937500e+03
1.957248168945312500e+03
1.964618041992187500e+03
1.972129760742187500e+03
1.979634399414062500e+03
1.987354492187500000e+03
1.995066894531250000e+03
2.002994506835937500e+03
2.010914306640625000e+03
2.018974243164062500e+03
2.027100341796875000e+03
2.035292114257812500e+03
2.043549316406250000e+03
2.051871826171875000e+03
2.060259521484375000e+03
2.068786132812500000e+03
2.077303466796875000e+03
2.085885009765625000e+03
2.094531005859375000e+03
2.103240966796875000e+03
2.111940673828125000e+03
2.120703857421875000e+03
2.129530273437500000e+03
2.138346191406250000e+03
2.147150390625000000e+03
2.156017578125000000e+03
2.164872802734375000e+03
2.173791015625000000e+03
2.182696533203125000e+03
2.191590087890625000e+03
2.200396972656250000e+03
2.209265136718750000e+03
2.218120605468750000e+03
2.226962646484375000e+03
2.235791748046875000e+03
2.244607177734375000e+03
2.253334716796875000e+03
2.262048828125000000e+03
2.270675048828125000e+03
2.279361816406250000e+03
2.287886474609375000e+03
2.296471679687500000e+03
2.304894775390625000e+03
2.313378662109375000e+03
2.321699951171875000e+03
2.330007568359375000e+03
2.338301757812500000e+03
2.346433349609375000e+03
2.354551269531250000e+03
2.362507080078125000e+03
2.370448730468750000e+03
2.378302246093750000e+03
2.385993896484375000e+03
2.393671142578125000e+03
2.401186279296875000e+03
2.408613037109375000e+03
2.415877441406250000e+03
2.423053466796875000e+03
2.430141601562500000e+03
2.437066894531250000e+03
2.443829833984375000e+03
2.450504394531250000e+03
2.457090820312500000e+03
2.463514404296875000e+03
2.469775878906250000e+03
2.475948486328125000e+03
2.481958496093750000e+03
2.487880615234375000e+03
2.493639648437500000e+03
2.499161621093750000e+03
2.504595458984375000e+03
2.509866455078125000e+03
2.514974853515625000e+03
2.519920166015625000e+03
2.524702880859375000e+03
2.529248535156250000e+03
2.533705810546875000e+03
2.537925781250000000e+03
2.541982666015625000e+03
2.545802734375000000e+03
2.549534179687500000e+03
2.553028564453125000e+03
2.556359863281250000e+03
2.559453857421875000e+03
2.562459228515625000e+03
2.565227783203125000e+03
2.567758789062500000e+03
2.570201660156250000e+03
2.572333496093750000e+03
2.574377685546875000e+03
2.576185546875000000e+03
2.577757324218750000e+03
2.579093017578125000e+03
2.580267822265625000e+03
2.581206787109375000e+03
2.581910644531250000e+03
2.582453613281250000e+03
2.582761718750000000e+03
2.582909423828125000e+03
2.582822753906250000e+03
2.582501953125000000e+03
2.582020996093750000e+03
2.581380615234375000e+03
2.580506835937500000e+03
2.579399169921875000e+03
2.578058593750000000e+03
2.576484619140625000e+03
2.574752197265625000e+03
2.572712890625000000e+03
2.570515136718750000e+03
2.568085205078125000e+03
2.565423095703125000e+03
2.562603759765625000e+03
2.559552246093750000e+03
2.556343750000000000e+03
2.552904052734375000e+03
2.549233154296875000e+03
2.545405761718750000e+03
2.541347656250000000e+03
2.537133300781250000e+03
2.532614501953125000e+03
2.527939697265625000e+03
2.523034912109375000e+03
2.517900634765625000e+03
2.512611083984375000e+03
2.507092285156250000e+03
2.501418701171875000e+03
2.495516113281250000e+03
2.489384765625000000e+03
2.483099365234375000e+03
2.476659912109375000e+03
2.470066650390625000e+03
2.463245361328125000e+03
2.456196289062500000e+03
2.448994384765625000e+03
2.441564941406250000e+03
2.433982910156250000e+03
2.426248291015625000e+03
2.418287353515625000e+03
2.410100097656250000e+03
2.401835693359375000e+03
2.393345947265625000e+03
2.384705078125000000e+03
2.375913818359375000e+03
2.366971923828125000e+03
2.357880126953125000e+03
2.348638427734375000e+03
2.339247558593750000e+03
2.329632812500000000e+03
2.319943603515625000e+03
2.310180419921875000e+03
2.300194335937500000e+03
2.290060546875000000e+03
2.279853271484375000e+03
2.269498535156250000e+03
2.258996826171875000e+03
2.248348144531250000e+03
2.237552978515625000e+03
2.226686035156250000e+03
2.215673095703125000e+03
2.204514892578125000e+03
2.193359619140625000e+03
2.181985107421875000e+03
2.170614501953125000e+03
2.159099365234375000e+03
2.147514648437500000e+03
2.135785644531250000e+03
2.124062255859375000e+03
2.112195068359375000e+03
2.100259521484375000e+03
2.088255859375000000e+03
2.076183837890625000e+03
2.064044189453125000e+03
2.051762695312500000e+03
2.039488403320312500e+03
2.027147338867187500e+03
2.014739501953125000e+03
2.002265380859375000e+03
1.989799804687500000e+03
1.977194213867187500e+03
1.964597412109375000e+03
1.951935668945312500e+03
1.939283203125000000e+03
1.926566284179687500e+03
1.913859619140625000e+03
1.901163208007812500e+03
1.888403076171875000e+03
1.875578979492187500e+03
1.862839721679687500e+03
1.850036621093750000e+03
1.837244262695312500e+03
1.824462524414062500e+03
1.811691650390625000e+03
1.798931274414062500e+03
1.786181762695312500e+03
1.773442749023437500e+03
1.760715087890625000e+03
1.747998046875000000e+03
1.735366210937500000e+03
1.722671020507812500e+03
1.710061157226562500e+03
1.697536743164062500e+03
1.685023315429687500e+03
1.672521118164062500e+03
1.660030029296875000e+03
1.647698608398437500e+03
1.635304321289062500e+03
1.622995605468750000e+03
1.610772460937500000e+03
1.598635009765625000e+03
1.586509033203125000e+03
1.574468750000000000e+03
1.562514282226562500e+03
1.550571411132812500e+03
1.538788574218750000e+03
1.527091796875000000e+03
1.515406494140625000e+03
1.503881591796875000e+03
1.492368530273437500e+03
1.481015747070312500e+03
1.469749145507812500e+03
1.458494262695312500e+03
1.447400146484375000e+03
1.436466308593750000e+03
1.425544555664062500e+03
1.414783447265625000e+03
1.404108642578125000e+03
1.393594604492187500e+03
1.383166992187500000e+03
1.372825805664062500e+03
1.362645507812500000e+03
1.352551879882812500e+03
1.342544677734375000e+03
1.332772705078125000e+03
1.323087524414062500e+03
1.313489135742187500e+03
1.304051391601562500e+03
1.294774414062500000e+03
1.285583496093750000e+03
1.276552856445312500e+03
1.267608032226562500e+03
1.258897338867187500e+03
1.250271972656250000e+03
1.241806274414062500e+03
1.233499755859375000e+03
1.225278076171875000e+03
1.217215332031250000e+03
1.209385620117187500e+03
1.201640136718750000e+03
1.194052856445312500e+03
1.186623901367187500e+03
1.179352905273437500e+03
1.172165161132812500e+03
1.165209594726562500e+03
1.158411254882812500e+03
1.151695800781250000e+03
1.145211669921875000e+03
1.138810058593750000e+03
1.132639282226562500e+03
1.126624877929687500e+03
1.120692626953125000e+03
1.114990600585937500e+03
1.109370117187500000e+03
1.103979492187500000e+03
1.098744506835937500e+03
1.093590332031250000e+03
1.088665649414062500e+03
1.083895874023437500e+03
1.079280761718750000e+03
1.074820068359375000e+03
1.070439453125000000e+03
1.066287231445312500e+03
1.062289062500000000e+03
1.058444458007812500e+03
1.054753540039062500e+03
1.051215820312500000e+03
1.047831298828125000e+03
1.044599853515625000e+03
1.041520996093750000e+03
1.038669189453125000e+03
1.035895385742187500e+03
1.033273803710937500e+03
1.030804199218750000e+03
1.028486450195312500e+03
1.026320312500000000e+03
1.024305541992187500e+03
1.022442077636718750e+03
1.020729858398437500e+03
1.019168518066406250e+03
1.017683776855468750e+03
1.016424011230468750e+03
1.015240539550781250e+03
1.014207397460937500e+03
1.013324523925781250e+03
1.012591796875000000e+03
1.011934753417968750e+03
1.011427490234375000e+03
1.011069946289062500e+03
1.010861938476562500e+03
1.010729003906250000e+03
1.010745300292968750e+03
1.010910705566406250e+03
1.011150695800781250e+03
1.011539611816406250e+03
1.012077087402343750e+03
1.012688720703125000e+03
1.013448913574218750e+03
1.014282897949218750e+03
1.015264831542968750e+03
1.016320556640625000e+03
1.017524047851562500e+03
1.018800903320312500e+03
1.020150817871093750e+03
1.021648132324218750e+03
1.023218444824218750e+03
1.024861328125000000e+03
1.026651245117187500e+03
1.028439208984375000e+03
1.030448242187500000e+03
1.032455078125000000e+03
1.034608276367187500e+03
1.036758789062500000e+03
1.039055541992187500e+03
1.041423950195312500e+03
1.043789428710937500e+03
1.046300415039062500e+03
1.048882568359375000e+03
1.051461425781250000e+03
1.054185546875000000e+03
1.056906005859375000e+03
1.059771240234375000e+03
1.062632690429687500e+03
1.065490112304687500e+03
1.068491943359375000e+03
1.071489257812500000e+03
1.074556640625000000e+03
1.077693725585937500e+03
1.080826171875000000e+03
1.084028320312500000e+03
1.087299926757812500e+03
1.090492553710937500e+03
1.093828857421875000e+03
1.097160156250000000e+03
1.100486450195312500e+03
1.103807617187500000e+03
1.107197998046875000e+03
1.110657470703125000e+03
1.114037353515625000e+03
1.117486083984375000e+03
1.120929565429687500e+03
1.124367431640625000e+03
1.127874145507812500e+03
1.131300781250000000e+03
1.134796142578125000e+03
1.138285644531250000e+03
1.141695068359375000e+03
1.145172973632812500e+03
1.148644775390625000e+03
1.152036254882812500e+03
1.155495971679687500e+03
1.158875244140625000e+03
1.162322631835937500e+03
1.165689331054687500e+03
1.168975341796875000e+03
1.172329223632812500e+03
1.175602416992187500e+03
1.178868896484375000e+03
1.182128784179687500e+03
1.185307617187500000e+03
1.188479736328125000e+03
1.191645019531250000e+03
1.194729003906250000e+03
1.197806030273437500e+03
1.200801635742187500e+03
1.203715942382812500e+03
1.206623046875000000e+03
1.209522827148437500e+03
1.212266723632812500e+03
1.215003173828125000e+03
1.217732177734375000e+03
1.220379394531250000e+03
1.222944702148437500e+03
1.225427978515625000e+03
1.227903686523437500e+03
1.230297241210937500e+03
1.232608520507812500e+03
1.234912231445312500e+03
1.237059692382812500e+03
1.239199584960937500e+03
1.241257690429687500e+03
1.243234375000000000e+03
1.245129516601562500e+03
1.246943359375000000e+03
1.248676025390625000e+03
1.250327514648437500e+03
1.251897949218750000e+03
1.253462036132812500e+03
1.254870971679687500e+03
1.256199218750000000e+03
1.257447021484375000e+03
1.258688842773437500e+03
1.259776000976562500e+03
1.260783081054687500e+03
1.261709960937500000e+03
1.262557006835937500e+03
1.263324340820312500e+03
1.264011962890625000e+03
1.264545776367187500e+03
1.265074340820312500e+03
1.265449340820312500e+03
1.265745239257812500e+03
1.265961914062500000e+03
1.266099609375000000e+03
1.266158691406250000e+03
1.266064453125000000e+03
1.265966064453125000e+03
1.265714965820312500e+03
1.265385375976562500e+03
1.264977661132812500e+03
1.264491699218750000e+03
1.263853515625000000e+03
1.263211669921875000e+03
1.262417846679687500e+03
1.261546264648437500e+03
1.260522949218750000e+03
1.259496582031250000e+03
1.258318359375000000e+03
1.257063110351562500e+03
1.255730834960937500e+03
1.254321655273437500e+03
1.252835693359375000e+03
1.251198608398437500e+03
1.249484985351562500e+03
1.247694824218750000e+03
1.245828369140625000e+03
1.243885742187500000e+03
1.241792724609375000e+03
1.239697998046875000e+03
1.237453247070312500e+03
1.235132812500000000e+03
1.232736816406250000e+03
1.230191162109375000e+03
1.227644531250000000e+03
1.225022827148437500e+03
1.222251953125000000e+03
1.219480468750000000e+03
1.216560058593750000e+03
1.213564941406250000e+03
1.210569824218750000e+03
1.207426269531250000e+03
1.204208496093750000e+03
1.200990966796875000e+03
1.197625488281250000e+03
1.194186157226562500e+03
1.190747558593750000e+03
1.187161376953125000e+03
1.183576049804687500e+03
1.179843261718750000e+03
1.176111938476562500e+03
1.172307739257812500e+03
1.168430786132812500e+03
1.164481323242187500e+03
1.160459228515625000e+03
1.156439331054687500e+03
1.152347167968750000e+03
1.148183105468750000e+03
1.143947021484375000e+03
1.139639282226562500e+03
1.135334228515625000e+03
1.130957763671875000e+03
1.126509887695312500e+03
1.122065185546875000e+03
1.117549438476562500e+03
1.112962890625000000e+03
1.108379760742187500e+03
1.103726074218750000e+03
1.099076293945312500e+03
1.094355957031250000e+03
1.089639892578125000e+03
1.084853759765625000e+03
1.079997680664062500e+03
1.075146240234375000e+03
1.070299438476562500e+03
1.065383056640625000e+03
1.060471679687500000e+03
1.055565307617187500e+03
1.050589843750000000e+03
1.045619506835937500e+03
1.040580078125000000e+03
1.035545898437500000e+03
1.030517089843750000e+03
1.025493408203125000e+03
1.020475158691406250e+03
1.015388000488281250e+03
1.010306274414062500e+03
1.005229980468750000e+03
1.000159179687500000e+03
9.950938720703125000e+02
9.899598999023437500e+02
9.849058227539062500e+02
9.798573608398437500e+02
9.747402954101562500e+02
9.697032470703125000e+02
9.645975952148437500e+02
9.595720214843750000e+02
9.545524291992187500e+02
9.494642333984375000e+02
9.444562377929687500e+02
9.394542846679687500e+02
9.345325317382812500e+02
9.295424804687500000e+02
9.246328125000000000e+02
9.196549072265625000e+02
9.147574462890625000e+02
9.099403686523437500e+02
9.050552368164062500e+02
9.002506713867187500e+02
8.955266113281250000e+02
8.907346191406250000e+02
8.860231323242187500e+02
8.813923950195312500e+02
8.766938476562500000e+02
8.721502685546875000e+02
8.675388183593750000e+02
8.630083007812500000e+02
8.585585327148437500e+02
8.541154785156250000e+02
8.496789550781250000e+02
8.453234252929687500e+02
8.410489501953125000e+02
8.367811279296875000e+02
8.325944824218750000e+02
8.284145507812500000e+02
8.243157958984375000e+02
8.202982788085937500e+02
8.162875976562500000e+02
8.123580932617187500e+02
8.084353027343750000e+02
8.045933837890625000e+02
8.008323364257812500e+02
7.971519165039062500e+02
7.934777832031250000e+02
7.898840942382812500e+02
7.862965698242187500e+02
7.828635864257812500e+02
7.794365234375000000e+02
7.760894165039062500e+02
7.728223266601562500e+02
7.696350708007812500e+02
7.664681396484375000e+02
7.633808593750000000e+02
7.603656616210937500e+02
7.574150390625000000e+02
7.545363159179687500e+02
7.517219238281250000e+02
7.489791870117187500e+02
7.463081054687500000e+02
7.437010498046875000e+02
7.411653442382812500e+02
7.387008666992187500e+02
7.363150634765625000e+02
7.339927978515625000e+02
7.317414550781250000e+02
7.295609741210937500e+02
7.274586791992187500e+02
7.254195556640625000e+02
7.234583740234375000e+02
7.215676269531250000e+02
7.197546386718750000e+02
7.180043945312500000e+02
7.163316650390625000e+02
7.147288818359375000e+02
7.132034912109375000e+02
7.117478637695312500e+02
7.103619384765625000e+02
7.090529174804687500e+02
7.078134765625000000e+02
7.066433105468750000e+02
7.055498657226562500e+02
7.045255126953125000e+02
7.035702514648437500e+02
7.026913452148437500e+02
7.018737792968750000e+02
7.011324462890625000e+02
7.004597167968750000e+02
6.998628540039062500e+02
6.993270263671875000e+02
6.988594360351562500e+02
6.984599609375000000e+02
6.981285400390625000e+02
6.978649902343750000e+02
6.976691894531250000e+02
6.975410766601562500e+02
6.974730224609375000e+02
6.974723510742187500e+02
6.975315551757812500e+02
6.976578979492187500e+02
6.978438110351562500e+02
6.980892944335937500e+02
6.983940429687500000e+02
6.987654418945312500e+02
6.991959228515625000e+02
6.996779785156250000e+02
7.002189331054687500e+02
7.008186035156250000e+02
7.014694213867187500e+02
7.021787109375000000e+02
7.029389648437500000e+02
7.037574462890625000e+02
7.046192016601562500e+02
7.055388793945312500e+02
7.065016479492187500e+02
7.075220947265625000e+02
7.085852661132812500e+02
7.096911621093750000e+02
7.108468627929687500e+02
7.120451049804687500e+02
7.132854614257812500e+02
7.145680541992187500e+02
7.158926391601562500e+02
7.172517089843750000e+02
7.186599731445312500e+02
7.200949707031250000e+02
7.215715332031250000e+02
7.230820312500000000e+02
7.246189575195312500e+02
7.261970214843750000e+02
7.278012695312500000e+02
7.294389648437500000e+02
7.310951538085937500e+02
7.327846069335937500e+02
7.344996337890625000e+02
7.362402954101562500e+02
7.380063476562500000e+02
7.397827758789062500e+02
7.415919189453125000e+02
7.434112548828125000e+02
7.452557373046875000e+02
7.471104736328125000e+02
7.489826660156250000e+02
7.508724975585937500e+02
7.527723999023437500e+02
7.546823120117187500e+02
7.566022949218750000e+02
7.585322265625000000e+02
7.604720458984375000e+02
7.624217529296875000e+02
7.643664550781250000e+02
7.663209838867187500e+02
7.682778320312500000e+02
7.702369995117187500e+02
7.721984252929687500e+02
7.741546630859375000e+02
7.761130981445312500e+02
7.780587768554687500e+02
7.800065917968750000e+02
7.819490356445312500e+02
7.838787231445312500e+02
7.858029174804687500e+02
7.877216186523437500e+02
7.896199340820312500e+02
7.915127563476562500e+02
7.934074096679687500e+02
7.952592773437500000e+02
7.971054687500000000e+02
7.989459838867187500e+02
8.007063598632812500e+02
8.025353393554687500e+02
8.042841186523437500e+02
8.060271606445312500e+02
8.077642211914062500e+02
8.094210815429687500e+02
8.111462402343750000e+02
8.127910156250000000e+02
8.143555297851562500e+02
8.159882202148437500e+02
8.175404663085937500e+02
8.190865478515625000e+02
8.205521240234375000e+02
8.220114746093750000e+02
8.234644775390625000e+02
8.248369750976562500e+02
8.262030029296875000e+02
8.274884033203125000e+02
8.287673339843750000e+02
8.300397338867187500e+02
8.312315063476562500e+02
8.324169311523437500e+02
8.335217895507812500e+02
8.346204223632812500e+02
8.356387329101562500e+02
8.365766601562500000e+02
8.375829467773437500e+02
8.384346923828125000e+02
8.392807006835937500e+02
8.401209716796875000e+02
8.408812255859375000e+02
8.415616455078125000e+02
8.422365112304687500e+02
8.428316040039062500e+02
8.434213867187500000e+02
8.439315185546875000e+02
8.443621826171875000e+02
8.447876586914062500e+02
8.451337890625000000e+02
8.454749755859375000e+02
8.457368164062500000e+02
8.459195556640625000e+02
8.460975952148437500e+02
8.461965942382812500e+02
8.462166137695312500e+02
8.462321777343750000e+02
8.461688232421875000e+02
8.460268554687500000e+02
8.458806152343750000e+02
8.456557006835937500e+02
8.453523559570312500e+02
8.450449218750000000e+02
8.446591796875000000e+02
8.441950683593750000e+02
8.437271728515625000e+02
8.431068115234375000e+02
8.424827880859375000e+02
8.418550415039062500e+02
8.411494140625000000e+02
8.403659667968750000e+02
8.395048217773437500e+02
8.385659179687500000e+02
8.376238403320312500e+02
8.366041259765625000e+02
8.355813598632812500e+02
8.344069213867187500e+02
8.332294921875000000e+02
8.319747924804687500e+02
8.307172851562500000e+02
8.293826904296875000e+02
8.279711303710937500e+02
8.264827270507812500e+02
8.249918823242187500e+02
8.234243164062500000e+02
8.217802734375000000e+02
8.200598144531250000e+02
8.183373413085937500e+02
8.165385742187500000e+02
8.147380981445312500e+02
8.128615112304687500e+02
8.109091186523437500e+02
8.088808593750000000e+02
8.068512573242187500e+02
8.047460937500000000e+02
8.026397094726562500e+02
8.004580078125000000e+02
7.982009887695312500e+02
7.959431762695312500e+02
7.935360107421875000e+02
7.912025146484375000e+02
7.887941894531250000e+02
7.863110961914062500e+02
7.837534179687500000e+02
7.811954956054687500e+02
7.785632324218750000e+02
7.759309082031250000e+02
7.732541503906250000e+02
7.705181884765625000e+02
7.677453002929687500e+02
7.649283447265625000e+02
7.620822143554687500e+02
7.591921386718750000e+02
7.562656250000000000e+02
7.533028564453125000e+02
7.503038940429687500e+02
7.472763061523437500e+02
7.442052612304687500e+02
7.411058349609375000e+02
7.379705810546875000e+02
7.348071899414062500e+02
7.316156005859375000e+02
7.283885498046875000e+02
7.251336669921875000e+02
7.218510131835937500e+02
7.185406494140625000e+02
7.152026977539062500e+02
7.118446655273437500e+02
7.084592895507812500e+02
7.050466308593750000e+02
7.016142578125000000e+02
6.981622314453125000e+02
6.946904907226562500e+02
6.911918334960937500e+02
6.876810302734375000e+02
6.841506958007812500e+02
6.806009521484375000e+02
6.770391845703125000e+02
6.734581298828125000e+02
6.698651123046875000e+02
6.662528686523437500e+02
6.626288452148437500e+02
6.590004882812500000e+02
6.553604125976562500e+02
6.517087402343750000e+02
6.480528564453125000e+02
6.443853759765625000e+02
6.407138061523437500e+02
6.370382690429687500e+02
6.333587036132812500e+02
6.296751708984375000e+02
6.259877319335937500e+02
6.223038940429687500e+02
6.186161499023437500e+02
6.149246826171875000e+02
6.112443847656250000e+02
6.075604248046875000e+02
6.038802490234375000e+02
6.002039184570312500e+02
5.965388793945312500e+02
5.928703613281250000e+02
5.892207031250000000e+02
5.855676269531250000e+02
5.819334716796875000e+02
5.783034667968750000e+02
5.746849975585937500e+02
5.710782470703125000e+02
5.674906005859375000e+02
5.639072265625000000e+02
5.603430786132812500e+02
5.567981567382812500e+02
5.532651367187500000e+02
5.497440185546875000e+02
5.462423095703125000e+02
5.427600097656250000e+02
5.392971801757812500e+02
5.358539428710937500e+02
5.324376220703125000e+02
5.290335693359375000e+02
5.256639404296875000e+02
5.223067016601562500e+02
5.189838867187500000e+02
5.156807861328125000e+02
5.124046630859375000e+02
5.091480407714843750e+02
5.059257812500000000e+02
5.027303771972656250e+02
4.995617980957031250e+02
4.964200134277343750e+02
4.933124389648437500e+02
4.902315673828125000e+02
4.871773071289062500e+02
4.841571044921875000e+02
4.811708679199218750e+02
4.782186279296875000e+02
4.752928161621093750e+02
4.724009094238281250e+02
4.695427856445312500e+02
4.667258911132812500e+02
4.639353027343750000e+02
4.611857910156250000e+02
4.584624938964843750e+02
4.557802734375000000e+02
4.531389770507812500e+02
4.505312500000000000e+02
4.479569396972656250e+02
4.454234619140625000e+02
4.429234008789062500e+02
4.404714965820312500e+02
4.380528869628906250e+02
4.356675109863281250e+02
4.333302001953125000e+02
4.310260314941406250e+02
4.287698364257812500e+02
4.265467224121093750e+02
4.243640441894531250e+02
4.222218017578125000e+02
4.201272888183593750e+02
4.180657043457031250e+02
4.160444030761718750e+02
4.140707092285156250e+02
4.121298217773437500e+02
4.102364807128906250e+02
4.083832092285156250e+02
4.065700073242187500e+02
4.048042297363281250e+02
4.030710144042968750e+02
4.013851013183593750e+02
3.997391052246093750e+02
3.981403503417968750e+02
3.965739440917968750e+02
3.950546569824218750e+02
3.935824890136718750e+02
3.921423950195312500e+02
3.907492065429687500e+02
3.893954772949218750e+02
3.880810546875000000e+02
3.868058776855468750e+02
3.855773315429687500e+02
3.843878784179687500e+02
3.832374877929687500e+02
3.821334533691406250e+02
3.810609130859375000e+02
3.800345458984375000e+02
3.790469665527343750e+02
3.780980224609375000e+02
3.771876831054687500e+02
3.763158264160156250e+02
3.754824218750000000e+02
3.746947937011718750e+02
3.739380187988281250e+02
3.732194824218750000e+02
3.725390319824218750e+02
3.718966674804687500e+02
3.712922363281250000e+02
3.707257690429687500e+02
3.701896972656250000e+02
3.696913757324218750e+02
3.692307434082031250e+02
3.688002929687500000e+02
3.684073486328125000e+02
3.680518798828125000e+02
3.677263793945312500e+02
3.674306945800781250e+02
3.671723022460937500e+02
3.669436340332031250e+02
3.667445983886718750e+02
3.665751342773437500e+02
3.664426269531250000e+02
3.663395080566406250e+02
3.662583618164062500e+02
3.662138671875000000e+02
3.661986083984375000e+02
3.662050476074218750e+02
3.662405395507812500e+02
3.663049926757812500e+02
3.663983459472656250e+02
3.665130920410156250e+02
3.666566162109375000e+02
3.668213806152343750e+02
3.670073242187500000e+02
3.672218017578125000e+02
3.674499511718750000e+02
3.677066345214843750e+02
3.679842834472656250e+02
3.682829589843750000e+02
3.686026000976562500e+02
3.689431152343750000e+02
3.693045349121093750e+02
3.696793518066406250e+02
3.700749511718750000e+02
3.704839477539062500e+02
3.709136352539062500e+02
3.713565979003906250e+02
3.718127746582031250e+02
3.722895812988281250e+02
3.727721252441406250e+02
3.732752075195312500e+02
3.737913818359375000e+02
3.743131713867187500e+02
3.748553771972656250e+02
3.754031372070312500e+02
3.759563903808593750e+02
3.765299682617187500e+02
3.771015625000000000e+02
3.776859741210937500e+02
3.782832031250000000e+02
3.788782958984375000e+02
3.794861145019531250e+02
3.800991516113281250e+02
3.807174377441406250e+02
3.813334655761718750e+02
3.819620666503906250e+02
3.825883178710937500e+02
3.832196350097656250e+02
3.838559875488281250e+02
3.844824523925781250e+02
3.851213378906250000e+02
3.857576904296875000e+02
3.863840637207031250e+02
3.870227050781250000e+02
3.876513366699218750e+02
3.882772827148437500e+02
3.889005432128906250e+02
3.895210571289062500e+02
3.901387634277343750e+02
3.907463073730468750e+02
3.913509826660156250e+02
3.919527893066406250e+02
3.925442199707031250e+02
3.931253051757812500e+02
3.937034606933593750e+02
3.942713012695312500e+02
3.948287963867187500e+02
3.953834533691406250e+02
3.959204406738281250e+02
3.964546203613281250e+02
3.969711608886718750e+02
3.974775085449218750e+02
3.979737548828125000e+02
3.984598083496093750e+02
3.989357604980468750e+02
3.993942260742187500e+02
3.998351745605468750e+02
4.002661132812500000e+02
4.006870422363281250e+02
4.010905456542968750e+02
4.014766540527343750e+02
4.018528747558593750e+02
4.022117309570312500e+02
4.025532531738281250e+02
4.028775024414062500e+02
4.031845092773437500e+02
4.034742736816406250e+02
4.037467956542968750e+02
4.040021362304687500e+02
4.042403564453125000e+02
4.044613952636718750e+02
4.046653442382812500e+02
4.048447570800781250e+02
4.050071105957031250e+02
4.051524353027343750e+02
4.052733154296875000e+02
4.053771972656250000e+02
4.054566650390625000e+02
4.055192565917968750e+02
4.055574645996093750e+02
4.055787658691406250e+02
4.055832519531250000e+02
4.055559997558593750e+02
4.055193786621093750e+02
4.054511108398437500e+02
4.053660888671875000e+02
4.052568664550781250e+02
4.051309509277343750e+02
4.049734802246093750e+02
4.047993469238281250e+02
4.046011657714843750e+02
4.043789062500000000e+02
4.041400756835937500e+02
4.038698425292968750e+02
4.035830688476562500e+02
4.032724304199218750e+02
4.029379577636718750e+02
4.025796813964843750e+02
4.022051391601562500e+02
4.017994689941406250e+02
4.013702087402343750e+02
4.009248046875000000e+02
4.004559020996093750e+02
3.999561157226562500e+02
3.994403381347656250e+02
3.989012145996093750e+02
3.983388061523437500e+02
3.977531433105468750e+02
3.971443176269531250e+02
3.965197753906250000e+02
3.958647155761718750e+02
3.951940612792968750e+02
3.945004577636718750e+02
3.937839355468750000e+02
3.930519714355468750e+02
3.922897644042968750e+02
3.915122375488281250e+02
3.907120056152343750e+02
3.898965759277343750e+02
3.890510864257812500e+02
3.881979370117187500e+02
3.873149108886718750e+02
3.864168395996093750e+02
3.854963684082031250e+02
3.845536193847656250e+02
3.835960083007812500e+02
3.826236267089843750e+02
3.816290588378906250e+02
3.806123962402343750e+02
3.795811157226562500e+02
3.785352478027343750e+02
3.774674377441406250e+02
3.763851623535156250e+02
3.752884826660156250e+02
3.741700134277343750e+02
3.730372314453125000e+02
3.718902282714843750e+02
3.707290344238281250e+02
3.695462646484375000e+02
3.683568115234375000e+02
3.671459045410156250e+02
3.659210510253906250e+02
3.646822509765625000e+02
3.634370117187500000e+02
3.621705017089843750e+02
3.608975830078125000e+02
3.596034851074218750e+02
3.583030395507812500e+02
3.569962768554687500e+02
3.556683959960937500e+02
3.543342590332031250e+02
3.529939270019531250e+02
3.516399536132812500e+02
3.502723693847656250e+02
3.488986511230468750e+02
3.475188293457031250e+02
3.461254882812500000e+02
3.447261047363281250e+02
3.433206787109375000e+02
3.419018249511718750e+02
3.404844360351562500e+02
3.390536499023437500e+02
3.376169433593750000e+02
3.361818237304687500e+02
3.347333679199218750e+02
3.332865295410156250e+02
3.318264160156250000e+02
3.303679809570312500e+02
3.289037780761718750e+02
3.274412841796875000e+02
3.259730834960937500e+02
3.244992370605468750e+02
3.230271301269531250e+02
3.215494384765625000e+02
3.200736083984375000e+02
3.185996093750000000e+02
3.171275024414062500e+02
3.156499023437500000e+02
3.141742553710937500e+02
3.127005615234375000e+02
3.112289123535156250e+02
3.097518615722656250e+02
3.082842712402343750e+02
3.068187866210937500e+02
3.053554077148437500e+02
3.038941650390625000e+02
3.024425354003906250e+02
3.009931030273437500e+02
2.995458984375000000e+02
2.981009216308593750e+02
2.966656799316406250e+02
2.952327270507812500e+02
2.938095397949218750e+02
2.923887329101562500e+02
2.909851074218750000e+02
2.895763854980468750e+02
2.881848144531250000e+02
2.867955322265625000e+02
2.854159545898437500e+02
2.840460205078125000e+02
2.826783447265625000e+02
2.813277587890625000e+02
2.799793395996093750e+02
2.786479187011718750e+02
2.773261413574218750e+02
2.760064697265625000e+02
2.747037658691406250e+02
2.734105529785156250e+02
2.721343078613281250e+02
2.708601379394531250e+02
2.696028442382812500e+02
2.683624267578125000e+02
2.671239929199218750e+02
2.659024353027343750e+02
2.646976928710937500e+02
2.635022888183593750e+02
2.623236999511718750e+02
2.611544189453125000e+02
2.600018920898437500e+02
2.588586425781250000e+02
2.577321472167968750e+02
2.566222839355468750e+02
2.555290985107421875e+02
2.544451599121093750e+02
2.533778381347656250e+02
2.523271026611328125e+02
2.512929992675781250e+02
2.502754364013671875e+02
2.492670135498046875e+02
2.482751159667968750e+02
2.473071594238281250e+02
2.463482513427734375e+02
2.454058532714843750e+02
2.444873199462890625e+02
2.435777893066406250e+02
2.426847076416015625e+02
2.418154296875000000e+02
2.409551086425781250e+02
2.401185760498046875e+02
2.392984008789062500e+02
2.384945220947265625e+02
2.377069702148437500e+02
2.369356842041015625e+02
2.361806640625000000e+02
2.354493103027343750e+02
2.347266998291015625e+02
2.340276641845703125e+02
2.333447418212890625e+02
2.326778717041015625e+02
2.320344543457031250e+02
2.313995971679687500e+02
2.307881164550781250e+02
2.301925048828125000e+02
2.296127624511718750e+02
2.290562896728515625e+02
2.285155944824218750e+02
2.279906311035156250e+02
2.274813537597656250e+02
2.269877624511718750e+02
2.265171966552734375e+02
2.260621948242187500e+02
2.256227569580078125e+02
2.251987915039062500e+02
2.247903137207031250e+02
2.244046630859375000e+02
2.240343780517578125e+02
2.236719970703125000e+02
2.233397674560546875e+02
2.230153656005859375e+02
2.227061767578125000e+02
2.224195861816406250e+02
2.221406860351562500e+02
2.218843383789062500e+02
2.216429901123046875e+02
2.214167022705078125e+02
2.212053527832031250e+02
2.210089416503906250e+02
2.208274078369140625e+02
2.206607360839843750e+02
2.205014190673828125e+02
2.203643188476562500e+02
2.202419281005859375e+02
2.201342468261718750e+02
2.200411682128906250e+02
2.199552917480468750e+02
2.198914031982421875e+02
2.198346099853515625e+02
2.197922973632812500e+02
2.197644348144531250e+02
2.197435150146484375e+02
2.197444000244140625e+02
2.197447509765625000e+02
2.197667999267578125e+02
2.197956695556640625e+02
2.198387603759765625e+02
2.198960113525390625e+02
2.199600372314453125e+02
2.200307464599609375e+02
2.201156005859375000e+02
2.202145233154296875e+02
2.203126525878906250e+02
2.204322814941406250e+02
2.205510559082031250e+02
2.206838378906250000e+02
2.208305816650390625e+02
2.209764099121093750e+02
2.211361694335937500e+02
2.213023834228515625e+02
2.214750823974609375e+02
2.216616058349609375e+02
2.218470764160156250e+02
2.220464019775390625e+02
2.222446136474609375e+02
2.224565887451171875e+02
2.226674041748046875e+02
2.228845367431640625e+02
2.231153411865234375e+02
2.233449554443359375e+02
2.235807495117187500e+02
2.238227386474609375e+02
2.240634460449218750e+02
2.243102722167968750e+02
2.245632476806640625e+02
2.248148498535156250e+02
2.250725097656250000e+02
2.253362121582031250e+02
2.255984954833984375e+02
2.258667449951171875e+02
2.261335449218750000e+02
2.263988647460937500e+02
2.266700592041015625e+02
2.269397583007812500e+02
2.272152862548828125e+02
2.274818267822265625e+02
2.277541503906250000e+02
2.280248718261718750e+02
2.282939300537109375e+02
2.285687103271484375e+02
2.288343658447265625e+02
2.290982971191406250e+02
2.293678894042968750e+02
2.296282653808593750e+02
2.298868255615234375e+02
2.301435852050781250e+02
2.303985137939453125e+02
2.306516418457031250e+02
2.309029693603515625e+02
2.311450653076171875e+02
2.313853759765625000e+02
2.316165008544921875e+02
2.318532867431640625e+02
2.320808868408203125e+02
2.322993316650390625e+02
2.325160369873046875e+02
2.327310333251953125e+02
2.329294433593750000e+02
2.331335906982421875e+02
2.333285980224609375e+02
2.335145111083984375e+02
2.336913146972656250e+02
2.338664855957031250e+02
2.340325469970703125e+02
2.341969757080078125e+02
2.343523406982421875e+02
2.344986572265625000e+02
2.346359405517578125e+02
2.347641754150390625e+02
2.348833923339843750e+02
2.350010375976562500e+02
2.351096801757812500e+02
2.352019042968750000e+02
2.352925720214843750e+02
2.353742828369140625e+02
2.354395904541015625e+02
2.355033721923828125e+02
2.355507812500000000e+02
2.355966796875000000e+02
2.356262512207031250e+02
2.356468963623046875e+02
2.356660766601562500e+02
2.356614837646484375e+02
2.356554565429687500e+02
2.356405487060546875e+02
2.356093597412109375e+02
2.355693206787109375e+02
2.355130157470703125e+02
2.354552917480468750e+02
2.353813171386718750e+02
2.352985382080078125e+02
2.351995239257812500e+02
2.350917358398437500e+02
2.349751586914062500e+02
2.348423461914062500e+02
2.347008056640625000e+02
2.345505218505859375e+02
2.343841094970703125e+02
2.342090454101562500e+02
2.340178985595703125e+02
2.338181457519531250e+02
2.336098022460937500e+02
2.333854980468750000e+02
2.331452636718750000e+02
2.328965148925781250e+02
2.326393432617187500e+02
2.323663177490234375e+02
2.320849151611328125e+02
2.317876892089843750e+02
2.314747009277343750e+02
2.311608886718750000e+02
2.308239135742187500e+02
2.304787292480468750e+02
2.301253356933593750e+02
2.297563171386718750e+02
2.293791809082031250e+02
2.289864959716796875e+02
2.285857543945312500e+02
2.281695098876953125e+02
2.277452697753906250e+02
2.273055877685546875e+02
2.268579559326171875e+02
2.264024200439453125e+02
2.259241180419921875e+02
2.254453735351562500e+02
2.249513702392578125e+02
2.244421539306640625e+02
2.239325714111328125e+02
2.234004058837890625e+02
2.228679962158203125e+02
2.223204345703125000e+02
2.217578277587890625e+02
2.211875762939453125e+02
2.206097869873046875e+02
2.200169830322265625e+02
2.194241027832031250e+02
2.188088836669921875e+02
2.181936187744140625e+02
2.175634918212890625e+02
2.169259796142578125e+02
2.162736816406250000e+02
2.156140136718750000e+02
2.149470672607421875e+02
2.142728576660156250e+02
2.135914001464843750e+02
2.128953094482421875e+02
2.121920166015625000e+02
2.114815521240234375e+02
2.107639617919921875e+02
2.100317993164062500e+02
2.092999725341796875e+02
2.085536193847656250e+02
2.078002014160156250e+02
2.070471801757812500e+02
2.062797088623046875e+02
2.055052185058593750e+02
2.047237548828125000e+02
2.039353332519531250e+02
2.031474151611328125e+02
2.023451232910156250e+02
2.015359497070312500e+02
2.007273254394531250e+02
1.999044036865234375e+02
1.990820770263671875e+02
1.982529449462890625e+02
1.974170227050781250e+02
1.965743255615234375e+02
1.957322998046875000e+02
1.948835601806640625e+02
1.940280914306640625e+02
1.931733551025390625e+02
1.923045349121093750e+02
1.914439086914062500e+02
1.905692443847656250e+02
1.896953887939453125e+02
1.888223876953125000e+02
1.879428253173828125e+02
1.870641326904296875e+02
1.861789245605468750e+02
1.852872009277343750e+02
1.843964385986328125e+02
1.835066528320312500e+02
1.826104125976562500e+02
1.817151794433593750e+02
1.808209838867187500e+02
1.799278411865234375e+02
1.790283203125000000e+02
1.781299133300781250e+02
1.772251892089843750e+02
1.763290252685546875e+02
1.754265747070312500e+02
1.745253143310546875e+02
1.736326751708984375e+02
1.727338409423828125e+02
1.718362121582031250e+02
1.709398651123046875e+02
1.700447692871093750e+02
1.691509094238281250e+02
1.682583007812500000e+02
1.673669586181640625e+02
1.664768371582031250e+02
1.655879516601562500e+02
1.647077484130859375e+02
1.638213348388671875e+02
1.629435729980468750e+02
1.620670318603515625e+02
1.611917266845703125e+02
1.603250427246093750e+02
1.594521484375000000e+02
1.585879058837890625e+02
1.577322845458984375e+02
1.568704376220703125e+02
1.560172119140625000e+02
1.551725921630859375e+02
1.543291931152343750e+02
1.534869689941406250e+02
1.526533508300781250e+02
1.518209228515625000e+02
1.509970855712890625e+02
1.501744384765625000e+02
1.493603668212890625e+02
1.485549011230468750e+02
1.477505950927734375e+02
1.469548797607421875e+02
1.461603088378906250e+02
1.453743133544921875e+02
1.445968933105468750e+02
1.438206329345703125e+02
1.430529327392578125e+02
1.422937927246093750e+02
1.415357818603515625e+02
1.407937622070312500e+02
1.400528564453125000e+02
1.393205108642578125e+02
1.385966949462890625e+02
1.378740081787109375e+02
1.371672973632812500e+02
1.364616699218750000e+02
1.357646026611328125e+02
1.350760345458984375e+02
1.343959960937500000e+02
1.337244873046875000e+02
1.330614929199218750e+02
1.323995666503906250e+02
1.317535858154296875e+02
1.311161193847656250e+02
1.304797058105468750e+02
1.298591918945312500e+02
1.292396850585937500e+02
1.286360473632812500e+02
1.280408020019531250e+02
1.274465332031250000e+02
1.268680572509765625e+02
1.262979278564453125e+02
1.257361450195312500e+02
1.251826553344726562e+02
1.246374664306640625e+02
1.241005554199218750e+02
1.235718917846679688e+02
1.230514678955078125e+02
1.225392532348632812e+02
1.220426635742187500e+02
1.215468215942382812e+02
1.210665664672851562e+02
1.205944519042968750e+02
1.201230163574218750e+02
1.196671218872070312e+02
1.192267379760742188e+02
1.187869796752929688e+02
1.183552474975585938e+02
1.179389877319335938e+02
1.175233001708984375e+02
1.171230087280273438e+02
1.167306900024414062e+02
1.163463058471679688e+02
1.159698562622070312e+02
1.156013183593750000e+02
1.152406539916992188e+02
1.148952789306640625e+02
1.145503311157226562e+02
1.142206497192382812e+02
1.138987579345703125e+02
1.135846633911132812e+02
1.132783355712890625e+02
1.129797668457031250e+02
1.126889266967773438e+02
1.124132156372070312e+02
1.121377716064453125e+02
1.118774414062500000e+02
1.116173171997070312e+02
1.113722763061523438e+02
1.111348342895507812e+02
1.109049911499023438e+02
1.106827163696289062e+02
1.104680023193359375e+02
1.102534103393554688e+02
1.100537567138671875e+02
1.098616027832031250e+02
1.096769409179687500e+02
1.094997558593750000e+02
1.093300170898437500e+02
1.091677322387695312e+02
1.090128784179687500e+02
1.088654174804687500e+02
1.087253570556640625e+02
1.085926818847656250e+02
1.084673614501953125e+02
1.083419570922851562e+02
1.082313308715820312e+02
1.081205596923828125e+02
1.080171051025390625e+02
1.079283599853515625e+02
1.078394470214843750e+02
1.077503662109375000e+02
1.076759414672851562e+02
1.076087417602539062e+02
1.075413131713867188e+02
1.074810714721679688e+02
1.074280014038085938e+02
1.073746566772460938e+02
1.073358764648437500e+02
1.072967987060546875e+02
1.072573928833007812e+02
1.072325134277343750e+02
1.072072830200195312e+02
1.071891098022460938e+02
1.071705551147460938e+02
1.071590270996093750e+02
1.071545028686523438e+02
1.071495513916015625e+02
1.071515884399414062e+02
1.071531600952148438e+02
1.071691055297851562e+02
1.071771240234375000e+02
1.071920623779296875e+02
1.072138977050781250e+02
1.072351989746093750e+02
1.072559280395507812e+02
1.072835235595703125e+02
1.073179473876953125e+02
1.073443450927734375e+02
1.073849716186523438e+02
1.074175262451171875e+02
1.074568634033203125e+02
1.075029525756835938e+02
1.075409317016601562e+02
1.075856475830078125e+02
1.076371154785156250e+02
1.076804580688476562e+02
1.077305450439453125e+02
1.077799530029296875e+02
1.078286666870117188e+02
1.078841247558593750e+02
1.079388961791992188e+02
1.079929809570312500e+02
1.080463790893554688e+02
1.080990829467773438e+02
1.081511077880859375e+02
1.082098770141601562e+02
1.082679519653320312e+02
1.083179168701171875e+02
1.083746109008789062e+02
1.084306335449218750e+02
1.084859619140625000e+02
1.085405960083007812e+02
1.085945510864257812e+02
1.086478195190429688e+02
1.086929626464843750e+02
1.087448501586914062e+02
1.087960510253906250e+02
1.088465728759765625e+02
1.088963928222656250e+02
1.089381103515625000e+02
1.089865570068359375e+02
1.090268859863281250e+02
1.090665435791015625e+02
1.091054992675781250e+02
1.091437606811523438e+02
1.091813507080078125e+02
1.092108078002929688e+02
1.092470169067382812e+02
1.092751007080078125e+02
1.093025131225585938e+02
1.093217849731445312e+02
1.093403854370117188e+02
1.093657150268554688e+02
1.093754959106445312e+02
1.093920364379882812e+02
1.094004440307617188e+02
1.094081649780273438e+02
1.094151992797851562e+02
1.094141159057617188e+02
1.094123382568359375e+02
1.094024505615234375e+02
1.093918838500976562e+02
1.093806152343750000e+02
1.093612442016601562e+02
1.093412094116210938e+02
1.093205337524414062e+02
1.092917861938476562e+02
1.092624053955078125e+02
1.092249984741210938e+02
1.091869812011718750e+02
1.091409454345703125e+02
1.090943450927734375e+02
1.090471954345703125e+02
1.089920578002929688e+02
1.089289550781250000e+02
1.088653411865234375e+02
1.088012084960937500e+02
1.087291641235351562e+02
1.086566238403320312e+02
1.085761947631835938e+02
1.084878692626953125e+02
1.083991165161132812e+02
1.083099212646484375e+02
1.082128829956054688e+02
1.081080017089843750e+02
1.080027313232421875e+02
1.078896560668945312e+02
1.077762145996093750e+02
1.076549911499023438e+02
1.075334243774414062e+02
1.074041061401367188e+02
1.072744674682617188e+02
1.071370925903320312e+02
1.069994430541992188e+02
1.068466491699218750e+02
1.067010192871093750e+02
1.065477218627929688e+02
1.063867492675781250e+02
1.062255554199218750e+02
1.060567169189453125e+02
1.058876876831054688e+02
1.057110366821289062e+02
1.055267868041992188e+02
1.053423767089843750e+02
1.051578140258789062e+02
1.049582595825195312e+02
1.047660217285156250e+02
1.045662460327148438e+02
1.043589401245117188e+02
1.041441192626953125e+02
1.039366683959960938e+02
1.037142868041992188e+02
1.034918746948242188e+02
1.032694244384765625e+02
1.030395278930664062e+02
1.028021850585937500e+02
1.025648498535156250e+02
1.023275222778320312e+02
1.020827789306640625e+02
1.018306427001953125e+02
1.015785446166992188e+02
1.013265075683593750e+02
1.010671081542968750e+02
1.008003387451171875e+02
1.005336685180664062e+02
1.002596588134765625e+02
9.998575592041015625e+01
9.971197509765625000e+01
9.943089294433593750e+01
9.914994812011718750e+01
9.886173248291015625e+01
9.857366943359375000e+01
9.827835083007812500e+01
9.798321533203125000e+01
9.768083953857421875e+01
9.737867736816406250e+01
9.707672119140625000e+01
9.676756286621093750e+01
9.645864868164062500e+01
9.614997100830078125e+01
9.583412933349609375e+01
9.551855468750000000e+01
9.519583129882812500e+01
9.488082885742187500e+01
9.455126953125000000e+01
9.422944641113281250e+01
9.390052032470703125e+01
9.357192993164062500e+01
9.324368286132812500e+01
9.290835571289062500e+01
9.257339477539062500e+01
9.223882293701171875e+01
9.189720153808593750e+01
9.156340026855468750e+01
9.122259521484375000e+01
9.088219451904296875e+01
9.053479766845703125e+01
9.019527435302734375e+01
8.984877777099609375e+01
8.950273895263671875e+01
8.915718078613281250e+01
8.880467224121093750e+01
8.846008300781250000e+01
8.810856628417968750e+01
8.776498413085937500e+01
8.741445922851562500e+01
8.706443786621093750e+01
8.671492004394531250e+01
8.636590576171875000e+01
8.600996398925781250e+01
8.566195678710937500e+01
8.531446075439453125e+01
8.496003723144531250e+01
8.461355590820312500e+01
8.426015472412109375e+01
8.391469573974609375e+01
8.356231689453125000e+01
8.321045684814453125e+01
8.286653900146484375e+01
8.251570892333984375e+01
8.217282104492187500e+01
8.182303619384765625e+01
8.148118591308593750e+01
8.113986968994140625e+01
8.079164123535156250e+01
8.045137023925781250e+01
8.011161804199218750e+01
7.977239990234375000e+01
7.943370819091796875e+01
7.909554290771484375e+01
7.875791168212890625e+01
7.842823791503906250e+01
7.809166717529296875e+01
7.776306915283203125e+01
7.743498992919921875e+01
7.710746002197265625e+01
7.678343963623046875e+01
7.646070098876953125e+01
7.613924407958984375e+01
7.582055664062500000e+01
7.550315093994140625e+01
7.518852996826171875e+01
7.487667846679687500e+01
7.456611633300781250e+01
7.425833129882812500e+01
7.395332336425781250e+01
7.365035247802734375e+01
7.335015869140625000e+01
7.305275726318359375e+01
7.275738525390625000e+01
7.246554565429687500e+01
7.217575073242187500e+01
7.188947296142578125e+01
7.160516357421875000e+01
7.132424926757812500e+01
7.104591369628906250e+01
7.077083587646484375e+01
7.049744415283203125e+01
7.022715759277343750e+01
6.995992279052734375e+01
