# ee
4.604831337928771973e-02
7.194447517395019531e-02
7.708329707384109497e-02
6.467178463935852051e-02
4.485763236880302429e-02
2.683750167489051819e-02
1.504996884614229202e-02
9.390479885041713715e-03
7.465295027941465378e-03
6.843803450465202332e-03
6.240589078515768051e-03
5.377272609621286392e-03
4.662828519940376282e-03
4.351905081421136856e-03
4.439586773514747620e-03
4.766908474266529083e-03
5.120050162076950073e-03
5.454874131828546524e-03
5.858353804796934128e-03
6.441994104534387589e-03
7.304430007934570312e-03
8.428678847849369049e-03
9.765615686774253845e-03
1.130206417292356491e-02
1.302438322454690933e-02
1.492207683622837067e-02
1.698730327188968658e-02
1.923381537199020386e-02
2.166352048516273499e-02
2.424574084579944611e-02
2.698794007301330566e-02
2.988654561340808868e-02
3.301960229873657227e-02
3.641404584050178528e-02
4.008214175701141357e-02
4.400411248207092285e-02
4.813718050718307495e-02
5.250575393438339233e-02
5.715309083461761475e-02
6.210941076278686523e-02
6.736471503973007202e-02
7.289300113916397095e-02
7.867050170898437500e-02
8.467120677232742310e-02
9.090247750282287598e-02
9.737721085548400879e-02
1.041327565908432007e-01
1.111990213394165039e-01
1.186059266328811646e-01
1.263367831707000732e-01
1.343817114830017090e-01
1.427362561225891113e-01
1.513810604810714722e-01
1.602968424558639526e-01
1.694945991039276123e-01
1.789654940366744995e-01
1.887161880731582642e-01
1.987607330083847046e-01
2.090834975242614746e-01
2.196919620037078857e-01
2.305894792079925537e-01
2.417579889297485352e-01
2.532017230987548828e-01
2.649248242378234863e-01
2.769079804420471191e-01
2.891415357589721680e-01
3.016219139099121094e-01
3.143233358860015869e-01
3.272571861743927002e-01
3.403981626033782959e-01
3.537681400775909424e-01
3.673523068428039551e-01
3.811433613300323486e-01
3.951265215873718262e-01
4.092797935009002686e-01
4.235967993736267090e-01
4.380713105201721191e-01
4.526897370815277100e-01
4.674459993839263916e-01
4.823186695575714111e-01
4.973153471946716309e-01
5.124135017395019531e-01
5.276054739952087402e-01
5.428689122200012207e-01
5.582107305526733398e-01
5.735998749732971191e-01
5.890347957611083984e-01
6.044915914535522461e-01
6.199612617492675781e-01
6.354275941848754883e-01
6.508752703666687012e-01
6.662965416908264160e-01
6.816691160202026367e-01
6.969851255416870117e-01
7.122222185134887695e-01
7.273800969123840332e-01
7.424288392066955566e-01
7.573608160018920898e-01
7.721609473228454590e-01
7.868512272834777832e-01
8.013200759887695312e-01
8.156415820121765137e-01
8.297411799430847168e-01
8.436929583549499512e-01
8.574224114418029785e-01
8.708550333976745605e-01
8.841392397880554199e-01
8.971260190010070801e-01
9.098153710365295410e-01
9.222812056541442871e-01
9.343741536140441895e-01
9.462420344352722168e-01
9.577354192733764648e-01
9.689277410507202148e-01
9.797437787055969238e-01
9.901828169822692871e-01
1.000318288803100586e+00
1.010075092315673828e+00
1.019377946853637695e+00
1.028374910354614258e+00
1.036916255950927734e+00
1.045001149177551270e+00
1.052703261375427246e+00
1.059947371482849121e+00
1.066806912422180176e+00
1.073132395744323730e+00
1.079071879386901855e+00
1.084475398063659668e+00
1.089416861534118652e+00
1.093895435333251953e+00
1.097910523414611816e+00
1.101461887359619141e+00
1.104474902153015137e+00
1.107023239135742188e+00
1.109032511711120605e+00
1.110576629638671875e+00
1.111655116081237793e+00
1.112267494201660156e+00
1.112339377403259277e+00
1.111870288848876953e+00
1.111008405685424805e+00
1.109604954719543457e+00
1.107733488082885742e+00
1.105394005775451660e+00
1.102586030960083008e+00
1.099309086799621582e+00
1.095563054084777832e+00
1.091347336769104004e+00
1.086735844612121582e+00
1.081654191017150879e+00
1.076101779937744141e+00
1.070227146148681641e+00
1.063881397247314453e+00
1.057138442993164062e+00
1.049998164176940918e+00
1.042534351348876953e+00
1.034672617912292480e+00
1.026486992835998535e+00
1.017902731895446777e+00
1.009068369865417480e+00
9.999092817306518555e-01
9.904993176460266113e-01
9.807640910148620605e-01
9.708518981933593750e-01
9.606879949569702148e-01
9.502723813056945801e-01
9.397531747817993164e-01
9.289815425872802734e-01
9.181801676750183105e-01
9.072001576423645020e-01
8.961154818534851074e-01
8.849258422851562500e-01
8.737797737121582031e-01
8.626024723052978516e-01
8.513938188552856445e-01
8.402281999588012695e-01
8.291801214218139648e-01
8.181753754615783691e-01
8.072884082794189453e-01
7.965938448905944824e-01
7.860916256904602051e-01
7.757375240325927734e-01
7.656727433204650879e-01
7.558826804161071777e-01
7.463971376419067383e-01
7.372460365295410156e-01
7.284741997718811035e-01
7.201113700866699219e-01
7.121875286102294922e-01
7.047325372695922852e-01
6.977837085723876953e-01
6.913782954216003418e-01
6.855537295341491699e-01
6.803324222564697266e-01
6.757664680480957031e-01
6.718783974647521973e-01
6.687129735946655273e-01
6.663000583648681641e-01
6.646769046783447266e-01
6.638810038566589355e-01
6.639500260353088379e-01
6.649215817451477051e-01
6.668336391448974609e-01
6.697164177894592285e-01
6.736150383949279785e-01
6.785600185394287109e-01
6.845964193344116211e-01
6.917470693588256836e-01
7.000647187232971191e-01
7.095722556114196777e-01
7.203222513198852539e-01
7.323375940322875977e-01
7.456337809562683105e-01
7.603451609611511230e-01
7.763757705688476562e-01
7.938004136085510254e-01
8.126941323280334473e-01
8.330575227737426758e-01
8.549653887748718262e-01
8.784183859825134277e-01
9.034171700477600098e-01
9.301108717918395996e-01
9.583515524864196777e-01
9.883626699447631836e-01
1.019996285438537598e+00
1.053475975990295410e+00
1.088653564453125000e+00
1.125678539276123047e+00
1.164476752281188965e+00
1.205123543739318848e+00
1.247693657875061035e+00
1.292187571525573730e+00
1.338606238365173340e+00
1.387024164199829102e+00
1.437367796897888184e+00
1.489786624908447266e+00
1.544206500053405762e+00
1.600702643394470215e+00
1.659201264381408691e+00
1.719851493835449219e+00
1.782654047012329102e+00
1.847535133361816406e+00
1.914569854736328125e+00
1.983832836151123047e+00
2.055250644683837891e+00
2.128823757171630859e+00
2.204626798629760742e+00
2.282661199569702148e+00
2.363000869750976562e+00
2.445498466491699219e+00
2.530302524566650391e+00
2.617264747619628906e+00
2.706608295440673828e+00
2.798110485076904297e+00
2.891994714736938477e+00
2.988038063049316406e+00
3.086463689804077148e+00
3.187048912048339844e+00
3.290017127990722656e+00
3.395145177841186523e+00
3.502656936645507812e+00
3.612403392791748047e+00
3.724385023117065430e+00
3.838602066040039062e+00
3.955128908157348633e+00
4.073817253112792969e+00
4.194741725921630859e+00
4.317902565002441406e+00
4.443225860595703125e+00
4.570711612701416016e+00
4.700434684753417969e+00
4.832171916961669922e+00
4.966146945953369141e+00
5.102136611938476562e+00
5.240215778350830078e+00
5.380384445190429688e+00
5.522643089294433594e+00
5.666842937469482422e+00
5.812985420227050781e+00
5.961143493652343750e+00
6.111169338226318359e+00
6.263063907623291016e+00
6.416827201843261719e+00
6.572458267211914062e+00
6.729810237884521484e+00
6.888956546783447266e+00
7.049823760986328125e+00
7.212337970733642578e+00
7.376349449157714844e+00
7.542603492736816406e+00
7.709613323211669922e+00
7.878121852874755859e+00
8.048872947692871094e+00
8.220380783081054688e+00
8.393386840820312500e+00
8.567152023315429688e+00
8.743158340454101562e+00
8.919923782348632812e+00
9.097445487976074219e+00
9.276469230651855469e+00
9.456249237060546875e+00
9.637530326843261719e+00
9.819567680358886719e+00
1.000236129760742188e+01
1.018591117858886719e+01
1.037021636962890625e+01
1.055602073669433594e+01
1.074183559417724609e+01
1.092766284942626953e+01
1.111498641967773438e+01
1.130232143402099609e+01
1.149040889739990234e+01
1.167850685119628906e+01
1.186661338806152344e+01
1.205547332763671875e+01
1.224359893798828125e+01
1.243247413635253906e+01
1.262135887145996094e+01
1.281025123596191406e+01
1.299840736389160156e+01
1.318657016754150391e+01
1.337473964691162109e+01
1.356291580200195312e+01
1.374960994720458984e+01
1.393631076812744141e+01
1.412301540374755859e+01
1.430823993682861328e+01
1.449346828460693359e+01
1.467721366882324219e+01
1.486021900177001953e+01
1.504248523712158203e+01
1.522401046752929688e+01
1.540405273437500000e+01
1.558335208892822266e+01
1.576042461395263672e+01
1.593749904632568359e+01
1.611234474182128906e+01
1.628644752502441406e+01
1.645832061767578125e+01
1.662870788574218750e+01
1.679834938049316406e+01
1.696501922607421875e+01
1.713094520568847656e+01
1.729389572143554688e+01
1.745610237121582031e+01
1.761533164978027344e+01
1.777233123779296875e+01
1.792783927917480469e+01
1.808037376403808594e+01
1.823141670227050781e+01
1.837948226928710938e+01
1.852531623840332031e+01
1.866891670227050781e+01
1.881028747558593750e+01
1.894868087768554688e+01
1.908484268188476562e+01
1.921803092956542969e+01
1.934824562072753906e+01
1.947548675537109375e+01
1.960049629211425781e+01
1.972179031372070312e+01
1.984085273742675781e+01
1.995620346069335938e+01
2.006857872009277344e+01
2.017798423767089844e+01
2.028367424011230469e+01
2.038639068603515625e+01
2.048613929748535156e+01
2.058217430114746094e+01
2.067449378967285156e+01
2.076384353637695312e+01
2.084948158264160156e+01
2.093214797973632812e+01
2.101036071777343750e+01
2.108560562133789062e+01
2.115713691711425781e+01
2.122421455383300781e+01
2.128832435607910156e+01
2.134798049926757812e+01
2.140466880798339844e+01
2.145690536499023438e+01
2.150543022155761719e+01
2.154950332641601562e+01
2.159061050415039062e+01
2.162726402282714844e+01
2.166021156311035156e+01
2.168870544433593750e+01
2.171349334716796875e+01
2.173457145690917969e+01
2.175194358825683594e+01
2.176486587524414062e+01
2.177408027648925781e+01
2.177884674072265625e+01
2.177990531921386719e+01
2.177725982666015625e+01
2.177016448974609375e+01
2.175936508178710938e+01
2.174411582946777344e+01
2.172516250610351562e+01
2.170176506042480469e+01
2.167466163635253906e+01
2.164385795593261719e+01
2.160860824584960938e+01
2.156891822814941406e+01
2.152627563476562500e+01
2.147919273376464844e+01
2.142841720581054688e+01
2.137394523620605469e+01
2.131504058837890625e+01
2.125244522094726562e+01
2.118616104125976562e+01
2.111618804931640625e+01
2.104253005981445312e+01
2.096518898010253906e+01
2.088416099548339844e+01
2.079945373535156250e+01
2.071106529235839844e+01
2.061899566650390625e+01
2.052399444580078125e+01
2.042531394958496094e+01
2.032295989990234375e+01
2.021693229675292969e+01
2.010797500610351562e+01
1.999534797668457031e+01
1.987979316711425781e+01
1.976131439208984375e+01
1.963916969299316406e+01
1.951410293579101562e+01
1.938685607910156250e+01
1.925594902038574219e+01
1.912212181091308594e+01
1.898612403869628906e+01
1.884720993041992188e+01
1.870612525939941406e+01
1.856212806701660156e+01
1.841596221923828125e+01
1.826688766479492188e+01
1.811564826965332031e+01
1.796224403381347656e+01
1.780667877197265625e+01
1.764895248413085938e+01
1.748906517028808594e+01
1.732776451110839844e+01
1.716356468200683594e+01
1.699869346618652344e+01
1.683166885375976562e+01
1.666323661804199219e+01
1.649265098571777344e+01
1.632140350341796875e+01
1.614875030517578125e+01
1.597469234466552734e+01
1.579923152923583984e+01
1.562311077117919922e+01
1.544558906555175781e+01
1.526740932464599609e+01
1.508857345581054688e+01
1.490908241271972656e+01
1.472967910766601562e+01
1.454887962341308594e+01
1.436816978454589844e+01
1.418680763244628906e+01
1.400553894042968750e+01
1.382436370849609375e+01
1.364328289031982422e+01
1.346155261993408203e+01
1.328066253662109375e+01
1.309986782073974609e+01
1.291917228698730469e+01
1.273931789398193359e+01
1.256030750274658203e+01
1.238213920593261719e+01
1.220481681823730469e+01
1.202834033966064453e+01
1.185270977020263672e+01
1.167866897583007812e+01
1.150622081756591797e+01
1.133462238311767578e+01
1.116461753845214844e+01
1.099620532989501953e+01
1.082938957214355469e+01
1.066417026519775391e+01
1.050129127502441406e+01
1.034001064300537109e+01
1.018107128143310547e+01
1.002447509765625000e+01
9.870223999023437500e+00
9.717574119567871094e+00
9.568012237548828125e+00
9.420798301696777344e+00
9.276676177978515625e+00
9.134901046752929688e+00
8.995475769042968750e+00
8.859889030456542969e+00
8.726652145385742188e+00
8.597254753112792969e+00
8.470952987670898438e+00
8.347006797790527344e+00
8.227643966674804688e+00
8.110637664794921875e+00
7.998218059539794922e+00
7.888896942138671875e+00
7.783414363861083984e+00
7.681026935577392578e+00
7.583218097686767578e+00
7.489243507385253906e+00
7.399099826812744141e+00
7.313603878021240234e+00
7.231935977935791016e+00
7.154540061950683594e+00
7.081339836120605469e+00
7.012555599212646484e+00
6.948187351226806641e+00
6.888304710388183594e+00
6.832983016967773438e+00
6.782218456268310547e+00
6.736157894134521484e+00
6.694725990295410156e+00
6.658142566680908203e+00
6.626257896423339844e+00
6.599292755126953125e+00
6.577245235443115234e+00
6.560187816619873047e+00
6.548043727874755859e+00
6.540960788726806641e+00
6.538936138153076172e+00
6.541967868804931641e+00
6.550054073333740234e+00
6.563416481018066406e+00
6.581903934478759766e+00
6.605514526367187500e+00
6.634469032287597656e+00
6.668543338775634766e+00
6.707957744598388672e+00
6.752636432647705078e+00
6.802577018737792969e+00
6.857852458953857422e+00
6.918385982513427734e+00
6.984250068664550781e+00
7.055518627166748047e+00
7.132039070129394531e+00
7.213883876800537109e+00
7.301051616668701172e+00
7.393615245819091797e+00
7.491424560546875000e+00
7.594475746154785156e+00
7.702916622161865234e+00
7.816894054412841797e+00
7.935736656188964844e+00
8.059815406799316406e+00
8.189126968383789062e+00
8.323667526245117188e+00
8.462692260742187500e+00
8.607681274414062500e+00
8.757890701293945312e+00
8.912571907043457031e+00
9.072464942932128906e+00
9.237565994262695312e+00
9.407127380371093750e+00
9.581892013549804688e+00
9.761109352111816406e+00
9.945522308349609375e+00
1.013438129425048828e+01
1.032768344879150391e+01
1.052616882324218750e+01
1.072909069061279297e+01
1.093570327758789062e+01
1.114748668670654297e+01
1.136369705200195312e+01
1.158358478546142578e+01
1.180863571166992188e+01
1.203735828399658203e+01
1.226974868774414062e+01
1.250654602050781250e+01
1.274700546264648438e+01
1.299112224578857422e+01
1.323963546752929688e+01
1.349105548858642578e+01
1.374686527252197266e+01
1.400557613372802734e+01
1.426792526245117188e+01
1.453316879272460938e+01
1.480204391479492188e+01
1.507380390167236328e+01
1.534844589233398438e+01
1.562596797943115234e+01
1.590636253356933594e+01
1.618963050842285156e+01
1.647576522827148438e+01
1.676402091979980469e+01
1.705513763427734375e+01
1.734762382507324219e+01
1.764296531677246094e+01
1.794041252136230469e+01
1.823921775817871094e+01
1.854086875915527344e+01
1.884312820434570312e+01
1.914747810363769531e+01
1.945317459106445312e+01
1.976095771789550781e+01
2.006933593750000000e+01
2.037830734252929688e+01
2.068935394287109375e+01
2.100098991394042969e+01
2.131321144104003906e+01
2.162601852416992188e+01
2.193940544128417969e+01
2.225337219238281250e+01
2.256717109680175781e+01
2.288154411315917969e+01
2.319574737548828125e+01
2.350977897644042969e+01
2.382363319396972656e+01
2.413731002807617188e+01
2.445006179809570312e+01
2.476263236999511719e+01
2.507427406311035156e+01
2.538573074340820312e+01
2.569550895690917969e+01
2.600435256958007812e+01
2.631226158142089844e+01
2.661922836303710938e+01
2.692376899719238281e+01
2.722736358642578125e+01
2.752926826477050781e+01
2.782948112487792969e+01
2.812725830078125000e+01
2.842333602905273438e+01
2.871771621704101562e+01
2.900890922546386719e+01
2.929839897155761719e+01
2.958469772338867188e+01
2.986928558349609375e+01
3.014993476867675781e+01
3.042812538146972656e+01
3.070386314392089844e+01
3.097564888000488281e+01
3.124497413635253906e+01
3.151034736633300781e+01
3.177251243591308594e+01
3.203145980834960938e+01
3.228570938110351562e+01
3.253747940063476562e+01
3.278454971313476562e+01
3.302765274047851562e+01
3.326678848266601562e+01
3.350120925903320312e+01
3.373165512084960938e+01
3.395738983154296875e+01
3.417839813232421875e+01
3.439543151855468750e+01
3.460774230957031250e+01
3.481460189819335938e+01
3.501749420166015625e+01
3.521493530273437500e+01
3.540767669677734375e+01
3.559571838378906250e+01
3.577832412719726562e+01
3.595624160766601562e+01
3.612798690795898438e+01
3.629505538940429688e+01
3.645670318603515625e+01
3.661293411254882812e+01
3.676300811767578125e+01
3.690842056274414062e+01
3.704768753051757812e+01
3.718081665039062500e+01
3.730929183959960938e+01
3.743088531494140625e+01
3.754710006713867188e+01
3.765793228149414062e+01
3.776189804077148438e+01
3.786048889160156250e+01
3.795296859741210938e+01
3.803934097290039062e+01
3.811960983276367188e+01
3.819377899169921875e+01
3.826185226440429688e+01
3.832382965087890625e+01
3.837972640991210938e+01
3.842879104614257812e+01
3.847177886962890625e+01
3.850869369506835938e+01
3.853879547119140625e+01
3.856282806396484375e+01
3.858079910278320312e+01
3.859197235107421875e+01
3.859708404541015625e+01
3.859540939331054688e+01
3.858843231201171875e+01
3.857466888427734375e+01
3.855486679077148438e+01
3.852903747558593750e+01
3.849643325805664062e+01
3.845854568481445312e+01
3.841389465332031250e+01
3.836323165893554688e+01
3.830580902099609375e+01
3.824312210083007812e+01
3.817369079589843750e+01
3.809825897216796875e+01
3.801683425903320312e+01
3.792942047119140625e+01
3.783676528930664062e+01
3.773738479614257812e+01
3.763203048706054688e+01
3.752145385742187500e+01
3.740491104125976562e+01
3.728314971923828125e+01
3.715544128417968750e+01
3.702177810668945312e+01
3.688291549682617188e+01
3.673886108398437500e+01
3.658961486816406250e+01
3.643444061279296875e+01
3.627408218383789062e+01
3.610855102539062500e+01
3.593785095214843750e+01
3.576198577880859375e+01
3.558095932006835938e+01
3.539551925659179688e+01
3.520493316650390625e+01
3.500994491577148438e+01
3.481055831909179688e+01
3.460603713989257812e+01
3.439787292480468750e+01
3.418532943725585938e+01
3.396840667724609375e+01
3.374711608886718750e+01
3.352219772338867188e+01
3.329291915893554688e+01
3.306077575683593750e+01
3.282427597045898438e+01
3.258417510986328125e+01
3.234047698974609375e+01
3.209318542480468750e+01
3.184305191040039062e+01
3.159007644653320312e+01
3.133352470397949219e+01
3.107414436340332031e+01
3.081193733215332031e+01
3.054765701293945312e+01
3.028056144714355469e+01
3.001065826416015625e+01
2.973869132995605469e+01
2.946467018127441406e+01
2.918859863281250000e+01
2.891122436523437500e+01
2.863106918334960938e+01
2.834961891174316406e+01
2.806687927246093750e+01
2.778285789489746094e+01
2.749680900573730469e+01
2.721021842956542969e+01
2.692235183715820312e+01
2.663394737243652344e+01
2.634501075744628906e+01
2.605479812622070312e+01
2.576405715942382812e+01
2.547352981567382812e+01
2.518247795104980469e+01
2.489164543151855469e+01
2.460103034973144531e+01
2.431063842773437500e+01
2.401972961425781250e+01
2.372978782653808594e+01
2.344081878662109375e+01
2.315207672119140625e+01
2.286356735229492188e+01
2.257677650451660156e+01
2.229096412658691406e+01
2.200613212585449219e+01
2.172302436828613281e+01
2.144164276123046875e+01
2.116124534606933594e+01
2.088332366943359375e+01
2.060713195800781250e+01
2.033267593383789062e+01
2.006069564819335938e+01
1.979045295715332031e+01
1.952343750000000000e+01
1.925816154479980469e+01
1.899611473083496094e+01
1.873655319213867188e+01
1.847948455810546875e+01
1.822564888000488281e+01
1.797504806518554688e+01
1.772694396972656250e+01
1.748282051086425781e+01
1.724193954467773438e+01
1.700430107116699219e+01
1.677065086364746094e+01
1.654099082946777344e+01
1.631532287597656250e+01
1.609364891052246094e+01
1.587670993804931641e+01
1.566302776336669922e+01
1.545483112335205078e+01
1.525063323974609375e+01
1.505043888092041016e+01
1.485573482513427734e+01
1.466503143310546875e+01
1.447907257080078125e+01
1.429785537719726562e+01
1.412211799621582031e+01
1.395037746429443359e+01
1.378485679626464844e+01
1.362407016754150391e+01
1.346950054168701172e+01
1.331966018676757812e+01
1.317529010772705078e+01
1.303713130950927734e+01
1.290369510650634766e+01
1.277646636962890625e+01
1.265470123291015625e+01
1.253913688659667969e+01
1.242828941345214844e+01
1.232438373565673828e+01
1.222593116760253906e+01
1.213367462158203125e+01
1.204686832427978516e+01
1.196699619293212891e+01
1.189256954193115234e+01
1.182507324218750000e+01
1.176301956176757812e+01
1.170789146423339844e+01
1.165894412994384766e+01
1.161617565155029297e+01
1.157958507537841797e+01
1.154991149902343750e+01
1.152566814422607422e+01
1.150833892822265625e+01
1.149792194366455078e+01
1.149292850494384766e+01
1.149558544158935547e+01
1.150366306304931641e+01
1.151938724517822266e+01
1.154127025604248047e+01
1.156931018829345703e+01
1.160424804687500000e+01
1.164533710479736328e+01
1.169257831573486328e+01
1.174671173095703125e+01
1.180699062347412109e+01
1.187341499328613281e+01
1.194672489166259766e+01
1.202617454528808594e+01
1.211176395416259766e+01
1.220423316955566406e+01
1.230283641815185547e+01
1.240831375122070312e+01
1.251991558074951172e+01
1.263763046264648438e+01
1.276145362854003906e+01
1.289137268066406250e+01
1.302738189697265625e+01
1.316946887969970703e+01
1.331762886047363281e+01
1.347036266326904297e+01
1.362989330291748047e+01
1.379472637176513672e+01
1.396559524536132812e+01
1.414174747467041016e+01
1.432317447662353516e+01
1.451061153411865234e+01
1.470404720306396484e+01
1.490199089050292969e+01
1.510591697692871094e+01
1.531507301330566406e+01
1.552945232391357422e+01
1.574830055236816406e+01
1.597235488891601562e+01
1.620160484313964844e+01
1.643529701232910156e+01
1.667342567443847656e+01
1.691672515869140625e+01
1.716369628906250000e+01
1.741507911682128906e+01
1.767086029052734375e+01
1.793028831481933594e+01
1.819335746765136719e+01
1.846080017089843750e+01
1.873260688781738281e+01
1.900728416442871094e+01
1.928556442260742188e+01
1.956818389892578125e+01
1.985364532470703125e+01
2.014268493652343750e+01
2.043455123901367188e+01
2.072997665405273438e+01
2.102821159362792969e+01
2.132850265502929688e+01
2.163232612609863281e+01
2.193818855285644531e+01
2.224682426452636719e+01
2.255747985839843750e+01
2.287089347839355469e+01
2.318556594848632812e+01
2.350223159790039062e+01
2.382088661193847656e+01
2.414077377319335938e+01
2.446189117431640625e+01
2.478423500061035156e+01
2.510779762268066406e+01
2.543257713317871094e+01
2.575856971740722656e+01
2.608502388000488281e+01
2.641194152832031250e+01
2.673931312561035156e+01
2.706788063049316406e+01
2.739615058898925781e+01
2.772486495971679688e+01
2.805327033996582031e+01
2.838211441040039062e+01
2.870990180969238281e+01
2.903811073303222656e+01
2.936599731445312500e+01
2.969281578063964844e+01
3.001930046081542969e+01
3.034470939636230469e+01
3.066903495788574219e+01
3.099227333068847656e+01
3.131367683410644531e+01
3.163472366333007812e+01
3.195318794250488281e+01
3.227128601074218750e+01
3.258679199218750000e+01
3.290044021606445312e+01
3.321222686767578125e+01
3.352140426635742188e+01
3.382871246337890625e+01
3.413340377807617188e+01
3.443547058105468750e+01
3.473565673828125000e+01
3.503172683715820312e+01
3.532590103149414062e+01
3.561669158935546875e+01
3.590410232543945312e+01
3.618811416625976562e+01
3.646873092651367188e+01
3.674595642089843750e+01
3.701976776123046875e+01
3.728942871093750000e+01
3.755493545532226562e+01
3.781628036499023438e+01
3.807420349121093750e+01
3.832721328735351562e+01
3.857679367065429688e+01
3.882070922851562500e+01
3.906118392944335938e+01
3.929673385620117188e+01
3.952735900878906250e+01
3.975306701660156250e+01
3.997387695312500000e+01
4.018978881835937500e+01
4.040006637573242188e+01
4.060547256469726562e+01
4.080600357055664062e+01
4.100093078613281250e+01
4.119100570678710938e+01
4.137549209594726562e+01
4.155440139770507812e+01
4.172773361206054688e+01
4.189550781250000000e+01
4.205773162841796875e+01
4.221440887451171875e+01
4.236554718017578125e+01
4.251041793823242188e+01
4.264976882934570312e+01
4.278286361694335938e+01
4.291045761108398438e+01
4.303181838989257812e+01
4.314694595336914062e+01
4.325660324096679688e+01
4.336004638671875000e+01
4.345653915405273438e+01
4.354758834838867188e+01
4.363245010375976562e+01
4.371113586425781250e+01
4.378365325927734375e+01
4.384926605224609375e+01
4.390947341918945312e+01
4.396279525756835938e+01
4.401072692871093750e+01
4.405178833007812500e+01
4.408673477172851562e+01
4.411483001708984375e+01
4.413682556152343750e+01
4.415272903442382812e+01
4.416255187988281250e+01
4.416555404663085938e+01
4.416175460815429688e+01
4.415189361572265625e+01
4.413598632812500000e+01
4.411329650878906250e+01
4.408383178710937500e+01
4.404908752441406250e+01
4.400684356689453125e+01
4.395933532714843750e+01
4.390509033203125000e+01
4.384411621093750000e+01
4.377715301513671875e+01
4.370420837402343750e+01
4.362454223632812500e+01
4.353889846801757812e+01
4.344654464721679688e+01
4.334821319580078125e+01
4.324391937255859375e+01
4.313440704345703125e+01
4.301893234252929688e+01
4.289824295043945312e+01
4.277160263061523438e+01
4.263975143432617188e+01
4.250269699096679688e+01
4.235969924926757812e+01
4.221149826049804688e+01
4.205810546875000000e+01
4.189803314208984375e+01
4.173351287841796875e+01
4.156232070922851562e+01
4.138669204711914062e+01
4.120513916015625000e+01
4.101840591430664062e+01
4.082650375366210938e+01
4.063016891479492188e+01
4.042866897583007812e+01
4.022274780273437500e+01
4.001166152954101562e+01
3.979616546630859375e+01
3.957625198364257812e+01
3.935193634033203125e+01
3.912320709228515625e+01
3.889007949829101562e+01
3.865329360961914062e+01
3.841210937500000000e+01
3.816727828979492188e+01
3.791879653930664062e+01
3.766667556762695312e+01
3.741090774536132812e+01
3.715150070190429688e+01
3.688920974731445312e+01
3.662327957153320312e+01
3.635372161865234375e+01
3.608053970336914062e+01
3.580522155761718750e+01
3.552553558349609375e+01
3.524298095703125000e+01
3.495755767822265625e+01
3.466926574707031250e+01
3.437810897827148438e+01
3.408483505249023438e+01
3.378870391845703125e+01
3.349120712280273438e+01
3.319086837768554688e+01
3.288992309570312500e+01
3.258688354492187500e+01
3.228176116943359375e+01
3.197604370117187500e+01
3.166825294494628906e+01
3.135914039611816406e+01
3.104944801330566406e+01
3.073844337463378906e+01
3.042612838745117188e+01
3.011325263977050781e+01
2.979908180236816406e+01
2.948510551452636719e+01
2.917058372497558594e+01
2.885478210449218750e+01
2.853993034362792969e+01
2.822381401062011719e+01
2.790866088867187500e+01
2.759299087524414062e+01
2.727755355834960938e+01
2.696310043334960938e+01
2.664888954162597656e+01
2.633492851257324219e+01
2.602196311950683594e+01
2.571000480651855469e+01
2.539830970764160156e+01
2.508837509155273438e+01
2.478020095825195312e+01
2.447230911254882812e+01
2.416619300842285156e+01
2.386185646057128906e+01
2.355930519104003906e+01
2.325854492187500000e+01
2.295957946777343750e+01
2.266241645812988281e+01
2.236780548095703125e+01
2.207500648498535156e+01
2.178402519226074219e+01
2.149635505676269531e+01
2.121125602722167969e+01
2.092799377441406250e+01
2.064879989624023438e+01
2.037145233154296875e+01
2.009744262695312500e+01
1.982677650451660156e+01
1.955945777893066406e+01
1.929549598693847656e+01
1.903414726257324219e+01
1.877689743041992188e+01
1.852300262451171875e+01
1.827319526672363281e+01
1.802673530578613281e+01
1.778361511230468750e+01
1.754532051086425781e+01
1.731035614013671875e+01
1.707946777343750000e+01
1.685264587402343750e+01
1.663063240051269531e+01
1.641268157958984375e+01
1.619878768920898438e+01
1.598894786834716797e+01
1.578390026092529297e+01
1.558364391326904297e+01
1.538742923736572266e+01
1.519673919677734375e+01
1.501008415222167969e+01
1.482820415496826172e+01
1.465109348297119141e+01
1.447875118255615234e+01
1.431191444396972656e+01
1.414983558654785156e+01
1.399251270294189453e+01
1.383994293212890625e+01
1.369286441802978516e+01
1.355127048492431641e+01
1.341441917419433594e+01
1.328304672241210938e+01
1.315640735626220703e+01
1.303523921966552734e+01
1.292028427124023438e+01
1.280930614471435547e+01
1.270453262329101562e+01
1.260521697998046875e+01
1.251061058044433594e+01
1.242219638824462891e+01
1.233848571777343750e+01
1.226095962524414062e+01
1.218812847137451172e+01
1.212147521972656250e+01
1.206025218963623047e+01
1.200371265411376953e+01
1.195333957672119141e+01
1.190838718414306641e+01
1.186884880065917969e+01
1.183472251892089844e+01
1.180600357055664062e+01
1.178343391418457031e+01
1.176551914215087891e+01
1.175299835205078125e+01
1.174660682678222656e+01
1.174485206604003906e+01
1.174921131134033203e+01
1.175819396972656250e+01
1.177253341674804688e+01
1.179296684265136719e+01
1.181800174713134766e+01
1.184837341308593750e+01
1.188407421112060547e+01
1.192435455322265625e+01
1.197069358825683594e+01
1.202159690856933594e+01
1.207780265808105469e+01
1.213855838775634766e+01
1.220460319519042969e+01
1.227518272399902344e+01
1.235103702545166016e+01
1.243141365051269531e+01
1.251630496978759766e+01
1.260644817352294922e+01
1.270109462738037109e+01
1.279949092864990234e+01
1.290311717987060547e+01
1.301122570037841797e+01
1.312380599975585938e+01
1.324010848999023438e+01
1.336161422729492188e+01
1.348682975769042969e+01
1.361574554443359375e+01
1.374909877777099609e+01
1.388614082336425781e+01
1.402686214447021484e+01
1.417200088500976562e+01
1.432080745697021484e+01
1.447327136993408203e+01
1.462864494323730469e+01
1.478766250610351562e+01
1.495032024383544922e+01
1.511660671234130859e+01
1.528577518463134766e+01
1.545781707763671875e+01
1.563346862792968750e+01
1.581197834014892578e+01
1.599334239959716797e+01
1.617680931091308594e+01
1.636385536193847656e+01
1.655298995971679688e+01
1.674494934082031250e+01
1.693898391723632812e+01
1.713508605957031250e+01
1.733399963378906250e+01
1.753497505187988281e+01
1.773726654052734375e+01
1.794235610961914062e+01
1.814875221252441406e+01
1.835719871520996094e+01
1.856694412231445312e+01
1.877798652648925781e+01
1.899106407165527344e+01
1.920543098449707031e+01
1.942034149169921875e+01
1.963727760314941406e+01
1.985474586486816406e+01
2.007348823547363281e+01
2.029276084899902344e+01
2.051329803466796875e+01
2.073361206054687500e+01
2.095518302917480469e+01
2.117652511596679688e+01
2.139911842346191406e+01
2.162147331237792969e+01
2.184358596801757812e+01
2.206619453430175781e+01
2.228855323791503906e+01
2.251065826416015625e+01
2.273250770568847656e+01
2.295409393310546875e+01
2.317541503906250000e+01
2.339572525024414062e+01
2.361576271057128906e+01
2.383552360534667969e+01
2.405351829528808594e+01
2.427122879028320312e+01
2.448716545104980469e+01
2.470280838012695312e+01
2.491667366027832031e+01
2.512875175476074219e+01
2.533978462219238281e+01
2.554976654052734375e+01
2.575795173645019531e+01
2.596359443664550781e+01
2.616817665100097656e+01
2.637095069885253906e+01
2.657116889953613281e+01
2.676957130432128906e+01
2.696541213989257812e+01
2.715942764282226562e+01
2.735087776184082031e+01
2.753975105285644531e+01
2.772605705261230469e+01
2.790979194641113281e+01
2.809096336364746094e+01
2.826957321166992188e+01
2.844487953186035156e+01
2.861763191223144531e+01
2.878708267211914062e+01
2.895398712158203125e+01
2.911759757995605469e+01
2.927866744995117188e+01
2.943570709228515625e+01
2.958946418762207031e+01
2.974068641662597656e+01
2.988788795471191406e+01
3.003181457519531250e+01
3.017173004150390625e+01
3.030912017822265625e+01
3.044176101684570312e+01
3.057113838195800781e+01
3.069725990295410156e+01
3.081937789916992188e+01
3.093750000000000000e+01
3.105163002014160156e+01
3.116251373291015625e+01
3.126866722106933594e+01
3.137157630920410156e+01
3.146976280212402344e+01
3.156471443176269531e+01
3.165494346618652344e+01
3.174120330810546875e+01
3.182274818420410156e+01
3.190032577514648438e+01
3.197393989562988281e+01
3.204359054565429688e+01
3.210779953002929688e+01
3.216879272460937500e+01
3.222434616088867188e+01
3.227669525146484375e+01
3.232361221313476562e+01
3.236658477783203125e+01
3.240487289428710938e+01
3.243922042846679688e+01
3.246888732910156250e+01
3.249388504028320312e+01
3.251494979858398438e+01
3.253134536743164062e+01
3.254307556152343750e+01
3.255014038085937500e+01
3.255254364013671875e+01
3.255103302001953125e+01
3.254486846923828125e+01
3.253405761718750000e+01
3.251861190795898438e+01
3.249853134155273438e+01
3.247456741333007812e+01
3.244598007202148438e+01
3.241278076171875000e+01
3.237497329711914062e+01
3.233330917358398438e+01
3.228704833984375000e+01
3.223619842529296875e+01
3.218150711059570312e+01
3.212224197387695312e+01
3.205914688110351562e+01
3.199149322509765625e+01
3.192001914978027344e+01
3.184399795532226562e+01
3.176342964172363281e+01
3.167906570434570312e+01
3.159091567993164062e+01
3.149823570251464844e+01
3.140177917480468750e+01
3.130155181884765625e+01
3.119756507873535156e+01
3.108981704711914062e+01
3.097831726074218750e+01
3.086307144165039062e+01
3.074408531188964844e+01
3.062137031555175781e+01
3.049492645263671875e+01
3.036550903320312500e+01
3.023237419128417969e+01
3.009627532958984375e+01
2.995647430419921875e+01
2.981298255920410156e+01
2.966654205322265625e+01
2.951716232299804688e+01
2.936410522460937500e+01
2.920812225341796875e+01
2.904996299743652344e+01
2.888814735412597656e+01
2.872342109680175781e+01
2.855579376220703125e+01
2.838601684570312500e+01
2.821335029602050781e+01
2.803779792785644531e+01
2.785937118530273438e+01
2.767881965637207031e+01
2.749614524841308594e+01
2.731061363220214844e+01
2.712296867370605469e+01
2.693396186828613281e+01
2.674210739135742188e+01
2.654815483093261719e+01
2.635284805297851562e+01
2.615544891357421875e+01
2.595596313476562500e+01
2.575513267517089844e+01
2.555296325683593750e+01
2.534871864318847656e+01
2.514314270019531250e+01
2.493623924255371094e+01
2.472801017761230469e+01
2.451846504211425781e+01
2.430834197998046875e+01
2.409616661071777344e+01
2.388416671752929688e+01
2.367012023925781250e+01
2.345625686645507812e+01
2.324109649658203125e+01
2.302538299560546875e+01
2.280912399291992188e+01
2.259231948852539062e+01
2.237497711181640625e+01
2.215784072875976562e+01
2.194016838073730469e+01
2.172197151184082031e+01
2.150473213195800781e+01
2.128622817993164062e+01
2.106869316101074219e+01
2.085138702392578125e+01
2.063356971740722656e+01
2.041673088073730469e+01
2.019938850402832031e+01
1.998303413391113281e+01
1.976766586303710938e+01
1.955255126953125000e+01
1.933843421936035156e+01
1.912531852722167969e+01
1.891246414184570312e+01
1.870061492919921875e+01
1.849052429199218750e+01
1.828144836425781250e+01
1.807264900207519531e+01
1.786635971069335938e+01
1.766035461425781250e+01
1.745611953735351562e+01
1.725366401672363281e+01
1.705298995971679688e+01
1.685335350036621094e+01
1.665550231933593750e+01
1.645943069458007812e+01
1.626588249206542969e+01
1.607336616516113281e+01
1.588336849212646484e+01
1.569514560699462891e+01
1.550869083404541016e+01
1.532475090026855469e+01
1.514257812500000000e+01
1.496291446685791016e+01
1.478575611114501953e+01
1.461110401153564453e+01
1.443895435333251953e+01
1.426856327056884766e+01
1.410141372680664062e+01
1.393601894378662109e+01
1.377386283874511719e+01
1.361419868469238281e+01
1.345777130126953125e+01
1.330383300781250000e+01
1.315238189697265625e+01
1.300416088104248047e+01
1.285916709899902344e+01
1.271665477752685547e+01
1.257736587524414062e+01
1.244129943847656250e+01
1.230770874023437500e+01
1.217807865142822266e+01
1.205092144012451172e+01
1.192697906494140625e+01
1.180699062347412109e+01
1.168946933746337891e+01
1.157590007781982422e+01
1.146479415893554688e+01
1.135763549804687500e+01
1.125442218780517578e+01
1.115366744995117188e+01
1.105685424804687500e+01
1.096323680877685547e+01
1.087281513214111328e+01
1.078633022308349609e+01
1.070377922058105469e+01
1.062367534637451172e+01
1.054824447631835938e+01
1.047525596618652344e+01
1.040693664550781250e+01
1.034180068969726562e+01
1.027984237670898438e+01
1.022180747985839844e+01
1.016769027709960938e+01
1.011674308776855469e+01
1.006970500946044922e+01
1.002582550048828125e+01
9.985843658447265625e+00
9.949753761291503906e+00
9.916806221008300781e+00
9.887738227844238281e+00
9.861804008483886719e+00
9.840480804443359375e+00
9.821536064147949219e+00
9.807192802429199219e+00
9.795959472656250000e+00
9.787830352783203125e+00
9.783541679382324219e+00
9.783090591430664062e+00
9.785726547241210938e+00
9.792187690734863281e+00
9.801726341247558594e+00
9.814334869384765625e+00
9.830752372741699219e+00
9.850973129272460938e+00
9.874248504638671875e+00
9.900571823120117188e+00
9.929939270019531250e+00
9.963088035583496094e+00
9.999268531799316406e+00
1.003847599029541016e+01
1.008144760131835938e+01
1.012743473052978516e+01
1.017568969726562500e+01
1.022769260406494141e+01
1.028269386291503906e+01
1.034068870544433594e+01
1.040092945098876953e+01
1.046489524841308594e+01
1.053109455108642578e+01
1.060100841522216797e+01
1.067314624786376953e+01
1.074750041961669922e+01
1.082481002807617188e+01
1.090506839752197266e+01
1.098752784729003906e+01
1.107292461395263672e+01
1.116051197052001953e+01
1.125102710723876953e+01
1.134297752380371094e+01
1.143784427642822266e+01
1.153487777709960938e+01
1.163407325744628906e+01
1.173542594909667969e+01
1.183893108367919922e+01
1.194458580017089844e+01
1.205238628387451172e+01
1.216158485412597656e+01
1.227292251586914062e+01
1.238639450073242188e+01
1.250125503540039062e+01
1.261749839782714844e+01
1.273586559295654297e+01
1.285561084747314453e+01
1.297672939300537109e+01
1.309995937347412109e+01
1.322381401062011719e+01
1.334977340698242188e+01
1.347634887695312500e+01
1.360427761077880859e+01
1.373355865478515625e+01
1.386344623565673828e+01
1.399467754364013672e+01
1.412724685668945312e+01
1.426041221618652344e+01
1.439416790008544922e+01
1.452925205230712891e+01
1.466492080688476562e+01
1.480116558074951172e+01
1.493724536895751953e+01
1.507464027404785156e+01
1.521260166168212891e+01
1.535038566589355469e+01
1.548873138427734375e+01
1.562763404846191406e+01
1.576634788513183594e+01
1.590561008453369141e+01
1.604467773437500000e+01
1.618354415893554688e+01
1.632220649719238281e+01
1.646140480041503906e+01
1.659964752197265625e+01
1.673767662048339844e+01
1.687623023986816406e+01
1.701381874084472656e+01
1.715043830871582031e+01
1.728757095336914062e+01
1.742298316955566406e+01
1.755816078186035156e+01
1.769309806823730469e+01
1.782704734802246094e+01
1.796000671386718750e+01
1.809197235107421875e+01
1.822293853759765625e+01
1.835290908813476562e+01
1.848188400268554688e+01
1.860986518859863281e+01
1.873685264587402344e+01
1.886210441589355469e+01
1.898636627197265625e+01
1.910964012145996094e+01
1.923043823242187500e+01
1.935099220275878906e+01
1.946907424926757812e+01
1.958617210388183594e+01
1.970154380798339844e+01
1.981593513488769531e+01
1.992785644531250000e+01
2.003805732727050781e+01
2.014653778076171875e+01
2.025403976440429688e+01
2.035833549499511719e+01
2.046165657043457031e+01
2.056251907348632812e+01
2.066166687011718750e+01
2.075909996032714844e+01
2.085407829284667969e+01
2.094734382629394531e+01
2.103741264343261719e+01
2.112651634216308594e+01
2.121316909790039062e+01
2.129662704467773438e+01
2.137912559509277344e+01
2.145843315124511719e+01
2.153603744506835938e+01
2.161045265197753906e+01
2.168317031860351562e+01
2.175344276428222656e+01
2.182053184509277344e+01
2.188592529296875000e+01
2.194887924194335938e+01
2.200865173339843750e+01
2.206599044799804688e+01
2.212089347839355469e+01
2.217336082458496094e+01
2.222265625000000000e+01
2.226951789855957031e+01
2.231394958496093750e+01
2.235520935058593750e+01
2.239404106140136719e+01
2.242970657348632812e+01
2.246294403076171875e+01
2.249375724792480469e+01
2.252140617370605469e+01
2.254589462280273438e+01
2.256796836853027344e+01
2.258688926696777344e+01
2.260340499877929688e+01
2.261677551269531250e+01
2.262774658203125000e+01
2.263558578491210938e+01
2.264028930664062500e+01
2.264260864257812500e+01
2.264180564880371094e+01
2.263788223266601562e+01
2.263158798217773438e+01
2.262218093872070312e+01
2.261041259765625000e+01
2.259553909301757812e+01
2.257831192016601562e+01
2.255798912048339844e+01
2.253457832336425781e+01
2.250882339477539062e+01
2.247998809814453125e+01
2.244881820678710938e+01
2.241457557678222656e+01
2.237800598144531250e+01
2.233837318420410156e+01
2.229642105102539062e+01
2.225141334533691406e+01
2.220409584045410156e+01
2.215373229980468750e+01
2.210106658935546875e+01
2.204610633850097656e+01
2.198810958862304688e+01
2.192782402038574219e+01
2.186451339721679688e+01
2.179966545104980469e+01
2.173105621337890625e+01
2.166091918945312500e+01
2.158851432800292969e+01
2.151310539245605469e+01
2.143543624877929688e+01
2.135551261901855469e+01
2.127334213256835938e+01
2.118966484069824219e+01
2.110300445556640625e+01
2.101410675048828125e+01
2.092297744750976562e+01
2.083035850524902344e+01
2.073477363586425781e+01
2.063771247863769531e+01
2.053843307495117188e+01
2.043768501281738281e+01
2.033398437500000000e+01
2.022882270812988281e+01
2.012220001220703125e+01
2.001338005065917969e+01
1.990236473083496094e+01
1.979064559936523438e+01
1.967599105834960938e+01
1.956064033508300781e+01
1.944310760498046875e+01
1.932413864135742188e+01
1.920373916625976562e+01
1.908191108703613281e+01
1.895791435241699219e+01
1.883323860168457031e+01
1.870714569091796875e+01
1.857963752746582031e+01
1.845071792602539062e+01
1.832039070129394531e+01
1.818940162658691406e+01
1.805701065063476562e+01
1.792322158813476562e+01
1.778878021240234375e+01
1.765369415283203125e+01
1.751721763610839844e+01
1.737935829162597656e+01
1.724160194396972656e+01
1.710247039794921875e+01
1.696345138549804688e+01
1.682305908203125000e+01
1.668204307556152344e+01
1.654040908813476562e+01
1.639889717102050781e+01
1.625602912902832031e+01
1.611329460144042969e+01
1.596995067596435547e+01
1.582600402832031250e+01
1.568219947814941406e+01
1.553854179382324219e+01
1.539354610443115234e+01
1.524944686889648438e+01
1.510476112365722656e+01
1.496023464202880859e+01
1.481586933135986328e+01
1.467092895507812500e+01
1.452690219879150391e+01
1.438230323791503906e+01
1.423788356781005859e+01
1.409438514709472656e+01
1.395032596588134766e+01
1.380719661712646484e+01
1.366425418853759766e+01
1.352223968505859375e+01
1.337967014312744141e+01
1.323877048492431641e+01
1.309805679321289062e+01
1.295752716064453125e+01
1.281792736053466797e+01
1.267925357818603516e+01
1.254076385498046875e+01
1.240394496917724609e+01
1.226730918884277344e+01
1.213159942626953125e+01
1.199681568145751953e+01
1.186295890808105469e+01
1.173002719879150391e+01
1.159802150726318359e+01
1.146768283843994141e+01
1.133752632141113281e+01
1.120903778076171875e+01
1.108221626281738281e+01
1.095557498931884766e+01
1.083060073852539062e+01
1.070729351043701172e+01
1.058490943908691406e+01
1.046419048309326172e+01
1.034439468383789062e+01
1.022626399993896484e+01
1.010979843139648438e+01
9.994255065917968750e+00
9.880375862121582031e+00
9.768161773681640625e+00
9.657610893249511719e+00
9.548724174499511719e+00
9.441499710083007812e+00
9.335196495056152344e+00
9.231299400329589844e+00
9.129063606262207031e+00
9.028491020202636719e+00
8.929580688476562500e+00
8.832331657409667969e+00
8.737487792968750000e+00
8.644304275512695312e+00
8.552783012390136719e+00
8.462921142578125000e+00
8.375463485717773438e+00
8.289666175842285156e+00
8.205529212951660156e+00
8.123793601989746094e+00
8.043717384338378906e+00
7.965300559997558594e+00
7.889281749725341797e+00
7.815659523010253906e+00
7.743686199188232422e+00
7.674102306365966797e+00
7.606160640716552734e+00
7.540230751037597656e+00
7.476458072662353516e+00
7.414763927459716797e+00
7.355145931243896484e+00
7.297674179077148438e+00
7.242197990417480469e+00
7.188862800598144531e+00
7.137589931488037109e+00
7.088377475738525391e+00
7.041295051574707031e+00
6.996266841888427734e+00
6.953436851501464844e+00
6.912654399871826172e+00
6.873914718627929688e+00
6.837364196777343750e+00
6.802851676940917969e+00
6.770372390747070312e+00
6.740073204040527344e+00
6.711801052093505859e+00
6.685553550720214844e+00
6.661475181579589844e+00
6.639341354370117188e+00
6.619296073913574219e+00
6.601336479187011719e+00
6.585310459136962891e+00
6.571364402770996094e+00
6.559419631958007812e+00
6.549473762512207031e+00
6.541523456573486328e+00
6.535490512847900391e+00
6.531446933746337891e+00
6.529314041137695312e+00
6.529163837432861328e+00
6.530919075012207031e+00
6.534501075744628906e+00
6.539981842041015625e+00
6.547358036041259766e+00
6.556477546691894531e+00
6.567485809326171875e+00
6.580305576324462891e+00
6.594858169555664062e+00
6.611142635345458984e+00
6.629228115081787109e+00
6.648962974548339844e+00
6.670419216156005859e+00
6.693519115447998047e+00
6.718259811401367188e+00
6.744638442993164062e+00
6.772578239440917969e+00
6.802150249481201172e+00
6.833203315734863281e+00
6.865734577178955078e+00
6.899815082550048828e+00
6.935293674468994141e+00
6.972242355346679688e+00
7.010583400726318359e+00
7.050312995910644531e+00
7.091355800628662109e+00
7.133708000183105469e+00
7.177293300628662109e+00
7.222181797027587891e+00
7.268297195434570312e+00
7.315637588500976562e+00
7.364049434661865234e+00
7.413679122924804688e+00
7.464302539825439453e+00
7.516063690185546875e+00
7.568811893463134766e+00
7.622544288635253906e+00
7.677257061004638672e+00
7.732874393463134766e+00
7.789392948150634766e+00
7.846735477447509766e+00
7.904973506927490234e+00
7.963955879211425781e+00
8.023679733276367188e+00
8.084363937377929688e+00
8.145263671875000000e+00
8.206822395324707031e+00
8.269779205322265625e+00
8.332646369934082031e+00
8.396162986755371094e+00
8.460327148437500000e+00
8.524392127990722656e+00
8.589840888977050781e+00
8.655185699462890625e+00
8.720423698425292969e+00
8.786293983459472656e+00
8.852794647216796875e+00
8.919179916381835938e+00
8.986187934875488281e+00
9.053075790405273438e+00
9.120582580566406250e+00
9.187217712402343750e+00
9.254467010498046875e+00
9.322329521179199219e+00
9.389319419860839844e+00
9.456920623779296875e+00
9.523648262023925781e+00
9.590990066528320312e+00
9.658200263977050781e+00
9.724536895751953125e+00
9.791485786437988281e+00
9.857560157775878906e+00
9.923503875732421875e+00
9.989316940307617188e+00
1.005499935150146484e+01
1.012055110931396484e+01
1.018522644042968750e+01
1.024977207183837891e+01
1.031344318389892578e+01
1.037698173522949219e+01
1.043964576721191406e+01
1.050217819213867188e+01
1.056383705139160156e+01
1.062536239624023438e+01
1.068601322174072266e+01
1.074578857421875000e+01
1.080543231964111328e+01
1.086420059204101562e+01
1.092209339141845703e+01
1.097911071777343750e+01
1.103525257110595703e+01
1.109126186370849609e+01
1.114565181732177734e+01
1.119991016387939453e+01
1.125254917144775391e+01
1.130505466461181641e+01
1.135594177246093750e+01
1.140669536590576172e+01
1.145582866668701172e+01
1.150408744812011719e+01
1.155072498321533203e+01
1.159722995758056641e+01
1.164211559295654297e+01
1.168612384796142578e+01
1.172925567626953125e+01
1.177076721191406250e+01
1.181140327453613281e+01
1.185116100311279297e+01
1.188929748535156250e+01
1.192581558227539062e+01
1.196219825744628906e+01
1.199621772766113281e+01
1.203010368347167969e+01
1.206162834167480469e+01
1.209227848052978516e+01
1.212205886840820312e+01
1.215022754669189453e+01
1.217678546905517578e+01
1.220248031616210938e+01
1.222657012939453125e+01
1.224905586242675781e+01
1.227068519592285156e+01
1.229071426391601562e+01
1.230914783477783203e+01
1.232672977447509766e+01
1.234197711944580078e+01
1.235637664794921875e+01
1.236993312835693359e+01
1.238115978240966797e+01
1.239154624938964844e+01
1.240035152435302734e+01
1.240757942199707031e+01
1.241397190093994141e+01
1.241804790496826172e+01
1.242129421234130859e+01
1.242296981811523438e+01
1.242307758331298828e+01
1.242236423492431641e+01
1.241934299468994141e+01
1.241550254821777344e+01
1.241010379791259766e+01
1.240314865112304688e+01
1.239463710784912109e+01
1.238531684875488281e+01
1.237370395660400391e+01
1.236128520965576172e+01
1.234732055664062500e+01
1.233255481719970703e+01
1.231550407409667969e+01
1.229765701293945312e+01
1.227827262878417969e+01
1.225735378265380859e+01
1.223564529418945312e+01
1.221166229248046875e+01
1.218689441680908203e+01
1.216059875488281250e+01
1.213352298736572266e+01
1.210492515563964844e+01
1.207480812072753906e+01
1.204317283630371094e+01
1.201002311706542969e+01
1.197610282897949219e+01
1.194141387939453125e+01
1.190447330474853516e+01
1.186676979064941406e+01
1.182756233215332031e+01
1.178759574890136719e+01
1.174612998962402344e+01
1.170390987396240234e+01
1.166019439697265625e+01
1.161498546600341797e+01
1.156902980804443359e+01
1.152232837677001953e+01
1.147414112091064453e+01
1.142521381378173828e+01
1.137480449676513672e+01
1.132365894317626953e+01
1.127103614807128906e+01
1.121768283843994141e+01
1.116359996795654297e+01
1.110804653167724609e+01
1.105251121520996094e+01
1.099551010131835938e+01
1.093704700469970703e+01
1.087860774993896484e+01
1.081871032714843750e+01
1.075809955596923828e+01
1.069677734375000000e+01
1.063474559783935547e+01
1.057200813293457031e+01
1.050856590270996094e+01
1.044442176818847656e+01
1.037957763671875000e+01
1.031403636932373047e+01
1.024779987335205078e+01
1.018087005615234375e+01
1.011325073242187500e+01
1.004494190216064453e+01
9.976689338684082031e+00
9.907752990722656250e+00
9.838135719299316406e+00
9.768582344055175781e+00
9.697607994079589844e+00
9.626702308654785156e+00
9.555868148803710938e+00
9.484361648559570312e+00
9.412189483642578125e+00
9.340092658996582031e+00
9.267333030700683594e+00
9.194655418395996094e+00
9.121318817138671875e+00
9.048069000244140625e+00
8.974906921386718750e+00
8.901091575622558594e+00
8.827364921569824219e+00
8.753729820251464844e+00
8.679441452026367188e+00
8.605986595153808594e+00
8.531880378723144531e+00
8.457122802734375000e+00
8.383200645446777344e+00
8.309371948242187500e+00
8.234892845153808594e+00
8.161251068115234375e+00
8.086958885192871094e+00
8.013505935668945312e+00
7.939404964447021484e+00
7.866141796112060547e+00
7.792974948883056641e+00
7.719904899597167969e+00
7.646931171417236328e+00
7.574055194854736328e+00
7.501945972442626953e+00
7.429934501647949219e+00
7.358245372772216797e+00
7.286878108978271484e+00
7.215907096862792969e+00
7.145259380340576172e+00
7.075083732604980469e+00
7.005381107330322266e+00
6.936002254486083984e+00
6.867171764373779297e+00
6.798888683319091797e+00
6.731006622314453125e+00
6.663747310638427734e+00
6.597038269042968750e+00
6.530878543853759766e+00
6.465269565582275391e+00
6.400360107421875000e+00
6.336002349853515625e+00
6.272345066070556641e+00
6.209313869476318359e+00
6.146984577178955078e+00
6.085356712341308594e+00
6.024431705474853516e+00
5.964209079742431641e+00
5.904764175415039062e+00
5.846096992492675781e+00
5.788208484649658203e+00
5.731173038482666016e+00
5.674917221069335938e+00
5.619441032409667969e+00
5.564892768859863281e+00
5.511198520660400391e+00
5.458355426788330078e+00
5.406362056732177734e+00
5.355291366577148438e+00
5.305068016052246094e+00
5.255837917327880859e+00
5.207452297210693359e+00
5.160057544708251953e+00
5.113577365875244141e+00
5.068010807037353516e+00
5.023430347442626953e+00
4.979835033416748047e+00
4.937222480773925781e+00
4.895591735839843750e+00
4.854941368103027344e+00
4.815268993377685547e+00
4.776574134826660156e+00
4.738928794860839844e+00
4.702257633209228516e+00
4.666632652282714844e+00
4.632053375244140625e+00
4.598443031311035156e+00
4.565875530242919922e+00
4.534348011016845703e+00
4.503859043121337891e+00
4.474408149719238281e+00
4.445992946624755859e+00
4.418612480163574219e+00
4.392264842987060547e+00
4.367022514343261719e+00
4.342735767364501953e+00
4.319551467895507812e+00
4.297468185424804688e+00
4.276336193084716797e+00
4.256301403045654297e+00
4.237289428710937500e+00
4.219297409057617188e+00
4.202398777008056641e+00
4.186517715454101562e+00
4.171727180480957031e+00
4.157876491546630859e+00
4.145112991333007812e+00
4.133360385894775391e+00
4.122618198394775391e+00
4.112883567810058594e+00
4.104156017303466797e+00
4.096433639526367188e+00
4.089715003967285156e+00
4.084072589874267578e+00
4.079281806945800781e+00
4.075564384460449219e+00
4.072769165039062500e+00
4.070969581604003906e+00
4.070088386535644531e+00
4.070199012756347656e+00
4.071225166320800781e+00
4.073238849639892578e+00
4.076090335845947266e+00
4.079925537109375000e+00
4.084595203399658203e+00
4.090170860290527344e+00
4.096651077270507812e+00
4.103959560394287109e+00
4.112169265747070312e+00
4.121203422546386719e+00
4.131135463714599609e+00
4.141813755035400391e+00
4.153311729431152344e+00
4.165627002716064453e+00
4.178683757781982422e+00
4.192554950714111328e+00
4.207163333892822266e+00
4.222507953643798828e+00
4.238661289215087891e+00
4.255398273468017578e+00
4.272940158843994141e+00
4.291136264801025391e+00
4.309985637664794922e+00
4.329485416412353516e+00
4.349708557128906250e+00
4.370430946350097656e+00
4.391872406005859375e+00
4.413883686065673828e+00
4.436461925506591797e+00
4.459531784057617188e+00
4.483239650726318359e+00
4.507436275482177734e+00
4.532192230224609375e+00
4.557432651519775391e+00
4.583081245422363281e+00
4.609284400939941406e+00
4.635891914367675781e+00
4.662902355194091797e+00
4.690387725830078125e+00
4.718198299407958984e+00
4.746405601501464844e+00
4.775008678436279297e+00
4.803930282592773438e+00
4.833170413970947266e+00
4.862725257873535156e+00
4.892521858215332031e+00
4.922632694244384766e+00
4.952982902526855469e+00
4.983572959899902344e+00
5.014401435852050781e+00
5.045393466949462891e+00
5.076622962951660156e+00
5.108015060424804688e+00
5.139495372772216797e+00
5.171211719512939453e+00
5.202939987182617188e+00
5.234828472137451172e+00
5.266803264617919922e+00
5.298862457275390625e+00
5.330932140350341797e+00
5.363011837005615234e+00
5.395174503326416016e+00
5.427271842956542969e+00
5.459451198577880859e+00
5.491489410400390625e+00
5.523534297943115234e+00
5.555511951446533203e+00
5.587420463562011719e+00
5.619260311126708984e+00
5.650881767272949219e+00
5.682507514953613281e+00
5.713913917541503906e+00
5.745174884796142578e+00
5.776289463043212891e+00
5.807183742523193359e+00
5.837855815887451172e+00
5.868306159973144531e+00
5.898533821105957031e+00
5.928463935852050781e+00
5.958170413970947266e+00
5.987578868865966797e+00
6.016762256622314453e+00
6.045571327209472656e+00
6.074006080627441406e+00
6.102214813232421875e+00
6.129973411560058594e+00
6.157355785369873047e+00
6.184435844421386719e+00
6.211064338684082031e+00
6.237240791320800781e+00
6.263039112091064453e+00
6.288383483886718750e+00
6.313274860382080078e+00
6.337711811065673828e+00
6.361693859100341797e+00
6.385148048400878906e+00
6.408148765563964844e+00
6.430623531341552734e+00
6.452572822570800781e+00
6.473997116088867188e+00
6.494896888732910156e+00
6.515200614929199219e+00
6.534981727600097656e+00
6.554242134094238281e+00
6.572907447814941406e+00
6.590905189514160156e+00
6.608384609222412109e+00
6.625272274017333984e+00
6.641568183898925781e+00
6.657200336456298828e+00
6.672243118286132812e+00
6.686623573303222656e+00
6.700416564941406250e+00
6.713548183441162109e+00
6.726020336151123047e+00
6.737907886505126953e+00
6.749062538146972656e+00
6.759634494781494141e+00
6.769550800323486328e+00
6.778736114501953125e+00
6.787267684936523438e+00
6.795144557952880859e+00
6.802295207977294922e+00
6.808719635009765625e+00
6.814493179321289062e+00
6.819616317749023438e+00
6.824016571044921875e+00
6.827692508697509766e+00
6.830722808837890625e+00
6.833031177520751953e+00
6.834619998931884766e+00
6.835564136505126953e+00
6.835789680480957031e+00
6.835298538208007812e+00
6.834090709686279297e+00
6.832166671752929688e+00
6.829602718353271484e+00
6.826251506805419922e+00
6.822260856628417969e+00
6.817558765411376953e+00
6.812145233154296875e+00
6.806022167205810547e+00
6.799189090728759766e+00
6.791647911071777344e+00
6.783400535583496094e+00
6.774519443511962891e+00
6.764860153198242188e+00
6.754571914672851562e+00
6.743581295013427734e+00
6.731889724731445312e+00
6.719499111175537109e+00
6.706410408020019531e+00
6.692698955535888672e+00
6.678292274475097656e+00
6.663191318511962891e+00
6.647472381591796875e+00
6.631062030792236328e+00
6.614036560058593750e+00
6.596321582794189453e+00
6.578068256378173828e+00
6.559128761291503906e+00
6.539579391479492188e+00
6.519420623779296875e+00
6.498654842376708984e+00
6.477282524108886719e+00
6.455379009246826172e+00
6.432798385620117188e+00
6.409689903259277344e+00
6.386054515838623047e+00
6.361819267272949219e+00
6.336986541748046875e+00
6.311705112457275391e+00
6.285828590393066406e+00
6.259505748748779297e+00
6.232591152191162109e+00
6.205233097076416016e+00
6.177285194396972656e+00
6.148971080780029297e+00
6.120143890380859375e+00
6.090805053710937500e+00
6.061030387878417969e+00
6.030895233154296875e+00
6.000252246856689453e+00
5.969177246093750000e+00
5.937671184539794922e+00
5.905810356140136719e+00
5.873521327972412109e+00
5.840806007385253906e+00
5.807813644409179688e+00
5.774396896362304688e+00
5.740632534027099609e+00
5.706595420837402344e+00
5.672138214111328125e+00
5.637410640716552734e+00
5.602414608001708984e+00
5.567150592803955078e+00
5.531545162200927734e+00
5.495746612548828125e+00
5.459608078002929688e+00
5.423278331756591797e+00
5.386684417724609375e+00
5.349899768829345703e+00
5.312851905822753906e+00
5.275615692138671875e+00
5.238191604614257812e+00
5.200580120086669922e+00
5.162856101989746094e+00
5.124946594238281250e+00
5.086851596832275391e+00
5.048645973205566406e+00
5.010330677032470703e+00
4.971906661987304688e+00
4.933373451232910156e+00
4.894807338714599609e+00
4.856059551239013672e+00
4.817353725433349609e+00
4.778542518615722656e+00
4.739699840545654297e+00
4.700827598571777344e+00
4.661999225616455078e+00
4.623067855834960938e+00
4.584257125854492188e+00
4.545417785644531250e+00
4.506626129150390625e+00
4.467882633209228516e+00
4.429187297821044922e+00
4.390615940093994141e+00
4.352093696594238281e+00
4.313622474670410156e+00
4.275351047515869141e+00
4.237131118774414062e+00
4.199037551879882812e+00
4.161071777343750000e+00
4.123233795166015625e+00
4.085598945617675781e+00
4.048093318939208984e+00
4.010866165161132812e+00
3.973695039749145508e+00
3.936803579330444336e+00
3.900119066238403320e+00
3.863640546798706055e+00
3.827444076538085938e+00
3.791381359100341797e+00
3.755676031112670898e+00
3.720180034637451172e+00
3.684967041015625000e+00
3.650036573410034180e+00
3.615388393402099609e+00
3.581022024154663086e+00
3.547010898590087891e+00
3.513280630111694336e+00
3.479830741882324219e+00
3.446734666824340820e+00
3.413991689682006836e+00
3.381602048873901367e+00
3.349565267562866211e+00
3.317879915237426758e+00
3.286472082138061523e+00
3.255563735961914062e+00
3.224931478500366211e+00
3.194723844528198242e+00
3.164865493774414062e+00
3.135504484176635742e+00
3.106418132781982422e+00
3.077828168869018555e+00
3.049585580825805664e+00
3.021838903427124023e+00
2.994438886642456055e+00
2.967533111572265625e+00
2.941047191619873047e+00
2.914980649948120117e+00
2.889333009719848633e+00
2.864177942276000977e+00
2.839440584182739258e+00
2.815120697021484375e+00
2.791366100311279297e+00
2.767953634262084961e+00
2.745105504989624023e+00
2.722672700881958008e+00
2.700729131698608398e+00
2.679274320602416992e+00
2.658307552337646484e+00
2.637753963470458984e+00
2.617761850357055664e+00
2.598256349563598633e+00
2.579237222671508789e+00
2.560629367828369141e+00
2.542580842971801758e+00
2.525017023086547852e+00
2.508011341094970703e+00
2.491415500640869141e+00
2.475376844406127930e+00
2.459746599197387695e+00
2.444747209548950195e+00
2.430154800415039062e+00
2.416117668151855469e+00
2.402485847473144531e+00
2.389481782913208008e+00
2.376881361007690430e+00
2.364832162857055664e+00
2.353259325027465820e+00
2.342161655426025391e+00
2.331538677215576172e+00
2.321463108062744141e+00
2.311860322952270508e+00
2.302728891372680664e+00
2.294142723083496094e+00
2.285951852798461914e+00
2.278304338455200195e+00
2.271124839782714844e+00
2.264412403106689453e+00
2.258166074752807617e+00
2.252385139465332031e+00
2.247142791748046875e+00
2.242289543151855469e+00
2.237899065017700195e+00
2.233969926834106445e+00
2.230501651763916016e+00
2.227493047714233398e+00
2.224943399429321289e+00
2.222777605056762695e+00
2.221143007278442383e+00
2.219816207885742188e+00
2.219018697738647461e+00
2.218601226806640625e+00
2.218562841415405273e+00
2.218977212905883789e+00
2.219768762588500977e+00
2.221011161804199219e+00
2.222628831863403320e+00
2.224621295928955078e+00
2.226987123489379883e+00
2.229800462722778320e+00
2.232910871505737305e+00
2.236392498016357422e+00
2.240243911743164062e+00
2.244464874267578125e+00
2.249053478240966797e+00
2.253935575485229492e+00
2.259183883666992188e+00
2.264723300933837891e+00
2.270552873611450195e+00
2.276746273040771484e+00
2.283302545547485352e+00
2.290071725845336914e+00
2.297127962112426758e+00
2.304544925689697266e+00
2.312173128128051758e+00
2.320086002349853516e+00
2.328283548355102539e+00
2.336690425872802734e+00
2.345380544662475586e+00
2.354353189468383789e+00
2.363458871841430664e+00
2.372845888137817383e+00
2.382513284683227539e+00
2.392312049865722656e+00
2.402316093444824219e+00
2.412524223327636719e+00
2.422936201095581055e+00
2.433551311492919922e+00
2.444294452667236328e+00
2.455239534378051758e+00
2.466311693191528320e+00
2.477509737014770508e+00
2.488907814025878906e+00
2.500431060791015625e+00
2.512078762054443359e+00
2.523775815963745117e+00
2.535670280456542969e+00
2.547612905502319336e+00
2.559677362442016602e+00
2.571788549423217773e+00
2.584020614624023438e+00
2.596298217773437500e+00
2.608620643615722656e+00
2.621062040328979492e+00
2.633472681045532227e+00
2.646000862121582031e+00
2.658497333526611328e+00
2.671035289764404297e+00
2.683540344238281250e+00
2.696160316467285156e+00
2.708671569824218750e+00
2.721222400665283203e+00
2.733737230300903320e+00
2.746290206909179688e+00
2.758732318878173828e+00
2.771136522293090820e+00
2.783576965332031250e+00
2.795904397964477539e+00
2.808118104934692383e+00
2.820366144180297852e+00
2.832424879074096680e+00
2.844443321228027344e+00
2.856425285339355469e+00
2.868227958679199219e+00
2.880004882812500000e+00
2.891686677932739258e+00
2.903278589248657227e+00
2.914711475372314453e+00
2.926139593124389648e+00
