# pp
8.752827218817455854e-09
5.323845197014626272e-09
3.679492588581682866e-09
2.733744822204475291e-09
2.127640741570713717e-09
1.711179033965589573e-09
1.410365398226209345e-09
1.184861982911558412e-09
1.010639436373312139e-09
8.730561454048679697e-10
7.620660050163865764e-10
6.710716758953742675e-10
5.955063565516774438e-10
5.319906528596620609e-10
4.780396702005414751e-10
4.318090247341891604e-10
3.918864494357408997e-10
3.571383096177784383e-10
3.266814216873116244e-10
2.998452082051427856e-10
2.760901790273267450e-10
2.549543518673230352e-10
2.360587795802699492e-10
2.190994900633753226e-10
2.038250155363219955e-10
1.900214412477116469e-10
1.775060821799635236e-10
1.661166037713366164e-10
1.557170527939510717e-10
1.462025595491330331e-10
1.374829623445593865e-10
1.294723976724648031e-10
1.220952987913052823e-10
1.152875995134332295e-10
1.089936055564773399e-10
1.031639500277277804e-10
9.775494326693722152e-11
9.272737317938185918e-11
8.804646028450889531e-11
8.368145153351999818e-11
7.960516140082861732e-11
7.579339195167920808e-11
7.222451242325073290e-11
6.887913331616100188e-11
6.573975430154265399e-11
6.279032923677460810e-11
6.001632205720660879e-11
5.740460022251764926e-11
5.494327273476697503e-11
5.262150407138677635e-11
5.042926915706431667e-11
4.835740590260846891e-11
4.639756617894281212e-11
4.454212954904322860e-11
4.278409980503610954e-11
4.111696289106655014e-11
3.953472366856154145e-11
3.803188102637841197e-11
3.660337942661060785e-11
3.524458585755227713e-11
3.395130627952891899e-11
3.271968366644434519e-11
3.154614807062492919e-11
3.042739100611246874e-11
2.936031877515161634e-11
2.834196638130236439e-11
2.736955915201271851e-11
2.644051947255773774e-11
2.555245012752437742e-11
2.470310442392243302e-11
2.389033137065893275e-11
2.311211322811899678e-11
2.236656912388900474e-11
2.165194407681823291e-11
2.096661001587305399e-11
2.030908738910405907e-11
1.967800027793011942e-11
1.907205792346671394e-11
1.849004843668804616e-11
1.793082933795491123e-11
1.739331188922654425e-11
1.687646856848097209e-11
1.637933235232497204e-11
1.590099247729081198e-11
1.544058686550559585e-11
1.499728818103346747e-11
1.457031267170395493e-11
1.415892081869610107e-11
1.376241437901152691e-11
1.338013197094984361e-11
1.301144179079011691e-11
1.265574481718882353e-11
1.231247434792828822e-11
1.198109393971919840e-11
1.166109549919903460e-11
1.135199751259760638e-11
1.105334340269583753e-11
1.076470000274147281e-11
1.048565613791914890e-11
1.021582130581319707e-11
9.954824448059872036e-12
9.702312806070043675e-12
9.457950854321980117e-12
9.221419305283083120e-12
8.992414180525953866e-12
8.770645943063073227e-12
8.555838686340760971e-12
8.347729375711004607e-12
8.146067138543482493e-12
7.950611577882468250e-12
7.761129230765176670e-12
7.577396291222378472e-12
7.399199093956857250e-12
7.226333574013746669e-12
7.058604759539576079e-12
6.895826295342889541e-12
6.737819995145295626e-12
6.584415420572775995e-12
6.435449485084605666e-12
6.290766081172417307e-12
6.150215729286047225e-12
6.013655247056744089e-12
5.880947437492908817e-12
5.751960794919865943e-12
5.626569227523603126e-12
5.504651795440028544e-12
5.386092463406384299e-12
5.270779867060610835e-12
5.158607092038491931e-12
5.049471172851852099e-12
4.943272054004902949e-12
4.839913338914132335e-12
4.739302408386806831e-12
4.641350247398051232e-12
4.545971280979600391e-12
4.453083218679627735e-12
4.362606907088709198e-12
4.274466189960114590e-12
4.188587775483270938e-12
4.104901110297822101e-12
4.023338259862152840e-12
3.943833794814835638e-12
3.866324682990405482e-12
3.790750186772117700e-12
3.717051765484159888e-12
3.645172982544264030e-12
3.575059417114868082e-12
3.506658580006966566e-12
3.439919833605783981e-12
3.374794319204858733e-12
3.311234894768834903e-12
3.249196054224966414e-12
3.188633857785791589e-12
3.129505869029307044e-12
3.071771094875729777e-12
3.015389928310458899e-12
2.960324093711530237e-12
2.906536594648001596e-12
2.853991664023340935e-12
2.802654716444994253e-12
2.752492302708062737e-12
2.703472066287260944e-12
2.655562701737221043e-12
2.608733914906779502e-12
2.562956384878038752e-12
2.518201727545885119e-12
2.474442460758255215e-12
2.431651970941727083e-12
2.389804481141076446e-12
2.348875020405263668e-12
2.308839394455892770e-12
2.269674157577577766e-12
2.231356585672822191e-12
2.193864650427031549e-12
2.157176958348234867e-12
2.121272621719531552e-12
2.086131349884968671e-12
2.051733463984011458e-12
2.018059875558631574e-12
1.985092066015333381e-12
1.952812066903636966e-12
1.921202440974452333e-12
1.890246263983606399e-12
1.859927107207505460e-12
1.830229020639540231e-12
1.801136516837387320e-12
1.772634555392806520e-12
1.744708527996916053e-12
1.717344244075242587e-12
1.690527916968056947e-12
1.664246150632689267e-12
1.638485926845634917e-12
1.613234592883282547e-12
1.588479849661127597e-12
1.564209740312249804e-12
1.540412639186747491e-12
1.517077241254653231e-12
1.494192551895680643e-12
1.471747877059906159e-12
1.449732851849503504e-12
1.428137542557355612e-12
1.406952318530492906e-12
1.386167805160969554e-12
1.365774876001810973e-12
1.345764645160330997e-12
1.326128459957817348e-12
1.306857893845078861e-12
1.287944739563815599e-12
1.269381002544189824e-12
1.251158894529420282e-12
1.233270827418597883e-12
1.215709407319317883e-12
1.198467428802066588e-12
1.181537869348663702e-12
1.164913883987371424e-12
1.148588800107605747e-12
1.132556112447479837e-12
1.116809478247688864e-12
1.101342712565525772e-12
1.086149783743064454e-12
1.071224809023804884e-12
1.056562050312302551e-12
1.042155910071529531e-12
1.028000927352933620e-12
1.014091773954362309e-12
1.000423250701218686e-12
9.869902838463955212e-13
9.737879215847209424e-13
9.608113306778167778e-13
9.480557931854307502e-13
9.355167032994640753e-13
9.231895642770652467e-13
9.110699854692960998e-13
8.991536794420280083e-13
8.874364591858381513e-13
8.759142354118161410e-13
8.645830139303043916e-13
8.534388931097069872e-13
8.424780614126219640e-13
8.316967950066444131e-13
8.210914554473006020e-13
8.106584874306574214e-13
8.003944166132591026e-13
7.902958474971131286e-13
7.803594613775514635e-13
7.705820143518592647e-13
7.609603353866520996e-13
7.514913244420478141e-13
7.421719506507632150e-13
7.329992712684282049e-13
7.239704907960778279e-13
7.150828949097641407e-13
7.063338279041127557e-13
6.977206912317180714e-13
6.892409420840676763e-13
6.808921321250904028e-13
6.726717055890524749e-13
6.645773608512419074e-13
6.566068392944111808e-13
6.487577786163251739e-13
6.410278715895128583e-13
6.334150037115028453e-13
6.259170995328374956e-13
6.185319890451868412e-13
6.112575521305312605e-13
6.040918440585957802e-13
5.970329556082044988e-13
5.900788912108989463e-13
5.832277005545834183e-13
5.764775931469485866e-13
5.698268108238354007e-13
5.632735164732243336e-13
5.568159140909745802e-13
5.504523534924719452e-13
5.441812139617799094e-13
5.380008025121719430e-13
5.319094635451796556e-13
5.259056746729594784e-13
5.199879404020957380e-13
5.141546990020249403e-13
5.084044227903540699e-13
5.027357059232325396e-13
4.971471671304674392e-13
4.916373643644127006e-13
4.862048866219378666e-13
4.808484344675356014e-13
4.755667309442211487e-13
4.703584432645517479e-13
4.652222669806702702e-13
4.601569999232878991e-13
4.551614605076707575e-13
4.502344158070043376e-13
4.453746587947925905e-13
4.405810763108384697e-13
4.358525740651589104e-13
4.311880105032703826e-13
4.265862677683702871e-13
4.220463142417611022e-13
4.175671356212511102e-13
4.131476823639686706e-13
4.087869594514117478e-13
4.044840582951515863e-13
4.002380849372494388e-13
3.960481039978671238e-13
3.919131987860550196e-13
3.878325244423321056e-13
3.838052495779585491e-13
3.798305045804014634e-13
3.759074370061288423e-13
3.720352606244139443e-13
3.682132016194527620e-13
3.644404508694587278e-13
3.607162150413561609e-13
3.570397618942715768e-13
3.534103706399503480e-13
3.498272878490940323e-13
3.462897746261321882e-13
3.427971484958495377e-13
3.393487375576054669e-13
3.359438397062595975e-13
3.325817662280477275e-13
3.292618805625353911e-13
3.259835559218311608e-13
3.227461375435780949e-13
3.195489830158089231e-13
3.163914981784797149e-13
3.132730979107158111e-13
3.101931711602865444e-13
3.071511182757077416e-13
3.041463842866013370e-13
3.011784225904770328e-13
2.982466625272217429e-13
2.953505439702369487e-13
2.924895482024663937e-13
2.896631642596798435e-13
2.868708588401226802e-13
2.841121083827651433e-13
2.813864277357412776e-13
2.786933389359097673e-13
2.760323432632060029e-13
2.734029510128226943e-13
2.708047081347515818e-13
2.682371672498524813e-13
2.656998616758761189e-13
2.631923330813153178e-13
2.607141562585098356e-13
2.582649121948234266e-13
2.558441639129769856e-13
2.534514821771640418e-13
2.510864724753882534e-13
2.487487615857749533e-13
2.464379629971965297e-13
2.441536968610368724e-13
2.418956114728215656e-13
2.396633599845801412e-13
2.374565794672097714e-13
2.352749131829808019e-13
2.331180306052883873e-13
2.309856057336134653e-13
2.288772975761757564e-13
2.267927708991075661e-13
2.247317148967547361e-13
2.226938229845907146e-13
2.206787745932648818e-13
2.186862545121924220e-13
2.167159703132032405e-13
2.147676335075596884e-13
2.128409425518081268e-13
2.109356008933963271e-13
2.090513332417441993e-13
2.071878679852837216e-13
2.053449213179533063e-13
2.035222140852755285e-13
2.017194869890083736e-13
1.999364841689782278e-13
1.981729383667021724e-13
1.964285866620392253e-13
1.947031846903985189e-13
1.929964913021605278e-13
1.913082546868536358e-13
1.896382270829454654e-13
1.879861780800596214e-13
1.863518802760594109e-13
1.847350962915175298e-13
1.831355925283574522e-13
1.815531516235977144e-13
1.799875590307878300e-13
1.784385908602458084e-13
1.769060267560320702e-13
1.753896615623398392e-13
1.738892927619854925e-13
1.724047090831134829e-13
1.709357025583175355e-13
1.694820794598777474e-13
1.680436485334782145e-13
1.666202103168394581e-13
1.652115684396421590e-13
1.638175398793261337e-13
1.624379439331937848e-13
1.610725933754522724e-13
1.597213085351174380e-13
1.583839233091622218e-13
1.570602736347702527e-13
1.557501880877132136e-13
1.544534978239389455e-13
1.531700456180823171e-13
1.518996761619808580e-13
1.506422272356868861e-13
1.493975390390459335e-13
1.481654712191599004e-13
1.469458510795949707e-13
1.457385423746977122e-13
1.445434100846084623e-13
1.433602883256045784e-13
1.421890460109524495e-13
1.410295376755921490e-13
1.398816199864347649e-13
1.387451667921596453e-13
1.376200233591491602e-13
1.365060671644479622e-13
1.354031767797669090e-13
1.343112034805567484e-13
1.332300293154929333e-13
1.321595236156021912e-13
1.310995575944592890e-13
1.300500176774727124e-13
1.290107649793812509e-13
1.279816891377479565e-13
1.269626807693527849e-13
1.259536063006846238e-13
1.249543594287043428e-13
1.239648225787206907e-13
1.229848798418935206e-13
1.220144288042219709e-13
1.210533445934407759e-13
1.201015276450638277e-13
1.191588792719660451e-13
1.182252793070595157e-13
1.173006317974197393e-13
1.163848307804406480e-13
1.154777717706405482e-13
1.145793622774021207e-13
1.136894898444087825e-13
1.128080645138404375e-13
1.119349971151968899e-13
1.110701793684320328e-13
1.102135245348536397e-13
1.093649369699274121e-13
1.085243223414880716e-13
1.076915975638786612e-13
1.068666640085493820e-13
1.060494435956578058e-13
1.052398588943198339e-13
1.044378153841503486e-13
1.036432376868346387e-13
1.028560424300909628e-13
1.020761473549996868e-13
1.013034796778701256e-13
1.005379506951001007e-13
9.977948953006878932e-14
9.902802589166791300e-14
9.828347423134819445e-14
9.754576609219853182e-14
9.681482588024278159e-14
9.609057899522442593e-14
9.537295930559101268e-14
9.466188645127516234e-14
9.395729600694213261e-14
9.325912407627078781e-14
9.256729311772308087e-14
9.188174087691315357e-14
9.120239871650046403e-14
9.052919888765702404e-14
8.986208122350600945e-14
8.920097281885891535e-14
8.854581503597229838e-14
8.789654971571686951e-14
8.725310647520732584e-14
8.661542862762964224e-14
8.598345376811851452e-14
8.535712028761788108e-14
8.473637337630995498e-14
8.412114680146297175e-14
8.351138712595211811e-14
8.290704134623332926e-14
8.230804549059863975e-14
8.171434787787939618e-14
8.112589169618613701e-14
8.054262084759125728e-14
7.996448534125043712e-14
7.939142492662379886e-14
7.882339084709025711e-14
7.826033473930614212e-14
7.770219838285118137e-14
7.714893460396140769e-14
7.660049161789572903e-14
7.605681828147417741e-14
7.551786894542207290e-14
7.498358873125228389e-14
7.445393327856062496e-14
7.392885928819493691e-14
7.340831475088304637e-14
7.289225758460997035e-14
7.238064154076408239e-14
7.187342093200667452e-14
7.137055500485262812e-14
7.087199467544061674e-14
7.037770016156438976e-14
6.988763199055555812e-14
6.940174267730274715e-14
6.891999368644501812e-14
6.844234272701123565e-14
6.796875201829238152e-14
6.749916826153387158e-14
6.703357048058532874e-14
6.657190635594244475e-14
6.611413986244650807e-14
6.566024276760133280e-14
6.521015705727347022e-14
6.476385542961334617e-14
6.432131047691578248e-14
6.388246611916425472e-14
6.344729584660441106e-14
6.301576608355497124e-14
6.258782975345057469e-14
6.216346790666604577e-14
6.174263432047875931e-14
6.132529695362123615e-14
6.091142401074593753e-14
6.050097101136863706e-14
6.009391990092600014e-14
5.969022699937818766e-14
5.928986195085072676e-14
5.889280078456853278e-14
5.849899514729238589e-14
5.810842183001661630e-14
5.772105754937241349e-14
5.733685552366826299e-14
5.695579320521086599e-14
5.657784226044542631e-14
5.620296327801119909e-14
5.583113992863033106e-14
5.546233350142790515e-14
5.509651692542451912e-14
5.473366333519859240e-14
5.437373543958224049e-14
5.401671766963517933e-14
5.366257339203215696e-14
5.331127692786664020e-14
5.296280804360003460e-14
5.261712717458998919e-14
5.227421562315366005e-14
5.193405462414177676e-14
5.159660603672718136e-14
5.126185167061401483e-14
5.092976855727340121e-14
5.060032457595529731e-14
5.027350663219541699e-14
4.994928315349016914e-14
4.962763215659951347e-14
4.930853181655801945e-14
4.899195168144609894e-14
4.867787923308278540e-14
4.836628453545209368e-14
4.805714669142452516e-14
4.775044914480824887e-14
4.744615872379671780e-14
4.714425936459356064e-14
4.684473495549899174e-14
4.654755334135401645e-14
4.625269888695700078e-14
4.596015200395604752e-14
4.566988551774246733e-14
4.538188802752572267e-14
4.509613281368830859e-14
4.481260110802789891e-14
4.453127427617777795e-14
4.425212652209759034e-14
4.397514694028165374e-14
4.370031016351691891e-14
4.342759833096411994e-14
4.315699719319026265e-14
4.288847868854267901e-14
4.262202897735093869e-14
4.235763418643205194e-14
4.209526709412611203e-14
4.183491422408591970e-14
4.157655881351285194e-14
4.132017778125917706e-14
4.106576118601190731e-14
4.081328632597905455e-14
4.056273712413018444e-14
4.031409761700113393e-14
4.006734586773735100e-14
3.982247236154863254e-14
3.957945551965569421e-14
3.933828002632716609e-14
3.909893358422799610e-14
3.886139236054048937e-14
3.862564431792155687e-14
3.839167706811311770e-14
3.815946698859994362e-14
3.792900195301300736e-14
3.770026709640195382e-14
3.747324227357150333e-14
3.724791834143191972e-14
3.702427548485522727e-14
3.680229943950176904e-14
3.658197604371439693e-14
3.636328613688134330e-14
3.614622097392491718e-14
3.593076170615881045e-14
3.571689473985777665e-14
3.550460902087477759e-14
3.529388382346627219e-14
3.508470839211359818e-14
3.487707196148787587e-14
3.467095440375208502e-14
3.446634524312416580e-14
3.426323170608442037e-14
3.406159658162213326e-14
3.386143190581590358e-14
3.366272074496551762e-14
3.346545083134950923e-14
3.326960998472143730e-14
3.307518181820650505e-14
3.288215871053039741e-14
3.269052453723534636e-14
3.250026759697012677e-14
3.231137832916097974e-14
3.212383902516806717e-14
3.193764037589481790e-14
3.175277306703004409e-14
3.156921989055021300e-14
3.138697177613212522e-14
3.120601771741291272e-14
3.102634296334927331e-14
3.084794056696298569e-14
3.067079601111271401e-14
3.049489871699098120e-14
3.032023818051948872e-14
3.014680034337588433e-14
2.997457855407572392e-14
2.980355897591535678e-14
2.963373151012355549e-14
2.946508612894933748e-14
2.929761287545761849e-14
2.913129845314743762e-14
2.896613652615208323e-14
2.880211110099370238e-14
2.863922148209391422e-14
2.847745408345271142e-14
2.831680534209569140e-14
2.815726839016676006e-14
2.799883004813540243e-14
2.784148685500041898e-14
2.768523525403907617e-14
2.753006236198855926e-14
2.737596167518318427e-14
2.722292973848712811e-14
2.707095404967994837e-14
2.692003420510486463e-14
2.677015788931916010e-14
2.662132174702754503e-14
2.647351660215876926e-14
2.632673626549548648e-14
2.618097457894675697e-14
2.603622541567798245e-14
2.589247992537295908e-14
2.574973485375505003e-14
2.560798146716961733e-14
2.546721384438254597e-14
2.532742609410865163e-14
2.518860973426900336e-14
2.505076160644290443e-14
2.491387333958248874e-14
2.477793923828509982e-14
2.464295363586057975e-14
2.450891089443500120e-14
2.437580293521291520e-14
2.424362669642762413e-14
2.411237178288946483e-14
2.398203761009379865e-14
2.385261393366168264e-14
2.372409777825675574e-14
2.359648377460850540e-14
2.346976196896495475e-14
2.334392946575047805e-14
2.321898330603571468e-14
2.309491375037556378e-14
2.297171569685950299e-14
2.284938626582100324e-14
2.272791599092125333e-14
2.260730421963080086e-14
2.248754162101544529e-14
2.236862539620009332e-14
2.225054850235014178e-14
2.213330607595959076e-14
2.201689327794224183e-14
2.190130465385834421e-14
2.178653021379145740e-14
2.167256346113393376e-14
2.155939393571122865e-14
2.144701327797724467e-14
2.133541319408522776e-14
2.122458353359425539e-14
2.111451809088953232e-14
2.100520688028071000e-14
2.089664191918334589e-14
2.078881528758817385e-14
2.068171912768601034e-14
2.057534382701972735e-14
2.046968350134032547e-14
2.036472691096056482e-14
2.026047007440970015e-14
2.015690193778043755e-14
2.005401683782973931e-14
1.995180738701749752e-14
1.985026285229561394e-14
1.974937774236820094e-14
1.964914655931644180e-14
1.954955883406910066e-14
1.945060755601528645e-14
1.935228739405555682e-14
1.925458818117683600e-14
1.915750630470202263e-14
1.906103176439363349e-14
1.896515942882163036e-14
1.886988105697946606e-14
1.877519005490923888e-14
1.868107987992958653e-14
1.858754404032182681e-14
1.849457459841379502e-14
1.840216668716355793e-14
1.831031249578959087e-14
1.821900577267980563e-14
1.812824031480272132e-14
1.803800853717874319e-14
1.794830578901085276e-14
1.785912460620433318e-14
1.777045901450422914e-14
1.768230308597534885e-14
1.759465093871495138e-14
1.750749538167118195e-14
1.742083200327780063e-14
1.733465239609767759e-14
1.724895356819306018e-14
1.716372724820112167e-14
1.707896918869401796e-14
1.699467449964316320e-14
1.691083835463974181e-14
1.682746045144517801e-14
1.674454044362603351e-14
1.666207422508554705e-14
1.658006023564999912e-14
1.649849813323777202e-14
1.641738391504995643e-14
1.633671844800664199e-14
1.625649777517826540e-14
1.617672154928423063e-14
1.609738705425704448e-14
1.601849277087663508e-14
1.594003718129235521e-14
1.586201876915144674e-14
1.578443489591470384e-14
1.570728519212964180e-14
1.563056704220452626e-14
1.555427896572464070e-14
1.547841948380667479e-14
1.540298604376395334e-14
1.532797826436520023e-14
1.525339361498558286e-14
1.517923065138394229e-14
1.510548793088224747e-14
1.503216401247880623e-14
1.495925643649640197e-14
1.488676480378834876e-14
1.481468567310186037e-14
1.474301965137257968e-14
1.467176333571951470e-14
1.460091632480631304e-14
1.453047721636816161e-14
1.446044268965172092e-14
1.439081234810788518e-14
1.432158576365920156e-14
1.425275967057954076e-14
1.418433272507738192e-14
1.411630450458943992e-14
1.404867182125544061e-14
1.398143516785403124e-14
1.391459139160620216e-14
1.384814006920901807e-14
1.378207898651105941e-14
1.371640683502909767e-14
1.365112230803274382e-14
1.358622410063471765e-14
1.352171005840183423e-14
1.345757974630424395e-14
1.339383102817858167e-14
1.333046237334868027e-14
1.326747123790757247e-14
1.320485402268119628e-14
1.314260879150099267e-14
1.308073199277757480e-14
1.301922091451443087e-14
1.295807286122248890e-14
1.289728515386249833e-14
1.283685435396267269e-14
1.277677860400461252e-14
1.271705374793451952e-14
1.265767872301121899e-14
1.259864943051406735e-14
1.253996406976260139e-14
1.248162009284004545e-14
1.242361350406489148e-14
1.236594327434506966e-14
1.230860546286453566e-14
1.225159761919490529e-14
1.219491872313832928e-14
1.213856491473759457e-14
1.208253378786158469e-14
1.202682157012601872e-14
1.197142865740593504e-14
1.191634993659929999e-14
1.186158443993751250e-14
1.180712983318844469e-14
1.175298247133802315e-14
1.169914008117618393e-14
1.164560170654801512e-14
1.159236377656280031e-14
1.153942405886121156e-14
1.148678033450259953e-14
1.143443039791603680e-14
1.138237205685071741e-14
1.133060189120454920e-14
1.127911899646089658e-14
1.122792121974793075e-14
1.117700521010265036e-14
1.112636887020340738e-14
1.107601130692839854e-14
1.102592805480835890e-14
1.097611942782892449e-14
1.092658218684340518e-14
1.087731429672017279e-14
1.082831259003619033e-14
1.077957621900395406e-14
1.073110318483621176e-14
1.068289038361304789e-14
1.063493697581874745e-14
1.058723997938626981e-14
1.053979786943283918e-14
1.049260920862701763e-14
1.044567363992166466e-14
1.039898758459389937e-14
1.035255070806492226e-14
1.030636160070032331e-14
1.026041782013659362e-14
1.021471902667761195e-14
1.016926383118171916e-14
1.012404983626194486e-14
1.007907569061981794e-14
1.003434104856581959e-14
9.989842565482610279e-15
9.945579916512823209e-15
9.901552751848399347e-15
9.857757793247699199e-15
9.814194711495700956e-15
9.770862200322375872e-15
9.727758014424733133e-15
9.684880882559968364e-15
9.642230470183013766e-15
9.599804572803503069e-15
9.557601937366066194e-15
9.515622225865143940e-15
9.473862372011252991e-15
9.432322056909890456e-15
9.391000051430649486e-15
9.349895132410032409e-15
9.309005208395257583e-15
9.268329955945594631e-15
9.227867308829423003e-15
9.187616087488673834e-15
9.147575965425181207e-15
9.107744913663735756e-15
9.068121769545748644e-15
9.028704547968953089e-15
8.989493759792091937e-15
8.950486609283510613e-15
8.911682783849740592e-15
8.873081148429922251e-15
8.834679776830234074e-15
8.796477563367400442e-15
8.758474192063053240e-15
8.720667771120439034e-15
8.683057210597608718e-15
8.645641425736502181e-15
8.608419336957361600e-15
8.571389869852687184e-15
8.534551205919675726e-15
8.497903035281571023e-15
8.461444266713688803e-15
8.425173075687011698e-15
8.389088392120751079e-15
8.353189872365680634e-15
8.317475008732560578e-15
8.281944183795391913e-15
8.246595627035721370e-15
8.211428294332882132e-15
8.176440452287133291e-15
8.141631771921673254e-15
8.107001224366742668e-15
8.072547107005646039e-15
8.038269090232736573e-15
8.004165491644629916e-15
7.970235317658345260e-15
7.936477579504478972e-15
7.902891947008849048e-15
7.869476128538849880e-15
7.836229808435130280e-15
7.803152017099913245e-15
7.770241155220588790e-15
7.737496906666836833e-15
7.704918316004978899e-15
7.672503812115048931e-15
7.640252462859749960e-15
7.608163951844234756e-15
7.576236128867951597e-15
7.544468691061624099e-15
7.512861321974225514e-15
7.481411911874453289e-15
7.450120157673465808e-15
7.418985158493653896e-15
7.388005437569314400e-15
7.357180115694890363e-15
7.326508889670520616e-15
7.295990308467857388e-15
7.265623505560430529e-15
7.235408177899246939e-15
7.205342344598015438e-15
7.175425715069048903e-15
7.145657439440417477e-15
7.116036671983047386e-15
7.086562031964262226e-15
7.057233228919288078e-15
7.028048898094678144e-15
6.999008221755187543e-15
6.970110909666739998e-15
6.941355620693861196e-15
6.912741548894356326e-15
6.884267389083982427e-15
6.855933416879077263e-15
6.827737871356296027e-15
6.799680528052218003e-15
6.771760653636215783e-15
6.743977024177118017e-15
6.716328923824733937e-15
6.688816126830462983e-15
6.661437429851231974e-15
6.634192126740254216e-15
6.607079514548370976e-15
6.580098893519937566e-15
6.553249567088475147e-15
6.526530375608741777e-15
6.499941101825277669e-15
6.473481058629938165e-15
6.447149105766310542e-15
6.420944572246769467e-15
6.394867239907319317e-15
6.368915540908629884e-15
6.343089709743495906e-15
6.317388637665819093e-15
6.291811668736709144e-15
6.266357715970054311e-15
6.241026569580029577e-15
6.215817582483920785e-15
6.190729685714349419e-15
6.165762668991561773e-15
6.140915475192268703e-15
6.116187477889032035e-15
6.091578053459919308e-15
6.067086991124177567e-15
6.042712849887682192e-15
6.018455427475978412e-15
5.994314111448505036e-15
5.970287893542423888e-15
5.946376571091564217e-15
5.922579539927511742e-15
5.898895808385130366e-15
5.875324786039682496e-15
5.851866269912924795e-15
5.828518902511150643e-15
5.805282488819703830e-15
5.782156825711408813e-15
5.759140579643702131e-15
5.736233555364564060e-15
5.713435180776423810e-15
5.690744519980664849e-15
5.668161013722744267e-15
5.645684466543188488e-15
5.623313959860491858e-15
5.601048952230088441e-15
5.578889260507229234e-15
5.556833639889647182e-15
5.534881914414305656e-15
5.513033554143898683e-15
5.491288031488166076e-15
5.469644479411573910e-15
5.448102721509646094e-15
5.426661900063094833e-15
5.405321503739397677e-15
5.384081355893873544e-15
5.362940612591906850e-15
5.341898769204115583e-15
5.320954997645766606e-15
5.300109451267247609e-15
5.279360982926597126e-15
5.258709422427632579e-15
5.238154276105243183e-15
5.217694737814770610e-15
5.197330324716727473e-15
5.177060866449171007e-15
5.156885569717939701e-15
5.136803957980061941e-15
5.116815556768648433e-15
5.096919893689677600e-15
5.077116498418668946e-15
5.057404902697231797e-15
5.037784048490672873e-15
5.018254071520351015e-15
4.998814509612622403e-15
4.979464902646019105e-15
4.960204216565649525e-15
4.941032579102248752e-15
4.921949536177726262e-15
4.902953506946477094e-15
4.884045746009207239e-15
4.865224680237540757e-15
4.846489874819704670e-15
4.827840896793379628e-15
4.809277860722731794e-15
4.790799242317721268e-15
4.772405701903221363e-15
4.754096803073278498e-15
4.735871049013677732e-15
4.717728556270412080e-15
4.699668904831823042e-15
4.681691676512264744e-15
4.663796454948842786e-15
4.645982825598045014e-15
4.628249867270303270e-15
4.610597695252849679e-15
4.593025911238269792e-15
4.575534118642392933e-15
4.558121425735977781e-15
4.540787942825284574e-15
4.523532788101590311e-15
4.506356068559689122e-15
4.489256912203022333e-15
4.472235422802468903e-15
4.455290260602984584e-15
4.438422010000133792e-15
4.421630289416312323e-15
4.404913782799992493e-15
4.388273060440003788e-15
4.371706821795676954e-15
4.355215627924370283e-15
4.338798193604238175e-15
4.322455070833129938e-15
4.306185439454840217e-15
4.289988492766298138e-15
4.273864325425990019e-15
4.257812580716702996e-15
4.241832465168956742e-15
4.225924504535115417e-15
4.210087472930448860e-15
4.194321028184829970e-15
4.178625256478861651e-15
4.162999385906227743e-15
4.147443499949349965e-15
4.131956835152747109e-15
4.116539472372265402e-15
4.101190243241401696e-15
4.085909644686192147e-15
4.070697337755070035e-15
4.055552174399097633e-15
4.040474639714778576e-15
4.025463598952888794e-15
4.010519131975693159e-15
3.995641309643796307e-15
3.980829016854700164e-15
3.966082719611957202e-15
3.951401315711506816e-15
3.936784494049185186e-15
3.922232709535469140e-15
3.907744878966438958e-15
3.893321072567808244e-15
3.878960601978100388e-15
3.864663535131768292e-15
3.850429191083210823e-15
3.836257636248955521e-15
3.822148566143921930e-15
3.808100951821340517e-15
3.794115227852399038e-15
3.780190735637855834e-15
3.766327183343529677e-15
3.752524634397899191e-15
3.738782440774678702e-15
3.725099964671279030e-15
3.711477620445531035e-15
3.697914425265301972e-15
3.684410786977378570e-15
3.670965733923161230e-15
3.657579667556111109e-15
3.644251627257348856e-15
3.630981339440586627e-15
3.617769196139391013e-15
3.604614253002232671e-15
3.591516567860678111e-15
3.578475539302030598e-15
3.565491223232658961e-15
3.552563024605155527e-15
3.539690997451524846e-15
3.526874553023301951e-15
3.514113427614158819e-15
3.501407358582567542e-15
3.488756396317257070e-15
3.476159964429385820e-15
3.463617803502826869e-15
3.451129655178898858e-15
3.438695262154512954e-15
3.426314368180288261e-15
3.413987018515435394e-15
3.401712356226899766e-15
3.389490133829317554e-15
3.377320694567296477e-15
3.365203195796054677e-15
3.353137684234577646e-15
3.341123910914719158e-15
3.329161627905786053e-15
3.317250016621362002e-15
3.305389694043824370e-15
3.293579845358230606e-15
3.281820231959352705e-15
3.270110895035993000e-15
3.258451315605877997e-15
3.246841257955343028e-15
3.235280487319169707e-15
3.223769041907047274e-15
3.212306413470103063e-15
3.200892371323070608e-15
3.189526690544707455e-15
3.178209148317143327e-15
3.166939522710305023e-15
3.155717592680389977e-15
3.144543138068309834e-15
3.133415680640922991e-15
3.122335264128188628e-15
3.111301670982773551e-15
3.100314684535802717e-15
3.089373836307596161e-15
3.078479167149676766e-15
3.067630462986307927e-15
3.056827014418916537e-15
3.046069357932446775e-15
3.035356787323630295e-15
3.024689096427359020e-15
3.014066079881914624e-15
3.003487773781302816e-15
2.992953491601342291e-15
2.982463510251601378e-15
2.972017623255453984e-15
2.961615155233541360e-15
2.951256143393350326e-15
2.940940387989597398e-15
2.930667690069469432e-15
2.920437851471152396e-15
2.910250674822335690e-15
2.900105737031281414e-15
2.890003071532327069e-15
2.879942483284772595e-15
2.869923778031442981e-15
2.859946541184352070e-15
2.850010803813091510e-15
2.840116155504681645e-15
2.830262626178836151e-15
2.820449809556198236e-15
2.810677734436583474e-15
2.800945785343855649e-15
2.791254205823283421e-15
2.781602808465316039e-15
2.771990987638349365e-15
2.762418981446865382e-15
2.752886190713309671e-15
2.743392849976013573e-15
2.733938366439250991e-15
2.724522971136446630e-15
2.715146279713156598e-15
2.705807913365268063e-15
2.696507898239829347e-15
2.687246057864726243e-15
2.678022019144834261e-15
2.668836003017652622e-15
2.659687441570449797e-15
2.650576164658496267e-15
2.641502195548148311e-15
2.632465170359945832e-15
2.623465111414492785e-15
2.614501658445357381e-15
2.605574832852273501e-15
2.596684090793470885e-15
2.587829642123939112e-15
2.579011318636844246e-15
2.570228585056987129e-15
2.561481646608108793e-15
2.552769973632841997e-15
2.544093587654711435e-15
2.535452506563934646e-15
2.526846209014110357e-15
2.518274892734398681e-15
2.509738041842731734e-15
2.501235500260807685e-15
2.492767461351875015e-15
2.484333417297611874e-15
2.475933386224139526e-15
2.467567040035132829e-15
2.459234396047723959e-15
2.450935129378071956e-15
2.442669256555754052e-15
2.434436623331504349e-15
2.426236743109082613e-15
2.418069799696116483e-15
2.409935476095548228e-15
2.401833623340043344e-15
2.393764255701456392e-15
2.385727060820170354e-15
2.377721730679321646e-15
2.369748441134423580e-15
2.361806725435544514e-15
2.353896756869841384e-15
2.346018073510513228e-15
2.338170846119328281e-15
2.330354617540285596e-15
2.322569247201974196e-15
2.314814902139596416e-15
2.307091132239413188e-15
2.299397950331860200e-15
2.291735064467884666e-15
2.284102486812948423e-15
2.276499928238800411e-15
2.268927401548067785e-15
2.261384626811632511e-15
2.253871475911221327e-15
2.246387821199492393e-15
2.238933680483274734e-15
2.231508780419532075e-15
2.224112994785059481e-15
2.216746197824424839e-15
2.209408264249173293e-15
2.202099069237021027e-15
2.194818628539158864e-15
2.187566537252266909e-15
2.180342674331507985e-15
2.173147194643246267e-15
2.165979699410248178e-15
2.158840205098514679e-15
2.151728590110409581e-15
2.144644733307635019e-15
2.137588246229647991e-15
2.130559412590703385e-15
2.123557845575615760e-15
2.116583428097044983e-15
2.109636174391901837e-15
2.102715835854554420e-15
2.095822296688935209e-15
2.088955441523264731e-15
2.082115283389320429e-15
2.075301578345736722e-15
2.068514212302817306e-15
2.061753071592114839e-15
2.055018042965672057e-15
2.048309013595247113e-15
2.041625871071529449e-15
2.034968503403343442e-15
2.028336676656504509e-15
2.021730403399633685e-15
2.015149572878259292e-15
2.008594074752860746e-15
2.002063679443489953e-15
1.995558398424342560e-15
1.989078122583127709e-15
1.982622507880906420e-15
1.976191683980217778e-15
1.969785542976428619e-15
1.963403977374005097e-15
1.957046649927525309e-15
1.950713686664902602e-15
1.944404753672655278e-15
1.938119975193175105e-15
1.931859245715612741e-15
1.925622236312955549e-15
1.919408846195672899e-15
1.913219196367150481e-15
1.907053183125409631e-15
1.900910484204571305e-15
1.894791000316743024e-15
1.888694849084614723e-15
1.882621712983687598e-15
1.876571707986676425e-15
1.870544519696638209e-15
1.864540050624691567e-15
1.858558203631108109e-15
1.852599091445573739e-15
1.846662197435371302e-15
1.840748050644700657e-15
1.834855930226648754e-15
1.828985949172154481e-15
1.823138216295818229e-15
1.817312228090129424e-15
1.811508296810186534e-15
1.805726124620809715e-15
1.799965617880697508e-15
1.794226484938031634e-15
1.788509030619622753e-15
1.782812962869349539e-15
1.777138189409919275e-15
1.771484424230563351e-15
1.765851964931080507e-15
1.760240333145391090e-15
1.754649822933333973e-15
1.749079960792140222e-15
1.743530848422344846e-15
1.738002208042886223e-15
1.732494326758435926e-15
1.727006740614645735e-15
1.721539548503183810e-15
1.716092661802865828e-15
1.710665809398444466e-15
1.705259088128101299e-15
1.699872229485168609e-15
1.694505328959772561e-15
1.689158299545130900e-15
1.683830876607185597e-15
1.678523153662273078e-15
1.673234868619814567e-15
1.667966113700262195e-15
1.662716629330992845e-15
1.657486506456855183e-15
1.652275487997905657e-15
1.647083492265619265e-15
1.641910609229438281e-15
1.636756590027783502e-15
1.631621359266553247e-15
1.626505009547607783e-15
1.621407296453941002e-15
1.616328145371146351e-15
1.611267647008541115e-15
1.606225396239088191e-15
1.601201648479123077e-15
1.596196165072618476e-15
1.591208872685652380e-15
1.586239698236045258e-15
1.581288568892965030e-15
1.576355571096252636e-15
1.571440313633102542e-15
1.566542884292989610e-15
1.561663367749033333e-15
1.556801378586404766e-15
1.551957002810349936e-15
1.547130169337750014e-15
1.542320807333426731e-15
1.537528846209688191e-15
1.532754215625869757e-15
1.527996845487865067e-15
1.523256515942927670e-15
1.518533308975200108e-15
1.513827155213477108e-15
1.509137837885465738e-15
1.504465584177767099e-15
1.499810030928267225e-15
1.495171112045911738e-15
1.490549050784748283e-15
1.485943489319527997e-15
1.481354362232538982e-15
1.476781746621647941e-15
1.472225575261072600e-15
1.467685640352214746e-15
1.463161877361314262e-15
1.458654361311410406e-15
1.454163025909792882e-15
1.449687667212185993e-15
1.445228221562977352e-15
1.440784761972691889e-15
1.436357087332447389e-15
1.431945134635044167e-15
1.427548975415107761e-15
1.423168411358021781e-15
1.418803380101672420e-15
1.414453819494186767e-15
1.410119799149956780e-15
1.405801124612759305e-15
1.401497735367183205e-15
1.397209571299995595e-15
1.392936572499614381e-15
1.388678807433575677e-15
1.384435959572961595e-15
1.380208225308343563e-15
1.375995291168095663e-15
1.371797225757654783e-15
1.367614095263710681e-15
1.363445590741068263e-15
1.359291903032179074e-15
1.355152726170247389e-15
1.351028126491780668e-15
1.346918046281045976e-15
1.342822428019802098e-15
1.338741214386923647e-15
1.334674228422221470e-15
1.330621534266010321e-15
1.326583075175657424e-15
1.322558794604193930e-15
1.318548518808237428e-15
1.314552310227316591e-15
1.310570112888760213e-15
1.306601755419151629e-15
1.302647299012832153e-15
1.298706688268218742e-15
1.294779754148145942e-15
1.290866443382883126e-15
1.286966815542676613e-15
1.283080815975653688e-15
1.279208278701536969e-15
1.275349151157989099e-15
1.271503491338929883e-15
1.267671245336455803e-15
1.263852140906595266e-15
1.260046345271700362e-15
1.256253805073213152e-15
1.252474251934219335e-15
1.248707850267712692e-15
1.244954440748508732e-15
1.241213972373942574e-15
1.237486499744245533e-15
1.233771865690279905e-15
1.230070019723710031e-15
1.226380911524006354e-15
1.222704490938155503e-15
1.219040707980372564e-15
1.215389512831801901e-15
1.211750957593710407e-15
1.208124789181587499e-15
1.204511062653698433e-15
1.200909831593026752e-15
1.197320848569181389e-15
1.193744167976339642e-15
1.190179743631558640e-15
1.186627529502698503e-15
1.183087479708163001e-15
1.179559451288064789e-15
1.176043593607142634e-15
1.172539667260149187e-15
1.169047724185539326e-15
1.165567719242483636e-15
1.162099512627881235e-15
1.158643155260829022e-15
1.155198602438820062e-15
1.151765716214715395e-15
1.148344546510248574e-15
1.144935049059037963e-15
1.141537087744237587e-15
1.138150711511696949e-15
1.134775785448126678e-15
1.131412357857938090e-15
1.128060295020320839e-15
1.124719644607486210e-15
1.121390274080120752e-15
1.118072141655556203e-15
1.114765294071021450e-15
1.111469600535430629e-15
1.108185107176326486e-15
1.104911684357156592e-15
1.101649290960470489e-15
1.098397972212051206e-15
1.095157514397984236e-15
1.091928048792986936e-15
1.088709448590006579e-15
1.085501757840159846e-15
1.082304766757219995e-15
1.079118603750853869e-15
1.075943060966082578e-15
1.072778265403016185e-15
1.069624093563917244e-15
1.066480505759189711e-15
1.063347380793974391e-15
1.060224842901068140e-15
1.057112770734413556e-15
1.054011125112287977e-15
1.050919786945468023e-15
1.047838877766930107e-15
1.044768199095649211e-15
1.041707792489545545e-15
1.038657698896848449e-15
1.035617645713585316e-15
1.032587831273149989e-15
1.029568062829132134e-15
1.026558381619765687e-15
1.023558750917153787e-15
1.020569134111136474e-15
1.017589418895870973e-15
1.014619645451905648e-15
1.011659702442445309e-15
1.008709629527344368e-15
1.005769390670002329e-15
1.002838875973886798e-15
9.999180507194827989e-16
9.970069535472082762e-16
9.941055488735789148e-16
9.912137286884074239e-16
9.883314587004729085e-16
9.854587765592844221e-16
9.825955756444112438e-16
9.797418931203374133e-16
9.768976232846564662e-16
9.740627323750917607e-16
9.712371867324526318e-16
9.684210225659701495e-16
9.656141359791566096e-16
9.628164936266852380e-16
9.600280622657111667e-16
9.572488771768978863e-16
9.544787681479809042e-16
9.517178387569745222e-16
9.489659877535902327e-16
9.462231824103994424e-16
9.434893901015078454e-16
9.407645783023944953e-16
9.380487145897526521e-16
9.353417666413253056e-16
9.326437022357430636e-16
9.299544892523559280e-16
9.272740956710660557e-16
9.246024250153713822e-16
9.219395748903302161e-16
9.192853847705984968e-16
9.166398875884209159e-16
9.140030518189792444e-16
9.113748460369966806e-16
9.087551762011837884e-16
9.061440744026404281e-16
9.035415095088345022e-16
9.009474506012617377e-16
8.983618057996396426e-16
8.957846070638325855e-16
8.932157634022787122e-16
8.906553063650303345e-16
8.881032060766317326e-16
8.855593726950116928e-16
8.830237773947362836e-16
8.804964509231942122e-16
8.779773637719506477e-16
8.754664276051088693e-16
8.729636139449341655e-16
8.704689527582098663e-16
8.679823568191905807e-16
8.655038557124248772e-16
8.630333629456521080e-16
8.605708504706367274e-16
8.581162903229262327e-16
8.556697113340381521e-16
8.532309720125093862e-16
8.508002139768220647e-16
8.483772402726588227e-16
8.459620797995968533e-16
8.435547604758062883e-16
8.411551439050538965e-16
8.387633132895623416e-16
8.363791860435404511e-16
8.340027350419394389e-16
8.316338791634591168e-16
8.292726998608435266e-16
8.269191159199788531e-16
8.245731005445904611e-16
8.222345739571184049e-16
8.199036159017326134e-16
8.175800939490152566e-16
8.152640870038574828e-16
8.129554637967494048e-16
8.106542505799448922e-16
8.083603695444199266e-16
8.060738979420668927e-16
8.037947067868433464e-16
8.015228216663386395e-16
7.992582166695920789e-16
7.970008155888134561e-16
7.947506435240631656e-16
7.925076248962084537e-16
7.902717844846288824e-16
7.880430967713228871e-16
7.858214871118765355e-16
7.836069798146693363e-16
7.813995010177015927e-16
7.791990755535969346e-16
7.770056309998487319e-16
7.748191920410790675e-16
7.726396868496277931e-16
7.704670921823177315e-16
7.683014322566723228e-16
7.661426361260640153e-16
7.639906807503941655e-16
7.618455898895429561e-16
7.597072934666769251e-16
7.575757686439239927e-16
7.554510387327718589e-16
7.533329886463839191e-16
7.512216876990827550e-16
7.491170672369028265e-16
7.470191047548632697e-16
7.449277778136209845e-16
7.428430640393770548e-16
7.407649857279442976e-16
7.386934312210132589e-16
7.366284231530771262e-16
7.345699833978833815e-16
7.325180017314544164e-16
7.304725003624664584e-16
7.284334573732537720e-16
7.264008509109182716e-16
7.243746591872272652e-16
7.223548604785105080e-16
7.203414331255554810e-16
7.183342707649644344e-16
7.163335217945929888e-16
7.143389955983247384e-16
7.123508391365927996e-16
7.103688634789533602e-16
7.083931313325549719e-16
7.064236214805667742e-16
7.044602306997233411e-16
7.025031024181861606e-16
7.005520518434451098e-16
6.986071400768603435e-16
6.966683462129409321e-16
6.947355692088360482e-16
6.928089490543022093e-16
6.908883049964240743e-16
6.889736174750812358e-16
6.870650244586871459e-16
6.851623475697336731e-16
6.832656454322034326e-16
6.813748199699873787e-16
6.794900064757880858e-16
6.776109525740219804e-16
6.757378697539255891e-16
6.738705840945339512e-16
6.720091522401030721e-16
6.701534783904045781e-16
6.683036186074633579e-16
6.664594778986933404e-16
6.646211117505176872e-16
6.627885001564841111e-16
6.609615493243892609e-16
6.591403138920547591e-16
6.573247008567966614e-16
6.555147642970288956e-16
6.537104119924759346e-16
6.519116974684904961e-16
6.501185292801590692e-16
6.483309604060394780e-16
6.465489001696016682e-16
6.447724010087966912e-16
6.430013730085618083e-16
6.412357978332529189e-16
6.394757271189479085e-16
6.377210720775959885e-16
6.359718838198279105e-16
6.342280743020974243e-16
6.324896254522831617e-16
6.307565876015940840e-16
6.290288738084078465e-16
6.273064661568093729e-16
6.255894142117362445e-16
6.238776321187419715e-16
6.221711021173824528e-16
6.204698064973717304e-16
6.187737938204874848e-16
6.170829796577877184e-16
6.153973464534768941e-16
6.137169420328274997e-16
6.120416830204898085e-16
6.103715520143771407e-16
6.087065316620189132e-16
6.070466046604889523e-16
6.053918176320218188e-16
6.037420253343586505e-16
6.020973380801586296e-16
6.004576748924572782e-16
5.988230187191233774e-16
5.971933525570942368e-16
5.955687216281400467e-16
5.939489843969576505e-16
5.923341866076634588e-16
5.907243735197621330e-16
5.891194062743734397e-16
5.875193914381488881e-16
5.859242518641872679e-16
5.843339115394165562e-16
5.827484755294940216e-16
5.811678676395702257e-16
5.795920127925016852e-16
5.780210145762560557e-16
5.764547388124222321e-16
5.748932881165891247e-16
5.733365294535358339e-16
5.717845644765414469e-16
5.702372612830086746e-16
5.686946629506762608e-16
5.671567542016640101e-16
5.656235198016844765e-16
5.640949445599703881e-16
5.625710133292008889e-16
5.610517110054302454e-16
5.595369664232983150e-16
5.580268211676671770e-16
5.565212602606335183e-16
5.550202687673953148e-16
5.535238317961752135e-16
5.520318796253393636e-16
5.505444528073371077e-16
5.490615365754633131e-16
5.475830620578460819e-16
5.461091231082823348e-16
5.446395970292081909e-16
5.431745233688463553e-16
5.417138343722850175e-16
5.402575691917056745e-16
5.388057133511096784e-16
5.373581999197358165e-16
5.359151197312389652e-16
5.344763016356486902e-16
5.330418881190978759e-16
5.316117610684586044e-16
5.301859069371857969e-16
5.287643633397099333e-16
5.273471161257542167e-16
5.259341005091905845e-16
5.245253535454582418e-16
5.231208109722122566e-16
5.217205094762519068e-16
5.203244351082274095e-16
5.189325243845741804e-16
5.175447640395903006e-16
5.161611897830431079e-16
5.147817385959281066e-16
5.134064457835192751e-16
5.120352488354766302e-16
5.106681827070212654e-16
5.093051853920874035e-16
5.079462914996663686e-16
5.065914395236154300e-16
5.052406162811253839e-16
5.038938558674122087e-16
5.025510975166687799e-16
5.012123281561050697e-16
4.998775813755516416e-16
4.985467971400279485e-16
4.972199624862436744e-16
4.958971105068829291e-16
4.945781818884080460e-16
4.932631637764962351e-16
4.919520887747774854e-16
4.906448982818986427e-16
4.893415795519590447e-16
4.880421198741423221e-16
4.867465065726656155e-16
4.854547714518013268e-16
4.841668570751028619e-16
4.828827508743155123e-16
4.816024403159904932e-16
4.803259565809801963e-16
4.790531996570660716e-16
4.777842442866644112e-16
4.765190343981334218e-16
4.752575576338961241e-16
4.739998016708372236e-16
4.727457542202470022e-16
4.714954030277652110e-16
4.702487780647252309e-16
4.690057825804037334e-16
4.677664886255845532e-16
4.665308002461757441e-16
4.652987888362097852e-16
4.640703592311443111e-16
4.628455410631633545e-16
4.616243632852905192e-16
4.604067319041842225e-16
4.591927167006251337e-16
4.579822244534064560e-16
4.567753243092755142e-16
4.555719238123086460e-16
4.543720515915468455e-16
4.531756960006553518e-16
4.519828458250830123e-16
4.507934899810008149e-16
4.496076174152109206e-16
4.484251780634268938e-16
4.472462391841815548e-16
4.460707118982505301e-16
4.448986243137695460e-16
4.437299655275906867e-16
4.425647246668976394e-16
4.414028528395795861e-16
4.402443776082056161e-16
4.390892881883495555e-16
4.379375738257157727e-16
4.367892237960829225e-16
4.356441901614160280e-16
4.345024998191111904e-16
4.333641421326165792e-16
4.322290697259053426e-16
4.310973091048318394e-16
4.299688497200870289e-16
4.288436447506351684e-16
4.277217203170104722e-16
4.266030659567118791e-16
4.254876353967667819e-16
4.243754543785049437e-16
4.232665125257899927e-16
4.221607641068730327e-16
4.210582344898883759e-16
4.199588782994509974e-16
4.188627206574912771e-16
4.177697165420320514e-16
4.166798908314072982e-16
4.155931988541179351e-16
4.145096652474777610e-16
4.134292798896891682e-16
4.123519986305358118e-16
4.112778118383777231e-16
4.102067436761053364e-16
4.091387505063098679e-16
4.080738562584174303e-16
4.070120176340223034e-16
4.059532251291097392e-16
4.048975023265380542e-16
4.038448393528798346e-16
4.027951607955553676e-16
4.017485556040891552e-16
4.007049160497656407e-16
3.996642979343624785e-16
3.986266592857778998e-16
3.975919907963306335e-16
3.965603151244561902e-16
3.955315907512640406e-16
3.945058401120392368e-16
3.934829904474182299e-16
3.924630958046097304e-16
3.914461153032560194e-16
3.904320397825165639e-16
3.894208911407293663e-16
3.884126289700250946e-16
3.874072441839364798e-16
3.864047277201100546e-16
3.854050705402712951e-16
3.844082940197864164e-16
3.834143585242134705e-16
3.824232550890357381e-16
3.814349747736582139e-16
3.804495086613696423e-16
3.794668478593067233e-16
3.784869834984152118e-16
3.775099362439398784e-16
3.765356381299685392e-16
3.755641392575181275e-16
3.745953722012484236e-16
3.736293866184489056e-16
3.726661156197272127e-16
3.717056084229364751e-16
3.707478273290991581e-16
3.697927351437288204e-16
3.688403804334758377e-16
3.678907259311947983e-16
3.669437348676020928e-16
3.659994551675481701e-16
3.650578220400037749e-16
3.641188551528805998e-16
3.631825737312579437e-16
3.622489137526331859e-16
3.613178946040239780e-16
3.603895078612783411e-16
3.594637451232537417e-16
3.585405708640344193e-16
3.576200311364665720e-16
3.567020634243025358e-16
3.557866865642418680e-16
3.548738922680503653e-16
3.539636722702579839e-16
3.530560183281165853e-16
3.521508958515531601e-16
3.512483232313653150e-16
3.503482922912357762e-16
3.494507688900310919e-16
3.485557714391683125e-16
3.476632921670913420e-16
3.467733233232535207e-16
3.458858315616965422e-16
3.450008350016341576e-16
3.441183259538935791e-16
3.432382714495794896e-16
3.423606893504392888e-16
3.414855720283691163e-16
3.406128868870117382e-16
3.397426515345996566e-16
3.388748336201886877e-16
3.380094505847054231e-16
3.371464949006813331e-16
3.362859345823032091e-16
3.354277868234293164e-16
3.345720198787829061e-16
3.337186507791649900e-16
3.328676480179175089e-16
3.320190284644531552e-16
3.311727608488299252e-16
3.303288618807224890e-16
3.294873005250185348e-16
3.286480933332862717e-16
3.278112095033718529e-16
3.269766420343530123e-16
3.261444072430154016e-16
3.253144746725332258e-16
3.244868604855917084e-16
3.236615344537228825e-16
3.228385125870815740e-16
3.220177420564567109e-16
3.211992844689086682e-16
3.203830644851779169e-16
3.195691206410411854e-16
3.187574233810338760e-16
3.179479882657343502e-16
3.171407636873646144e-16
3.163357875153407296e-16
3.155330527257873879e-16
3.147325083102510467e-16
3.139341916468880895e-16
3.131380739449821562e-16
3.123441485230918574e-16
3.115524303626123498e-16
3.107628694366542337e-16
3.099755023191328128e-16
3.091903007522234894e-16
3.084072581408297926e-16
3.076263891442755309e-16
3.068476448387302824e-16
3.060710611820769243e-16
3.052965896560630288e-16
3.045242659076730580e-16
3.037540625745826213e-16
3.029859733476538252e-16
3.022199919338291637e-16
3.014561120561080490e-16
3.006943274535219138e-16
2.999346318811096082e-16
2.991770191098931918e-16
2.984214829268526900e-16
2.976680372525719248e-16
2.969166355891262695e-16
2.961672919706502061e-16
2.954200002477028431e-16
2.946747542866750859e-16
2.939315479697640984e-16
2.931903751949469741e-16
2.924512298759550982e-16
2.917140864659396928e-16
2.909789779412832030e-16
2.902458593881266346e-16
2.895147634997608716e-16
2.887856457066573095e-16
2.880585193349503811e-16
2.873333784069086249e-16
2.866102169603492253e-16
2.858890101916424445e-16
2.851697711784099844e-16
2.844525127094377964e-16
2.837371727670529520e-16
2.830238015818583683e-16
2.823123560972465184e-16
2.816028490873957207e-16
2.808952747116019210e-16
2.801896271444746301e-16
2.794858823903974244e-16
2.787840529860297526e-16
2.780841331508030681e-16
2.773860991518963006e-16
2.766899633506956414e-16
2.759957200112311898e-16
2.753033456604357263e-16
2.746128524870391814e-16
2.739242171891650407e-16
2.732374518415657023e-16
2.725525507817922635e-16
2.718694909627415384e-16
2.711882843088367944e-16
2.705089080310202700e-16
2.698313740322922850e-16
2.691556597074435987e-16
2.684817768485599480e-16
2.678097200013980669e-16
2.671394668074354297e-16
2.664710120437639070e-16
2.658043672839329235e-16
2.651395104123923171e-16
2.644764528950454269e-16
2.638151727770605686e-16
2.631556814177612398e-16
2.624979570217995683e-16
2.618419944565522596e-16
2.611878049230250343e-16
2.605353668623834865e-16
2.598846913716728588e-16
2.592357570485048509e-16
2.585885588240457292e-16
2.579430916418318877e-16
2.572993663932347818e-16
2.566573778565136484e-16
2.560170892056518752e-16
2.553785271161141419e-16
2.547416707224807932e-16
2.541065150437530240e-16
2.534730706707566385e-16
2.528413014660791042e-16
2.522112335433704434e-16
2.515828617869191097e-16
2.509561504661829651e-16
2.503311253641554618e-16
2.497077510183052703e-16
2.490860529931755657e-16
2.484660111652421227e-16
2.478476356901557258e-16
2.472308916357619691e-16
2.466157892414536099e-16
2.460023385215698206e-16
2.453905197130442379e-16
2.447803132998521522e-16
2.441717439931687537e-16
2.435647922424807776e-16
2.429594532866210901e-16
2.423557223763258768e-16
2.417535947742166467e-16
2.411530657547802152e-16
2.405541306043502147e-16
2.399567846210873735e-16
2.393610231587897935e-16
2.387668417580179027e-16
2.381742360139927451e-16
2.375832015326643167e-16
2.369937339306965772e-16
2.364058288354511797e-16
2.358194541404811228e-16
2.352346610925999909e-16
2.346514174970900577e-16
2.340696916054550851e-16
2.334895340430307735e-16
2.329108857708954959e-16
2.323337970045619996e-16
2.317582091554630867e-16
2.311841451486023976e-16
2.306116007160867335e-16
2.300405716005468427e-16
2.294710535551207555e-16
2.289030423434366758e-16
2.283365337395956264e-16
2.277714972703094686e-16
2.272079551941584115e-16
2.266459293677927579e-16
2.260853633986691978e-16
2.255262792666818718e-16
2.249686728071290677e-16
2.244125142186083481e-16
2.238578507515423565e-16
2.233046270776022144e-16
2.227528647192161996e-16
2.222025595620479672e-16
2.216537075020382545e-16
2.211062793939138148e-16
2.205602964012175599e-16
2.200157793056309190e-16
2.194726494740536754e-16
2.189309774210698676e-16
2.183907342464451075e-16
2.178518914456706708e-16
2.173144696565083509e-16
2.167784405838935715e-16
2.162438488783506637e-16
2.157106420785233688e-16
2.151788404790272696e-16
2.146484401042416400e-16
2.141194131773355949e-16
2.135917797392786464e-16
2.130655358433551891e-16
2.125406540183569007e-16
2.120171774979839498e-16
2.114950553769885291e-16
2.109742839697333076e-16
2.104549059298559400e-16
2.099368477949060018e-16
2.094201751373991846e-16
2.089048379547246636e-16
2.083908554068721833e-16
2.078782235830680463e-16
2.073669159460633990e-16
2.068569514171949564e-16
2.063483261146748274e-16
2.058410137923716400e-16
2.053350331361398072e-16
2.048303580916795034e-16
2.043270071892369539e-16
2.038249765946462476e-16
2.033242405391007824e-16
2.028248173225502562e-16
2.023266813643160841e-16
2.018298725030750451e-16
2.013343218791488124e-16
2.008400692645749428e-16
2.003471108909746789e-16
1.998554216421511065e-16
1.993650192917956679e-16
1.988759000997778024e-16
1.983880392244839718e-16
1.979014331895679540e-16
1.974160994749765071e-16
1.969320343773304487e-16
1.964492134155120168e-16
1.959676331457863019e-16
1.954873107595183744e-16
1.950082425898299415e-16
1.945304045105528080e-16
1.940537931103812982e-16
1.935784456087283542e-16
1.931042974402713595e-16
1.926313857630264091e-16
1.921597069643894570e-16
1.916892174395959666e-16
1.912199738280738684e-16
1.907519326192484698e-16
1.902850904661101294e-16
1.898194637242925455e-16
1.893550292153986891e-16
1.888917836158699290e-16
1.884297430787654875e-16
1.879689040713431807e-16
1.875092437501601901e-16
1.870507588656324531e-16
1.865934655164115787e-16
1.861373413587790267e-16
1.856823833755093198e-16
1.852286075083450968e-16
1.847759916553197149e-16
1.843245328195261896e-16
1.838742467460724860e-16
1.834251115719719981e-16
1.829771429129658381e-16
1.825303190641537943e-16
1.820846370626192470e-16
1.816401123317285079e-16
1.811967234010065690e-16
1.807544673276526896e-16
1.803133411752704228e-16
1.798733601143383265e-16
1.794345029824979884e-16
1.789967848258585476e-16
1.785601846347779139e-16
1.781246995064556976e-16
1.776903265444501717e-16
1.772570805485301935e-16
1.768249408101583795e-16
1.763939044527508751e-16
1.759639686060527582e-16
1.755351478277593552e-16
1.751074043506165052e-16
1.746807873898707200e-16
1.742552420355691015e-16
1.738307999627718153e-16
1.734074239590917609e-16
1.729851454498448380e-16
1.725639614216044767e-16
1.721438350726405283e-16
1.717247974583546590e-16
1.713068120475865442e-16
1.708899096511820209e-16
1.704740706490339973e-16
1.700593088404351844e-16
1.696455882298139380e-16
1.692329391457888259e-16
1.688213422482878759e-16
1.684107947827933512e-16
1.680012940009656517e-16
1.675928371606354747e-16
1.671854376696871797e-16
1.667790604492757280e-16
1.663737350027623420e-16
1.659694265084312445e-16
1.655661642224430245e-16
1.651639293405785112e-16
1.647627190711492609e-16
1.643625463494697716e-16
1.639633768961009833e-16
1.635652237189605524e-16
1.631680995948365463e-16
1.627719706198458002e-16
1.623768650680242502e-16
1.619827492834305735e-16
1.615896513186441048e-16
1.611975377637422439e-16
1.608064364516874954e-16
1.604163293528265712e-16
1.600272137528564583e-16
1.596390869438006847e-16
1.592519312586237748e-16
1.588657739891949057e-16
1.584805974243848517e-16
1.580963988814262757e-16
1.577131756838292754e-16
1.573309104761042725e-16
1.569496300201728338e-16
1.565693169174802562e-16
1.561899685165502087e-16
1.558115677069428430e-16
1.554341408344813352e-16
1.550576707464655723e-16
1.546821405138393321e-16
1.543075761748556290e-16
1.539339465637816998e-16
1.535612633743216278e-16
1.531895380923454871e-16
1.528187398915924086e-16
1.524488803234026214e-16
1.520799568036300095e-16
1.517119667542487604e-16
1.513449076033433068e-16
1.509787630113048460e-16
1.506135580177049045e-16
1.502492625726115753e-16
1.498859015208958252e-16
1.495234450307838009e-16
1.491619042367676268e-16
1.488012766088061982e-16
1.484415596228886605e-16
1.480827373952158844e-16
1.477248341955104334e-16
1.473678208358663306e-16
1.470117081815003476e-16
1.466564937622427919e-16
1.463021620941484054e-16
1.459487371243001282e-16
1.455961903354880575e-16
1.452445325186259593e-16
1.448937613527091592e-16
1.445438745221395888e-16
1.441948568911083871e-16
1.438467190763081074e-16
1.434994587777339962e-16
1.431530737007548972e-16
1.428075489211585786e-16
1.424629074721154638e-16
1.421191093112498503e-16
1.417761899280201934e-16
1.414341344662188537e-16
1.410929282618800198e-16
1.407525815505433566e-16
1.404130797706658438e-16
1.400744330747499713e-16
1.397366392197601042e-16
1.393996959679409469e-16
1.390635889608766754e-16
1.387283281876450896e-16
1.383939114257393040e-16
1.380603244669896962e-16
1.377275771795845835e-16
1.373956673561962187e-16
1.370645927947169936e-16
1.367343394849000218e-16
1.364049053669096221e-16
1.360763001106764060e-16
1.357485215338409367e-16
1.354215674592222054e-16
1.350954241195066899e-16
1.347701010293316928e-16
1.344455845172054180e-16
1.341218840208474087e-16
1.337989973878119323e-16
1.334769110892737721e-16
1.331556231097978639e-16
1.328351540323710747e-16
1.325154790877608617e-16
1.321965962738406634e-16
1.318785147644525988e-16
1.315612213109196493e-16
1.312447361022125290e-16
1.309290237622308375e-16
1.306141044478068739e-16
1.302999760599389745e-16
1.299866255731850610e-16
1.296740618763431128e-16
1.293622720055401414e-16
1.290512647721461711e-16
1.287410273022051925e-16
1.284315683360573805e-16
1.281228750890060413e-16
1.278149562309602950e-16
1.275077990658300058e-16
1.272014121936865364e-16
1.268957830063986540e-16
1.265909200347880353e-16
1.262868107580396014e-16
1.259834532265651242e-16
1.256808558681756400e-16
1.253790062916125947e-16
1.250779128568853419e-16
1.247775632584698892e-16
1.244779657891438350e-16
1.241791082284918614e-16
1.238809886569900431e-16
1.235836152674050556e-16
1.232869860365338722e-16
1.229910788785271655e-16
1.226959119956091148e-16
1.224014833785127100e-16
1.221077711763790957e-16
1.218147933825166178e-16
1.215225480015252826e-16
1.212310232288987379e-16
1.209402171874162913e-16
1.206501377457510995e-16
1.203607635151459844e-16
1.200721217488943811e-16
1.197841814682467337e-16
1.194969601217684700e-16
1.192104461868665614e-16
1.189246473440363261e-16
1.186395426563268888e-16
1.183551493062513885e-16
1.180714653531786441e-16
1.177884700822772472e-16
1.175061804794184147e-16
1.172245946174867909e-16
1.169436920012861873e-16
1.166634894224076998e-16
1.163839757488148537e-16
1.161051491730529523e-16
1.158270078916011015e-16
1.155495592221331085e-16
1.152727921980543305e-16
1.149967050940098327e-16
1.147212962015285470e-16
1.144465728000580284e-16
1.141725241382628458e-16
1.138991485189503740e-16
1.136264442485500181e-16
1.133544096371084802e-16
1.130830518192002426e-16
1.128123514379662007e-16
1.125423244240599264e-16
1.122729602814087559e-16
1.120042660309201790e-16
1.117362225878692017e-16
1.114688456412504367e-16
1.112021162407082796e-16
1.109360499556679083e-16
1.106706365038289292e-16
1.104058742354443865e-16
1.101417615043254692e-16
1.098783051092900911e-16
1.096154864975064955e-16
1.093533125058407751e-16
1.090917898515837826e-16
1.088309084960013770e-16
1.085706668145024153e-16
1.083110549278216171e-16
1.080520877649348496e-16
1.077937554233576360e-16
1.075360562925596382e-16
1.072789887655131341e-16
1.070225593473653217e-16
1.067667501911639737e-16
1.065115678387112401e-16
1.062570106969402031e-16
1.060030851673720596e-16
1.057497736525584184e-16
1.054970825901834747e-16
1.052450183051716587e-16
1.049935633847927571e-16
1.047427241897695721e-16
1.044924991512719268e-16
1.042428944935679662e-16
1.039938930470525591e-16
1.037455010713118929e-16
1.034977247162107120e-16
1.032505469921423454e-16
1.030039740839336064e-16
1.027580044467386106e-16
1.025126365391171218e-16
1.022678688094031095e-16
1.020236996549116543e-16
1.017801274629708084e-16
1.015371431407752000e-16
1.012947600777091924e-16
1.010529691609825842e-16
1.008117613899321372e-16
1.005711500021198076e-16
1.003311186282217460e-16
1.000916730832961261e-16
9.985281178343818135e-17
9.961453314835060601e-17
9.937683560133745394e-17
9.913971035264472234e-17
9.890317029222420240e-17
9.866719944679995793e-17
9.843180347037432350e-17
9.819698080386815773e-17
9.796272989176737889e-17
9.772904918211690053e-17
9.749593009089845743e-17
9.726337815981440137e-17
9.703139883202620367e-17
9.679996961515829529e-17
9.656910992897205800e-17
9.633881125767907588e-17
9.610906518955065966e-17
9.587987713461316442e-17
9.565124557209198287e-17
9.542316898471093326e-17
9.519563907349340042e-17
9.496866116238165059e-17
9.474223374427765659e-17
9.451634860366221946e-17
9.429101768841770307e-17
9.406622610212348213e-17
9.384197906316144856e-17
9.361826846601661609e-17
9.339510607885528815e-17
9.317247721129579548e-17
9.295038045469936890e-17
9.272882744422092153e-17
9.250780364198430789e-17
9.228730764853890527e-17
9.206735096758680376e-17
9.184791921210402781e-17
9.162901739548798616e-17
9.141063768042354435e-17
9.119278504020788309e-17
9.097545802463975289e-17
9.075864894652676405e-17
9.054236307683150628e-17
9.032659940248965924e-17
9.011135066849849516e-17
8.989662215458303651e-17
8.968240665429003850e-17
8.946871558246050250e-17
8.925552940523835605e-17
8.904286565084736288e-17
8.883071103247441664e-17
8.861906461813046280e-17
8.840793154361970489e-17
8.819731081438917093e-17
8.798719541504333937e-17
8.777759042101001989e-17
8.756848886375989267e-17
8.735989577879252337e-17
8.715180424411586353e-17
8.694421925562239982e-17
8.673713983158516342e-17
8.653055911932514747e-17
8.632448205604122067e-17
8.611890183477661861e-17
8.591381754407843156e-17
8.570923406292146742e-17
8.550515042041373729e-17
8.530155990008264682e-17
8.509846159673974165e-17
8.489586031297485964e-17
8.469375508509117524e-17
8.449213928583224421e-17
8.429101201626444101e-17
8.409037800381835074e-17
8.389023629196821394e-17
8.369057475675536123e-17
8.349140925949350171e-17
8.329272215493626211e-17
8.309452366281411581e-17
8.289681283541778539e-17
8.269958324157003159e-17
8.250283399625887356e-17
8.230656966207645683e-17
8.211078387176043319e-17
8.191548115210531545e-17
8.172065517815784326e-17
8.152630507256712008e-17
8.133243530886271035e-17
8.113903962488900820e-17
8.094611714784010220e-17
8.075367229862455313e-17
8.056169488463648774e-17
8.037016935472196704e-17
8.017906045436539238e-17
7.998835924201800087e-17
7.979802543916369338e-17
7.960804496734263303e-17
7.941838819274047058e-17
7.922903077539867066e-17
