# bb
1.895408217933436390e-06
3.791328481383970939e-06
6.320009106275392696e-06
9.482133464189246297e-06
1.327852714894106612e-05
1.771017559804022312e-05
2.277820385643281043e-05
2.848388066922780126e-05
3.482859756331890821e-05
4.181385520496405661e-05
4.944127067574299872e-05
5.771254654973745346e-05
6.662947271252050996e-05
7.619389361934736371e-05
8.640772284707054496e-05
9.727290307637304068e-05
1.087913988158106804e-04
1.209651964018121362e-04
1.337962603429332376e-04
1.472865696996450424e-04
1.614380453247576952e-04
1.762525644153356552e-04
1.917319605126976967e-04
2.078779798466712236e-04
2.246923249913379550e-04
2.421765384497120976e-04
2.603321627248078585e-04
2.791604783851653337e-04
2.986628387589007616e-04
3.188403206877410412e-04
3.396939137019217014e-04
3.612244909163564444e-04
3.834327799268066883e-04
4.063193628098815680e-04
4.298846470192074776e-04
4.541290109045803547e-04
4.790525708813220263e-04
5.046552978456020355e-04
5.309372209012508392e-04
5.578979616984724998e-04
5.855372291989624500e-04
6.138546741567552090e-04
6.428495398722589016e-04
6.725213606841862202e-04
7.028692634776234627e-04
7.338924333453178406e-04
7.655900553800165653e-04
7.979611982591450214e-04
8.310048724524676800e-04
8.647201466374099255e-04
8.991059730760753155e-04
9.341614786535501480e-04
9.698855574242770672e-04
1.006277394481003284e-03
1.043336000293493271e-03
1.081060618162155151e-03
1.119450433179736137e-03
1.158504863269627094e-03
1.198223093524575233e-03
1.238604774698615074e-03
1.279649673961102962e-03
1.321357442066073418e-03
1.363727846182882786e-03
1.406761119142174721e-03
1.450457377359271049e-03
1.494816737249493599e-03
1.539840013720095158e-03
1.585527556017041206e-03
1.631880528293550014e-03
1.678899512626230717e-03
1.726586022414267063e-03
1.774941221810877323e-03
1.823966391384601593e-03
1.873663510195910931e-03
1.924034324474632740e-03
1.975080929696559906e-03
2.026804955676198006e-03
2.079209079965949059e-03
2.132295863702893257e-03
2.186067635193467140e-03
2.240527188405394554e-03
2.295677084475755692e-03
2.351521048694849014e-03
2.408061409369111061e-03
2.465301658958196640e-03
2.523245289921760559e-03
2.581895329058170319e-03
2.641255268827080727e-03
2.701329067349433899e-03
2.762120217084884644e-03
2.823632676154375076e-03
2.885869471356272697e-03
2.948835492134094238e-03
3.012533765286207199e-03
3.076969180256128311e-03
3.142144996672868729e-03
3.208066103979945183e-03
3.274736227467656136e-03
3.342159325256943703e-03
3.410340286791324615e-03
3.479283535853028297e-03
3.548992564901709557e-03
3.619472729042172432e-03
3.690728452056646347e-03
3.762764157727360725e-03
3.835584735497832298e-03
3.909194841980934143e-03
3.983599133789539337e-03
4.058802966028451920e-03
4.134810529649257660e-03
4.211628809571266174e-03
4.289260599762201309e-03
4.367713350802659988e-03
4.446991253644227982e-03
4.527099896222352982e-03
4.608045797795057297e-03
4.689834546297788620e-03
4.772471729665994644e-03
4.855963867157697678e-03
4.940316546708345413e-03
5.025536287575960159e-03
5.111630074679851532e-03
5.198604427278041840e-03
5.286465864628553391e-03
5.375221371650695801e-03
5.464877467602491379e-03
5.555442534387111664e-03
5.646922159940004349e-03
5.739324726164340973e-03
5.832657217979431152e-03
5.926928017288446426e-03
6.022143177688121796e-03
6.118311546742916107e-03
6.215440109372138977e-03
6.313537247478961945e-03
6.412610411643981934e-03
6.512666586786508560e-03
6.613714154809713364e-03
6.715761031955480576e-03
6.818814203143119812e-03
6.922880653291940689e-03
7.027969695627689362e-03
7.134086452424526215e-03
7.241239305585622787e-03
7.349433843046426773e-03
7.458678446710109711e-03
7.568979170173406601e-03
7.680341601371765137e-03
7.792772725224494934e-03
7.906276732683181763e-03
8.020862005650997162e-03
8.136530406773090363e-03
8.253288455307483673e-03
8.371140807867050171e-03
8.490090258419513702e-03
8.610140532255172729e-03
8.731296285986900330e-03
8.853560313582420349e-03
8.976933546364307404e-03
9.101417846977710724e-03
9.227016940712928772e-03
9.353729896247386932e-03
9.481557644903659821e-03
9.610500186681747437e-03
9.740558452904224396e-03
9.871729649603366852e-03
1.000401377677917480e-02
1.013740897178649902e-02
1.027191150933504105e-02
1.040751952677965164e-02
1.054423116147518158e-02
1.068204082548618317e-02
1.082094479352235794e-02
1.096093840897083282e-02
1.110201701521873474e-02
1.124417409300804138e-02
1.138740591704845428e-02
1.153170410543680191e-02
1.167706120759248734e-02
1.182347256690263748e-02
1.197093073278665543e-02
1.211942546069622040e-02
1.226895023137331009e-02
1.241949573159217834e-02
1.257105451077222824e-02
1.272361632436513901e-02
1.287717092782258987e-02
1.303171087056398392e-02
1.318722404539585114e-02
1.334370113909244537e-02
1.350113097578287125e-02
1.365950424224138260e-02
1.381880883127450943e-02
1.397903449833393097e-02
1.414016727358102798e-02
1.430219784379005432e-02
1.446511317044496536e-02
1.462890114635229111e-02
1.479354966431856155e-02
1.495904661715030670e-02
1.512537710368633270e-02
1.529253087937831879e-02
1.546049211174249649e-02
1.562924869358539581e-02
1.579878665506839752e-02
1.596909016370773315e-02
1.614014804363250732e-02
1.631194539368152618e-02
1.648446358740329742e-02
1.665769144892692566e-02
1.683161035180091858e-02
1.700620539486408234e-02
1.718146353960037231e-02
1.735736615955829620e-02
1.753389835357666016e-02
1.771103776991367340e-02
1.788877323269844055e-02
1.806708425283432007e-02
1.824595220386981964e-02
1.842536032199859619e-02
1.860528811812400818e-02
1.878572069108486176e-02
1.896663382649421692e-02
1.914800889790058136e-02
1.932982727885246277e-02
1.951206848025321960e-02
1.969471015036106110e-02
1.987773180007934570e-02
2.006111294031143188e-02
2.024483121931552887e-02
2.042886428534984589e-02
2.061318792402744293e-02
2.079778350889682770e-02
2.098262868821620941e-02
2.116769365966320038e-02
2.135296165943145752e-02
2.153840661048889160e-02
2.172400616109371185e-02
2.190973423421382904e-02
2.209557034075260162e-02
2.228148654103279114e-02
2.246746234595775604e-02
2.265347167849540710e-02
2.283948846161365509e-02
2.302549406886100769e-02
2.321146056056022644e-02
2.339736558496952057e-02
2.358318306505680084e-02
2.376889251172542572e-02
2.395446784794330597e-02
2.413988672196865082e-02
2.432512491941452026e-02
2.451016195118427277e-02
2.469497174024581909e-02
2.487953566014766693e-02
2.506383135914802551e-02
2.524783462285995483e-02
2.543152496218681335e-02
2.561488375067710876e-02
2.579789049923419952e-02
2.598052099347114563e-02
2.616276033222675323e-02
2.634458616375923157e-02
2.652598172426223755e-02
2.670692652463912964e-02
2.688740566372871399e-02
2.706740424036979675e-02
2.724689804017543793e-02
2.742587774991989136e-02
2.760432474315166473e-02
2.778222225606441498e-02
2.795955725014209747e-02
2.813631668686866760e-02
2.831248566508293152e-02
2.848805300891399384e-02
2.866300195455551147e-02
2.883732132613658905e-02
2.901100367307662964e-02
2.918403223156929016e-02
2.935639768838882446e-02
2.952809073030948639e-02
2.969910204410552979e-02
2.986941859126091003e-02
3.003903664648532867e-02
3.020793944597244263e-02
3.037612698972225189e-02
3.054358810186386108e-02
3.071031346917152405e-02
3.087629750370979309e-02
3.104153461754322052e-02
3.120601363480091095e-02
3.136973455548286438e-02
3.153268620371818542e-02
3.169486671686172485e-02
3.185626864433288574e-02
3.201689198613166809e-02
3.217672556638717651e-02
3.233577311038970947e-02
3.249402344226837158e-02
3.265147656202316284e-02
3.280813246965408325e-02
3.296398371458053589e-02
3.311903029680252075e-02
3.327327221632003784e-02
3.342670574784278870e-02
3.357933461666107178e-02
3.373115509748458862e-02
3.388216346502304077e-02
3.403236716985702515e-02
3.418175876140594482e-02
3.433034941554069519e-02
3.447813913226127625e-02
3.462512791156768799e-02
3.477131947875022888e-02
3.491671755909919739e-02
3.506132587790489197e-02
3.520515561103820801e-02
3.534819930791854858e-02
3.549047932028770447e-02
3.563198819756507874e-02
3.577274456620216370e-02
3.591275215148925781e-02
3.605201467871665955e-02
3.619054704904556274e-02
3.632836416363716125e-02
3.646546602249145508e-02
3.660187125205993652e-02
3.673759102821350098e-02
3.687264025211334229e-02
3.700703009963035583e-02
3.714077174663543701e-02
3.727388754487037659e-02
3.740638494491577148e-02
3.753829002380371094e-02
3.766961023211479187e-02
3.780036792159080505e-02
3.793057799339294434e-02
3.806026279926300049e-02
3.818944096565246582e-02
3.831812739372253418e-02
3.844635188579559326e-02
3.857412561774253845e-02
3.870147094130516052e-02
3.882841765880584717e-02
3.895497694611549377e-02
3.908117860555648804e-02
3.920704498887062073e-02
3.933259099721908569e-02
3.945785388350486755e-02
3.958284109830856323e-02
3.970758989453315735e-02
3.983211517333984375e-02
3.995644673705101013e-02
4.008060321211814880e-02
4.020461440086364746e-02
4.032850265502929688e-02
4.045229032635688782e-02
4.057600349187850952e-02
4.069966450333595276e-02
4.082330316305160522e-02
4.094693809747695923e-02
4.107059538364410400e-02
4.119429737329483032e-02
4.131807014346122742e-02
4.144193604588508606e-02
4.156592488288879395e-02
4.169005155563354492e-02
4.181434214115142822e-02
4.193882271647453308e-02
4.206351563334465027e-02
4.218843579292297363e-02
4.231362044811248779e-02
4.243907704949378967e-02
4.256483539938926697e-02
4.269092157483100891e-02
4.281735047698020935e-02
4.294414445757865906e-02
4.307132586836814880e-02
4.319891333580017090e-02
4.332693666219711304e-02
4.345541074872016907e-02
4.358435422182083130e-02
4.371379315853118896e-02
4.384374246001243591e-02
4.397422447800636292e-02
4.410525783896446228e-02
4.423686861991882324e-02
4.436906799674034119e-02
4.450188204646110535e-02
4.463532567024230957e-02
4.476942121982574463e-02
4.490418732166290283e-02
4.503963887691497803e-02
4.517579823732376099e-02
4.531268775463104248e-02
4.545031860470771790e-02
4.558871313929557800e-02
4.572788998484611511e-02
4.586786404252052307e-02
4.600865393877029419e-02
4.615027830004692078e-02
4.629275202751159668e-02
4.643609747290611267e-02
4.658032581210136414e-02
4.672545567154884338e-02
4.687150195240974426e-02
4.701847583055496216e-02
4.716640338301658630e-02
4.731529578566551208e-02
4.746516048908233643e-02
4.761601984500885010e-02
4.776788502931594849e-02
4.792076349258422852e-02
4.807467758655548096e-02
4.822963476181030273e-02
4.838564246892929077e-02
4.854271933436393738e-02
4.870087280869483948e-02
4.886010661721229553e-02
4.902043938636779785e-02
4.918187484145164490e-02
4.934441670775413513e-02
4.950807988643646240e-02
4.967286437749862671e-02
4.983877763152122498e-02
5.000582337379455566e-02
5.017400905489921570e-02
5.034333467483520508e-02
5.051379650831222534e-02
5.068540573120117188e-02
5.085815861821174622e-02
5.103205144405364990e-02
5.120708793401718140e-02
5.138326436281204224e-02
5.156057700514793396e-02
5.173902213573455811e-02
5.191859602928161621e-02
5.209929123520851135e-02
5.228110402822494507e-02
5.246402323246002197e-02
5.264804884791374207e-02
5.283315852284431458e-02
5.301935970783233643e-02
5.320663005113601685e-02
5.339495837688446045e-02
5.358433723449707031e-02
5.377475544810295105e-02
5.396619811654090881e-02
5.415865033864974976e-02
5.435210093855857849e-02
5.454652756452560425e-02
5.474192649126052856e-02
5.493826791644096375e-02
5.513554438948631287e-02
5.533373728394508362e-02
5.553282797336578369e-02
5.573279410600662231e-02
5.593362450599670410e-02
5.613529682159423828e-02
5.633778497576713562e-02
5.654108151793479919e-02
5.674515664577484131e-02
5.694999545812606812e-02
5.715557560324668884e-02
5.736187472939491272e-02
5.756887793540954590e-02
5.777655169367790222e-02
5.798487365245819092e-02
5.819383636116981506e-02
5.840340629220008850e-02
5.861355736851692200e-02
5.882427468895912170e-02
5.903553590178489685e-02
5.924730375409126282e-02
5.945956334471702576e-02
5.967229232192039490e-02
5.988546460866928101e-02
6.009905412793159485e-02
6.031303480267524719e-02
6.052738055586814880e-02
6.074206903576850891e-02
6.095707044005393982e-02
6.117236614227294922e-02
6.138792261481285095e-02
6.160371378064155579e-02
6.181970983743667603e-02
6.203588470816612244e-02
6.225221604108810425e-02
6.246867403388023376e-02
6.268522888422012329e-02
6.290184706449508667e-02
6.311850994825363159e-02
6.333517283201217651e-02
6.355182081460952759e-02
6.376841664314270020e-02
6.398493051528930664e-02
6.420134007930755615e-02
6.441759318113327026e-02
6.463368237018585205e-02
6.484956294298171997e-02
6.506521254777908325e-02
6.528058648109436035e-02
6.549566239118576050e-02
6.571040302515029907e-02
6.592478603124618530e-02
6.613875925540924072e-02
6.635230779647827148e-02
6.656539440155029297e-02
6.677798181772232056e-02
6.699004024267196655e-02
6.720153987407684326e-02
6.741243600845336914e-02
6.762270629405975342e-02
6.783231347799301147e-02
6.804123520851135254e-02
6.824942678213119507e-02
6.845685839653015137e-02
6.866350024938583374e-02
6.886932253837585449e-02
6.907428801059722900e-02
6.927836686372756958e-02
6.948153674602508545e-02
6.968375295400619507e-02
6.988499313592910767e-02
7.008522748947143555e-02
7.028442621231079102e-02
7.048255950212478638e-02
7.067960500717163086e-02
7.087552547454833984e-02
7.107029855251312256e-02
7.126389443874359131e-02
7.145629823207855225e-02
7.164748013019561768e-02
7.183739542961120605e-02
7.202605158090591431e-02
7.221340388059616089e-02
7.239944487810134888e-02
7.258412986993789673e-02
7.276746630668640137e-02
7.294941693544387817e-02
7.312995195388793945e-02
7.330907881259918213e-02
7.348676025867462158e-02
7.366298139095306396e-02
7.383772730827331543e-02
7.401099056005477905e-02
7.418273389339447021e-02
7.435295730829238892e-02
7.452164590358734131e-02
7.468877732753753662e-02
7.485435158014297485e-02
7.501835376024246216e-02
7.518076151609420776e-02
7.534156739711761475e-02
7.550076395273208618e-02
7.565835118293762207e-02
7.581430673599243164e-02
7.596861571073532104e-02
7.612127810716629028e-02
7.627229392528533936e-02
7.642164826393127441e-02
7.656933367252349854e-02
7.671534270048141479e-02
7.685968279838562012e-02
7.700233161449432373e-02
7.714328914880752563e-02
7.728255540132522583e-02
7.742013037204742432e-02
7.755600661039352417e-02
7.769018411636352539e-02
7.782265543937683105e-02
7.795342057943344116e-02
7.808247953653335571e-02
7.820983976125717163e-02
7.833548635244369507e-02
7.845943421125411987e-02
7.858169078826904297e-02
7.870223373174667358e-02
7.882107794284820557e-02
7.893823087215423584e-02
7.905369997024536133e-02
7.916747778654098511e-02
7.927957922220230103e-02
7.938999682664871216e-02
7.949875295162200928e-02
7.960584759712219238e-02
7.971128821372985840e-02
7.981508225202560425e-02
7.991724461317062378e-02
8.001777529716491699e-02
8.011669665575027466e-02
8.021401613950729370e-02
8.030974119901657104e-02
8.040389418601989746e-02
8.049647510051727295e-02
8.058751374483108521e-02
8.067701756954193115e-02
8.076500147581100464e-02
8.085148781538009644e-02
8.093648403882980347e-02
8.102002739906311035e-02
8.110211789608001709e-02
8.118278533220291138e-02
8.126205205917358398e-02
8.133994042873382568e-02
8.141645789146423340e-02
8.149164170026779175e-02
8.156551420688629150e-02
8.163809776306152344e-02
8.170941472053527832e-02
8.177949488162994385e-02
8.184836804866790771e-02
8.191604167222976685e-02
8.198256790637969971e-02
8.204796910285949707e-02
8.211226016283035278e-02
8.217547833919525146e-02
8.223766088485717773e-02
8.229882270097732544e-02
8.235900849103927612e-02
8.241823315620422363e-02
8.247654139995574951e-02
8.253395557403564453e-02
8.259051293134689331e-02
8.264624327421188354e-02
8.270117640495300293e-02
8.275533467531204224e-02
8.280877768993377686e-02
8.286151289939880371e-02
8.291357755661010742e-02
8.296500891447067261e-02
8.301583677530288696e-02
8.306609094142913818e-02
8.311580866575241089e-02
8.316502720117568970e-02
8.321376144886016846e-02
8.326206356287002563e-02
8.330994844436645508e-02
8.335746079683303833e-02
8.340462297201156616e-02
8.345147222280502319e-02
8.349803835153579712e-02
8.354435116052627563e-02
8.359044790267944336e-02
8.363635838031768799e-02
8.368210494518280029e-02
8.372772485017776489e-02
8.377324789762496948e-02
8.381871134042739868e-02
8.386413007974624634e-02
8.390954881906509399e-02
8.395498991012573242e-02
8.400048315525054932e-02
8.404606580734252930e-02
8.409175276756286621e-02
8.413758873939514160e-02
8.418358862400054932e-02
8.422978967428207397e-02
8.427622169256210327e-02
8.432290703058242798e-02
8.436988294124603271e-02
8.441717177629470825e-02
8.446479588747024536e-02
8.451279252767562866e-02
8.456118404865264893e-02
8.461000025272369385e-02
8.465927094221115112e-02
8.470901101827621460e-02
8.475926518440246582e-02
8.481004089117050171e-02
8.486137539148330688e-02
8.491329848766326904e-02
8.496583253145217896e-02
8.501899242401123047e-02
8.507282286882400513e-02
8.512733131647109985e-02
8.518255501985549927e-02
8.523850888013839722e-02
8.529522269964218140e-02
8.535271883010864258e-02
8.541101962327957153e-02
8.547014743089675903e-02
8.553013205528259277e-02
8.559098094701766968e-02
8.565272390842437744e-02
8.571538329124450684e-02
8.577898144721984863e-02
8.584353327751159668e-02
8.590905368328094482e-02
8.597557246685028076e-02
8.604308962821960449e-02
8.611164242029190063e-02
8.618123829364776611e-02
8.625189214944839478e-02
8.632362633943557739e-02
8.639644831418991089e-02
8.647037297487258911e-02
8.654540777206420898e-02
8.662157505750656128e-02
8.669887483119964600e-02
8.677732944488525391e-02
8.685693889856338501e-02
8.693772554397583008e-02
8.701967447996139526e-02
8.710281550884246826e-02
8.718714118003845215e-02
8.727265894412994385e-02
8.735937625169754028e-02
8.744729310274124146e-02
8.753641694784164429e-02
8.762674778699874878e-02
8.771827816963195801e-02
8.781102299690246582e-02
8.790496736764907837e-02
8.800011873245239258e-02
8.809646219015121460e-02
8.819401264190673828e-02
8.829276263713836670e-02
8.839269727468490601e-02
8.849380910396575928e-02
8.859610557556152344e-02
8.869957178831100464e-02
8.880420029163360596e-02
8.890997618436813354e-02
8.901690691709518433e-02
8.912496268749237061e-02
8.923415094614028931e-02
8.934444934129714966e-02
8.945583552122116089e-02
8.956832438707351685e-02
8.968188613653182983e-02
8.979651331901550293e-02
8.991218358278274536e-02
9.002889692783355713e-02
9.014662355184555054e-02
9.026535600423812866e-02
9.038506448268890381e-02
9.050575643777847290e-02
9.062739461660385132e-02
9.074997156858444214e-02
9.087346494197845459e-02
9.099785983562469482e-02
9.112314134836196899e-02
9.124928712844848633e-02
9.137626737356185913e-02
9.150406718254089355e-02
9.163267910480499268e-02
9.176206588745117188e-02
9.189222753047943115e-02
9.202311187982559204e-02
9.215471893548965454e-02
9.228701889514923096e-02
9.241999685764312744e-02
9.255362302064895630e-02
9.268786758184432983e-02
9.282271564006805420e-02
9.295814484357833862e-02
9.309411048889160156e-02
9.323062002658843994e-02
9.336762130260467529e-02
9.350509941577911377e-02
9.364301711320877075e-02
9.378136694431304932e-02
9.392010420560836792e-02
9.405920654535293579e-02
9.419864416122436523e-02
9.433839470148086548e-02
9.447842091321945190e-02
9.461869299411773682e-02
9.475918859243392944e-02
9.489987790584564209e-02
9.504071623086929321e-02
9.518168121576309204e-02
9.532275050878524780e-02
9.546387940645217896e-02
9.560503810644149780e-02
9.574619680643081665e-02
9.588732570409774780e-02
9.602838009595870972e-02
9.616933763027191162e-02
9.631016105413436890e-02
9.645081311464309692e-02
9.659126400947570801e-02
9.673148393630981445e-02
9.687142819166183472e-02
9.701107442378997803e-02
9.715037792921066284e-02
9.728930890560150146e-02
9.742783010005950928e-02
9.756591171026229858e-02
9.770350903272628784e-02
9.784059226512908936e-02
9.797713905572891235e-02
9.811309725046157837e-02
9.824844449758529663e-02
9.838314354419708252e-02
9.851715713739395142e-02
9.865044802427291870e-02
9.878300130367279053e-02
9.891476482152938843e-02
9.904570877552032471e-02
9.917580336332321167e-02
9.930502623319625854e-02
9.943333268165588379e-02
9.956069290637969971e-02
9.968707710504531860e-02
9.981246292591094971e-02
9.993680566549301147e-02
1.000600829720497131e-01
1.001822724938392639e-01
1.003033369779586792e-01
1.004232466220855713e-01
1.005419865250587463e-01
1.006595045328140259e-01
1.007758006453514099e-01
1.008908301591873169e-01
1.010045856237411499e-01
1.011170223355293274e-01
1.012281253933906555e-01
1.013378724455833435e-01
1.014462336897850037e-01
1.015531942248344421e-01
1.016587167978286743e-01
1.017628014087677002e-01
1.018654182553291321e-01
1.019665375351905823e-01
1.020661368966102600e-01
1.021642163395881653e-01
1.022607386112213135e-01
1.023556888103485107e-01
1.024490594863891602e-01
1.025408133864402771e-01
1.026309505105018616e-01
1.027194485068321228e-01
1.028062850236892700e-01
1.028914600610733032e-01
1.029749363660812378e-01
1.030567139387130737e-01
1.031367778778076172e-01
1.032151058316230774e-01
1.032916978001594543e-01
1.033665314316749573e-01
1.034395992755889893e-01
1.035108789801597595e-01
1.035803779959678650e-01
1.036480665206909180e-01
1.037139445543289185e-01
1.037780046463012695e-01
1.038402318954467773e-01
1.039006263017654419e-01
1.039591580629348755e-01
1.040158495306968689e-01
1.040706709027290344e-01
1.041236370801925659e-01
1.041747182607650757e-01
1.042239293456077576e-01
1.042712554335594177e-01
1.043166965246200562e-01
1.043602451682090759e-01
1.044019088149070740e-01
1.044416800141334534e-01
1.044795587658882141e-01
1.045155376195907593e-01
1.045496314764022827e-01
1.045818254351615906e-01
1.046121418476104736e-01
1.046405583620071411e-01
1.046671047806739807e-01
1.046917662024497986e-01
1.047145575284957886e-01
1.047354713082313538e-01
1.047545373439788818e-01
1.047717407345771790e-01
1.047871038317680359e-01
1.048006340861320496e-01
1.048123240470886230e-01
1.048222184181213379e-01
1.048302948474884033e-01
1.048365831375122070e-01
1.048410832881927490e-01
1.048438325524330139e-01
1.048448160290718079e-01
1.048440784215927124e-01
1.048416122794151306e-01
1.048374399542808533e-01
1.048315912485122681e-01
1.048240661621093750e-01
1.048148944973945618e-01
1.048040911555290222e-01
1.047916784882545471e-01
1.047776713967323303e-01
1.047620996832847595e-01
1.047449782490730286e-01
1.047263294458389282e-01
1.047061756253242493e-01
1.046845540404319763e-01
1.046614646911621094e-01
1.046369448304176331e-01
1.046110168099403381e-01
1.045837178826332092e-01
1.045550480484962463e-01
1.045250520110130310e-01
1.044937521219253540e-01
1.044611707329750061e-01
1.044273376464843750e-01
1.043922752141952515e-01
1.043560132384300232e-01
1.043185889720916748e-01
1.042800098657608032e-01
1.042403280735015869e-01
1.041995435953140259e-01
1.041577085852622986e-01
1.041148379445075989e-01
1.040709689259529114e-01
1.040261238813400269e-01
1.039803326129913330e-01
1.039336174726486206e-01
1.038860231637954712e-01
1.038375720381736755e-01
1.037882938981056213e-01
1.037382110953330994e-01
1.036873534321784973e-01
1.036357656121253967e-01
1.035834625363349915e-01
1.035304740071296692e-01
1.034768372774124146e-01
1.034225746989250183e-01
1.033677235245704651e-01
1.033123135566711426e-01
1.032563596963882446e-01
1.031999140977859497e-01
1.031429916620254517e-01
1.030856296420097351e-01
1.030278578400611877e-01
1.029696986079216003e-01
1.029111891984939575e-01
1.028523594141006470e-01
1.027932316064834595e-01
1.027338504791259766e-01
1.026742383837699890e-01
1.026144251227378845e-01
1.025544404983520508e-01
1.024943217635154724e-01
1.024340912699699402e-01
1.023737788200378418e-01
1.023134216666221619e-01
1.022530421614646912e-01
1.021926701068878174e-01
1.021323502063751221e-01
1.020720973610877991e-01
1.020119413733482361e-01
1.019519269466400146e-01
1.018920689821243286e-01
1.018323972821235657e-01
1.017729416489601135e-01
1.017137467861175537e-01
1.016548275947570801e-01
1.015962064266204834e-01
1.015379205346107483e-01
1.014799997210502625e-01
1.014224663376808167e-01
1.013653576374053955e-01
1.013086885213851929e-01
1.012524962425231934e-01
1.011967957019805908e-01
1.011416241526603699e-01
1.010870039463043213e-01
1.010329499840736389e-01
1.009794995188713074e-01
1.009266749024391174e-01
1.008745059370994568e-01
1.008229926228523254e-01
1.007721796631813049e-01
1.007220819592475891e-01
1.006727293133735657e-01
1.006241291761398315e-01
1.005763113498687744e-01
1.005292907357215881e-01
1.004830896854400635e-01
1.004377231001853943e-01
1.003932133316993713e-01
1.003495752811431885e-01
1.003068313002586365e-01
1.002649888396263123e-01
1.002240777015686035e-01
1.001840978860855103e-01
1.001450642943382263e-01
1.001070067286491394e-01
1.000699177384376526e-01
1.000338271260261536e-01
9.999873489141464233e-02
9.996464848518371582e-02
9.993159770965576172e-02
9.989957511425018311e-02
9.986860305070877075e-02
9.983868151903152466e-02
9.980981796979904175e-02
9.978202730417251587e-02
9.975531697273254395e-02
9.972967952489852905e-02
9.970513731241226196e-02
9.968168288469314575e-02
9.965933114290237427e-02
9.963808208703994751e-02
9.961795061826705933e-02
9.959891438484191895e-02
9.958100318908691406e-02
9.956419467926025391e-02
9.954851120710372925e-02
9.953395277261734009e-02
9.952050447463989258e-02
9.950818121433258057e-02
9.949697554111480713e-02
9.948689490556716919e-02
9.947793185710906982e-02
9.947007894515991211e-02
9.946334362030029297e-02
9.945772588253021240e-02
9.945321828126907349e-02
9.944981336593627930e-02
9.944751858711242676e-02
9.944631159305572510e-02
9.944621473550796509e-02
9.944719076156616211e-02
9.944926202297210693e-02
9.945240616798400879e-02
9.945661574602127075e-02
9.946189820766448975e-02
9.946823120117187500e-02
9.947561472654342651e-02
9.948404133319854736e-02
9.949349611997604370e-02
9.950397163629531860e-02
9.951545298099517822e-02
9.952794015407562256e-02
9.954141825437545776e-02
9.955587238073348999e-02
9.957129508256912231e-02
9.958766400814056396e-02
9.960497915744781494e-02
9.962322562932968140e-02
9.964237362146377563e-02
9.966242313385009766e-02
9.968335926532745361e-02
9.970515966415405273e-02
9.972780197858810425e-02
9.975128620862960815e-02
9.977559000253677368e-02
9.980068355798721313e-02
9.982655942440032959e-02
9.985321015119552612e-02
9.988059103488922119e-02
9.990869462490081787e-02
9.993749856948852539e-02
9.996698796749114990e-02
9.999713301658630371e-02
1.000279188156127930e-01
1.000593230128288269e-01
1.000913232564926147e-01
1.001238971948623657e-01
1.001570150256156921e-01
1.001906618475914001e-01
1.002248153090476990e-01
1.002594381570816040e-01
1.002945154905319214e-01
1.003300324082374573e-01
1.003659442067146301e-01
1.004022508859634399e-01
1.004389002919197083e-01
1.004758775234222412e-01
1.005131676793098450e-01
1.005507335066795349e-01
1.005885526537895203e-01
1.006265953183174133e-01
1.006648465991020203e-01
1.007032692432403564e-01
1.007418408989906311e-01
1.007805317640304565e-01
1.008193343877792358e-01
1.008581966161727905e-01
1.008971035480499268e-01
1.009360402822494507e-01
1.009749621152877808e-01
1.010138541460037231e-01
1.010526940226554871e-01
1.010914370417594910e-01
1.011300832033157349e-01
1.011685952544212341e-01
1.012069433927536011e-01
1.012451127171516418e-01
1.012830659747123718e-01
1.013207882642745972e-01
1.013582497835159302e-01
1.013954356312751770e-01
1.014323085546493530e-01
1.014688536524772644e-01
1.015050411224365234e-01
1.015408486127853394e-01
1.015762612223625183e-01
1.016112342476844788e-01
1.016457676887512207e-01
1.016798242926597595e-01
1.017133966088294983e-01
1.017464399337768555e-01
1.017789468169212341e-01
1.018108949065208435e-01
1.018422618508338928e-01
1.018730178475379944e-01
1.019031479954719543e-01
1.019326299428939819e-01
1.019614487886428833e-01
1.019895747303962708e-01
1.020169928669929504e-01
1.020436733961105347e-01
1.020696088671684265e-01
1.020947694778442383e-01
1.021191403269767761e-01
1.021426990628242493e-01
1.021654382348060608e-01
1.021873205900192261e-01
1.022083461284637451e-01
1.022284850478172302e-01
1.022477149963378906e-01
1.022660285234451294e-01
1.022834032773971558e-01
1.022998243570327759e-01
1.023152694106101990e-01
1.023297309875488281e-01
1.023431867361068726e-01
1.023556217551231384e-01
1.023670211434364319e-01
1.023773774504661560e-01
1.023866608738899231e-01
1.023948639631271362e-01
1.024019718170166016e-01
1.024079769849777222e-01
1.024128720164299011e-01
1.024166196584701538e-01
1.024192273616790771e-01
1.024206802248954773e-01
1.024209633469581604e-01
1.024200767278671265e-01
1.024179905652999878e-01
1.024147123098373413e-01
1.024102345108985901e-01
1.024045273661613464e-01
1.023976057767868042e-01
1.023894473910331726e-01
1.023800522089004517e-01
1.023694127798080444e-01
1.023575142025947571e-01
1.023443713784217834e-01
1.023299619555473328e-01
1.023142859339714050e-01
1.022973433136940002e-01
1.022791266441345215e-01
1.022596359252929688e-01
1.022388711571693420e-01
1.022168174386024475e-01
1.021934896707534790e-01
1.021688804030418396e-01
1.021429896354675293e-01
1.021158248186111450e-01
1.020873785018920898e-01
1.020576581358909607e-01
1.020266562700271606e-01
1.019943952560424805e-01
1.019608601927757263e-01
1.019260585308074951e-01
1.018899977207183838e-01
1.018526852130889893e-01
1.018141135573387146e-01
1.017743125557899475e-01
1.017332598567008972e-01
1.016909778118133545e-01
1.016474813222885132e-01
1.016027554869651794e-01
1.015568301081657410e-01
1.015096977353096008e-01
1.014613807201385498e-01
1.014118716120719910e-01
1.013611927628517151e-01
1.013093516230583191e-01
1.012563556432723999e-01
1.012022197246551514e-01
1.011469513177871704e-01
1.010905578732490540e-01
1.010330617427825928e-01
1.009744629263877869e-01
1.009147837758064270e-01
1.008540242910385132e-01
1.007922142744064331e-01
1.007293537259101868e-01
1.006654649972915649e-01
1.006005555391311646e-01
1.005346402525901794e-01
1.004677265882492065e-01
1.003998443484306335e-01
1.003309935331344604e-01
1.002612039446830750e-01
1.001904755830764771e-01
1.001188382506370544e-01
1.000462993979454041e-01
9.997287392616271973e-02
9.989858418703079224e-02
9.982343763113021851e-02
9.974746406078338623e-02
9.967067092657089233e-02
9.959307312965393066e-02
9.951469302177429199e-02
9.943555295467376709e-02
9.935566782951354980e-02
9.927505254745483398e-02
9.919372946023941040e-02
9.911171346902847290e-02
9.902902692556381226e-02
9.894568473100662231e-02
9.886170923709869385e-02
9.877711534500122070e-02
9.869193285703659058e-02
9.860616922378540039e-02
9.851985424757003784e-02
9.843300282955169678e-02
9.834563732147216797e-02
9.825778007507324219e-02
9.816945344209671021e-02
9.808066487312316895e-02
9.799144417047500610e-02
9.790182113647460938e-02
9.781180322170257568e-02
9.772142767906188965e-02
9.763068705797195435e-02
9.753963351249694824e-02
9.744827449321746826e-02
9.735662490129470825e-02
9.726472198963165283e-02
9.717258065938949585e-02
9.708021581172943115e-02
9.698765724897384644e-02
9.689492732286453247e-02
9.680204093456268311e-02
9.670902043581008911e-02
9.661588817834854126e-02
9.652267396450042725e-02
9.642938524484634399e-02
9.633605182170867920e-02
9.624270349740982056e-02
9.614934027194976807e-02
9.605599194765090942e-02
9.596268832683563232e-02
9.586943686008453369e-02
9.577626734972000122e-02
9.568319469690322876e-02
9.559024870395660400e-02
9.549742937088012695e-02
9.540477395057678223e-02
9.531228989362716675e-02
9.522000700235366821e-02
9.512794017791748047e-02
9.503611177206039429e-02
9.494453668594360352e-02
9.485322237014770508e-02
9.476220607757568359e-02
9.467149525880813599e-02
9.458111226558685303e-02
9.449106454849243164e-02
9.440137445926666260e-02
9.431206434965133667e-02
9.422314167022705078e-02
9.413462132215499878e-02
9.404653310775756836e-02
9.395887702703475952e-02
9.387167543172836304e-02
9.378494322299957275e-02
9.369869530200958252e-02
9.361293166875839233e-02
9.352768957614898682e-02
9.344296902418136597e-02
9.335877746343612671e-02
9.327513724565505981e-02
9.319206327199935913e-02
9.310956299304962158e-02
9.302764385938644409e-02
9.294632822275161743e-02
9.286561608314514160e-02
9.278551489114761353e-02
9.270605444908142090e-02
9.262722730636596680e-02
9.254904836416244507e-02
9.247153252363204956e-02
9.239467978477478027e-02
9.231851249933242798e-02
9.224302321672439575e-02
9.216822683811187744e-02
9.209413826465606689e-02
9.202075004577636719e-02
9.194808453321456909e-02
9.187613427639007568e-02
9.180491417646408081e-02
9.173443913459777832e-02
9.166469424962997437e-02
9.159570187330245972e-02
9.152746200561523438e-02
9.145997464656829834e-02
9.139324724674224854e-02
9.132728725671768188e-02
9.126210957765579224e-02
9.119768440723419189e-02
9.113404899835586548e-02
9.107118099927902222e-02
9.100909531116485596e-02
9.094779938459396362e-02
9.088727831840515137e-02
9.082755446434020996e-02
9.076860547065734863e-02
9.071045368909835815e-02
9.065308421850204468e-02
9.059649705886840820e-02
9.054070711135864258e-02
9.048569947481155396e-02
9.043147414922714233e-02
9.037803113460540771e-02
9.032537043094635010e-02
9.027348458766937256e-02
9.022237360477447510e-02
9.017204493284225464e-02
9.012247622013092041e-02
9.007367491722106934e-02
9.002563357353210449e-02
8.997834473848342896e-02
8.993181586265563965e-02
8.988602459430694580e-02
8.984097838401794434e-02
8.979666978120803833e-02
8.975307643413543701e-02
8.971021324396133423e-02
8.966805785894393921e-02
8.962661027908325195e-02
8.958587050437927246e-02
8.954580873250961304e-02
8.950643241405487061e-02
8.946771919727325439e-02
8.942968398332595825e-02
8.939229696989059448e-02
8.935555070638656616e-02
8.931944519281387329e-02
8.928395807743072510e-02
8.924908190965652466e-02
8.921480923891067505e-02
8.918112516403198242e-02
8.914802223443984985e-02
8.911548554897308350e-02
8.908351510763168335e-02
8.905207365751266479e-02
8.902116864919662476e-02
8.899077773094177246e-02
8.896089345216751099e-02
8.893149346113204956e-02
8.890258520841598511e-02
8.887413889169692993e-02
8.884613215923309326e-02
8.881857246160507202e-02
8.879142999649047852e-02
8.876470476388931274e-02
8.873836696147918701e-02
8.871240913867950439e-02
8.868682384490966797e-02
8.866158127784729004e-02
8.863667398691177368e-02
8.861209452152252197e-02
8.858781307935714722e-02
8.856382966041564941e-02
8.854012191295623779e-02
8.851666748523712158e-02
8.849346637725830078e-02
8.847049623727798462e-02
8.844774216413497925e-02
8.842518180608749390e-02
8.840281516313552856e-02
8.838060498237609863e-02
8.835855871438980103e-02
8.833663910627365112e-02
8.831484615802764893e-02
8.829317241907119751e-02
8.827157318592071533e-02
8.825006335973739624e-02
8.822860568761825562e-02
8.820720016956329346e-02
8.818582445383071899e-02
8.816446363925933838e-02
8.814310282468795776e-02
8.812172710895538330e-02
8.810031414031982422e-02
8.807886391878128052e-02
8.805735409259796143e-02
8.803576231002807617e-02
8.801407366991043091e-02
8.799229562282562256e-02
8.797039091587066650e-02
8.794835209846496582e-02
8.792615681886672974e-02
8.790379762649536133e-02
8.788126707077026367e-02
8.785854279994964600e-02
8.783560246229171753e-02
8.781244605779647827e-02
8.778905123472213745e-02
8.776540309190750122e-02
8.774150162935256958e-02
8.771730959415435791e-02
8.769282698631286621e-02
8.766803890466690063e-02
8.764293044805526733e-02
8.761748671531677246e-02
8.759170025587081909e-02
8.756554871797561646e-02
8.753902465105056763e-02
8.751212060451507568e-02
8.748480677604675293e-02
8.745708316564559937e-02
8.742894232273101807e-02
8.740036189556121826e-02
8.737132698297500610e-02
8.734183013439178467e-02
8.731186389923095703e-02
8.728141337633132935e-02
8.725046366453170776e-02
8.721900731325149536e-02
8.718702942132949829e-02
8.715452253818511963e-02
8.712147176265716553e-02
8.708786964416503906e-02
8.705370873212814331e-02
8.701898157596588135e-02
8.698366582393646240e-02
8.694776147603988647e-02
8.691126108169555664e-02
8.687414973974227905e-02
8.683641254901885986e-02
8.679806441068649292e-02
8.675907552242279053e-02
8.671944588422775269e-02
8.667916804552078247e-02
8.663823455572128296e-02
8.659663796424865723e-02
8.655437827110290527e-02
8.651144057512283325e-02
8.646781742572784424e-02
8.642350882291793823e-02
8.637851476669311523e-02
8.633281290531158447e-02
8.628641813993453979e-02
8.623932301998138428e-02
8.619151264429092407e-02
8.614299446344375610e-02
8.609376102685928345e-02
8.604380488395690918e-02
8.599313348531723022e-02
8.594173938035964966e-02
8.588962256908416748e-02
8.583677560091018677e-02
8.578319847583770752e-02
8.572890609502792358e-02
8.567388355731964111e-02
8.561812341213226318e-02
8.556164056062698364e-02
8.550442755222320557e-02
8.544649928808212280e-02
8.538783341646194458e-02
8.532844483852386475e-02
8.526833355426788330e-02
8.520750701427459717e-02
8.514595031738281250e-02
8.508368581533432007e-02
8.502070605754852295e-02
8.495701104402542114e-02
8.489260822534561157e-02
8.482749760150909424e-02
8.476169407367706299e-02
8.469518274068832397e-02
8.462798595428466797e-02
8.456009626388549805e-02
8.449152112007141113e-02
8.442226052284240723e-02
8.435232937335968018e-02
8.428172767162322998e-02
8.421045541763305664e-02
8.413851261138916016e-02
8.406592905521392822e-02
8.399268984794616699e-02
8.391880244016647339e-02
8.384428173303604126e-02
8.376912772655487061e-02
8.369334787130355835e-02
8.361694216728210449e-02
8.353993296623229980e-02
8.346231281757354736e-02
8.338408917188644409e-02
8.330528438091278076e-02
8.322588354349136353e-02
8.314590901136398315e-02
8.306536823511123657e-02
8.298426121473312378e-02
8.290260285139083862e-02
8.282039314508438110e-02
8.273765444755554199e-02
8.265437930822372437e-02
8.257059007883071899e-02
8.248628675937652588e-02
8.240148425102233887e-02
8.231619000434875488e-02
8.223041146993637085e-02
8.214415609836578369e-02
8.205743879079818726e-02
8.197026699781417847e-02
8.188265562057495117e-02
8.179460465908050537e-02
8.170613646507263184e-02
8.161725848913192749e-02
8.152798563241958618e-02
8.143831044435501099e-02
8.134826272726058960e-02
8.125785738229751587e-02
8.116708695888519287e-02
8.107598125934600830e-02
8.098454773426055908e-02
8.089278638362884521e-02
8.080071955919265747e-02
8.070836216211318970e-02
8.061572164297103882e-02
8.052282035350799561e-02
8.042965829372406006e-02
8.033625036478042603e-02
8.024261146783828735e-02
8.014876395463943481e-02
8.005470782518386841e-02
7.996045053005218506e-02
7.986602932214736938e-02
7.977143675088882446e-02
7.967669516801834106e-02
7.958181947469711304e-02
7.948681712150573730e-02
7.939169555902481079e-02
7.929648458957672119e-02
7.920118421316146851e-02
7.910580188035964966e-02
7.901037484407424927e-02
7.891488820314407349e-02
7.881937175989151001e-02
7.872383296489715576e-02
7.862828671932220459e-02
7.853273302316665649e-02
7.843720912933349609e-02
7.834170013666152954e-02
7.824623584747314453e-02
7.815082371234893799e-02
7.805547118186950684e-02
7.796019315719604492e-02
7.786500453948974609e-02
7.776990532875061035e-02
7.767491787672042847e-02
7.758004963397979736e-02
7.748531550168991089e-02
7.739071547985076904e-02
7.729625701904296875e-02
7.720196992158889771e-02
7.710784673690795898e-02
7.701390981674194336e-02
7.692015916109085083e-02
7.682660967111587524e-02
7.673326879739761353e-02
7.664013653993606567e-02
7.654724270105361938e-02
7.645457237958908081e-02
7.636215537786483765e-02
7.626998424530029297e-02
7.617807388305664062e-02
7.608643174171447754e-02
7.599508017301559448e-02
7.590399682521820068e-02
7.581321895122528076e-02
7.572273910045623779e-02
7.563256472349166870e-02
7.554271072149276733e-02
7.545318454504013062e-02
7.536398619413375854e-02
7.527512311935424805e-02
7.518661022186279297e-02
7.509844005107879639e-02
7.501064240932464600e-02
7.492321729660034180e-02
7.483614981174468994e-02
7.474946975708007812e-02
7.466317713260650635e-02
7.457727938890457153e-02
7.449178397655487061e-02
7.440669834613800049e-02
7.432201504707336426e-02
7.423776388168334961e-02
7.415392994880676270e-02
7.407052814960479736e-02
7.398755848407745361e-02
7.390504330396652222e-02
7.382296025753021240e-02
7.374133914709091187e-02
7.366017252206802368e-02
7.357947528362274170e-02
7.349923998117446899e-02
7.341948151588439941e-02
7.334018498659133911e-02
7.326138019561767578e-02
7.318305969238281250e-02
7.310523092746734619e-02
7.302788645029067993e-02
7.295104116201400757e-02
7.287468761205673218e-02
7.279884070158004761e-02
7.272349298000335693e-02
7.264864444732666016e-02
7.257430255413055420e-02
7.250047475099563599e-02
7.242715358734130859e-02
7.235433906316757202e-02
7.228203862905502319e-02
7.221024483442306519e-02
7.213895767927169800e-02
7.206819206476211548e-02
7.199792563915252686e-02
7.192817330360412598e-02
7.185892760753631592e-02
7.179018855094909668e-02
7.172194868326187134e-02
7.165420800447463989e-02
7.158698141574859619e-02
7.152023911476135254e-02
7.145399600267410278e-02
7.138824462890625000e-02
7.132297754287719727e-02
7.125819474458694458e-02
7.119388878345489502e-02
7.113005965948104858e-02
7.106670737266540527e-02
7.100381702184677124e-02
7.094138860702514648e-02
7.087942212820053101e-02
7.081791013479232788e-02
7.075683772563934326e-02
7.069621235132217407e-02
7.063601911067962646e-02
7.057625800371170044e-02
7.051692903041839600e-02
7.045801728963851929e-02
7.039951533079147339e-02
7.034142315387725830e-02
7.028373330831527710e-02
7.022643834352493286e-02
7.016953825950622559e-02
7.011301815509796143e-02
7.005687057971954346e-02
7.000110298395156860e-02
6.994570046663284302e-02
6.989065557718276978e-02
6.983596831560134888e-02
6.978162378072738647e-02
6.972762197256088257e-02
6.967395544052124023e-02
6.962061673402786255e-02
6.956759840250015259e-02
6.951490044593811035e-02
6.946250796318054199e-02
6.941042095422744751e-02
6.935863941907882690e-02
6.930713355541229248e-02
6.925592571496963501e-02
6.920499354600906372e-02
6.915432959794998169e-02
6.910393387079238892e-02
6.905379146337509155e-02
6.900390982627868652e-02
6.895427405834197998e-02
6.890487670898437500e-02
6.885571032762527466e-02
6.880676746368408203e-02
6.875804811716079712e-02
6.870954483747482300e-02
6.866124272346496582e-02
6.861313432455062866e-02
6.856521964073181152e-02
6.851749122142791748e-02
6.846994161605834961e-02
6.842255592346191406e-02
6.837532669305801392e-02
6.832825392484664917e-02
6.828132271766662598e-02
6.823452562093734741e-02
6.818786263465881348e-02
6.814131140708923340e-02
6.809487938880920410e-02
6.804854422807693481e-02
6.800230592489242554e-02
6.795614957809448242e-02
6.791007518768310547e-02
6.786406785249710083e-02
6.781811267137527466e-02
6.777220219373703003e-02
6.772634387016296387e-02
6.768050789833068848e-02
6.763470172882080078e-02
6.758890300989151001e-02
6.754310429096221924e-02
6.749730557203292847e-02
6.745148450136184692e-02
6.740564107894897461e-02
6.735976040363311768e-02
6.731384247541427612e-02
6.726786494255065918e-02
6.722182780504226685e-02
6.717573106288909912e-02
6.712954491376876831e-02
6.708326935768127441e-02
6.703690439462661743e-02
6.699043512344360352e-02
6.694385409355163574e-02
6.689714640378952026e-02
6.685031205415725708e-02
6.680334359407424927e-02
6.675622612237930298e-02
6.670896708965301514e-02
6.666154414415359497e-02
6.661395728588104248e-02
6.656619906425476074e-02
6.651826202869415283e-02
6.647013872861862183e-02
6.642183661460876465e-02
6.637332588434219360e-02
6.632462143898010254e-02
6.627571582794189453e-02
6.622658669948577881e-02
6.617724895477294922e-02
6.612768769264221191e-02
6.607791036367416382e-02
6.602789461612701416e-02
6.597764790058135986e-02
6.592716276645660400e-02
6.587643921375274658e-02
6.582546979188919067e-02
6.577425450086593628e-02
6.572279334068298340e-02
6.567107141017913818e-02
6.561909615993499756e-02
6.556686013936996460e-02
6.551437079906463623e-02
6.546161323785781860e-02
6.540858745574951172e-02
6.535529345273971558e-02
6.530173122882843018e-02
6.524789333343505859e-02
6.519377976655960083e-02
6.513939797878265381e-02
6.508472561836242676e-02
6.502977758646011353e-02
6.497454643249511719e-02
6.491903215646743774e-02
6.486322730779647827e-02
6.480713933706283569e-02
6.475075334310531616e-02
6.469408422708511353e-02
6.463711708784103394e-02
6.457985937595367432e-02
6.452229619026184082e-02
6.446442753076553345e-02
6.440626829862594604e-02
6.434781104326248169e-02
6.428903341293334961e-02
6.422996520996093750e-02
6.417057663202285767e-02
6.411089003086090088e-02
6.405088305473327637e-02
6.399057060480117798e-02
6.392994523048400879e-02
6.386899203062057495e-02
6.380773335695266724e-02
6.374616175889968872e-02
6.368426233530044556e-02
6.362204998731613159e-02
6.355951726436614990e-02
6.349667161703109741e-02
6.343349814414978027e-02
6.336999684572219849e-02
6.330619007349014282e-02
6.324206292629241943e-02
6.317760795354843140e-02
6.311283260583877563e-02
6.304774433374404907e-02
6.298234313726425171e-02
6.291661411523818970e-02
6.285057961940765381e-02
6.278423219919204712e-02
6.271757185459136963e-02
6.265060603618621826e-02
6.258334219455718994e-02
6.251576542854309082e-02
6.244789063930511475e-02
6.237972155213356018e-02
6.231126561760902405e-02
6.224251165986061096e-02
6.217348203063011169e-02
6.210416182875633240e-02
6.203456968069076538e-02
6.196470931172370911e-02
6.189458444714546204e-02
6.182418763637542725e-02
6.175354495644569397e-02
6.168264523148536682e-02
6.161149963736534119e-02
6.154011934995651245e-02
6.146850436925888062e-02
6.139665842056274414e-02
6.132459640502929688e-02
6.125231459736824036e-02
6.117982417345046997e-02
6.110712885856628418e-02
6.103423982858657837e-02
6.096116453409194946e-02
6.088789552450180054e-02
6.081445887684822083e-02
6.074084714055061340e-02
6.066706404089927673e-02
6.059313192963600159e-02
6.051903963088989258e-02
6.044480204582214355e-02
6.037043035030364990e-02
6.029592081904411316e-02
6.022128462791442871e-02
6.014651805162429810e-02
6.007163971662521362e-02
5.999665707349777222e-02
5.992155894637107849e-02
5.984636396169662476e-02
5.977107584476470947e-02
5.969569459557533264e-02
5.962023138999938965e-02
5.954468622803688049e-02
5.946906656026840210e-02
5.939338356256484985e-02
5.931762233376502991e-02
5.924181267619132996e-02
5.916593968868255615e-02
5.909001827239990234e-02
5.901404470205307007e-02
5.893802642822265625e-02
5.886197462677955627e-02
5.878588557243347168e-02
5.870976299047470093e-02
5.863361805677413940e-02
5.855744332075119019e-02
5.848125740885734558e-02
5.840505659580230713e-02
5.832884460687637329e-02
5.825262516736984253e-02
5.817640200257301331e-02
5.810018256306648254e-02
5.802397057414054871e-02
5.794776976108551025e-02
5.787158384919166565e-02
5.779542028903961182e-02
5.771928280591964722e-02
5.764317139983177185e-02
5.756709724664688110e-02
5.749106034636497498e-02
5.741506814956665039e-02
5.733912810683250427e-02
5.726324766874313354e-02
5.718741938471794128e-02
5.711166933178901672e-02
5.703597888350486755e-02
5.696037411689758301e-02
5.688484758138656616e-02
5.680941790342330933e-02
5.673407390713691711e-02
5.665884166955947876e-02
5.658371374011039734e-02
5.650869756937026978e-02
5.643380060791969299e-02
5.635903403162956238e-02
5.628439784049987793e-02
5.620990321040153503e-02
5.613555386662483215e-02
5.606134980916976929e-02
5.598730593919754028e-02
5.591342970728874207e-02
5.583972483873367310e-02
5.576618760824203491e-02
5.569283291697502136e-02
5.561966449022293091e-02
5.554669350385665894e-02
5.547391995787620544e-02
5.540134385228157043e-02
5.532897636294364929e-02
5.525682494044303894e-02
5.518488585948944092e-02
5.511317402124404907e-02
5.504168197512626648e-02
5.497042462229728699e-02
5.489939823746681213e-02
5.482860654592514038e-02
5.475805699825286865e-02
5.468774959444999695e-02
5.461768805980682373e-02
5.454786866903305054e-02
5.447830259799957275e-02
5.440898984670639038e-02
5.433992668986320496e-02
5.427111685276031494e-02
5.420256406068801880e-02
5.413427203893661499e-02
5.406622961163520813e-02
5.399845167994499207e-02
5.393092706799507141e-02
5.386365577578544617e-02
5.379665270447731018e-02
5.372990295290946960e-02
5.366340279579162598e-02
5.359716713428497314e-02
5.353118106722831726e-02
5.346544831991195679e-02
5.339997634291648865e-02
5.333475396037101746e-02
5.326977744698524475e-02
5.320505797863006592e-02
5.314058437943458557e-02
5.307635664939880371e-02
5.301237478852272034e-02
5.294864252209663391e-02
5.288515239953994751e-02
5.282190442085266113e-02
5.275889858603477478e-02
5.269613489508628845e-02
5.263360962271690369e-02
5.257132276892662048e-02
5.250927433371543884e-02
5.244746431708335876e-02
5.238589271903038025e-02
5.232455581426620483e-02
5.226345360279083252e-02
5.220258980989456177e-02
5.214196071028709412e-02
5.208156630396842957e-02
5.202140659093856812e-02
5.196148157119750977e-02
5.190179497003555298e-02
5.184233933687210083e-02
5.178312212228775024e-02
5.172414332628250122e-02
5.166539177298545837e-02
5.160688608884811401e-02
5.154861509799957275e-02
5.149057880043983459e-02
5.143278092145919800e-02
5.137521773576736450e-02
5.131790041923522949e-02
5.126081407070159912e-02
5.120396614074707031e-02
5.114736035466194153e-02
5.109099298715591431e-02
5.103486031293869019e-02
5.097896605730056763e-02
5.092330649495124817e-02
5.086788535118103027e-02
5.081269890069961548e-02
5.075774714350700378e-02
5.070302635431289673e-02
5.064853653311729431e-02
5.059427395462989807e-02
5.054023861885070801e-02
5.048643425107002258e-02
5.043284595012664795e-02
5.037947744131088257e-02
5.032632872462272644e-02
5.027338862419128418e-02
5.022066086530685425e-02
5.016814172267913818e-02
5.011582002043724060e-02
5.006369948387145996e-02
5.001176521182060242e-02
4.996002465486526489e-02
4.990846663713455200e-02
4.985708370804786682e-02
4.980587959289550781e-02
4.975483939051628113e-02
4.970396310091018677e-02
4.965324327349662781e-02
4.960266873240470886e-02
4.955224320292472839e-02
4.950195178389549255e-02
4.945179820060729980e-02
4.940176755189895630e-02
4.935185983777046204e-02
4.930206388235092163e-02
4.925237596035003662e-02
4.920279234647750854e-02
4.915330559015274048e-02
4.910390824079513550e-02
4.905459657311439514e-02
4.900535941123962402e-02
4.895620048046112061e-02
4.890711233019828796e-02
4.885808378458023071e-02
4.880911484360694885e-02
4.876020178198814392e-02
4.871133714914321899e-02
4.866251721978187561e-02
4.861373826861381531e-02
4.856500029563903809e-02
4.851629212498664856e-02
4.846761375665664673e-02
4.841896891593933105e-02
4.837034642696380615e-02
4.832174628973007202e-02
4.827316477894783020e-02
4.822460189461708069e-02
4.817605763673782349e-02
4.812752455472946167e-02
4.807900637388229370e-02
4.803049936890602112e-02
4.798200353980064392e-02
4.793351516127586365e-02
4.788503423333168030e-02
4.783656448125839233e-02
4.778809845447540283e-02
4.773963987827301025e-02
4.769118502736091614e-02
4.764273762702941895e-02
4.759429767727851868e-02
4.754585400223731995e-02
4.749742150306701660e-02
4.744898527860641479e-02
4.740055277943611145e-02
4.735212028026580811e-02
4.730368778109550476e-02
4.725525155663490295e-02
4.720681905746459961e-02
4.715837538242340088e-02
4.710993170738220215e-02
4.706147685647010803e-02
4.701301455497741699e-02
4.696453735232353210e-02
4.691604897379875183e-02
4.686754569411277771e-02
4.681901633739471436e-02
4.677047207951545715e-02
4.672189801931381226e-02
4.667329788208007812e-02
4.662466049194335938e-02
4.657598957419395447e-02
4.652727767825126648e-02
4.647852107882499695e-02
4.642971605062484741e-02
4.638085514307022095e-02
4.633193835616111755e-02
4.628295823931694031e-02
4.623391479253768921e-02
4.618479683995246887e-02
4.613560065627098083e-02
4.608632624149322510e-02
4.603696241974830627e-02
4.598750919103622437e-02
4.593796283006668091e-02
4.588831216096878052e-02
4.583856090903282166e-02
4.578869789838790894e-02
4.573872312903404236e-02
4.568863287568092346e-02
4.563841968774795532e-02
4.558808729052543640e-02
4.553762450814247131e-02
4.548703506588935852e-02
4.543631151318550110e-02
4.538545385003089905e-02
4.533445835113525391e-02
4.528332501649856567e-02
4.523205012083053589e-02
4.518064111471176147e-02
4.512908682227134705e-02
4.507739096879959106e-02
4.502555355429649353e-02
4.497357830405235291e-02
4.492146521806716919e-02
4.486921057105064392e-02
4.481681808829307556e-02
4.476429149508476257e-02
4.471163079142570496e-02
4.465883970260620117e-02
4.460592195391654968e-02
4.455287754535675049e-02
4.449971392750740051e-02
4.444643110036849976e-02
4.439303278923034668e-02
4.433951899409294128e-02
4.428590461611747742e-02
4.423218220472335815e-02
4.417836293578147888e-02
4.412444308400154114e-02
4.407043755054473877e-02
4.401634261012077332e-02
4.396216198801994324e-02
4.390790686011314392e-02
4.385356977581977844e-02
4.379916191101074219e-02
4.374468699097633362e-02
4.369014129042625427e-02
4.363553598523139954e-02
4.358087480068206787e-02
4.352615028619766235e-02
4.347137734293937683e-02
4.341654479503631592e-02
4.336166754364967346e-02
4.330674186348915100e-02
4.325176402926445007e-02
4.319674149155616760e-02
4.314167425036430359e-02
4.308655858039855957e-02
4.303139820694923401e-02
4.297619313001632690e-02
4.292094707489013672e-02
4.286564886569976807e-02
4.281030222773551941e-02
4.275491088628768921e-02
4.269946739077568054e-02
4.264397546648979187e-02
4.258843138813972473e-02
4.253283143043518066e-02
4.247717559337615967e-02
4.242146015167236328e-02
4.236568883061408997e-02
4.230985417962074280e-02
4.225395619869232178e-02
4.219799488782882690e-02
4.214196279644966125e-02
4.208586737513542175e-02
4.202970117330551147e-02
4.197346046566963196e-02
4.191715270280838013e-02
4.186077043414115906e-02
4.180431365966796875e-02
4.174778610467910767e-02
4.169118404388427734e-02
4.163450747728347778e-02
4.157776013016700745e-02
4.152094200253486633e-02
4.146405681967735291e-02
4.140710085630416870e-02
4.135008156299591064e-02
4.129299521446228027e-02
4.123585298657417297e-02
4.117865115404129028e-02
4.112140089273452759e-02
4.106410220265388489e-02
4.100675508379936218e-02
4.094937443733215332e-02
4.089195281267166138e-02
4.083450883626937866e-02
4.077703878283500671e-02
4.071955382823944092e-02
4.066205397248268127e-02
4.060455411672592163e-02
4.054705053567886353e-02
4.048956185579299927e-02
4.043208807706832886e-02
4.037463292479515076e-02
4.031720757484436035e-02
4.025981947779655457e-02
4.020247235894203186e-02
4.014517739415168762e-02
4.008793458342552185e-02
4.003075510263442993e-02
3.997363895177841187e-02
3.991660475730895996e-02
3.985964134335517883e-02
3.980277106165885925e-02
3.974598273634910583e-02
3.968929126858711243e-02
3.963269665837287903e-02
3.957620635628700256e-02
3.951982036232948303e-02
3.946354612708091736e-02
3.940737992525100708e-02
3.935132920742034912e-02
3.929539397358894348e-02
3.923957422375679016e-02
3.918386995792388916e-02
3.912828862667083740e-02
3.907282277941703796e-02
3.901747241616249084e-02
3.896223753690719604e-02
3.890712186694145203e-02
3.885211795568466187e-02
3.879722952842712402e-02
3.874244913458824158e-02
3.868777677416801453e-02
3.863320872187614441e-02
3.857874497771263123e-02
3.852437809109687805e-02
3.847010806202888489e-02
3.841593489050865173e-02
3.836184740066528320e-02
3.830785304307937622e-02
3.825394064188003540e-02
3.820010647177696228e-02
3.814635798335075378e-02
3.809268027544021606e-02
3.803907707333564758e-02
3.798554092645645142e-02
3.793207928538322449e-02
3.787868469953536987e-02
3.782535716891288757e-02
3.777209296822547913e-02
3.771889209747314453e-02
3.766575828194618225e-02
3.761268779635429382e-02
3.755968436598777771e-02
3.750674426555633545e-02
3.745387122035026550e-02
3.740106895565986633e-02
3.734834119677543640e-02
3.729568421840667725e-02
3.724310547113418579e-02
3.719061240553855896e-02
3.713819757103919983e-02
3.708587586879730225e-02
3.703364357352256775e-02
3.698151558637619019e-02
3.692948818206787109e-02
3.687756881117820740e-02
3.682576864957809448e-02
3.677408397197723389e-02
3.672252222895622253e-02
3.667109832167625427e-02
3.661980852484703064e-02
3.656866401433944702e-02
3.651766479015350342e-02
3.646682202816009521e-02
3.641614317893981934e-02
3.636562451720237732e-02
3.631528094410896301e-02
3.626510873436927795e-02
3.621511533856391907e-02
3.616530820727348328e-02
3.611568734049797058e-02
3.606625646352767944e-02
3.601701930165290833e-02
3.596797958016395569e-02
3.591913729906082153e-02
3.587048873305320740e-02
3.582204133272171021e-02
3.577379509806632996e-02
3.572574630379676819e-02
3.567789867520332336e-02
3.563024476170539856e-02
3.558278828859329224e-02
3.553552180528640747e-02
3.548844531178474426e-02
3.544155135750770569e-02
3.539484366774559021e-02
3.534831106662750244e-02
3.530194982886314392e-02
3.525575622916221619e-02
3.520972281694412231e-02
3.516384586691856384e-02
3.511811792850494385e-02
3.507253527641296387e-02
3.502708673477172852e-02
3.498176857829093933e-02
3.493657708168029785e-02
3.489149734377861023e-02
3.484652936458587646e-02
3.480166196823120117e-02
3.475689142942428589e-02
3.471221402287483215e-02
3.466762229800224304e-02
3.462310880422592163e-02
3.457866609096527100e-02
3.453429415822029114e-02
3.448998555541038513e-02
3.444573655724525452e-02
3.440153971314430237e-02
3.435740247368812561e-02
3.431330993771553040e-02
3.426926583051681519e-02
3.422526642680168152e-02
3.418131172657012939e-02
3.413739800453186035e-02
3.409353271126747131e-02
3.404971212148666382e-02
3.400593623518943787e-02
3.396220132708549500e-02
3.391852229833602905e-02
3.387488797307014465e-02
3.383131325244903564e-02
3.378779441118240356e-02
3.374433517456054688e-02
3.370093926787376404e-02
3.365761786699295044e-02
3.361436352133750916e-02
3.357119485735893250e-02
3.352810814976692200e-02
3.348510712385177612e-02
3.344219923019409180e-02
3.339938819408416748e-02
3.335668519139289856e-02
3.331408649682998657e-02
3.327160328626632690e-02
3.322923555970191956e-02
3.318699076771736145e-02
3.314486891031265259e-02
3.310288116335868835e-02
3.306102007627487183e-02
3.301928937435150146e-02
3.297770023345947266e-02
3.293624892830848694e-02
3.289493173360824585e-02
3.285375609993934631e-02
3.281272202730178833e-02
3.277182206511497498e-02
3.273105993866920471e-02
3.269043192267417908e-02
3.264993801712989807e-02
3.260957449674606323e-02
3.256933018565177917e-02
3.252920880913734436e-02
3.248920664191246033e-02
3.244930878281593323e-02
3.240951523184776306e-02
3.236981853842735291e-02
3.233021497726440430e-02
3.229069337248802185e-02
3.225124999880790710e-02
3.221186995506286621e-02
3.217254951596260071e-02
3.213328123092651367e-02
3.209405764937400818e-02
3.205486759543418884e-02
3.201569989323616028e-02
3.197655454277992249e-02
3.193741291761398315e-02
3.189827501773834229e-02
3.185912966728210449e-02
3.181997314095497131e-02
3.178079053759574890e-02
3.174158185720443726e-02
3.170233592391014099e-02
3.166305273771286011e-02
3.162372484803199768e-02
3.158434480428695679e-02
3.154490515589714050e-02
3.150541335344314575e-02
3.146585822105407715e-02
3.142623975872993469e-02
3.138655796647071838e-02
3.134681284427642822e-02
3.130700066685676575e-02
3.126712143421173096e-02
3.122718073427677155e-02
3.118717670440673828e-02
3.114711679518222809e-02
3.110699914395809174e-02
3.106683120131492615e-02
3.102661669254302979e-02
3.098635748028755188e-02
3.094606101512908936e-02
3.090573288500308990e-02
3.086537867784500122e-02
3.082500770688056946e-02
3.078462183475494385e-02
3.074423223733901978e-02
3.070384077727794647e-02
3.066345490515232086e-02
3.062308579683303833e-02
3.058273904025554657e-02
3.054241836071014404e-02
3.050213120877742767e-02
3.046188503503799438e-02
3.042168170213699341e-02
3.038153238594532013e-02
3.034143708646297455e-02
3.030140325427055359e-02
3.026143275201320648e-02
3.022152930498123169e-02
3.018169663846492767e-02
3.014193661510944366e-02
3.010224737226963043e-02
3.006263449788093567e-02
3.002309612929821014e-02
2.998362667858600616e-02
2.994423359632492065e-02
2.990490570664405823e-02
2.986564859747886658e-02
2.982645295560359955e-02
2.978731878101825714e-02
2.974823303520679474e-02
2.970920130610466003e-02
2.967021055519580841e-02
2.963125519454479218e-02
2.959232963621616364e-02
2.955342829227447510e-02
2.951454184949398041e-02
2.947566099464893341e-02
2.943677641451358795e-02
2.939788810908794403e-02
2.935897931456565857e-02
2.932004444301128387e-02
2.928107604384422302e-02
2.924206666648387909e-02
2.920300699770450592e-02
2.916388772428035736e-02
2.912470512092113495e-02
2.908545359969139099e-02
2.904612198472023010e-02
2.900670655071735382e-02
2.896720357239246368e-02
2.892760559916496277e-02
2.888791076838970184e-02
2.884811349213123322e-02
2.880821749567985535e-02
2.876821346580982208e-02
2.872810140252113342e-02
2.868788689374923706e-02
2.864756435155868530e-02
2.860713936388492584e-02
2.856661379337310791e-02
2.852598577737808228e-02
2.848526462912559509e-02
2.844445221126079559e-02
2.840355597436428070e-02
2.836257964372634888e-02
2.832152880728244781e-02
2.828041277825832367e-02
2.823924273252487183e-02
2.819801680743694305e-02
2.815675362944602966e-02
2.811545692384243011e-02
2.807413414120674133e-02
2.803279832005500793e-02
2.799146063625812531e-02
2.795012108981609344e-02
2.790880203247070312e-02
2.786750532686710358e-02
2.782623842358589172e-02
2.778501436114311218e-02
2.774383872747421265e-02
2.770272083580493927e-02
2.766167186200618744e-02
2.762069553136825562e-02
2.757979743182659149e-02
2.753898501396179199e-02
2.749826386570930481e-02
2.745763584971427917e-02
2.741711027920246124e-02
2.737668715417385101e-02
2.733636647462844849e-02
2.729615382850170135e-02
2.725604549050331116e-02
2.721604518592357635e-02
2.717614918947219849e-02
2.713635750114917755e-02
2.709666639566421509e-02
2.705707028508186340e-02
2.701756730675697327e-02
2.697815559804439545e-02
2.693882212042808533e-02
2.689956687390804291e-02
2.686038054525852203e-02
2.682125568389892578e-02
2.678218670189380646e-02
2.674316428601741791e-02
2.670417912304401398e-02
2.666522748768329620e-02
2.662629634141921997e-02
2.658737450838088989e-02
2.654846198856830597e-02
2.650954388082027435e-02
2.647061459720134735e-02
2.643166109919548035e-02
2.639268524944782257e-02
2.635367214679718018e-02
2.631461806595325470e-02
2.627551555633544922e-02
2.623636275529861450e-02
2.619715034961700439e-02
2.615787647664546967e-02
2.611853927373886108e-02
2.607913501560688019e-02
2.603965997695922852e-02
2.600011602044105530e-02
2.596050314605236053e-02
2.592082135379314423e-02
2.588107250630855560e-02
2.584126032888889313e-02
2.580138854682445526e-02
0.000000000000000000e+00
0.000000000000000000e+00
0.000000000000000000e+00
0.000000000000000000e+00
0.000000000000000000e+00
0.000000000000000000e+00
0.000000000000000000e+00
0.000000000000000000e+00
0.000000000000000000e+00
0.000000000000000000e+00
0.000000000000000000e+00
0.000000000000000000e+00
0.000000000000000000e+00
0.000000000000000000e+00
0.000000000000000000e+00
0.000000000000000000e+00
0.000000000000000000e+00
0.000000000000000000e+00
0.000000000000000000e+00
0.000000000000000000e+00
0.000000000000000000e+00
0.000000000000000000e+00
0.000000000000000000e+00
0.000000000000000000e+00
0.000000000000000000e+00
0.000000000000000000e+00
0.000000000000000000e+00
0.000000000000000000e+00
0.000000000000000000e+00
0.000000000000000000e+00
0.000000000000000000e+00
0.000000000000000000e+00
0.000000000000000000e+00
0.000000000000000000e+00
0.000000000000000000e+00
0.000000000000000000e+00
0.000000000000000000e+00
0.000000000000000000e+00
0.000000000000000000e+00
0.000000000000000000e+00
0.000000000000000000e+00
0.000000000000000000e+00
0.000000000000000000e+00
0.000000000000000000e+00
0.000000000000000000e+00
0.000000000000000000e+00
0.000000000000000000e+00
0.000000000000000000e+00
0.000000000000000000e+00
0.000000000000000000e+00
0.000000000000000000e+00
0.000000000000000000e+00
0.000000000000000000e+00
0.000000000000000000e+00
0.000000000000000000e+00
0.000000000000000000e+00
0.000000000000000000e+00
0.000000000000000000e+00
0.000000000000000000e+00
0.000000000000000000e+00
0.000000000000000000e+00
0.000000000000000000e+00
0.000000000000000000e+00
0.000000000000000000e+00
0.000000000000000000e+00
0.000000000000000000e+00
0.000000000000000000e+00
0.000000000000000000e+00
0.000000000000000000e+00
0.000000000000000000e+00
0.000000000000000000e+00
0.000000000000000000e+00
0.000000000000000000e+00
0.000000000000000000e+00
0.000000000000000000e+00
0.000000000000000000e+00
0.000000000000000000e+00
0.000000000000000000e+00
0.000000000000000000e+00
0.000000000000000000e+00
0.000000000000000000e+00
0.000000000000000000e+00
0.000000000000000000e+00
0.000000000000000000e+00
0.000000000000000000e+00
0.000000000000000000e+00
0.000000000000000000e+00
0.000000000000000000e+00
0.000000000000000000e+00
0.000000000000000000e+00
0.000000000000000000e+00
0.000000000000000000e+00
0.000000000000000000e+00
0.000000000000000000e+00
0.000000000000000000e+00
0.000000000000000000e+00
0.000000000000000000e+00
0.000000000000000000e+00
0.000000000000000000e+00
0.000000000000000000e+00
