# pp
8.753389690225040449e-09
5.324326055961044761e-09
3.679904624144977631e-09
2.734090160279320183e-09
2.127894108403156456e-09
1.711378904915287111e-09
1.410530295461451658e-09
1.185002519255747345e-09
1.010763171021656140e-09
8.731722776162099394e-10
7.621733355673866882e-10
6.711691533727263849e-10
5.955947136288486884e-10
5.320713029500200286e-10
4.781140611151911581e-10
4.318777709604738449e-10
3.919496279453123427e-10
3.571962320302121136e-10
3.267346242295316592e-10
2.998942061018451097e-10
2.761354066787234965e-10
2.549961087931076477e-10
2.360972824719614038e-10
2.191350133285258073e-10
2.038578698467846754e-10
1.900518565052113295e-10
1.775342137580189320e-10
1.661425932741898730e-10
1.557410461510122829e-10
1.462247279842457531e-10
1.375034828139138993e-10
1.294913853294746733e-10
1.221128221458607312e-10
1.153037564106183905e-10
1.090085181104148899e-10
1.031777070391496059e-10
9.776760161733266548e-11
9.273899255455592612e-11
8.805710904049512693e-11
8.369120202429891498e-11
7.961407904538850467e-11
7.580153373180627326e-11
7.223192800208616932e-11
6.888586599349156088e-11
6.574584247928319039e-11
6.279580949032342804e-11
6.002122982932345799e-11
5.740896982163966377e-11
5.494713734290324771e-11
5.262489546594064469e-11
5.043221664821334707e-11
4.835993629577845821e-11
4.639970402290572307e-11
4.454389735578243651e-11
4.278551840555540267e-11
4.111805220629214575e-11
3.953550290881719459e-11
3.803236871787436238e-11
3.660359343753242353e-11
3.524454324972954087e-11
3.395102268267862028e-11
3.271917324464389292e-11
3.154542365896731960e-11
3.042646423338714814e-11
2.935920028909754922e-11
2.834066638029552644e-11
2.736808751813334609e-11
2.643888578217746095e-11
2.555066366169060033e-11
2.470117416129320309e-11
2.388826593235675456e-11
2.310992088012969134e-11
2.236425779630045390e-11
2.164952138177404700e-11
2.096408325705186126e-11
2.030646354975008596e-11
1.967528603220319741e-11
1.906925965413988960e-11
1.848717225161127671e-11
1.792788099032780407e-11
1.739029643020077843e-11
1.687339031417011566e-11
1.637619494510561265e-11
1.589779894195140559e-11
1.543733984419437920e-11
1.499399068065467331e-11
1.456696820181450695e-11
1.415553334172251618e-11
1.375898826474266913e-11
1.337667183431135772e-11
1.300795199230383491e-11
1.265222936292875111e-11
1.230893691369805367e-11
1.197753789347853943e-11
1.165752392187861582e-11
1.134841321742934329e-11
1.104974895317475195e-11
1.076109772932518178e-11
1.048204815356205973e-11
1.021220952042421890e-11
9.951210581965040383e-12
9.698698402554725660e-12
9.454337291321143402e-12
9.217807806282523409e-12
8.988805824732280206e-12
8.767041674895654002e-12
8.552239324294534423e-12
8.344135620635246521e-12
8.142479581378022574e-12
7.947030726645162001e-12
7.757555593514836345e-12
7.573830394633545090e-12
7.395641481540274990e-12
7.222784804463210101e-12
7.055065405196016521e-12
6.892296940767353599e-12
6.734301235793090995e-12
6.580907861561620195e-12
6.431953740050161083e-12
6.287282771205087837e-12
6.146745481943396521e-12
6.010198695446242727e-12
5.877505219420198384e-12
5.748533552097956591e-12
5.623157604838901036e-12
5.501256440271253659e-12
5.382714024992782055e-12
5.267418995916134609e-12
5.155264439408817132e-12
5.046147380074990105e-12
4.939967712728595780e-12
4.836628983813546797e-12
4.736038520167350387e-12
4.638107255638743967e-12
4.542749566826179600e-12
4.449883117395962288e-12
4.359428710474570922e-12
4.271310148642851462e-12
4.185454101090469664e-12
4.101789977517605801e-12
4.020249808397333859e-12
3.940768131236818739e-12
3.863281882498324747e-12
3.787730294862389120e-12
3.714054799535331953e-12
3.642198933321732772e-12
3.572108250199775036e-12
3.503730237153334372e-12
3.437014234029724628e-12
3.371911364452640107e-12
3.308374484070137730e-12
3.246358088213085445e-12
3.185818238476039238e-12
3.126712499797638363e-12
3.068999880437595225e-12
3.012640774699894611e-12
2.957596908260482543e-12
2.903831285965915696e-12
2.851308141976994734e-12
2.799992892138595542e-12
2.749852088463613749e-12
2.700853375625185447e-12
2.652965449357265268e-12
2.606158016669185307e-12
2.560401757784984158e-12
2.515668289723205965e-12
2.471930131437437819e-12
2.429160670442173137e-12
2.387334130852643768e-12
2.346425542771079184e-12
2.306410712955436105e-12
2.267266196710035040e-12
2.228969270940709219e-12
2.191497908320078760e-12
2.154830715573529743e-12
2.118946802238033824e-12
2.083825874325727499e-12
2.049448249821709980e-12
2.015794837283335429e-12
1.982847115294799060e-12
1.950587112738513996e-12
1.918997389846699592e-12
1.888061019998425891e-12
1.857761572229085961e-12
1.828083094420881433e-12
1.799010097144473452e-12
1.770527538123372601e-12
1.742620807294053759e-12
1.715275712436062015e-12
1.688478465347630663e-12
1.662215668543478975e-12
1.636474302452596627e-12
1.611241713094844933e-12
1.586505600216212569e-12
1.562254005863513816e-12
1.538475303380201515e-12
1.515158186805819712e-12
1.492291660662435683e-12
1.469865030112143431e-12
1.447867929554180574e-12
1.426290424714423787e-12
1.405122884448306583e-12
1.384355933710391827e-12
1.363980445667920097e-12
1.343987534091818374e-12
1.324368546014184085e-12
1.305115054641717713e-12
1.286218852515069601e-12
1.267671944904471405e-12
1.249466543432472657e-12
1.231595059914977282e-12
1.214050100412165681e-12
1.196824459481251908e-12
1.179911114623353653e-12
1.163303220917102074e-12
1.146994105831911788e-12
1.130977264214145147e-12
1.115246353439671676e-12
1.099795188726616424e-12
1.084617738602327000e-12
1.069708120518850431e-12
1.055060596611445627e-12
1.040669569594871293e-12
1.026529578792416340e-12
1.012635296292838955e-12
9.989815232305737534e-13
9.855631861847605262e-13
9.723753336928197214e-13
9.594131328744759312e-13
9.466718661622897655e-13
9.341469281349178438e-13
9.218338224494694693e-13
9.097281588694682957e-13
8.978256503850687667e-13
8.861221104223049357e-13
8.746134501382733758e-13
8.632956757992736615e-13
8.521648862390478433e-13
8.412172703943600972e-13
8.304491049152729449e-13
8.198567518475776150e-13
8.094366563849164907e-13
7.991853446882552456e-13
7.890994217704237613e-13
7.791755694435486199e-13
7.694105443272734774e-13
7.598011759157411675e-13
7.503443647013903506e-13
7.410370803536900015e-13
7.318763806798689321e-13
7.228594707786716684e-13
7.139836369362052587e-13
7.052462240583145390e-13
6.966446342097456287e-13
6.881763251948453629e-13
6.798388492288449217e-13
6.716296513458058290e-13
6.635464304079407333e-13
6.555869282956880735e-13
6.477487834414559429e-13
6.400296893416289497e-13
6.324275319901115235e-13
6.249402364429419336e-13
6.175656334134017979e-13
6.103016034946264959e-13
6.031462024587208993e-13
5.960975215945763189e-13
5.891535660410046067e-13
5.823123861830722571e-13
5.755721920339362653e-13
5.689312259413415138e-13
5.623876514852015239e-13
5.559396733435593791e-13
5.495856418378911270e-13
5.433239367636962670e-13
5.371528658101098607e-13
5.310707740451418799e-13
5.250761395855894131e-13
5.191674674470706294e-13
5.133431965582978066e-13
5.076017998871365036e-13
5.019418720911898428e-13
4.963620324052799836e-13
4.908608394241178984e-13
4.854368827782775907e-13
4.800888635290679924e-13
4.748155052191573841e-13
4.696154756863595608e-13
4.644874710997817462e-13
4.594302897811118521e-13
4.544427506387966424e-13
4.495236213541228513e-13
4.446716955007545053e-13
4.398858604026420477e-13
4.351650222556030529e-13
4.305080400961464174e-13
4.259137966508636095e-13
4.213812607775688782e-13
4.169094186517549906e-13
4.124972214438430322e-13
4.081436753910904955e-13
4.038478731815357904e-13
3.996089221130868891e-13
3.954258881291569982e-13
3.912978558347667761e-13
3.872239815556963649e-13
3.832034350695141369e-13
3.792353479920078036e-13
3.753188690829129471e-13
3.714532132129516189e-13
3.676376076503304119e-13
3.638712444143383198e-13
3.601533312899441193e-13
3.564831370606293714e-13
3.528599419464360121e-13
3.492829935788797508e-13
3.457515541020125906e-13
3.422649419939936297e-13
3.388224862927544189e-13
3.354234858800634959e-13
3.320672530095464551e-13
3.287531520087305578e-13
3.254805569640296966e-13
3.222488140318795621e-13
3.190572817011104507e-13
3.159053666393041389e-13
3.127924845406024708e-13
3.097180252087293016e-13
3.066813898315513896e-13
3.036820242106143644e-13
3.007193825036998076e-13
2.977928948486305437e-13
2.949020019014096192e-13
2.920461856654375723e-13
2.892249358861644920e-13
2.864377200061562915e-13
2.836840151945300945e-13
2.809633369722832599e-13
2.782752080391619898e-13
2.756191303698354443e-13
2.729946149411179977e-13
2.704012083318163775e-13
2.678384637823654402e-13
2.653059152593507499e-13
2.628031050679599415e-13
2.603296085885497417e-13
2.578850073879352837e-13
2.554688650951535808e-13
2.530807530694657559e-13
2.507202770953576176e-13
2.483870632361533195e-13
2.460807240682355277e-13
2.438008788536448256e-13
2.415471749900824666e-13
2.393192647565466032e-13
2.371167844049847570e-13
2.349393763998723234e-13
2.327867094088901000e-13
2.306584566484897830e-13
2.285542763934771382e-13
2.264738326959126535e-13
2.244168140286888113e-13
2.223829131065850865e-13
2.203718087050765834e-13
2.183831849760972120e-13
2.164167488471206490e-13
2.144722112040517155e-13
2.125492699198487338e-13
2.106476278745618911e-13
2.087670092038095785e-13
2.069071417396101630e-13
2.050677411578279694e-13
2.032485278007319226e-13
2.014492418608546930e-13
1.996696269847105823e-13
1.979094154557110331e-13
1.961683439091801039e-13
1.944461675304110230e-13
1.927426447342308342e-13
1.910575233069636442e-13
1.893905550963018382e-13
1.877415092958610233e-13
1.861101581208212657e-13
1.844962638388186904e-13
1.828995925102268586e-13
1.813199264255855909e-13
1.797570507041556687e-13
1.782107411493472896e-13
1.766807771087470790e-13
1.751669531254051669e-13
1.736690663921444071e-13
1.721869053723496093e-13
1.707202618434181728e-13
1.692689418179798209e-13
1.678327537922634132e-13
1.664114980778244631e-13
1.650049780869444913e-13
1.636130105753829742e-13
1.622354146280806307e-13
1.608720032551889290e-13
1.595225987198027948e-13
1.581870372293102809e-13
1.568651569901853327e-13
1.555567888187235372e-13
1.542617660709440042e-13
1.529799336705617347e-13
1.517111384202092672e-13
1.504552201840439749e-13
1.492120212083797520e-13
1.479814031286225944e-13
1.467631952434093904e-13
1.455572632240746219e-13
1.443634739339587570e-13
1.431816633792934478e-13
1.420117022889113595e-13
1.408534470006828302e-13
1.397067559518213447e-13
1.385715047103762286e-13
1.374475402689210656e-13
1.363347417619799174e-13
1.352329893893786693e-13
1.341421360615466664e-13
1.330620653965497152e-13
1.319926482843264768e-13
1.309337574690253441e-13
1.298852808618596008e-13
1.288470810703261702e-13
1.278190491640007924e-13
1.268010771661445339e-13
1.257930329167124848e-13
1.247948114680819548e-13
1.238062965923664983e-13
1.228273737028743394e-13
1.218579416683138547e-13
1.208978769061402108e-13
1.199470810877580600e-13
1.190054567397269120e-13
1.180728849156318943e-13
1.171492708317695397e-13
1.162345096876985341e-13
1.153284981386136700e-13
1.144311447998128887e-13
1.135423383277881619e-13
1.126619898298341621e-13
1.117900111812483918e-13
1.109262951545702941e-13
1.100707560181417003e-13
1.092232991286457892e-13
1.083838311363782852e-13
1.075522695749952691e-13
1.067285151233421377e-13
1.059124886663936262e-13
1.051041117557809885e-13
1.043032888938989046e-13
1.035099437184216940e-13
1.027239919009950193e-13
1.019453502425177551e-13
1.011739450240368971e-13
1.004096866438528261e-13
9.965250332094699345e-14
9.890232387539479871e-14
9.815906190521514371e-14
9.742264809407940590e-14
9.669300601314016742e-14
9.597006024122146796e-14
9.525374383021739828e-14
9.454397563607242329e-14
9.384069044402792645e-14
9.314382358206203578e-14
9.245329676389116008e-14
9.176904698527923493e-14
9.109100488053965854e-14
9.041910198476498056e-14
8.975327741895151173e-14
8.909345759420725987e-14
8.843958318453506894e-14
8.779159535464208255e-14
8.714942307246535231e-14
8.651300899778247708e-14
8.588229009111905152e-14
8.525720411960892641e-14
8.463769565325109409e-14
8.402369786387153189e-14
8.341515671519112972e-14
8.281201861516498517e-14
8.221421902705827142e-14
8.162170570125201925e-14
8.103442127382129629e-14
8.045230910432243210e-14
7.987531866274342143e-14
7.930338918088662834e-14
7.873647138150439108e-14
7.817451639001405980e-14
7.761746549516495816e-14
7.706527102963745950e-14
7.651788072946779647e-14
7.597524298065451771e-14
7.543731166618990715e-14
7.490403145856817780e-14
7.437535771391572774e-14
7.385124752414073561e-14
7.333164944209614348e-14
7.281652193000792551e-14
7.230581928055141231e-14
7.179949633983960874e-14
7.129751287563544348e-14
7.079982032684543784e-14
7.030637941756181798e-14
6.981715117433361636e-14
6.933208861262987996e-14
6.885115368198179404e-14
6.837430457355170691e-14
6.790150397782029874e-14
6.743269907618861179e-14
6.696786933445928023e-14
6.650696289981173335e-14
6.604994419160448531e-14
6.559678540835842694e-14
6.514742898985205014e-14
6.470184805252678928e-14
6.426001560148098151e-14
6.382187599117754643e-14
6.338740311246624813e-14
6.295656379154762450e-14
6.252931136094308376e-14
6.210562724834975652e-14
6.168546562860233814e-14
6.126879483947841434e-14
6.085558345932685758e-14
6.044578738787618459e-14
6.003938892156850018e-14
5.963634474983081989e-14
5.923662486919917883e-14
5.884020565082643994e-14
5.844703910046209519e-14
5.805710234086576087e-14
5.767037241603613284e-14
5.728680288776021663e-14
5.690637152596273207e-14
5.652905031542059987e-14
5.615480016825712666e-14
5.578360505449411786e-14
5.541542657751618495e-14
5.505023796640563033e-14
5.468801265152332954e-14
5.432871364206438446e-14
5.397232564733993454e-14
5.361881232577793483e-14
5.326814827720490362e-14
5.292031343013811261e-14
5.257526796297289652e-14
5.223299280057192993e-14
5.189346880609816670e-14
5.155665748767706095e-14
5.122254029365973738e-14
5.089109390328694997e-14
5.056228585573523790e-14
5.023610270722710844e-14
4.991251255497492537e-14
4.959149308324463793e-14
4.927302213946039046e-14
4.895706895516360538e-14
4.864362068758472687e-14
4.833264709332142854e-14
4.802412696608725641e-14
4.771804344225621437e-14
4.741436305846910836e-14
4.711306945216998782e-14
4.681414621755639876e-14
4.651756092026307952e-14
4.622329763931789757e-14
4.593133650751956932e-14
4.564165008034114883e-14
4.535422668137125482e-14
4.506903932897398710e-14
4.478606899202253861e-14
4.450529677716514531e-14
4.422669663745327892e-14
4.395025741169781252e-14
4.367595348917234392e-14
4.340376676495636281e-14
4.313368274733765393e-14
4.286567314354725275e-14
4.259972387865031146e-14
4.233582084793750655e-14
4.207393660864851137e-14
4.181405745965153071e-14
4.155616641854348589e-14
4.130024019102820832e-14
4.104626861956406180e-14
4.079422879560800553e-14
4.054410443540812532e-14
4.029587937195627846e-14
4.004953147069251370e-14
3.980505101665051003e-14
3.956241623934048500e-14
3.932161163155343603e-14
3.908262470623395118e-14
3.884543144862955962e-14
3.861001979117155649e-14
3.837637792948022604e-14
3.814448297484963402e-14
3.791432352084137745e-14
3.768588541442528480e-14
3.745914921529995789e-14
3.723410647217159852e-14
3.701073805692942630e-14
3.678903038144948586e-14
3.656896995167109129e-14
3.635053826785125366e-14
3.613372723370178901e-14
3.591851864459348813e-14
3.570489954081660368e-14
3.549285949332178277e-14
3.528237839668366338e-14
3.507344610447098939e-14
3.486605245270528466e-14
3.466017791016286060e-14
3.445581258697541619e-14
3.425294428876515897e-14
3.405155637755044621e-14
3.385164145233188083e-14
3.365318313773270502e-14
3.345616971579929549e-14
3.326058954895889100e-14
3.306642678713869358e-14
3.287367433658926914e-14
3.268231659581049103e-14
3.249234237847397078e-14
3.230374263186636456e-14
3.211650015055837499e-14
3.193060612011911238e-14
3.174605171455119385e-14
3.156282020947426084e-14
3.138090301015035159e-14
3.120028958003917529e-14
3.102096563245214066e-14
3.084292467729028942e-14
3.066615264963205661e-14
3.049063941626734971e-14
3.031637491287444024e-14
3.014334551553431702e-14
2.997154500053114022e-14
2.980095995412920938e-14
2.963158069449272069e-14
2.946339760530923142e-14
2.929640113565304817e-14
2.913057838975469229e-14
2.896592342689561038e-14
2.880242025606552536e-14
2.864006663808326895e-14
2.847884707652127627e-14
2.831875612117568298e-14
2.815978503969371143e-14
2.800191880985772486e-14
2.784515215096585257e-14
2.768947970885013474e-14
2.753488682318704323e-14
2.738136523545766586e-14
2.722890975759936865e-14
2.707750617356009059e-14
2.692715238928329630e-14
2.677783441658507074e-14
2.662954724996987527e-14
2.648228008157466187e-14
2.633602511103274100e-14
2.619077458873824632e-14
2.604652081575170173e-14
2.590325338769364996e-14
2.576096751739735366e-14
2.561965295478543531e-14
2.547930228185110794e-14
2.533990812887360913e-14
2.520146055212775645e-14
2.506395495207952456e-14
2.492738153161716851e-14
2.479173318810465405e-14
2.465700286494276814e-14
2.452318355147310505e-14
2.439026581157716190e-14
2.425824524580845795e-14
2.412711013343830240e-14
2.399685858668222563e-14
2.386747906814652203e-14
2.373896732991758273e-14
2.361131674447287550e-14
2.348451611253050245e-14
2.335856131286523079e-14
2.323344817611814172e-14
2.310916576326796432e-14
2.298570779068418827e-14
2.286307021307901970e-14
2.274124240911630055e-14
2.262022259096382247e-14
2.250000030156237247e-14
2.238057163380455114e-14
2.226192844821678891e-14
2.214406479968975469e-14
2.202697478117660555e-14
2.191065256257453346e-14
2.179509049062450769e-14
2.168028505678174847e-14
2.156622875465917542e-14
2.145291614701782793e-14
2.134034183030100452e-14
2.122849851231533081e-14
2.111738281523328302e-14
2.100698754941383675e-14
2.089730749806487057e-14
2.078833747658014770e-14
2.068007233247731470e-14
2.057250512911118053e-14
2.046563262829708195e-14
2.035944620822643383e-14
2.025394447503457055e-14
2.014911893572173172e-14
2.004496645820598933e-14
1.994148215861063566e-14
1.983865778187162220e-14
1.973649028483822958e-14
1.963497659021349972e-14
1.953410862623957270e-14
1.943388175108278638e-14
1.933429297463858408e-14
1.923533444932414589e-14
1.913700485012378714e-14
1.903929644543842031e-14
1.894220634235264164e-14
1.884572851704054939e-14
1.874985856633391488e-14
1.865459211391491126e-14
1.855992481025759895e-14
1.846585083828917993e-14
1.837236742340601864e-14
1.827946882848293983e-14
1.818715085012892468e-14
1.809540931058553482e-14
1.800423863011689135e-14
1.791363613546684674e-14
1.782359632319059469e-14
1.773411515504973493e-14
1.764518861733767109e-14
1.755681272082182199e-14
1.746898214877019635e-14
1.738169433694237695e-14
1.729494271333743981e-14
1.720872608870877412e-14
1.712303798610146620e-14
1.703787592306651042e-14
1.695323614267108071e-14
1.686911249156144805e-14
1.678550273245051180e-14
1.670240460309749090e-14
1.661981211012766627e-14
1.653772181869737737e-14
1.645613152764195666e-14
1.637503540300685652e-14
1.629443248642680517e-14
1.621431702631961215e-14
1.613468688945360975e-14
1.605553759780177776e-14
1.597686588475911064e-14
1.589866850259402110e-14
1.582094222241262366e-14
1.574368271321287799e-14
1.566688792421859426e-14
1.559055358116449855e-14
1.551467655871141989e-14
1.543925374957980090e-14
1.536428099176158111e-14
1.528975630542890925e-14
1.521567558282509981e-14
1.514203581573787148e-14
1.506883401327412225e-14
1.499606720182422235e-14
1.492373140698581905e-14
1.485182472525489037e-14
1.478034223335827975e-14
1.470928306173593980e-14
1.463864235518826672e-14
1.456841826787311789e-14
1.449860796994212079e-14
1.442920673166517870e-14
1.436021275536400112e-14
1.429162422621734345e-14
1.422343651177827518e-14
1.415564691130407951e-14
1.408825365723872990e-14
1.402125223591460296e-14
1.395464182051634610e-14
1.388841795918636624e-14
1.382257893751981586e-14
1.375712126677902763e-14
1.369204237518213249e-14
1.362733970559569050e-14
1.356301071550156816e-14
1.349905202691224966e-14
1.343546199083972236e-14
1.337223727242894398e-14
1.330937542982119301e-14
1.324687412130579345e-14
1.318473022478037159e-14
1.312294227419726598e-14
1.306150718622037968e-14
1.300042271151372098e-14
1.293968661297085575e-14
1.287929666569421718e-14
1.281924988221343347e-14
1.275954484966329895e-14
1.270017785565581242e-14
1.264114827287276028e-14
1.258245243801320207e-14
1.252408897878486601e-14
1.246605577268691511e-14
1.240834924730182739e-14
1.235096878920887963e-14
1.229391087298389326e-14
1.223717345791133553e-14
1.218075592805648446e-14
1.212465482731082310e-14
1.206886814793389554e-14
1.201339251376659201e-14
1.195822870857696483e-14
1.190337200968234980e-14
1.184882183152981783e-14
1.179457622006517326e-14
1.174063190829662575e-14
1.168698699604545287e-14
1.163364089536807627e-14
1.158059040286321072e-14
1.152783364884788239e-14
1.147536877366710468e-14
1.142319392767457948e-14
1.137130727121262542e-14
1.131970573466358185e-14
1.126838875829027839e-14
1.121735453199562552e-14
1.116660004550320534e-14
1.111612353779930194e-14
1.106592444782749181e-14
1.101599864233099817e-14
1.096634676006429788e-14
1.091696588680984761e-14
1.086785430823241050e-14
1.081900917566817861e-14
1.077042995508828948e-14
1.072211495952042473e-14
1.067406139484192833e-14
1.062626872653275362e-14
1.057873421064308874e-14
1.053145629449259917e-14
1.048443344766327096e-14
1.043766522004893297e-14
1.039114794319974331e-14
1.034488119113680691e-14
1.029886346449744950e-14
1.025309223275380526e-14
1.020756706733514983e-14
1.016228649181535309e-14
1.011724802300555574e-14
1.007245022385703341e-14
1.002789266307501930e-14
9.983571913163413765e-15
9.939487565193631985e-15
9.895639186132664782e-15
9.852023417042081305e-15
9.808639846976315081e-15
9.765487089284475333e-15
9.722562819528404204e-15
9.679865687502002561e-15
9.637395279958935880e-15
9.595149315401198733e-15
9.553126463977041990e-15
9.511326311184092595e-15
9.469745716189552234e-15
9.428384284985019924e-15
9.387240714446876505e-15
9.346313708104042562e-15
9.305601102195519988e-15
9.265102500971467375e-15
9.224815767199127124e-15
9.184739650644935100e-15
9.144873754542274453e-15
9.105215980833556191e-15
9.065765098139141698e-15
9.026519053476513922e-15
8.987478289841408357e-15
8.948639945070529104e-15
8.910003640177636647e-15
8.871568174527762859e-15
8.833331557087380407e-15
8.795292617774100868e-15
8.757450976722298877e-15
8.719804679058715546e-15
8.682352572236283301e-15
8.645093509479611718e-15
8.608026349774240077e-15
8.571149957855470249e-15
8.534462454943504734e-15
8.497963487026443154e-15
8.461651981529442129e-15
8.425526147957624293e-15
8.389584949989221043e-15
8.353828077523714198e-15
8.318253056003632297e-15
8.282860301093116471e-15
8.247648074926804134e-15
8.212615365834448160e-15
8.177760472498753696e-15
8.143083097974064003e-15
8.108582245079648231e-15
8.074256242493790742e-15
8.040104791924545845e-15
8.006126241748935077e-15
7.972319629054108650e-15
7.938683995498916581e-15
7.905219041289824333e-15
7.871922504368171985e-15
7.838794098970914158e-15
7.805832884978555946e-15
7.773037292095314238e-15
7.740407033415860439e-15
7.707941182290993431e-15
7.675638195903773239e-15
7.643497170422830404e-15
7.611517817804953387e-15
7.579698015178513747e-15
7.548037487575353904e-15
7.516535946257544074e-15
7.485191308119877250e-15
7.454003297346227177e-15
7.422971039832796010e-15
7.392093085054158472e-15
7.361368580134648502e-15
7.330797248330403134e-15
7.300377664205902774e-15
7.270108986943059371e-15
7.239990939351517840e-15
7.210021565144680319e-15
7.180200599183603995e-15
7.150527216497772693e-15
7.121000596061490679e-15
7.091619381264182696e-15
7.062383306325987212e-15
7.033291030215599786e-15
7.004341759107143776e-15
6.975535226893160284e-15
6.946870115571976214e-15
6.918345642544088343e-15
6.889960521513733701e-15
6.861715032753052683e-15
6.833607414449313454e-15
6.805637442535744029e-15
6.777804383664428323e-15
6.750107013447417700e-15
6.722544616021593541e-15
6.695116966093770998e-15
6.667822859877925967e-15
6.640661591242735798e-15
6.613632457263744144e-15
6.586734758219109010e-15
6.559967797585095984e-15
6.533330415282232272e-15
6.506822394592535845e-15
6.480443048476841617e-15
6.454191236257676048e-15
6.428066287020836245e-15
6.402067983190782899e-15
6.376194756009456302e-15
6.350446841085083948e-15
6.324823129271607967e-15
6.299322964744672775e-15
6.273945260115046077e-15
6.248689806245374132e-15
6.223555956190902721e-15
6.198542640593529734e-15
6.173649649855646055e-15
6.148875926471252984e-15
6.124220844170383970e-15
6.099683779495951662e-15
6.075264522391961171e-15
6.050961630941278810e-15
6.026774903605171465e-15
6.002703728136191093e-15
5.978747095906607174e-15
5.954904805015817955e-15
5.931176251508670602e-15
5.907560443366480492e-15
5.884056790382405247e-15
5.860665090381250886e-15
5.837383984945577549e-15
5.814213279873891578e-15
5.791152772868678221e-15
5.768201129466882206e-15
5.745358155255767912e-15
5.722623278399209620e-15
5.699995562670187214e-15
5.677474449080432261e-15
5.655059743042659467e-15
5.632750526466709927e-15
5.610546262224378219e-15
5.588446772872846144e-15
5.566450817462250451e-15
5.544558225663931208e-15
5.522768472538279757e-15
5.501081035460430948e-15
5.479495051712597402e-15
5.458010350403749712e-15
5.436626078065406259e-15
5.415341728198329097e-15
5.394157129582196188e-15
5.373071442434556589e-15
5.352084166866389709e-15
5.331194478876047292e-15
5.310402537745284866e-15
5.289707199726562108e-15
5.269108299869631716e-15
5.248605349098743725e-15
5.228197545195486519e-15
5.207884409846828186e-15
5.187665777823972272e-15
5.167540859667610493e-15
5.147509183274226400e-15
5.127570278587770719e-15
5.107723677596599001e-15
5.087968914330313810e-15
5.068305524856470437e-15
5.048732454152146351e-15
5.029249843491482841e-15
5.009857234943580101e-15
4.990554172602224783e-15
4.971339625307414466e-15
4.952213726240618847e-15
4.933176025457718545e-15
4.914224943625224003e-15
4.895361743312718441e-15
4.876584852849672424e-15
4.857893841448309807e-15
4.839288280144449213e-15
4.820768288778424385e-15
4.802332344400629450e-15
4.783981113865843517e-15
4.765714164667181878e-15
4.747530001248592530e-15
4.729428745307824023e-15
4.711409980654296791e-15
4.693473292898763586e-15
4.675618269450183229e-15
4.657844499512513888e-15
4.640151064007124755e-15
4.622538081735474192e-15
4.605005156281921398e-15
4.587551892943809420e-15
4.570177400548997608e-15
4.552881792578258168e-15
4.535664187759067899e-15
4.518524696241547799e-15
4.501462446544772605e-15
4.484477545575755949e-15
4.467568652759024829e-15
4.450736356922673413e-15
4.433980278280820705e-15
4.417299099931616386e-15
4.400693396568195037e-15
4.384161866780332342e-15
4.367705076010756658e-15
4.351321738149305845e-15
4.335012409560116733e-15
4.318776270495952336e-15
4.302612514654083168e-15
4.286521239715291282e-15
4.270502090659672992e-15
4.254554274391428225e-15
4.238678320971196624e-15
4.222873003555665277e-15
4.207137981636851208e-15
4.191473344361468016e-15
4.175878320153955507e-15
4.160352995444187165e-15
4.144896607090804618e-15
4.129509238878459552e-15
4.114189721428485059e-15
4.098938555888372322e-15
4.083755404896922660e-15
4.068639119371162629e-15
4.053590188599325033e-15
4.038607476784118615e-15
4.023691066654165900e-15
4.008841031924858956e-15
3.994056256425313829e-15
3.979337210300954577e-15
3.964682790266265657e-15
3.950092686736869537e-15
3.935567358735043250e-15
3.921105721956563889e-15
3.906707849420775256e-15
3.892373052953827362e-15
3.878101403265766007e-15
3.863892219584839222e-15
3.849745571314554557e-15
3.835661156566198407e-15
3.821637946619265481e-15
3.807676381423217327e-15
3.793775803863475329e-15
3.779935924865520898e-15
3.766156811886451428e-15
3.752437818336246094e-15
3.738778307836609602e-15
3.725178700004951439e-15
3.711638012117215168e-15
3.698156657240670197e-15
3.684733663796677445e-15
3.671369438420311993e-15
3.658063020545085110e-15
3.644814139179935899e-15
3.631623191482236361e-15
3.618489233112541711e-15
3.605412325718537034e-15
3.592391869145813171e-15
3.579427923081927550e-15
3.566519893709072752e-15
3.553667838805810936e-15
3.540871170825025912e-15
3.528129628512588237e-15
3.515442951663755028e-15
3.502811194345510109e-15
3.490233781315162501e-15
3.477710455547632150e-15
3.465240961060221665e-15
3.452825042910861484e-15
3.440462447196304971e-15
3.428153222753838985e-15
3.415896512471849485e-15
3.403692071172142305e-15
3.391540246875102887e-15
3.379440196724168226e-15
3.367391970940289182e-15
3.355395322799719129e-15
3.343450006601968560e-15
3.331555203511367131e-15
3.319711536415766082e-15
3.307918190224844142e-15
3.296174928513101298e-15
3.284481795860742846e-15
3.272838274208769814e-15
3.261244129982266173e-15
3.249699130541273055e-15
3.238203317425319560e-15
3.226756183262303010e-15
3.215357498951762325e-15
3.204007039149329390e-15
3.192704580119531316e-15
3.181449899022329255e-15
3.170242773911533185e-15
3.159082983733189083e-15
3.147970048163924807e-15
3.136904011260384190e-15
3.125884654602613462e-15
3.114911760656402918e-15
3.103984858888911419e-15
3.093103990499738041e-15
3.082268940569387262e-15
3.071478996484242730e-15
3.060734697473058311e-15
3.050035334133519726e-15
3.039380699490733852e-15
3.028770587380095905e-15
3.018205034278795254e-15
3.007683350512964479e-15
2.997205814566084306e-15
2.986772219179642848e-15
2.976381885856764193e-15
2.966034852217526376e-15
2.955730917760598860e-15
2.945469882783612197e-15
2.935251548381632365e-15
2.925075716445624070e-15
2.914941961994705829e-15
2.904850318902046234e-15
2.894800591409116119e-15
2.884792584547103528e-15
2.874825881872161154e-15
2.864900514909090857e-15
2.855016071405453041e-15
2.845172581744048766e-15
2.835369637822302758e-15
2.825607268910775843e-15
2.815884856588603582e-15
2.806202646021149716e-15
2.796560449140963750e-15
2.786957657402044634e-15
2.777394510533312896e-15
2.767870406462893714e-15
2.758385581356177175e-15
2.748939439543066675e-15
2.739532213686438678e-15
2.730163517695275744e-15
2.720832971043173820e-15
2.711540600396258805e-15
2.702286229315472916e-15
2.693069486141767978e-15
2.683890597189305362e-15
2.674748995466094630e-15
2.665644513951274940e-15
2.656577180115769661e-15
2.647546632060736229e-15
2.638552896268384720e-15
2.629595614419192849e-15
2.620674812031963268e-15
2.611789946089852554e-15
2.602941231618107766e-15
2.594128503374948984e-15
2.585351226867942031e-15
2.576609612421882599e-15
2.567903131134637971e-15
2.559231808510157338e-15
2.550595666391839816e-15
2.541994184148053248e-15
2.533427564495723304e-15
2.524895292241120825e-15
2.516397214122068944e-15
2.507933528422825920e-15
2.499503727974562360e-15
2.491107834723798458e-15
2.482745522259541372e-15
2.474416811680331183e-15
2.466121379758080494e-15
2.457859246765186523e-15
2.449630261124053703e-15
2.441433936807782045e-15
2.433270462357078629e-15
2.425139522358423416e-15
2.417040970456666203e-15
2.408974824553091063e-15
2.400940773829450500e-15
2.392938511803263514e-15
2.384968218937701864e-15
2.377029428958431839e-15
2.369122319719249635e-15
2.361246429746428661e-15
2.353401934327750474e-15
2.345588376738112433e-15
2.337805618865788824e-15
2.330053832211785888e-15
2.322332567060635579e-15
2.314641839662679668e-15
2.306981359456581747e-15
2.299351141992956076e-15
2.291750899505732939e-15
2.284180647486001914e-15
2.276640104038568507e-15
2.269129139426993538e-15
2.261647624396304483e-15
2.254195576144470955e-15
2.246772718748956461e-15
2.239378924410165852e-15
2.232014065806555659e-15
2.224678016093781337e-15
2.217370648903823596e-15
2.210091979427224687e-15
2.202841599282873199e-15
2.195619385916919537e-15
2.188425494633358324e-15
2.181259523220121889e-15
2.174121487627694141e-15
2.167011264782072691e-15
2.159928732078262936e-15
2.152873497683816006e-15
2.145845846744235665e-15
2.138845389093645833e-15
2.131872006222629980e-15
2.124925711904063688e-15
2.118006255175871963e-15
2.111113518847829461e-15
2.104247386163192664e-15
2.097407869717884689e-15
2.090594723259464649e-15
2.083807831340510379e-15
2.077047078943812111e-15
2.070312351481560732e-15
2.063603534794520273e-15
2.056920515151185399e-15
2.050263179246933786e-15
2.043631290920170159e-15
2.037024862370373615e-15
2.030443781555537489e-15
2.023887936857139315e-15
2.017357096510685434e-15
2.010851271646606421e-15
2.004370351898884641e-15
1.997913990168069802e-15
1.991482316703287706e-15
1.985075222370986114e-15
1.978692598454874452e-15
1.972334104699015539e-15
1.965999867733237792e-15
1.959689550658228874e-15
1.953403278325660430e-15
1.947140944043999733e-15
1.940902216486674679e-15
1.934686996453393423e-15
1.928495408843395922e-15
1.922327352057518751e-15
1.916182504161227324e-15
1.910060767957782668e-15
1.903962264899405902e-15
1.897886677769297360e-15
1.891834126336956200e-15
1.885804296497692277e-15
1.879797092793522943e-15
1.873812420103761173e-15
1.867850394890191842e-15
1.861910499061631637e-15
1.855993268807887021e-15
1.850097980092559216e-15
1.844224749587889746e-15
1.838373689761254460e-15
1.832544295631664208e-15
1.826736884783514427e-15
1.820951159593305448e-15
1.815187028323716686e-15
1.809444199533421617e-15
1.803722983299820063e-15
1.798023087750905704e-15
1.792344422469076104e-15
1.786686701626864740e-15
1.781050227997109355e-15
1.775434521714089152e-15
1.769839881972346523e-15
1.764265833764813163e-15
1.758712482244140146e-15
1.753179549773357012e-15
1.747667328516025971e-15
1.742175353004693377e-15
1.736703725524518860e-15
1.731252359197094854e-15
1.725820983019985089e-15
1.720409697181575053e-15
1.715018233275822348e-15
1.709646690114513896e-15
1.704294982382790278e-15
1.698962845529308294e-15
1.693650376349751807e-15
1.688357312824539523e-15
1.683083750425574329e-15
1.677829429639694876e-15
1.672594444635562647e-15
1.667378538381337447e-15
1.662181630813973922e-15
1.657003814701912152e-15
1.651844839300391165e-15
1.646704628526214036e-15
1.641583275851231350e-15
1.636480534614518998e-15
1.631396329524739027e-15
1.626330752161451078e-15
1.621283393638386407e-15
1.616254511789321679e-15
1.611243865754019701e-15
1.606251381541433585e-15
1.601276985416151747e-15
1.596320603897977845e-15
1.591382324297105815e-15
1.586461751723435688e-15
1.581558974848298689e-15
1.576674079215017820e-15
1.571806675765978420e-15
1.566956851387979366e-15
1.562124534375026133e-15
1.557309653272763922e-15
1.552512136878004345e-15
1.547731914238244806e-15
1.542968914651179811e-15
1.538222916185645559e-15
1.533494001706180380e-15
1.528782101244149394e-15
1.524086995970845032e-15
1.519408915411368845e-15
1.514747492895436910e-15
1.510102661759875650e-15
1.505474647585239515e-15
1.500863089070943654e-15
1.496267920237443518e-15
1.491689219060615096e-15
1.487126917748489342e-15
1.482580806510583807e-15
1.478050820264743176e-15
1.473537034910632531e-15
1.469039383602725405e-15
1.464557660432846505e-15
1.460091801210122586e-15
1.455641879820138116e-15
1.451207693210818886e-15
1.446789177849357048e-15
1.442386406144127778e-15
1.437999177857809603e-15
1.433627430112169962e-15
1.429271100242336739e-15
1.424930258734540709e-15
1.420604709465893431e-15
1.416294392560003899e-15
1.411999248767610733e-15
1.407719219036353618e-15
1.403454374052077677e-15
1.399204395404466277e-15
1.394969483053283728e-15
1.390749321650432986e-15
1.386543981997433399e-15
1.382353532458260408e-15
1.378177662218718499e-15
1.374016565631945247e-15
1.369869934867176653e-15
1.365737838416488716e-15
1.361620219372703711e-15
1.357517021021671471e-15
1.353428186841915387e-15
1.349353539350473308e-15
1.345293144803450218e-15
1.341246947244655792e-15
1.337214890909214452e-15
1.333196801527359583e-15
1.329192743623122086e-15
1.325202661992989267e-15
1.321226384734604940e-15
1.317263975103655243e-15
1.313315378454982049e-15
1.309380425220055620e-15
1.305459062887404747e-15
1.301551353058143319e-15
1.297657241820136767e-15
1.293776562658695266e-15
1.289909263753135549e-15
1.286055405098237318e-15
1.282214933509495916e-15
1.278387574949075770e-15
1.274573499881297223e-15
1.270772655658957853e-15
1.266984772119265414e-15
1.263210016885201517e-15
1.259448230091058517e-15
1.255699361439664042e-15
1.251963467466261505e-15
1.248240390459382177e-15
1.244530080624502244e-15
1.240832488331041333e-15
1.237147564112094099e-15
1.233475258664162609e-15
1.229815522846877278e-15
1.226168410646873687e-15
1.222533667121477024e-15
1.218911348688431057e-15
1.215301510172219548e-15
1.211703901777387865e-15
1.208118579142273959e-15
1.204545496123593561e-15
1.200984606728595602e-15
1.197435865114808985e-15
1.193899127179218680e-15
1.190374544692285698e-15
1.186861875926251070e-15
1.183361174039614258e-15
1.179872393929344119e-15
1.176395394663534442e-15
1.172930228371125952e-15
1.169476850386622503e-15
1.166035121642586886e-15
1.162605093260482096e-15
1.159186721010165978e-15
1.155779867662941825e-15
1.152384583354362358e-15
1.149000732064879313e-15
1.145628363281963835e-15
1.142267342184112884e-15
1.138917717619990864e-15
1.135579355955133578e-15
1.132252215450138038e-15
1.128936344008837123e-15
1.125631609753246692e-15
1.122338059971000453e-15
1.119055563944126732e-15
1.115784080597098891e-15
1.112523656306081417e-15
1.109274075178124234e-15
1.106035470743576887e-15
1.102807715127519251e-15
1.099590853518625943e-15
1.096384673974162149e-15
1.093189307134871635e-15
1.090004543000438698e-15
1.086830510789863014e-15
1.083667085953599564e-15
1.080514228841106046e-15
1.077371817219673603e-15
1.074239977516809524e-15
1.071118587345219965e-15
1.068007607561222519e-15
1.064906918048177811e-15
1.061816642509855810e-15
1.058736580374944156e-15
1.055666774320704620e-15
1.052607266471395449e-15
1.049557781199923154e-15
1.046518520139052476e-15
1.043489288579985734e-15
1.040470128948178919e-15
1.037461004651119872e-15
1.034461879213265575e-15
1.031472639428290506e-15
1.028493326649700109e-15
1.025523828644199404e-15
1.022564186237526758e-15
1.019614363523880535e-15
1.016674249716189575e-15
1.013743810232438147e-15
1.010823084864913252e-15
1.007912038157938267e-15
1.005010561218680480e-15
1.002118619890375011e-15
9.992362529605603926e-16
9.963633529320376911e-16
9.934999581004664055e-16
9.906459618905814544e-16
9.878013306708364225e-16
9.849660309120285529e-16
9.821400999409691462e-16
9.793234329960711169e-16
9.765159968598155821e-16
9.737177584164386297e-16
9.709287540507583569e-16
9.681488117179435928e-16
9.653780370739223003e-16
9.626163280148454563e-16
9.598636519368129855e-16
9.571199763367536612e-16
9.543852688122712767e-16
9.516594970614868739e-16
9.489426288828795898e-16
9.462346321751265185e-16
9.435354749369398108e-16
9.408451252669018026e-16
9.381634858596645315e-16
9.354906563338464695e-16
9.328264743895861936e-16
9.301709740219476765e-16
9.275241238214196990e-16
9.248858924773719953e-16
9.222561851307700819e-16
9.196350349227786003e-16
9.170224108335345118e-16
9.144182820886396952e-16
9.118225561574818280e-16
9.092352662286601524e-16
9.066563206941115088e-16
9.040857523244110403e-16
9.015235315412271914e-16
8.989695678885023314e-16
8.964238328420516467e-16
8.938863583535394938e-16
8.913571152052784490e-16
8.888360144507480913e-16
8.863230279070719690e-16
8.838181867292959742e-16
8.813214030835779344e-16
8.788327077348102956e-16
8.763520135843335533e-16
8.738792928709513308e-16
8.714145179157001828e-16
8.689577187147537341e-16
8.665087522952959010e-16
8.640677631917624474e-16
8.616345520941876940e-16
8.592091490583799946e-16
8.567915831478711246e-16
8.543817145010302702e-16
8.519796283291266926e-16
8.495852414493295067e-16
8.471985270070579876e-16
8.448194032926005977e-16
8.424479537433703993e-16
8.400840965516347600e-16
8.377278051857723133e-16
8.353789992831623524e-16
8.330377605485908660e-16
8.307039551187063561e-16
8.283776638471104432e-16
8.260587540365847695e-16
8.237472530392648475e-16
8.214430824660963651e-16
8.191463214940922801e-16
8.168568397218655932e-16
8.145746638223602284e-16
8.122997681338372617e-16
8.100320758726860455e-16
8.077716132135624700e-16
8.055183040031896720e-16
8.032721740884306350e-16
8.010331981937514348e-16
7.988013011031226247e-16
7.965765081818462598e-16
7.943587449265283384e-16
7.921480368631455132e-16
7.899443105748495349e-16
7.877475913653116156e-16
7.855578064184592639e-16
7.833749323097800435e-16
7.811989938718621844e-16
7.790299191784791431e-16
7.768676850105789823e-16
7.747123157391483677e-16
7.725637403164844792e-16
7.704219357281150166e-16
7.682869258927011984e-16
7.661585939802626470e-16
7.640370106947633404e-16
7.619221064257228874e-16
7.598138584954075775e-16
7.577122442924766990e-16
7.556172412718892566e-16
7.535288723275251725e-16
7.514470240921697552e-16
7.493717198019223246e-16
7.473029819247274152e-16
7.452406985421510560e-16
7.431848924605699566e-16
7.411355415962661193e-16
7.390926239310187940e-16
7.370561175119992634e-16
7.350260004516641501e-16
7.330022509276496102e-16
7.309847609212755751e-16
7.289736816583329609e-16
7.269688193799408066e-16
7.249703238600502038e-16
7.229780030426631661e-16
7.209919209609456426e-16
7.190120562398467162e-16
7.170383040332235689e-16
7.150708105470019238e-16
7.131093879056928985e-16
7.111540985205314861e-16
7.092049213312331176e-16
7.072617536948119405e-16
7.053247383434823500e-16
7.033936914833405228e-16
7.014685934136346346e-16
6.995495848242502445e-16
6.976364843215977397e-16
6.957293518140827657e-16
6.938280876567427419e-16
6.919328299279783478e-16
6.900433223160582068e-16
6.881597809579787443e-16
6.862820295116572446e-16
6.844101264300840164e-16
6.825439749109760782e-16
6.806836328136244576e-16
6.788290041468268249e-16
6.769801461828807373e-16
6.751370393023226413e-16
6.732995887195014445e-16
6.714678508411829287e-16
6.696417316746678409e-16
6.678212870561128377e-16
6.660064237786566563e-16
6.641971971142692405e-16
6.623935146348779582e-16
6.605954310546077919e-16
6.588028547171917433e-16
6.570158397851739810e-16
6.552342953671733512e-16
6.534582035024331628e-16
6.516876175352887855e-16
6.499224477064753401e-16
6.481627468240946711e-16
6.464084258767925419e-16
6.446594671580455653e-16
6.429159226804783067e-16
6.411777045397461227e-16
6.394447951800555469e-16
6.377172458318710216e-16
6.359949696830968239e-16
6.342779493280107099e-16
6.325661674092554977e-16
6.308596741331995576e-16
6.291583841199831078e-16
6.274622801614412988e-16
6.257714117119345151e-16
6.240856944502347851e-16
6.224051113166610965e-16
6.207296452994125468e-16
6.190592794345062205e-16
6.173940619477744086e-16
6.157338453963868735e-16
6.140787429562404073e-16
6.124286727161436642e-16
6.107836179544254706e-16
6.091435619968034010e-16
6.075085516386457845e-16
6.058784431738416134e-16
6.042532838182883436e-16
6.026331198823335300e-16
6.010178097438495197e-16
5.994074621542002336e-16
5.978019984456337043e-16
5.962013410983768514e-16
5.946055973470267717e-16
5.930146894892216257e-16
5.914285409543257567e-16
5.898472574836035367e-16
5.882707021965576159e-16
5.866989798517159760e-16
5.851319547268231358e-16
5.835697306077966039e-16
5.820121729199633835e-16
5.804593256713950717e-16
5.789111733142385208e-16
5.773677003453880275e-16
5.758288913064082222e-16
5.742947307834573520e-16
5.727652034072082957e-16
5.712402365745720333e-16
5.697198727869136806e-16
5.682040968043200303e-16
5.666928934311022060e-16
5.651862475157143112e-16
5.636840879196216158e-16
5.621864561020202622e-16
5.606933370397407182e-16
5.592046604563423707e-16
5.577205222527622391e-16
5.562407971828317643e-16
5.547655256918664702e-16
5.532946386366609188e-16
5.518281760626405736e-16
5.503661232449066755e-16
5.489084118764748438e-16
5.474551348039633454e-16
5.460061172553197826e-16
5.445615048483641144e-16
5.431211769842254079e-16
5.416851198825210821e-16
5.402533720357063857e-16
5.388259190529755068e-16
5.374026948036273991e-16
5.359837372154809475e-16
5.345689806894071533e-16
5.331584627808314753e-16
5.317521693049693825e-16
5.303500354530809032e-16
5.289520478221442412e-16
5.275582434200846218e-16
5.261685584365709603e-16
5.247830295543028246e-16
5.234015934744624170e-16
5.220242865212582706e-16
5.206510459029916236e-16
5.192819075892571273e-16
5.179168092911200504e-16
5.165557381153920040e-16
5.151987295054070911e-16
5.138457219168067080e-16
5.124967025623058588e-16
5.111517063674882314e-16
5.098106725230517702e-16
5.084735883471490506e-16
5.071404882559728050e-16
5.058113121658828836e-16
5.044860474999909883e-16
5.031647281733111358e-16
5.018472948185937965e-16
5.005337349634183388e-16
4.992240361691348720e-16
4.979181860308193799e-16
4.966162176441694209e-16
4.953180728138089492e-16
4.940237392384748074e-16
4.927332046504252004e-16
4.914465015062122276e-16
4.901635280315959274e-16
4.888843612508085547e-16
4.876089443415820199e-16
4.863372652057300230e-16
4.850693117782769134e-16
4.838050720274073021e-16
4.825445339544164613e-16
4.812877287754891724e-16
4.800345580096609430e-16
4.787850959379897656e-16
4.775392448839907100e-16
4.762970784592810928e-16
4.750584997847376540e-16
4.738235397224139776e-16
4.725922284438488481e-16
4.713644702527695874e-16
4.701403371161699858e-16
4.689197341176310568e-16
4.677027325777050555e-16
4.664892383529387477e-16
4.652792812762864926e-16
4.640728498738093180e-16
4.628699328414910601e-16
4.616705189411595070e-16
4.604745969658610254e-16
4.592821157528900847e-16
4.580931443011290342e-16
4.569075916912783411e-16
4.557254868252723147e-16
4.545468186490913203e-16
4.533715761396219128e-16
4.521997093243244479e-16
4.510312465521193565e-16
4.498661768899754883e-16
4.487044894355595248e-16
4.475461733171780968e-16
4.463911795311110635e-16
4.452395357519125319e-16
4.440912311972213196e-16
4.429462174340601719e-16
4.418045217399754857e-16
4.406661334214948264e-16
4.395310046092892548e-16
4.383991621901628860e-16
4.372705955590796223e-16
4.361452574033555788e-16
4.350231742252092543e-16
4.339043355075814252e-16
4.327886944875185503e-16
4.316762772887050612e-16
4.305670375101761619e-16
4.294610010258685420e-16
4.283581217938172058e-16
4.272584254408371205e-16
4.261618662810007701e-16
4.250684696965959134e-16
4.239782254296164719e-16
4.228910883237070668e-16
4.218070486187604492e-16
4.207261312156775411e-16
4.196482914791109310e-16
4.185735540730415154e-16
4.175018747065598533e-16
4.164332437496176510e-16
4.153676855144668367e-16
4.143051899960221191e-16
4.132456799494012769e-16
4.121892467517464354e-16
4.111357799989752515e-16
4.100853370643210215e-16
4.090378750045943501e-16
4.079933844321423045e-16
4.069518889321347609e-16
4.059133462746714887e-16
4.048777798585881919e-16
4.038451153854135130e-16
4.028154086958297542e-16
4.017886182045741935e-16
4.007647348785805642e-16
3.997437815660284001e-16
3.987257171586960797e-16
3.977105326960650775e-16
3.966982192411228026e-16
3.956887678803296147e-16
3.946822009253924484e-16
3.936784780490350587e-16
3.926775904096909598e-16
3.916795291891197902e-16
3.906842855923732429e-16
3.896918508477606031e-16
3.887022162068131004e-16
3.877154032525534406e-16
3.867313425408952196e-16
3.857500858852195165e-16
3.847715643890147085e-16
3.837958294126469136e-16
3.828228126025211648e-16
3.818525648703335664e-16
3.808850478434534394e-16
3.799202236612160498e-16
3.789581425703644580e-16
3.779987666344533385e-16
3.770420584223155944e-16
3.760880675252652588e-16
3.751367277156130555e-16
3.741880595489975476e-16
3.732420831297917839e-16
3.722987330090239242e-16
3.713580294538832737e-16
3.704199641501332944e-16
3.694845288060104690e-16
3.685516872464282895e-16
3.676214871505075752e-16
3.666938645956748088e-16
3.657688392838847780e-16
3.648464030336191012e-16
3.639265476856013296e-16
3.630092651027568639e-16
3.620945200555637211e-16
3.611823317878544944e-16
3.602726922274246875e-16
3.593655665762717064e-16
3.584609739841152633e-16
3.575589066534488938e-16
3.566593568078131888e-16
3.557622903439204958e-16
3.548677260903145857e-16
3.539756563320055209e-16
3.530860473484244754e-16
3.521989177051559805e-16
3.513142597483762535e-16
3.504320401356657684e-16
3.495522771736489479e-16
3.486749377690304135e-16
3.478000400575194419e-16
3.469275764860885577e-16
3.460575143321114573e-16
3.451898714788620261e-16
3.443246154479134957e-16
3.434617639559256724e-16
3.426012847667341272e-16
3.417431954320733411e-16
3.408874639561205455e-16
3.400341077273554571e-16
3.391830949883908825e-16
3.383344429661039939e-16
3.374881201396535554e-16
3.366441194882176931e-16
3.358024579986773414e-16
3.349631045008577846e-16
3.341260758240931438e-16
3.332913410301082208e-16
3.324589167922792372e-16
3.316287488938031360e-16
3.308009009658908148e-16
3.299752956055996903e-16
3.291519726864258513e-16
3.283309019535983415e-16
3.275120996207384428e-16
3.266955127131790918e-16
3.258811804244674327e-16
3.250690957059972695e-16
3.242592061926552478e-16
3.234515505766392046e-16
3.226460993799691227e-16
3.218428459016242823e-16
3.210418057627291549e-16
3.202429275965959869e-16
3.194462492745410575e-16
3.186517418599410328e-16
3.178593987382102881e-16
3.170692352047749618e-16
3.162812010353380938e-16
3.154953334959048959e-16
3.147115827786796112e-16
3.139299858320391654e-16
3.131505146533276563e-16
3.123731629407374832e-16
3.115979244084495303e-16
3.108247927866095011e-16
3.100537618213042521e-16
3.092848252745370920e-16
3.085179769242046580e-16
3.077532105640723626e-16
3.069905407514745547e-16
3.062299197334024977e-16
3.054713621821529658e-16
3.047148619547182772e-16
3.039604129238358716e-16
3.032080089779634606e-16
3.024576440212531438e-16
3.017093119735266084e-16
3.009629866764372692e-16
3.002187023488464726e-16
2.994764128492690455e-16
2.987361521071080247e-16
2.979978743312279807e-16
2.972615934677503816e-16
2.965273035444424225e-16
2.957949986045394307e-16
2.950646532445331413e-16
2.943362811555555957e-16
2.936098957337458774e-16
2.928854331599633964e-16
2.921629454763791090e-16
2.914423884314645460e-16
2.907237754049192749e-16
2.900071005608076098e-16
2.892923580784317487e-16
2.885795233750904375e-16
2.878686095866514160e-16
2.871596109370028077e-16
2.864525031104370788e-16
2.857472990628587364e-16
2.850439930625225753e-16
2.843425610576434508e-16
2.836430158268190772e-16
2.829453334922133164e-16
2.822495267153641228e-16
2.815555898376674032e-16
2.808634992401786456e-16
2.801732674393255802e-16
2.794848711258752689e-16
2.787983228405200638e-16
2.781135994699422594e-16
2.774307134404314302e-16
2.767496593589069641e-16
2.760704143620910226e-16
2.753929732918827172e-16
2.747173483491201057e-16
2.740435169168175360e-16
2.733714910847401194e-16
2.727012483988254984e-16
2.720328008388527893e-16
2.713661261124386002e-16
2.707012191496070252e-16
2.700380917667417035e-16
2.693767219112429813e-16
2.687171212921781067e-16
2.680592680155650687e-16
2.674031570737127210e-16
2.667487834709990452e-16
2.660961587041539940e-16
2.654452776076069547e-16
2.647961023270241473e-16
2.641486606831035573e-16
2.635029313263418731e-16
2.628589093348231610e-16
2.622166058948905349e-16
2.615759838528419087e-16
2.609370704526621836e-16
2.602998606325757615e-16
2.596643176529007920e-16
2.590304684181322864e-16
2.583982764613295580e-16
2.577677684626833029e-16
2.571389238251064803e-16
2.565117532853224509e-16
2.558862209161669260e-16
2.552623375388548544e-16
2.546401137440624031e-16
2.540195293003332009e-16
2.534005642281578642e-16
2.527832443312878319e-16
2.521675495938899300e-16
2.515534753088447940e-16
2.509410167806672295e-16
2.503301693254881178e-16
2.497209282710367151e-16
2.491132889566226574e-16
2.485072467331179643e-16
2.479027969857818909e-16
2.472999352025947223e-16
2.466986569053985978e-16
2.460989576269934276e-16
2.455008329111199327e-16
2.449042783124436699e-16
2.443092606532099174e-16
2.437158331081328769e-16
2.431239624091613068e-16
2.425336157445555763e-16
2.419448456534263149e-16
2.413575910450438602e-16
2.407719040393420198e-16
2.401877240061632811e-16
2.396050747863640539e-16
2.390239520415696715e-16
2.384443514441494572e-16
2.378662686771996155e-16
2.372896994345250390e-16
2.367146394206222496e-16
2.361410571279601653e-16
2.355689757155629940e-16
2.349984179312116460e-16
2.344293253910328961e-16
2.338617209688558932e-16
2.332956004316519353e-16
2.327309329592328781e-16
2.321677676378105898e-16
2.316060471723533306e-16
2.310457939684700928e-16
2.304870038445438665e-16
2.299296726294459912e-16
2.293737701743323726e-16
2.288193185174201522e-16
2.282663393060387440e-16
2.277147510445218392e-16
2.271646269777299365e-16
2.266159372074897001e-16
2.260686522407011635e-16
2.255227935772123981e-16
2.249783319382976705e-16
2.244353137485736509e-16
2.238936846472504457e-16
2.233534657827388396e-16
2.228146531149869551e-16
2.222772178957435539e-16
2.217411810136056658e-16
2.212065384580168732e-16
2.206732617936112717e-16
2.201413959938999149e-16
2.196108883191297652e-16
2.190817351648579372e-16
2.185539810764685667e-16
2.180275500177352322e-16
2.175025103371562675e-16
2.169788103557491214e-16
2.164564702230362614e-16
2.159354861278494875e-16
2.154158307534931837e-16
2.148975240030216413e-16
2.143805620929829680e-16
2.138649180029918045e-16
2.133506113928701244e-16
2.128376154375014532e-16
2.123259496359630322e-16
2.118156102503369570e-16
2.113065707461350916e-16
2.107988503844958132e-16
2.102924228224578346e-16
2.097873297100198496e-16
2.092834997161106111e-16
2.087809744211563103e-16
2.082797501501683753e-16
2.077798010331050432e-16
2.072811457872522489e-16
2.067837807646739756e-16
2.062876803749313828e-16
2.057928412392725945e-16
2.052992817713358715e-16
2.048069983583536762e-16
2.043159657770111265e-16
2.038261806795322270e-16
2.033376611811829240e-16
2.028504037041384955e-16
2.023643833866005727e-16
2.018795969116121808e-16
2.013960832330873487e-16
2.009137754123853760e-16
2.004327123392362263e-16
1.999528904877992871e-16
1.994742647151243424e-16
1.989968941894901100e-16
1.985207338633614671e-16
1.980457804809313969e-16
1.975720512930282694e-16
1.970995224033588447e-16
1.966281905784046809e-16
1.961580728593897131e-16
1.956891657969935022e-16
1.952214458362139388e-16
1.947549097866851952e-16
1.942895744796575357e-16
1.938254166895537875e-16
1.933624333121857041e-16
1.929006409876003310e-16
1.924400167385869666e-16
1.919805574820961498e-16
1.915222796566430774e-16
1.910651605305583861e-16
1.906092164097526638e-16
1.901544247249924738e-16
1.897007824285747963e-16
1.892483056292030785e-16
1.887969719985417650e-16
1.883467785098055183e-16
1.878977221428740619e-16
1.874498187471736367e-16
1.870030463110301503e-16
1.865574205563380292e-16
1.861129196283849063e-16
1.856695405419685455e-16
1.852272803185020491e-16
1.847861544272490861e-16
1.843461413230109576e-16
1.839072380478375645e-16
1.834694416503612601e-16
1.830327673515461968e-16
1.825971758134709642e-16
1.821627183980186846e-16
1.817293378881656325e-16
1.812970673584040212e-16
1.808658680410754775e-16
1.804357727542722057e-16
1.800067784001473903e-16
1.795788466331461789e-16
1.791520098915394601e-16
1.787262301079151962e-16
1.783015394694162000e-16
1.778779175500214220e-16
1.774553787924822769e-16
1.770338856800190839e-16
1.766134699045149111e-16
1.761941113279857130e-16
1.757758071192976590e-16
1.753585544537353616e-16
1.749423505129931994e-16
1.745272093379999905e-16
1.741130943546541119e-16
1.737000364070738772e-16
1.732879991856145060e-16
1.728770133054481418e-16
1.724670593050463117e-16
1.720581344652924719e-16
1.716502524908103300e-16
1.712433777783750912e-16
1.708375241063050352e-16
1.704327050147648350e-16
1.700288852852865691e-16
1.696260946450281187e-16
1.692242981295611018e-16
1.688235252373325320e-16
1.684237412560018019e-16
1.680249754571825956e-16
1.676272091952295046e-16
1.672304398248977552e-16
1.668346647069821176e-16
1.664398655674615439e-16
1.660460711189793728e-16
1.656532630412189969e-16
1.652614387190486821e-16
1.648705955433331710e-16
1.644807155582943723e-16
1.640918269289842529e-16
1.637039116543892185e-16
1.633169671492733665e-16
1.629309757082117982e-16
1.625459650662097962e-16
1.621619174734365448e-16
1.617788154097967031e-16
1.613966862923609182e-16
1.610154977092053189e-16
1.606352620745359301e-16
1.602559915881568842e-16
1.598776541862597775e-16
1.595002621351537595e-16
1.591238129139442968e-16
1.587483040075928411e-16
1.583737329069076351e-16
1.580000826941863343e-16
1.576273797538513994e-16
1.572555928183332518e-16
1.568847480706715737e-16
1.565148144670838312e-16
1.561458038406928971e-16
1.557777137223542774e-16
1.554105416486982849e-16
1.550442711679714535e-16
1.546789278682215862e-16
1.543144813662420994e-16
1.539509432152092468e-16
1.535883109863830285e-16
1.532265685445378034e-16
1.528657410316388983e-16
1.525057986421373763e-16
1.521467527397575435e-16
1.517886009556011558e-16
1.514313409263085610e-16
1.510749568564815666e-16
1.507194599302061085e-16
1.503648478000991624e-16
1.500111181242817587e-16
1.496582553253062878e-16
1.493062836030440220e-16
1.489551610542483988e-16
1.486049249356420793e-16
1.482555597397406893e-16
1.479070501571968155e-16
1.475594069789646531e-16
1.472126150012263606e-16
1.468666849292688957e-16
1.465216144740670928e-16
1.461774013520040196e-16
1.458340305685669460e-16
1.454915126604090693e-16
1.451498453595315964e-16
1.448090138262573943e-16
1.444690284724763532e-16
1.441298870457358111e-16
1.437915872989289208e-16
1.434541145963703372e-16
1.431174668376314459e-16
1.427816542299499492e-16
1.424466745464444812e-16
1.421125255655357830e-16
1.417791929019650907e-16
1.414466866026256475e-16
1.411149923810492939e-16
1.407841202047001749e-16
1.404540678773286156e-16
1.401248212595639689e-16
1.397963782964648934e-16
1.394687606599423991e-16
1.391419424077527250e-16
1.388159214985861692e-16
1.384907076273436012e-16
1.381662869435557724e-16
1.378426807122720004e-16
1.375198518422102976e-16
1.371978215651698639e-16
1.368765877396219635e-16
1.365561367578857590e-16
1.362364780829587073e-16
1.359175982330230737e-16
1.355995066030958566e-16
1.352821898036039825e-16
1.349656571556234325e-16
1.346498953611576289e-16
1.343349136679554666e-16
1.340206988689334317e-16
1.337072601391220130e-16
1.333945843616926779e-16
1.330826806395602972e-16
1.327715359454980935e-16
1.324611483638195800e-16
1.321515268901539775e-16
1.318426586302348446e-16
1.315345525090614561e-16
1.312271957203613534e-16
1.309205971190887560e-16
1.306147439863288483e-16
1.303096344354410761e-16
1.300052772171718233e-16
1.297016703371635265e-16
1.293987906927835026e-16
1.290966575653155409e-16
1.287952689739387092e-16
1.284946020580454140e-16
1.281946758821381506e-16
1.278954884788685723e-16
1.275970275563114162e-16
1.272992912687195679e-16
1.270022880290007555e-16
1.267059954525659004e-16
1.264104423588246747e-16
1.261155962648898929e-16
1.258214756698451124e-16
1.255280685712757899e-16
1.252353831858346927e-16
1.249433975944543044e-16
1.246521300199831288e-16
1.243615785483113161e-16
1.240717214892734670e-16
1.237825768615105438e-16
1.234941427640574615e-16
1.232063977331175109e-16
1.229193595855445356e-16
1.226330167201214909e-16
1.223473673585777371e-16
1.220624097264440073e-16
1.217781516617714064e-16
1.214945817196565900e-16
1.212116981369357774e-16
1.209294991541342220e-16
1.206479924866600315e-16
1.203671668433285795e-16
1.200870204763729492e-16
1.198075516417874387e-16
1.195287585993230492e-16
1.192506489144937164e-16
1.189732022170920499e-16
1.186964353489528797e-16
1.184203372831730731e-16
1.181449154676295812e-16
1.178701498138801299e-16
1.175960569136087734e-16
1.173226168175179723e-16
1.170498459935038014e-16
1.167777336360419279e-16
1.165062780466146621e-16
1.162354775303974654e-16
1.159653393053465551e-16
1.156958438338816217e-16
1.154269983733817378e-16
1.151588100573760466e-16
1.148912683326373832e-16
1.146243715267505037e-16
1.143581092516998017e-16
1.140924973121073249e-16
1.138275252959126904e-16
1.135631915452904399e-16
1.132994944060491751e-16
1.130364407919514983e-16
1.127740118967729789e-16
1.125122146722693133e-16
1.122510474787322937e-16
1.119905171225381200e-16
1.117306050560595697e-16
1.114713181231609672e-16
1.112126630508248886e-16
1.109546214829050830e-16
1.106972001834980720e-16
1.104403975380342662e-16
1.101842201691415300e-16
1.099286499727404948e-16
1.096736936080800561e-16
1.094193576206338209e-16
1.091656240929712621e-16
1.089124996068216148e-16
1.086599825724857689e-16
1.084080714037953953e-16
1.081567645394705909e-16
1.079060605070609993e-16
1.076559578586028024e-16
1.074064472328298608e-16
1.071575430489051567e-16
1.069092359234174871e-16
1.066615165885886677e-16
1.064143993039505614e-16
1.061678670033984986e-16
1.059219260922715408e-16
1.056765751468408480e-16
1.054318127464278711e-16
1.051876374733999266e-16
1.049440402739993083e-16
1.047010350421566936e-16
1.044586051179671646e-16
1.042167567347982535e-16
1.039754884898762982e-16
1.037347989834482587e-16
1.034946868187770458e-16
1.032551431509184687e-16
1.030161740932698467e-16
1.027777856562367422e-16
1.025399542595461824e-16
1.023027007164368800e-16
1.020660162494598175e-16
1.018298921885677994e-16
1.015943345064212303e-16
1.013593418326424509e-16
1.011249127998271540e-16
1.008910388524000337e-16
1.006577258709799037e-16
1.004249724967676350e-16
1.001927702589244142e-16
9.996113205974045808e-17
9.973004234428266620e-17
9.949950688026106590e-17
9.926951730853694719e-17
9.904008634209764928e-17
9.881119863750764941e-17
9.858285293310515540e-17
9.835506180174648626e-17
9.812781005655672087e-17
9.790109644352180234e-17
9.767493339698731282e-17
9.744930588495370401e-17
9.722421945576291110e-17
9.699966602264707929e-17
9.677565109101910984e-17
9.655217335035612752e-17
9.632922473693320044e-17
9.610681040890033613e-17
9.588492872466532979e-17
9.566357141799501306e-17
9.544274353061439536e-17
9.522243685062750353e-17
9.500266293912734045e-17
9.478340049758546735e-17
9.456466758383481222e-17
9.434644953505217943e-17
9.412874480929725660e-17
9.391155831202328840e-17
9.369488844000597183e-17
9.347872719523450984e-17
9.326307942600955664e-17
9.304793718681178541e-17
9.283330528814155862e-17
9.261917583661116354e-17
9.240555360522619427e-17
9.219243701713210665e-17
9.197981825659124437e-17
9.176770204105665515e-17
9.155608060603184536e-17
9.134495245511478028e-17
9.113432225063378273e-17
9.092418843794836045e-17
9.071454335399655300e-17
9.050538551613992701e-17
9.029671951439939562e-17
9.008854380880070971e-17
8.988085083633494934e-17
8.967363912802835439e-17
8.946691320275171196e-17
8.926067153508219979e-17
8.905490071807431366e-17
8.884961712420649620e-17
8.864480147344514235e-17
8.844046413983344330e-17
8.823660361586260955e-17
8.803321255858753939e-17
8.783028952930479125e-17
8.762783889080753070e-17
8.742585337194269299e-17
8.722433730160291050e-17
8.702328345616535619e-17
8.682269041348052646e-17
8.662256245198600321e-17
8.642289241864132750e-17
8.622367890111340824e-17
8.602492612798660380e-17
8.582662723888714848e-17
8.562878754213241454e-17
8.543139575353532939e-17
8.523446854044509397e-17
8.503798909677812839e-17
8.484196845063326909e-17
8.464640097096575947e-17
8.445128658486605480e-17
8.425663068100073296e-17
8.406242768351511445e-17
8.386867751655879343e-17
8.367538550878031866e-17
8.348254613893961373e-17
8.329015932830382434e-17
8.309822499712311892e-17
8.290674839501422597e-17
8.271572407260132380e-17
8.252515194732937912e-17
8.233503721038143218e-17
8.214536920935716557e-17
8.195615838992931443e-17
8.176740461078669799e-17
8.157909732709396733e-17
8.139124687196194830e-17
8.120384277148629959e-17
8.101689528430648100e-17
8.083040426555931764e-17
8.064435934697988883e-17
8.045877067675025342e-17
8.027362795626351107e-17
8.008894126062501134e-17
7.990470540097090341e-17
7.972092530419936914e-17
7.953759080970806753e-17
7.935471184829826609e-17
7.917228329831163969e-17
7.899030010675039357e-17
7.880877209747354613e-17
7.862769911757783980e-17
7.844707120963484537e-17
7.826689320697555831e-17
7.808716987383122079e-17
7.790789135260596982e-17
7.772906725710328392e-17
7.755069261318134653e-17
7.737276731390052166e-17
7.719529125150180569e-17
7.701826431741307660e-17
7.684168640225451745e-17
7.666555739584444649e-17
7.648987640681196137e-17
7.631463942631576370e-17
7.613984636331080332e-17
7.596548306775753322e-17
7.579155414569224671e-17
7.561804553951719916e-17
7.544496181812378763e-17
7.527228901572834613e-17
7.510003166440493764e-17
7.492817588956431223e-17
7.475672162933857428e-17
7.458566877205736291e-17
7.441500357877863695e-17
7.424473049092252399e-17
7.407483585922570131e-17
7.390532408938570414e-17
7.373618162122503760e-17
7.356741282501683402e-17
7.339900422908395594e-17
7.323095575087644837e-17
7.306326285727822467e-17
7.289592102835336296e-17
7.272892575731018827e-17
7.256227255046550265e-17
7.239595692720870430e-17
7.222997441996614094e-17
7.206432057416538920e-17
7.189898665111418009e-17
7.173397683115415727e-17
7.156927811908100820e-17
7.140489466160267555e-17
7.124081354839165797e-17
7.107703044609533771e-17
7.091354945129912418e-17
7.075036616821337788e-17
7.058745949533840702e-17
7.042485022757952572e-17
7.026250901614135502e-17
7.010044823473148952e-17
6.993866355120228421e-17
6.977714243056189304e-17
6.961588065160556651e-17
6.945488216408379362e-17
6.929413455574776275e-17
6.913363364209075556e-17
6.897338332484791088e-17
6.881337935954501766e-17
6.865360147787653268e-17
6.849406160820761213e-17
6.833475554304150550e-17
