# pp
8.753418886015716217e-09
5.324408735465645683e-09
3.679964454641776068e-09
2.734135064653255058e-09
2.127929312305231743e-09
1.711408259045340402e-09
1.410554833867905502e-09
1.185023687685140025e-09
1.010781586649734418e-09
8.731881404335161022e-10
7.621871129844771425e-10
6.711813168108807726e-10
5.956056217731066245e-10
5.320810861369996236e-10
4.781227416428875103e-10
4.318855091711005582e-10
3.919566600513844278e-10
3.572026720828598801e-10
3.267404920357034421e-10
2.998995421404680637e-10
2.761402835617090191e-10
2.550006219195248474e-10
2.361015170949909991e-10
2.191389560544197961e-10
2.038614552863396592e-10
1.900551260453027741e-10
1.775372883319551795e-10
1.661455352507462354e-10
1.557438465156131930e-10
1.462273247549071816e-10
1.375058105734687542e-10
1.294935120517403234e-10
1.221148999972207929e-10
1.153058118498128226e-10
1.090104674406997663e-10
1.031795084216235998e-10
9.776926751852851862e-11
9.274054144315236159e-11
8.805855518300146144e-11
8.369255663050928364e-11
7.961535250737291390e-11
7.580273612022050636e-11
7.223306905870455564e-11
6.888695512864309077e-11
6.574688836773457242e-11
6.279681859202752763e-11
6.002220634038860605e-11
5.740991601083974503e-11
5.494805383938526387e-11
5.262578159161978602e-11
5.043307094662088100e-11
4.836075673200907427e-11
4.640048807538743155e-11
4.454464209526035517e-11
4.278622117169875014e-11
4.111871292983964824e-11
3.953612433092128622e-11
3.803295600937953390e-11
3.660415386581612658e-11
3.524508500059022645e-11
3.395155128801241153e-11
3.271969106374470983e-11
3.154593025854624107e-11
3.042695672439020508e-11
2.935967433702877758e-11
2.834111914671224850e-11
2.736851816607015549e-11
2.643929525139718876e-11
2.555105446774978497e-11
2.470154982273240208e-11
2.388862932494865399e-11
2.311027392763465798e-11
2.236460156698109015e-11
2.164985617547341814e-11
2.096440883346477433e-11
2.030677976696302785e-11
1.967559297910890647e-11
1.906955762734460873e-11
1.848746173449789444e-11
1.792816251729411593e-11
1.739057012512727227e-11
1.687365581786412796e-11
1.637645146108862853e-11
1.589804527821330082e-11
1.543757463201227043e-11
1.499421309902710671e-11
1.456717810237648732e-11
1.415573118954913255e-11
1.375917508405003518e-11
1.337684905025658770e-11
1.300812097060187166e-11
1.265239130923232631e-11
1.230909288534402407e-11
1.197768881035628889e-11
1.165767057649171065e-11
1.134855628421516455e-11
1.104988899714122716e-11
1.076123521405858474e-11
1.048218344865514089e-11
1.021234290836976861e-11
9.951342264556139143e-12
9.698828506829468220e-12
9.454465875086445871e-12
9.217934863248811371e-12
8.988931289288233707e-12
8.767165426549721541e-12
8.552361191807926339e-12
8.344255385869005004e-12
8.142596982875028759e-12
7.947145478012426932e-12
7.757667444566777383e-12
7.573939143616301730e-12
7.395746971966303528e-12
7.222886922147207927e-12
7.055164075478502507e-12
6.892392125913201229e-12
6.734392932553239837e-12
6.580996098887103307e-12
6.432038576948300856e-12
6.287364294728523801e-12
6.146823805303200741e-12
6.010273956241066669e-12
5.877577577973905645e-12
5.748603189898795285e-12
5.623224723073658160e-12
5.501321258448400042e-12
5.382776779648929089e-12
5.267479939400568275e-12
5.155323838741227810e-12
5.046205508510113295e-12
4.940024820192411887e-12
4.836685290978521636e-12
4.736094220030552812e-12
4.638162515015398017e-12
4.542804527763556079e-12
4.449937898512173819e-12
4.359483408226559854e-12
4.271364838527582941e-12
4.185508838783109540e-12
4.101844799950205345e-12
4.020304734781369592e-12
3.940823164032678809e-12
3.863337008334679789e-12
3.787785485408219951e-12
3.714110012327168347e-12
3.642254112548581620e-12
3.572163327447989222e-12
3.503785132113606623e-12
3.437068855168224626e-12
3.371965612732397475e-12
3.308428265568212898e-12
3.246411316908102886e-12
3.185870835885564491e-12
3.126764394632337776e-12
3.069051008271312468e-12
3.012691077654880983e-12
2.957646334707011666e-12
2.903879790235572538e-12
2.851355684088972932e-12
2.800039437538372952e-12
2.749897607773387048e-12
2.700897844405511656e-12
2.653008847879362924e-12
2.606200329697381921e-12
2.560442974368836195e-12
2.515708402998817978e-12
2.471969138437553814e-12
2.429198571914630628e-12
2.387370931086790244e-12
2.346461249431783459e-12
2.306445336924343955e-12
2.267299751933728653e-12
2.229001774285459848e-12
2.191529379432882002e-12
2.154861176410747084e-12
2.118976275615166905e-12
2.083854383539630439e-12
2.049475818620484112e-12
2.015821489837599323e-12
1.982872876170267156e-12
1.950612006869824096e-12
1.919021442512439517e-12
1.888084256797287010e-12
1.857784019057116131e-12
1.828104777449766253e-12
1.799031042800809294e-12
1.770547773068889801e-12
1.742640358406736262e-12
1.715294606792135999e-12
1.688496730204371061e-12
1.662233331322808838e-12
1.636491390725433299e-12
1.611258254566169805e-12
1.586521622710825232e-12
1.562269537312442150e-12
1.538490371807742253e-12
1.515172820317176577e-12
1.492305887431931859e-12
1.469878878371984147e-12
1.447881427335650584e-12
1.426303598864973853e-12
1.405135760426788708e-12
1.384368535633737004e-12
1.363992796356196224e-12
1.343999655111741651e-12
1.324380457721134376e-12
1.305126776220316646e-12
1.286230402018374506e-12
1.267683339291837406e-12
1.249477798606128356e-12
1.231606190755366736e-12
1.214061120812099086e-12
1.196835382378907602e-12
1.179921952034175663e-12
1.163313983964631372e-12
1.147004804777590648e-12
1.130987908486131540e-12
1.115256951660699670e-12
1.099805748740934482e-12
1.084628267501750129e-12
1.069718624667956882e-12
1.055071081671944997e-12
1.040680040549178363e-12
1.026540039966455089e-12
1.012645751378104612e-12
9.989919753054803614e-13
9.855736377352948064e-13
9.723857866325303312e-13
9.594235885638180999e-13
9.466823254273451024e-13
9.341573912855188028e-13
9.218442892967393741e-13
9.097386287428031803e-13
8.978361221485779940e-13
8.861325824907275578e-13
8.746239204923900277e-13
8.633061420008314562e-13
8.521753454452118990e-13
8.412277193717088645e-13
8.304595400533545980e-13
8.198671691720371013e-13
8.094470515702140384e-13
7.991957130699839031e-13
7.891097583572434361e-13
7.791858689287448982e-13
7.694208010999593982e-13
7.598113840717081115e-13
7.503545180536219787e-13
7.410471724425502480e-13
7.318864048960191048e-13
7.228694208176419407e-13
7.139935069012590009e-13
7.052560084487855970e-13
6.966543279097032634e-13
6.881859234620838223e-13
6.798483476847426022e-13
6.716390459626888596e-13
6.635557175017998080e-13
6.555961045162580394e-13
6.477578457605308644e-13
6.400386350438827461e-13
6.324363586661168151e-13
6.249489419803019831e-13
6.175742159862867562e-13
6.103100615555799523e-13
6.031545347324450204e-13
5.961057270700022441e-13
5.891616439619209320e-13
5.823203360408060220e-13
5.755800135618051267e-13
5.689389191075551599e-13
5.623952164844741511e-13
5.559471105905622225e-13
5.495929519622880638e-13
5.433311206037877942e-13
5.371599244053227348e-13
5.310777086301685752e-13
5.250829515859371788e-13
5.191741584733648282e-13
5.133497683995583464e-13
5.076082545055256645e-13
5.019482116180154154e-13
4.963682591358889029e-13
4.908669558118736381e-13
4.854428914298480003e-13
4.800947672008346548e-13
4.748213068126358299e-13
4.696211782428002792e-13
4.644930777959390631e-13
4.594358039260181074e-13
4.544481756696530959e-13
4.495289608314535270e-13
4.446769531046055223e-13
4.398910399296841663e-13
4.351701276154444499e-13
4.305130753069762050e-13
4.259187658360341114e-13
4.213861681629989770e-13
4.169142685626193353e-13
4.125020182492986121e-13
4.081484232985242981e-13
4.038525761902832281e-13
3.996135840193411141e-13
3.954305125301128330e-13
3.913024461333500421e-13
3.872285409658100977e-13
3.832079666205031600e-13
3.792398545324098699e-13
3.753233532847561999e-13
3.714576775765433950e-13
3.676420545083204930e-13
3.638756759351106561e-13
3.601577494815256920e-13
3.564875437750693931e-13
3.528643388835062778e-13
3.492873822891393053e-13
3.457559359903644945e-13
3.422693183236982291e-13
3.388268581888006214e-13
3.354278543319346053e-13
3.320716188744606354e-13
3.287575160153237658e-13
3.254849197154288316e-13
3.222531760081969831e-13
3.190616432623983297e-13
3.159097280289390151e-13
3.127968458880879409e-13
3.097223865319450179e-13
3.066857510394473040e-13
3.036863851063262875e-13
3.007237427871051662e-13
2.977972541183758923e-13
2.949063596573703212e-13
2.920505413115862744e-13
2.892292887329045879e-13
2.864420692721485447e-13
2.836883600089397184e-13
2.809676763774232201e-13
2.782795409926234586e-13
2.756234557461343872e-13
2.729989315337491397e-13
2.704055148556898622e-13
2.678427588757525516e-13
2.653101974853688898e-13
2.628073729164518603e-13
2.603338604783291538e-13
2.578892416685643668e-13
2.554730800482841659e-13
2.530849469105591194e-13
2.507244480008807705e-13
2.483912094445685514e-13
2.460848439032326000e-13
2.438049707223910385e-13
2.415512373818721292e-13
2.393232962410993150e-13
2.371207836304268333e-13
2.349433420911264079e-13
2.327906403664377767e-13
2.306623517468030430e-13
2.285581345791535883e-13
2.264776529861927354e-13
2.244205955103196147e-13
2.223866549343738431e-13
2.203755101001688046e-13
2.183868452246106593e-13
2.164203672990999232e-13
2.144757872721335038e-13
2.125528030776729053e-13
2.106511176555121967e-13
2.087704552000496761e-13
2.069105436008520601e-13
2.050710985898657011e-13
2.032518405642803230e-13
2.014525097706592576e-13
1.996728499084097660e-13
1.979125933124845847e-13
1.961714766686770229e-13
1.944492552119261403e-13
1.927456874056542514e-13
1.910605210835340051e-13
1.893935081396171855e-13
1.877444178131153331e-13
1.861130223638338579e-13
1.844990841028853191e-13
1.829023691332056434e-13
1.813226597871888089e-13
1.797597412250531541e-13
1.782133892901069118e-13
1.766833833689899671e-13
1.751695180431485945e-13
1.736715905429722897e-13
1.721893893684365382e-13
1.707227063327475717e-13
1.692713474837337084e-13
1.678351213520556806e-13
1.664138282828004874e-13
1.650072717210580842e-13
1.636152684548292102e-13
1.622376376005870080e-13
1.608741921905347005e-13
1.595247544748959065e-13
1.581891606399488365e-13
1.568672488714079997e-13
1.555588499650296452e-13
1.542637972566432690e-13
1.529819356502362405e-13
1.517131119290401687e-13
1.504571659380193525e-13
1.492139399046199511e-13
1.479832954459185939e-13
1.467650618420912086e-13
1.455591047467567835e-13
1.443652910058259997e-13
1.431834566079808406e-13
1.420134722652074114e-13
1.408551942986088054e-13
1.397084811289144445e-13
1.385732083081530128e-13
1.374492228127731964e-13
1.363364037618131748e-13
1.352346313398634427e-13
1.341437584420211960e-13
1.330636686716252054e-13
1.319942329039600496e-13
1.309353238687667954e-13
1.298868294632529489e-13
1.288486122808239292e-13
1.278205633775165281e-13
1.268025747632719523e-13
1.257945142646453094e-13
1.247962769211381341e-13
1.238077464920538894e-13
1.228288083781060858e-13
1.218593614357580858e-13
1.208992820701473901e-13
1.199484719408417998e-13
1.190068335627559247e-13
1.180742479777614313e-13
1.171506203908982239e-13
1.162358459905267985e-13
1.153298214208318727e-13
1.144324552864072902e-13
1.135436362329776895e-13
1.126632753574907913e-13
1.117912845250656467e-13
1.109275564980031423e-13
1.100720055348067772e-13
1.092245369823724024e-13
1.083850574813734188e-13
1.075534845574087091e-13
1.067297188863526686e-13
1.059136813517498338e-13
1.051052935038143742e-13
1.043044598433383454e-13
1.035111040066149037e-13
1.027251416638249802e-13
1.019464896144216629e-13
1.011750741381178642e-13
1.004108056317084265e-13
9.965361231287427916e-14
9.890342300040210052e-14
9.816015129085865728e-14
9.742372786665874090e-14
9.669407629762481305e-14
9.597112116126769352e-14
9.525479550826725837e-14
9.454501819320238486e-14
9.384172400013010485e-14
9.314484825585522622e-14
9.245431267277606586e-14
9.177005424551187799e-14
9.109200360716659191e-14
9.042009229163804321e-14
8.975425941881611786e-14
8.909443139856811589e-14
8.844054890381710107e-14
8.779255309820049638e-14
8.715037294845710525e-14
8.651395111332063008e-14
8.588322455221503706e-14
8.525813103118612951e-14
8.463861511922323354e-14
8.402460998702338448e-14
8.341606159732183788e-14
8.281291635709724562e-14
8.221510972852395661e-14
8.162258946102969167e-14
8.103529818968497660e-14
8.045317927305362775e-14
7.987618218020137942e-14
7.930424614190171911e-14
7.873732188000638358e-14
7.817536051904040140e-14
7.761830334675838680e-14
7.706610269496929320e-14
7.651870629879205316e-14
7.597606254331879519e-14
7.543812531069837841e-14
7.490483927248598105e-14
7.437615978371544775e-14
7.385204393414394172e-14
7.333244027413611057e-14
7.281730726356559571e-14
7.230659919273899933e-14
7.180027090543473978e-14
7.129828216716209004e-14
7.080058441451132433e-14
7.030713836938571235e-14
6.981790505617509219e-14
6.933283748812908541e-14
6.885189761268166845e-14
6.837504361888294828e-14
6.790223819517492345e-14
6.743342852077707609e-14
6.696859405968394592e-14
6.650768295695206812e-14
6.605065963001678971e-14
6.559749627558348545e-14
6.514813533131569225e-14
6.470254991189482635e-14
6.426071302068058811e-14
6.382256901010834789e-14
6.338809176934243375e-14
6.295724812284279039e-14
6.252999140126454520e-14
6.210630303076488398e-14
6.168613718436248114e-14
6.126946219819328395e-14
6.085624664898695528e-14
6.044644643473427118e-14
6.004004385044657000e-14
5.963699558386011744e-14
5.923727162998391588e-14
5.884084835853200905e-14
5.844767777356729171e-14
5.805773699645488862e-14
5.767100306981616976e-14
5.728742955382144279e-14
5.690699421706062441e-14
5.652966904292963019e-14
5.615541494206631011e-14
5.578421588327588832e-14
5.541603346849784621e-14
5.505084092551266376e-14
5.468861168339738007e-14
5.432930874996481710e-14
5.397291683339679364e-14
5.361939959077659769e-14
5.326873162072087471e-14
5.292089285104678552e-14
5.257584346098215921e-14
5.223356437686576795e-14
5.189403646331283330e-14
5.155722122966648874e-14
5.122310012569116326e-14
5.089164983196656020e-14
5.056283788888633648e-14
5.023665085407623145e-14
4.991305682592892782e-14
4.959203348997431933e-14
4.927355869488145487e-14
4.895760167332230811e-14
4.864414958383288175e-14
4.833317218410697478e-14
4.802464826903296797e-14
4.771856097618724070e-14
4.741487684321383435e-14
4.711357950872650867e-14
4.681465256807327182e-14
4.651806358784745433e-14
4.622379664819597652e-14
4.593183188297596002e-14
4.564214184861941712e-14
4.535471486982643370e-14
4.506952396589038771e-14
4.478655010668238115e-14
4.450577439983324249e-14
4.422717079928363484e-14
4.395072814487701234e-14
4.367642082674839630e-14
4.340423074090329180e-14
4.313414339657826239e-14
4.286613050179020046e-14
4.260017798252673953e-14
4.233627173498532327e-14
4.207438431715550361e-14
4.181450202878696482e-14
4.155660788830861142e-14
4.130067860217484127e-14
4.104670401371995036e-14
4.079466121512746406e-14
4.054453392342859877e-14
4.029630597238589735e-14
4.004995522813345467e-14
3.980547197651725559e-14
3.956283444771912858e-14
3.932202713525499635e-14
3.908303755281347536e-14
3.884584168625183375e-14
3.861042746836097364e-14
3.837678309366562818e-14
3.814488567189777970e-14
3.791472379519469583e-14
3.768628330908920969e-14
3.745954477180326386e-14
3.723449973069838046e-14
3.701112905622210108e-14
3.678941915888285059e-14
3.656935654326873165e-14
3.635092270824777322e-14
3.613410955626782790e-14
3.591889888134362829e-14
3.570527772247950802e-14
3.549323564938149997e-14
3.528275255529134487e-14
3.507381829256456901e-14
3.486642269602329318e-14
3.466054623315878072e-14
3.445617901293358823e-14
3.425330883978985678e-14
3.405191907453184252e-14
3.385200231505748490e-14
3.365354218480480363e-14
3.345652696469734868e-14
3.326094501605306890e-14
3.306678048765736275e-14
3.287402628472495864e-14
3.268266680464111997e-14
3.249269086002211383e-14
3.230408939713416379e-14
3.211684520945171457e-14
3.193094948154937529e-14
3.174639338644669725e-14
3.156316019870663323e-14
3.138124132263321618e-14
3.120062622071834917e-14
3.102130060527615664e-14
3.084325798530534967e-14
3.066648429491095941e-14
3.049096939996248833e-14
3.031670323522905520e-14
3.014367217585421704e-14
2.997186999727509303e-14
2.980128328484109971e-14
2.963190235585194900e-14
2.946371759314127834e-14
2.929671944493992529e-14
2.913089501460820929e-14
2.896623836064242683e-14
2.880273349138499944e-14
2.864037816811123793e-14
2.847915689493681229e-14
2.831906422230219662e-14
2.816009141845515727e-14
2.800222346170220824e-14
2.784545507196371654e-14
2.768978089568537094e-14
2.753518627304830599e-14
2.738166294610031459e-14
2.722920572737128565e-14
2.707780040129606519e-14
2.692744487442943771e-14
2.677812515906222150e-14
2.662983625026399263e-14
2.648256734066668805e-14
2.633631063042419700e-14
2.619105837044478851e-14
2.604680286229676361e-14
2.590353370207234707e-14
2.576124610313052368e-14
2.561992981585383129e-14
2.547957742271949013e-14
2.534018155448470543e-14
2.520173226786802588e-14
2.506422496383045213e-14
2.492764984569288524e-14
2.479199981127477297e-14
2.465726780442666656e-14
2.452344681493430478e-14
2.439052740709129198e-14
2.425850518191130259e-14
2.412736841904142131e-14
2.399711523117246720e-14
2.386773408127693020e-14
2.373922072187967872e-14
2.361156852586550099e-14
2.348476629430555221e-14
2.335880990639761208e-14
2.323369519319970633e-14
2.310941121603006137e-14
2.298595169164193194e-14
2.286331257514969808e-14
2.274148324554438967e-14
2.262046191540946497e-14
2.250023812800441708e-14
2.238080797660485751e-14
2.226216332207044417e-14
2.214429821964334342e-14
2.202720676262369440e-14
2.191088312115383234e-14
2.179531964180689162e-14
2.168051281581743860e-14
2.156645513653756394e-14
2.145314116649116281e-14
2.134056550188655731e-14
2.122872085027751160e-14
2.111760383362644085e-14
2.100720726204414186e-14
2.089752591851281273e-14
2.078855461820259985e-14
2.068028820840962502e-14
2.057271975225030973e-14
2.046584601134190779e-14
2.035965836362332914e-14
2.025415541505442764e-14
2.014932867238763014e-14
2.004517500335075746e-14
1.994168952386014580e-14
1.983886397861145961e-14
1.973669532426943658e-14
1.963518048335380625e-14
1.953431138387306708e-14
1.943408338379714945e-14
1.933449349284372849e-14
1.923553386320336978e-14
1.913720316970290360e-14
1.903949368052088466e-14
1.894240250257110817e-14
1.884592361182597329e-14
1.875005260493373704e-14
1.865478510539482217e-14
1.856011676350318586e-14
1.846604176199220380e-14
1.837255732609723708e-14
1.827965771850286874e-14
1.818733873564507015e-14
1.809559619959400241e-14
1.800442453042924049e-14
1.791382105474145900e-14
1.782378026890473865e-14
1.773429813451599656e-14
1.764537063770550309e-14
1.755699378907906786e-14
1.746916227173065161e-14
1.738187352127544089e-14
1.729512096552802239e-14
1.720890341511401192e-14
1.712321439289742696e-14
1.703805141629058017e-14
1.695341072822554197e-14
1.686928617525188164e-14
1.678567552004192584e-14
1.670257650031422615e-14
1.661998312261518371e-14
1.653789195204876077e-14
1.645630078741075524e-14
1.637520379466991696e-14
1.629460001543454418e-14
1.621448369804692404e-14
1.613485270923722690e-14
1.605570257091632080e-14
1.597703001642971652e-14
1.589883179799667443e-14
1.582110468667452904e-14
1.574384435140127716e-14
1.566704874136436242e-14
1.559071358223945050e-14
1.551483574864025964e-14
1.543941213324046564e-14
1.536443857397455370e-14
1.528991309097977651e-14
1.521583157644285568e-14
1.514219102210634287e-14
1.506898843703228144e-14
1.499622084756653726e-14
1.492388427925209582e-14
1.485197682855166102e-14
1.478049357212801445e-14
1.470943364039866724e-14
1.463879217810093824e-14
1.456856733936052458e-14
1.449875629428695693e-14
1.442935431308875261e-14
1.436035959805634117e-14
1.429177033433716973e-14
1.422358188942430384e-14
1.415579156253490841e-14
1.408839758608249896e-14
1.402139544634106378e-14
1.395478431647464051e-14
1.388855974456814230e-14
1.382272001618728448e-14
1.375726164254697660e-14
1.369218205182741324e-14
1.362747868685748005e-14
1.356314900508163260e-14
1.349918962846655066e-14
1.343559890799614287e-14
1.337237350877024883e-14
1.330951098889228015e-14
1.324700900660716215e-14
1.318486443975846363e-14
1.312307582226154136e-14
1.306164007072708813e-14
1.300055493577459525e-14
1.293981818025347287e-14
1.287942757922232037e-14
1.281938014515940792e-14
1.275967446516437979e-14
1.270030682679094269e-14
1.264127660269412171e-14
1.258258012951560885e-14
1.252421603492921131e-14
1.246618219639276051e-14
1.240847504143290996e-14
1.235109395660331736e-14
1.229403541642485528e-14
1.223729738014228759e-14
1.218087923179581284e-14
1.212477751522326522e-14
1.206899022264539265e-14
1.201351397785064188e-14
1.195834956459688895e-14
1.190349226013577960e-14
1.184894147889071261e-14
1.179469526677016345e-14
1.174075035673193984e-14
1.168710484856091186e-14
1.163375815429048694e-14
1.158070707047016280e-14
1.152794972738139274e-14
1.147548426533386494e-14
1.142330883464625273e-14
1.137142159562609070e-14
1.131981947860875100e-14
1.126850192383549264e-14
1.121746712117524986e-14
1.116671206030573566e-14
1.111623498018008302e-14
1.106603531972090999e-14
1.101610894561482797e-14
1.096645649660766792e-14
1.091707505843781598e-14
1.086796291673812905e-14
1.081911722280172261e-14
1.077053744257993700e-14
1.072222188906927328e-14
1.067416776810501023e-14
1.062637454514772359e-14
1.057883947622895126e-14
1.053156100875174132e-14
1.048453761240329335e-14
1.043776883719224230e-14
1.039125101475048330e-14
1.034498371921197888e-14
1.029896545131515836e-14
1.025319368062196298e-14
1.020766797867124431e-14
1.016238686913498761e-14
1.011734786891146642e-14
1.007254954104840249e-14
1.002799145435634513e-14
9.983670181413966064e-15
9.939585313396197969e-15
9.895736417372253837e-15
9.852120134476194401e-15
9.808736053862924090e-15
9.765582788971457028e-15
9.722658015443376574e-15
9.679960383160950214e-15
9.637489478974382645e-15
9.595243021463011518e-15
9.553219680860799017e-15
9.511419042759082451e-15
9.469837966391264713e-15
9.428476057841023822e-15
9.387332014067051941e-15
9.346404538679743208e-15
9.305691467990277136e-15
9.265192406337264134e-15
9.224905216558638006e-15
9.184828648499266324e-15
9.144962305478377659e-15
9.105304089506886122e-15
9.065852769281221378e-15
9.026606291886153052e-15
8.987565100408012583e-15
8.948726332741322842e-15
8.910089609980850860e-15
8.871653731563891327e-15
8.833416706520742066e-15
8.795377364839996359e-15
8.757535326733824726e-15
8.719888637390802351e-15
8.682436144332667689e-15
8.645176700852118475e-15
8.608109166002081644e-15
8.571232404584549369e-15
8.534544537878521107e-15
8.498045211901685076e-15
8.461733353929402677e-15
8.425607173268323872e-15
8.389665633407023697e-15
8.353908424063836265e-15
8.318333070480854758e-15
8.282939988151089554e-15
8.247727439018835397e-15
8.212694411231976437e-15
8.177839203286175744e-15
8.143161518063726014e-15
8.108660358206544689e-15
8.074334052210515714e-15
8.040182301615948437e-15
8.006203454620486889e-15
7.972396548139947007e-15
7.938760623663281834e-15
7.905295381234797007e-15
7.871998558616103270e-15
7.838869869884847939e-15
7.805908374757279493e-15
7.773112502768595057e-15
7.740481966858170882e-15
7.708015840216654461e-15
7.675712579862285958e-15
7.643571281806351294e-15
7.611591657855550253e-15
7.579771584971651706e-15
7.548110788039064702e-15
7.516608978173568357e-15
7.485264072107473984e-15
7.454075793880956427e-15
7.423043269241932499e-15
7.392165047512297628e-15
7.361440275670709967e-15
7.330868676834451251e-15
7.300448825419129635e-15
7.270179880464655795e-15
7.240061564645340824e-15
7.210091921524020133e-15
7.180270685828835737e-15
7.150597032452014395e-15
7.121070140231792912e-15
7.091688652417394938e-15
7.062452303100530018e-15
7.033359751112060779e-15
7.004410202494710807e-15
6.975603391015863688e-15
6.946937998539483591e-15
6.918413242337996516e-15
6.890027836026730134e-15
6.861782059976621781e-15
6.833674152495866478e-15
6.805703889652531442e-15
6.777870538227446635e-15
6.750172873955534818e-15
6.722610181100417340e-15
6.695182234499350662e-15
6.667887830486148116e-15
6.640726263053104712e-15
6.613696829398360188e-15
6.586798829921654157e-15
6.560031568219824865e-15
6.533393884328435946e-15
6.506885561652692313e-15
6.480505913271016488e-15
6.454253798618129095e-15
6.428128546895573645e-15
6.402129940646958803e-15
6.376256411219306657e-15
6.350508194342405798e-15
6.324884180977789518e-15
6.299383715412106794e-15
6.274005710362025176e-15
6.248749956803610977e-15
6.223615807900358260e-15
6.198602194397425230e-15
6.173708906807808959e-15
6.148934887727045032e-15
6.124279510989938673e-15
6.099742153243295510e-15
6.075322604538074417e-15
6.051019423051411374e-15
6.026832407349835709e-15
6.002760945286347407e-15
5.978804028329020737e-15
5.954961454679887117e-15
5.931232620481727638e-15
5.907616533809261964e-15
5.884112604552030742e-15
5.860720630634061340e-15
5.837439253725344139e-15
5.814268279722033051e-15
5.791207506423345815e-15
5.768255599451450168e-15
5.745412364488803914e-15
5.722677229790106044e-15
5.700049259214938382e-15
5.677527893864400180e-15
5.655112939243228346e-15
5.632803477319541862e-15
5.610598970922058771e-15
5.588499242542484627e-15
5.566503051155976529e-15
5.544610226369427764e-15
5.522820243175930372e-15
5.501132578883808207e-15
5.479546370705746056e-15
5.458061447688133388e-15
5.436676956293978382e-15
5.415392389959238165e-15
5.394207577402375886e-15
5.373121678773922921e-15
5.352134194121469762e-15
5.331244299377394926e-15
5.310452153767111129e-15
5.289756613474996197e-15
5.269157513492302480e-15
5.248654364682184315e-15
5.228246364762638428e-15
5.207933035360488577e-15
5.187714211190146631e-15
5.167589102730097893e-15
5.147557237818005287e-15
5.127618146339425690e-15
5.107771360224753887e-15
5.088016413446058448e-15
5.068352842013777980e-15
5.048779590842770126e-15
5.029296801156510793e-15
5.009904014968242515e-15
4.990600776316306064e-15
4.971386053980271485e-15
4.952259981092445086e-15
4.933222107654471722e-15
4.914270854268469485e-15
4.895407483466554648e-15
4.876630423514625053e-15
4.857939243572367207e-15
4.839333514623448140e-15
4.820813356461553091e-15
4.802377246075429078e-15
4.784025850279049798e-15
4.765758736514807579e-15
4.747574409166338843e-15
4.729472989886565912e-15
4.711454062435399517e-15
4.693517212374455055e-15
4.675662027063915289e-15
4.657888095659325202e-15
4.640194499036910633e-15
4.622581355993660259e-15
4.605048270112344513e-15
4.587594846688713731e-15
4.570220194544381062e-15
4.552924427163273368e-15
4.535706663266684355e-15
4.518567013007830513e-15
4.501504604899676850e-15
4.484519545852282788e-15
4.467610495279644825e-15
4.450778042017393114e-15
4.434021806278098915e-15
4.417340471149574676e-15
4.400734611332320573e-15
4.384202925405902060e-15
4.367745978820302652e-15
4.351362485455274619e-15
4.335053001682103450e-15
4.318816707747809252e-15
4.302652797344033227e-15
4.286561368154381550e-15
4.270542065157527429e-15
4.254594095252137723e-15
4.238717988505685976e-15
4.222912518065247793e-15
4.207177343421512547e-15
4.191512553723871230e-15
4.175917377391385983e-15
4.160391900856562720e-15
4.144935360972717469e-15
4.129547841527094112e-15
4.114228173131886000e-15
4.098976856941052972e-15
4.083793555592019789e-15
4.068677119992836556e-15
4.053628039438060376e-15
4.038645178121538717e-15
4.023728618774401105e-15
4.008878435114444054e-15
3.994093510962085632e-15
3.979374316468837534e-15
3.964719748340585635e-15
3.950129496991751756e-15
3.935604021450560943e-15
3.921142237404351052e-15
3.906744217874798549e-15
3.892409274683290302e-15
3.878137478542160596e-15
3.863928148674950330e-15
3.849781354490816086e-15
3.835696794116759947e-15
3.821673438844488977e-15
3.807711728649168967e-15
3.793811006431579636e-15
3.779970983135827400e-15
3.766191726240789312e-15
3.752472589171444739e-15
3.738812935564455980e-15
3.725213185061821313e-15
3.711672354950933830e-15
3.698190858323290435e-15
3.684767723611520925e-15
3.671403357474568946e-15
3.658096799357033205e-15
3.644847778285172249e-15
3.631656691439704416e-15
3.618522594492004937e-15
3.605445549109720234e-15
3.592424955152166538e-15
3.579460872326562057e-15
3.566552706828610195e-15
3.553700516456244377e-15
3.540903713675642693e-15
3.528162037248844587e-15
3.515475226987145900e-15
3.502843336976326648e-15
3.490265791986579131e-15
3.477742335008495202e-15
3.465272710074935778e-15
3.452856662259265755e-15
3.440493937673553839e-15
3.428184585173046882e-15
3.415927747655671724e-15
3.403723179958253320e-15
3.391571230121493437e-15
3.379471055298131712e-15
3.367422705726466450e-15
3.355425934697254628e-15
3.343480496524403844e-15
3.331585572381292384e-15
3.319741785177848154e-15
3.307948319832591832e-15
3.296204939934032784e-15
3.284511690078817746e-15
3.272868052219150358e-15
3.261273792793796993e-15
3.249728679176372708e-15
3.238232752922353034e-15
3.226785506670484103e-15
3.215386711327199479e-15
3.204036141529558499e-15
3.192733573517294377e-15
3.181478784425734111e-15
3.170271552284214452e-15
3.159111656014463952e-15
3.147998615266589753e-15
3.136932474075627999e-15
3.125913013997772922e-15
3.114940017475126903e-15
3.104013013949005323e-15
3.093132044597954140e-15
3.082296894479242328e-15
3.071506850951650896e-15
3.060762453227821623e-15
3.050062991878149585e-15
3.039408259905147500e-15
3.028798051121758814e-15
3.018232401985063649e-15
3.007710622794638369e-15
2.997232992016320434e-15
2.986799302369688921e-15
2.976408875331817761e-15
2.966061748503365204e-15
2.955757721361553952e-15
2.945496594182706635e-15
2.935278168040720937e-15
2.925102244805530534e-15
2.914968399473296906e-15
2.904876665898518675e-15
2.894826848302047032e-15
2.884818751694580149e-15
2.874851959609901780e-15
2.864926503554633697e-15
2.855041971254254902e-15
2.845198393073623026e-15
2.835395360888369330e-15
2.825632903951347472e-15
2.815910403818234657e-15
2.806228105638888381e-15
2.796585821326546441e-15
2.786982942312196713e-15
2.777419708309567054e-15
2.767895517224067391e-15
2.758410605206097878e-15
2.748964376563140510e-15
2.739557063943279032e-15
2.730188281235209262e-15
2.720857647892400151e-15
2.711565190564663165e-15
2.702310732799379213e-15
2.693093902940162921e-15
2.683914927313690935e-15
2.674773238933232946e-15
2.665668670786744419e-15
2.656601250355665817e-15
2.647570615748074464e-15
2.638576793456554352e-15
2.629619425168407629e-15
2.620698536412673209e-15
2.611813584177533106e-15
2.602964783500056250e-15
2.594151969146780468e-15
2.585374606630187373e-15
2.576632906286662992e-15
2.567926339218916244e-15
2.559254930940691212e-15
2.550618703305085660e-15
2.542017135685204149e-15
2.533450430809182060e-15
2.524918073487957927e-15
2.516419910467232051e-15
2.507956140042249159e-15
2.499526255048744203e-15
2.491130277442516753e-15
2.482767880818653715e-15
2.474439086284847929e-15
2.466143570619005765e-15
2.457881354102554529e-15
2.449652285165323809e-15
2.441455877784774437e-15
2.433292320511984257e-15
2.425161297939219915e-15
2.417062663718579264e-15
2.408996435760013591e-15
2.400962303250938240e-15
2.392959959714520453e-15
2.384989585623893725e-15
2.377050714708833126e-15
2.369143524832960905e-15
2.361267554526599695e-15
2.353422979087224573e-15
2.345609341793722169e-15
2.337826504541154523e-15
2.330074638840025366e-15
2.322353294978767964e-15
2.314662489215732999e-15
2.307001930994803955e-15
2.299371635874494745e-15
2.291771316093880210e-15
2.284200987150419584e-15
2.276660367146883902e-15
2.269149326344726936e-15
2.261667735486879765e-15
2.254215611770519590e-15
2.246792679269719788e-15
2.239398810182814452e-15
2.232033877186202368e-15
2.224697753433485980e-15
2.217390312554607189e-15
2.210111569739324116e-15
2.202861116601996501e-15
2.195638830586781692e-15
2.188444866998148810e-15
2.181278823619571939e-15
2.174140716400782412e-15
2.167030422265800563e-15
2.159947818607664369e-15
2.152892513589581490e-15
2.145864792358700862e-15
2.138864264744828180e-15
2.131890812236635896e-15
2.124944448606259249e-15
2.118024922888551025e-15
2.111132117891400107e-15
2.104265916856184700e-15
2.097426332378092310e-15
2.090613118201675698e-15
2.083826158877657300e-15
2.077065339386984569e-15
2.070330545140011529e-15
2.063621661975675208e-15
2.056938576160650766e-15
2.050281174388504257e-15
2.043649220494756332e-15
2.037042726678185186e-15
2.030461580894997777e-15
2.023905671524891181e-15
2.017374766800546826e-15
2.010868877851700303e-15
2.004387894310578759e-15
1.997931469073910269e-15
1.991499732391181141e-15
1.985092575127107193e-15
1.978709888563674585e-15
1.972351332441205752e-15
1.966017033389869108e-15
1.959706654506650589e-15
1.953420320643555132e-15
1.947157925107365004e-15
1.940919136567496743e-15
1.934703855820188699e-15
1.928512207762810835e-15
1.922344090792367438e-15
1.916199182968596005e-15
1.910077387091001401e-15
1.903978824609971827e-15
1.897903178303070415e-15
1.891850567937981552e-15
1.885820679404441393e-15
1.879813417240814866e-15
1.873828686322780662e-15
1.867866603110344383e-15
1.861926649505049810e-15
1.856009361698596281e-15
1.850114015645563600e-15
1.844240728016478707e-15
1.838389611276981559e-15
1.832560160439013630e-15
1.826752693087043327e-15
1.820966911592330577e-15
1.815202724214114180e-15
1.809459839505917138e-15
1.803738567545202382e-15
1.798038616454841518e-15
1.792359895813864462e-15
1.786702119789768604e-15
1.781065591155449669e-15
1.775449830038506587e-15
1.769855135633536182e-15
1.764281032926866201e-15
1.758727627069559543e-15
1.753194640419774137e-15
1.747682365141121694e-15
1.742190335759690756e-15
1.736718654559085517e-15
1.731267234657727780e-15
1.725835805048444956e-15
1.720424465918089380e-15
1.715032948855934203e-15
1.709661352672250550e-15
1.704309592049094358e-15
1.698977402430515873e-15
1.693664880610704462e-15
1.688371764565524146e-15
1.683098149765400668e-15
1.677843776692666709e-15
1.672608739514520609e-15
1.667392781194668660e-15
1.662195821667140214e-15
1.657017953700318750e-15
1.651858926551982838e-15
1.646718664144315385e-15
1.641597259955957888e-15
1.636494467329841991e-15
1.631410210979911952e-15
1.626344582492393881e-15
1.621297172983394294e-15
1.616268240294699949e-15
1.611257543569810684e-15
1.606265008822801684e-15
1.601290562323349323e-15
1.596334130596317011e-15
1.591395800958284711e-15
1.586475178521421415e-15
1.581572351963391126e-15
1.576687406833786516e-15
1.571819954077217707e-15
1.566970080586699802e-15
1.562137714661081685e-15
1.557322784850821790e-15
1.552525219957514987e-15
1.547744949033411175e-15
1.542981901380931121e-15
1.538235855072328370e-15
1.533506892978097939e-15
1.528794945134240693e-15
1.524099792715404084e-15
1.519421665253780539e-15
1.514760196081138949e-15
1.510115318538849968e-15
1.505487258214428561e-15
1.500875653809302065e-15
1.496280439348385360e-15
1.491701692813187297e-15
1.487139346416120757e-15
1.482593190369870170e-15
1.478063159596628424e-15
1.473549330001556398e-15
1.469051634743401277e-15
1.464569867917071822e-15
1.460103965335937281e-15
1.455654000890941840e-15
1.451219771533037558e-15
1.446801213733577237e-15
1.442398399906198937e-15
1.438011129816548488e-15
1.433639340590474498e-15
1.429282969567163541e-15
1.424942087237978920e-15
1.420616497480979615e-15
1.416306140414060307e-15
1.412010956780337054e-15
1.407730887519868584e-15
1.403466003312033729e-15
1.399215985736862565e-15
1.394981034748802875e-15
1.390760834990207070e-15
1.386555457256284206e-15
1.382364969904714414e-15
1.378189062111908625e-15
1.374027928225825932e-15
1.369881260406409163e-15
1.365749127139591851e-15
1.361631471511052741e-15
1.357528236799534819e-15
1.353439366476497028e-15
1.349364683050947009e-15
1.345304252773011164e-15
1.341258019679545558e-15
1.337225927998760445e-15
1.333207803453030773e-15
1.329203710560538040e-15
1.325213594110965825e-15
1.321237282194226316e-15
1.317274838060250713e-15
1.313326207057185825e-15
1.309391219608897693e-15
1.305469823197306421e-15
1.301562079417895409e-15
1.297667934351980367e-15
1.293787221477427981e-15
1.289919888967090069e-15
1.286065996810236730e-15
1.282225491815954801e-15
1.278398099938214218e-15
1.274583991636835070e-15
1.270783114258309766e-15
1.266995197631783706e-15
1.263220409375812004e-15
1.259458589617597720e-15
1.255709688053813195e-15
1.251973761214457105e-15
1.248250651381086398e-15
1.244540308753121373e-15
1.240842683693958704e-15
1.237157726730705395e-15
1.233485388553905049e-15
1.229825620017263538e-15
1.226178475102370299e-15
1.222543698860471555e-15
1.218921347711700141e-15
1.215311476484375457e-15
1.211713835384361059e-15
1.208128480053801150e-15
1.204555364352363380e-15
1.200994442290234200e-15
1.197445668027862876e-15
1.193908897464331565e-15
1.190384282374603702e-15
1.186871581032186242e-15
1.183370846599237187e-15
1.179882033975565096e-15
1.176405002231302569e-15
1.172939803498989706e-15
1.169486393115921746e-15
1.166044632016664988e-15
1.162614571326222046e-15
1.159196166817195411e-15
1.155789281262857174e-15
1.152393964802241497e-15
1.149010081417747419e-15
1.145637680600286899e-15
1.142276627530282310e-15
1.138926971059801004e-15
1.135588577556282108e-15
1.132261405282956839e-15
1.128945502147004422e-15
1.125640736272310713e-15
1.122347154949817900e-15
1.119064627463404190e-15
1.115793112740102798e-15
1.112532657159331473e-15
1.109283044829254603e-15
1.106044409284147893e-15
1.102816622650889427e-15
1.099599730121331944e-15
1.096393519753830443e-15
1.093198122192967484e-15
1.090013327439502976e-15
1.086839264716232592e-15
1.083675809475346415e-15
1.080522922068707182e-15
1.077380480265332851e-15
1.074248610496441316e-15
1.071127190376434983e-15
1.068016180763980868e-15
1.064915461544126971e-15
1.061825156424271625e-15
1.058745064834114777e-15
1.055675229453218714e-15
1.052615692405525742e-15
1.049566178060439635e-15
1.046526888051047777e-15
1.043497627665711996e-15
1.040478439328949340e-15
1.037469286446684525e-15
1.034470132541817517e-15
1.031480864405861315e-15
1.028501523391399778e-15
1.025531997262996559e-15
1.022572326845476332e-15
1.019622476231517322e-15
1.016682334631939352e-15
1.013751867463231799e-15
1.010831114516782164e-15
1.007920040335423075e-15
1.005018536024254610e-15
1.002126567425043623e-15
9.992441733244455139e-16
9.963712462232249066e-16
9.935078244161650725e-16
9.906538013259842072e-16
9.878091433197025351e-16
9.849738168666916304e-16
9.821478592929015550e-16
9.793311658347683377e-16
9.765237032733667539e-16
9.737254384915336497e-16
9.709364078732416604e-16
9.681564393711764782e-16
9.653856386409781319e-16
9.626239035768777080e-16
9.598712015736080353e-16
9.571275001267388770e-16
9.543927668325209328e-16
9.516669693877276729e-16
9.489500755894983540e-16
9.462420533351757121e-16
9.435428706221438505e-16
9.408524955476639604e-16
9.381708308045602888e-16
9.354979760111712619e-16
9.328337688653091059e-16
9.301782433612546519e-16
9.275313680882063015e-16
9.248931117342501149e-16
9.222633794385766716e-16
9.196422043415808821e-16
9.170295554221341775e-16
9.144254019050726500e-16
9.118296512605126873e-16
9.092423366792447901e-16
9.066633665544165029e-16
9.040927736587707586e-16
9.015305284156491758e-16
8.989765403701853036e-16
8.964307809998560639e-16
8.938932822584474548e-16
8.913640149299089389e-16
8.888428900688856371e-16
8.863298794941266443e-16
8.838250143627537398e-16
8.813282068420714595e-16
8.788394876990241749e-16
8.763587698360868622e-16
8.738860254936450079e-16
8.714212269943099304e-16
8.689644043362633987e-16
8.665154145473571981e-16
8.640744021648983492e-16
8.616411678791380109e-16
8.592157417478571820e-16
8.567981528365416467e-16
8.543882612842106125e-16
8.519861523044996274e-16
8.495917427156445436e-16
8.472050056645549914e-16
8.448258594425807472e-16
8.424543874894501800e-16
8.400905079984742216e-16
8.377341944394891236e-16
8.353853664509124185e-16
8.330441057397953090e-16
8.307102784433999324e-16
8.283839654175686687e-16
8.260650339656902870e-16
8.237535114417160605e-16
8.214493194575960943e-16
8.191525371925350974e-16
8.168630342457393927e-16
8.145808372919296161e-16
8.123059206707378838e-16
8.100382075995295665e-16
8.077777242547085715e-16
8.055243944839629110e-16
8.032782441358844559e-16
8.010392479362723584e-16
7.988073306700461712e-16
7.965825177042086350e-16
7.943647345356040829e-16
7.921540066884006052e-16
7.899502607425073398e-16
7.877535219991090093e-16
7.855637176389215710e-16
7.833808242346049166e-16
7.812048666162962853e-16
7.790357728546027445e-16
7.768735197276854100e-16
7.747181316041137791e-16
7.725695374330639033e-16
7.704277141973154857e-16
7.682926858131468917e-16
7.661643354471514251e-16
7.640427338012854127e-16
7.619278112620211923e-16
7.598195451489410528e-16
7.577179128480351717e-16
7.556228918116038951e-16
7.535345049312216008e-16
7.514526388363610714e-16
7.493773167608416219e-16
7.473085611703354728e-16
7.452462601431425718e-16
7.431904364833928541e-16
7.411410681047979172e-16
7.390981329865782420e-16
7.370616091733588657e-16
7.350314747750625894e-16
7.330077079668032852e-16
7.309902007267490892e-16
7.289791042794797205e-16
7.269742248623474069e-16
7.249757122481029884e-16
7.229833743770180539e-16
7.209972752804433835e-16
7.190173935808886065e-16
7.170436244291638309e-16
7.150761140300216451e-16
7.131146745043315876e-16
7.111593682615559824e-16
7.092101742390286893e-16
7.072669897907889628e-16
7.053299576479045889e-16
7.033988940129180244e-16
7.014737791827503053e-16
6.995547538461551726e-16
6.976416366060417530e-16
6.957344873691073150e-16
6.938332064875141759e-16
6.919379320390809344e-16
6.900484077107038918e-16
6.881648496420162411e-16
6.862870814906738577e-16
6.844151617111315707e-16
6.825489935014219429e-16
6.806886347222853366e-16
6.788339893828328957e-16
6.769851147567960307e-16
6.751419912255764699e-16
6.733045240038316642e-16
6.714727694997402452e-16
6.696466337209088408e-16
6.678261725048930536e-16
6.660112926451347408e-16
6.642020494149880999e-16
6.623983503866808574e-16
6.606002502757086418e-16
6.588076574261020526e-16
6.570206260017618031e-16
6.552390651116011820e-16
6.534629567956862802e-16
6.516923543996882059e-16
6.499271681646325781e-16
6.481674508999438651e-16
6.464131135945558634e-16
6.446641385427471612e-16
6.429205777584440431e-16
6.411823433375867432e-16
6.394494177251709518e-16
6.377218521529437002e-16
6.359995598090895087e-16
6.342825232886640485e-16
6.325707252350840105e-16
6.308642158559744204e-16
6.291629097717502170e-16
6.274667897750089852e-16
6.257759053213485361e-16
6.240901720898115763e-16
6.224095730214682860e-16
6.207340911052651100e-16
6.190637093779626343e-16
6.173984760665983318e-16
6.157382437281438625e-16
6.140831255401569650e-16
6.124330395917097731e-16
6.107879691618551889e-16
6.091478975770325947e-16
6.075128716337782279e-16
6.058827476257908671e-16
6.042575727703247100e-16
6.026373933798422478e-16
6.010220678331812947e-16
5.994117048844378927e-16
5.978062258672543861e-16
5.962055532632518088e-16
5.946097943097186540e-16
5.930188713056671791e-16
5.914327076818370078e-16
5.898514091821435780e-16
5.882748389270215788e-16
5.867031016776233350e-16
5.851360617126176147e-16
5.835738228205197439e-16
5.820162504275730864e-16
5.804633885440096334e-16
5.789152216237093648e-16
5.773717341652920132e-16
5.758329107120388689e-16
5.742987358518162601e-16
5.727691942169972582e-16
5.712442132057862791e-16
5.697238353216341869e-16
5.682080453263035121e-16
5.666968280257721427e-16
5.651901682701533539e-16
5.636879949221750862e-16
5.621903494430682501e-16
5.606972168112984246e-16
5.592085267516696222e-16
5.577243751675038845e-16
5.562446368134811710e-16
5.547693521369023710e-16
5.532984519957826119e-16
5.518319764375130997e-16
5.503699107387745722e-16
5.489121865937858588e-16
5.474588968514691932e-16
5.460098667402271532e-16
5.445652418805296789e-16
5.431249016743187585e-16
5.416888323427509773e-16
5.402570723801707085e-16
5.388296073972910920e-16
5.374063712645678474e-16
5.359874019116811770e-16
5.345726337406478037e-16
5.331621043087364586e-16
5.317557994326439929e-16
5.303536543047594920e-16
5.289556555225565643e-16
5.275618400908964994e-16
5.261721441947357548e-16
5.247866045127666822e-16
5.234051577415018216e-16
5.220278402011772987e-16
5.206545890954663018e-16
5.192854403900264748e-16
5.179203317913356627e-16
5.165592504019737311e-16
5.152022316613899390e-16
5.138492140206992971e-16
5.125001846884411719e-16
5.111551785863655841e-16
5.098141349007048355e-16
5.084770409454911821e-16
5.071439311331344726e-16
5.058147453755887690e-16
5.044894710919000827e-16
5.031681421933498363e-16
5.018506993083409894e-16
5.005371299604417498e-16
4.992274217070086184e-16
4.979215621391413256e-16
4.966195843488880607e-16
4.953214301366213107e-16
4.940270871971551101e-16
4.927365432588421120e-16
4.914498307746498319e-16
4.901668479658607338e-16
4.888876718534578529e-16
4.876122456110349327e-16
4.863405571365866002e-16
4.850725943613355858e-16
4.838083452496820385e-16
4.825477977991529408e-16
4.812909832224747079e-16
4.800378030343634394e-16
4.787883315127422932e-16
4.775424709768456842e-16
4.763002950351842958e-16
4.750617068043927688e-16
4.738267371431610827e-16
4.725954162196765465e-16
4.713676483334809834e-16
4.701435054485300832e-16
4.689228926442576202e-16
4.677058812382043732e-16
4.664923770828077342e-16
4.652824100077622919e-16
4.640759685367855657e-16
4.628730413682345812e-16
4.616736172674760550e-16
4.604776850310795053e-16
4.592851934995793519e-16
4.580962116758874455e-16
4.569106486436468031e-16
4.557285333085214685e-16
4.545498546199386359e-16
4.533746015582164052e-16
4.522027241539719564e-16
4.510342507597893875e-16
4.498691704460244238e-16
4.487074723137154372e-16
4.475491454945258586e-16
4.463941409878246280e-16
4.452424864717490559e-16
4.440941711672512742e-16
4.429491466444028772e-16
4.418074401842858374e-16
4.406690410966971053e-16
4.395339015153175908e-16
4.384020483304398017e-16
4.372734709402541796e-16
4.361481220350473941e-16
4.350260281204803851e-16
4.339071786826775251e-16
4.327915269616179619e-16
4.316790990843821240e-16
4.305698486529121677e-16
4.294638015445103592e-16
4.283609117200940034e-16
4.272612048098133712e-16
4.261646351305983489e-16
4.250712280680419731e-16
4.239809733671981567e-16
4.228938258745317481e-16
4.218097758329717746e-16
4.207288481466657644e-16
4.196509981830503444e-16
4.185762506093235828e-16
4.175045611373354743e-16
4.164359201400079341e-16
4.153703519327670698e-16
4.143078465134678224e-16
4.132483266397245181e-16
4.121918836922425671e-16
4.111384072691983815e-16
4.100879547471443898e-16
4.090404831855559196e-16
4.079959831988328515e-16
4.069544783711470045e-16
4.059159264703741027e-16
4.048803508935514939e-16
4.038476773397965684e-16
4.028179616482157309e-16
4.017911622313593399e-16
4.007672700541890749e-16
3.997463079631224502e-16
3.987282348477781899e-16
3.977130417456906130e-16
3.967007197179078621e-16
3.956912598489586232e-16
3.946846844488230635e-16
3.936809531881110865e-16
3.926800572233486917e-16
3.916819877343962854e-16
3.906867359244140697e-16
3.896942930198272337e-16
3.887046502702913921e-16
3.877178292571506529e-16
3.867337605340779512e-16
3.857524959129806263e-16
3.847739664951252778e-16
3.837982236394157220e-16
3.828251989900544432e-16
3.818549434572867810e-16
3.808874186664817024e-16
3.799225867549854099e-16
3.789604979681074559e-16
3.780011143674272563e-16
3.770443985198140423e-16
3.760904000151652006e-16
3.751390526236636014e-16
3.741903768993655008e-16
3.732443929450652397e-16
3.723010353096906849e-16
3.713603242588681124e-16
3.704222514766281034e-16
3.694868086694816058e-16
3.685539596604519517e-16
3.676237521272936041e-16
3.666961221453857049e-16
3.657710894151584697e-16
3.648486457534036780e-16
3.639287829991623395e-16
3.630114930136841171e-16
3.620967405656119400e-16
3.611845448972848413e-16
3.602748979348436889e-16
3.593677648789804719e-16
3.584631648804669472e-16
3.575610901431844046e-16
3.566615328920553714e-16
3.557644590250077805e-16
3.548698873721180608e-16
3.539778102197606097e-16
3.530881938485675926e-16
3.522010568256360338e-16
3.513163914984897220e-16
3.504341645258948880e-16
3.495543942159693174e-16
3.486770474765935768e-16
3.478021424449576841e-16
3.469296715693531393e-16
3.460596021283152366e-16
3.451919520065791768e-16
3.443266887268704215e-16
3.434638300072973228e-16
3.426033436128382154e-16
3.417452470966638002e-16
3.408895084640842114e-16
3.400361451050034048e-16
3.391851252631575249e-16
3.383364661668358543e-16
3.374901362963110779e-16
3.366461286320175335e-16
3.358044601622289880e-16
3.349650997178719264e-16
3.341280641296614693e-16
3.332933224604140048e-16
3.324608913848750198e-16
3.316307166871847377e-16
3.308028620001910410e-16
3.299772499217465185e-16
3.291539203268327824e-16
3.283328429617432964e-16
3.275140340414334049e-16
3.266974405921564477e-16
3.258831018089191590e-16
3.250710106442959225e-16
3.242611147340826446e-16
3.234534527719174251e-16
3.226479952808538517e-16
3.218447355610341829e-16
3.210436892348717410e-16
3.202448049365688541e-16
3.194481205388512983e-16
3.186536071061078486e-16
3.178612580248907627e-16
3.170710885913536567e-16
3.162830485794062923e-16
3.154971752532453193e-16
3.147134188027653931e-16
3.139318161745491754e-16
3.131523393637749464e-16
3.123749820666042814e-16
3.115997379951951297e-16
3.108266008776786903e-16
3.100555644581348592e-16
3.092866224965687109e-16
3.085197687688862908e-16
3.077549970668699137e-16
3.069923219460001053e-16
3.062316956510597130e-16
3.054731328525077117e-16
3.047166274053852706e-16
3.039621731804866184e-16
3.032097640643340460e-16
3.024593939591518740e-16
3.017110567828419981e-16
3.009647263750292771e-16
3.002204369529033626e-16
2.994781423728504391e-16
2.987378765626148646e-16
2.979995937289497742e-16
2.972633078162176732e-16
2.965290128503189174e-16
2.957967028726299329e-16
2.950663524776785855e-16
2.943379753548657612e-16
2.936115848986049103e-16
2.928871172875926821e-16
2.921646245625112551e-16
2.914440624697968498e-16
2.907254443874520458e-16
2.900087644777410260e-16
2.892940169181732527e-16
2.885811771241540576e-16
2.878702582298813595e-16
2.871612544574719436e-16
2.864541414893479364e-16
2.857489322797639426e-16
2.850456210952249153e-16
2.843441838820979019e-16
2.836446334173505342e-16
2.829469458213140517e-16
2.822511337539092437e-16
2.815571915548169844e-16
2.808650956032826710e-16
2.801748584146805593e-16
2.794864566807007276e-16
2.787999029437012080e-16
2.781151740918217155e-16
2.774322825530040444e-16
2.767512229357128625e-16
2.760719723781106927e-16
2.753945257236313261e-16
2.747188951747388109e-16
2.740450581158710436e-16
2.733730266384065039e-16
2.727027782896953886e-16
2.720343250511170182e-16
2.713676446316899545e-16
2.707027319629306194e-16
2.700395988628037264e-16
2.693782232800952067e-16
2.687186169254404651e-16
2.680607579062324754e-16
2.674046412162434280e-16
2.667502618613086760e-16
2.660976313397012823e-16
2.654467444872952361e-16
2.647975634510150396e-16
2.641501160531742162e-16
2.635043809456075596e-16
2.628603532078224385e-16
2.622180440276679514e-16
2.615774162526768262e-16
2.609384971284163696e-16
2.603012815945105215e-16
2.596657329124983416e-16
2.590318779884379197e-16
2.583996803566002103e-16
2.577691666987261690e-16
2.571403164190159295e-16
2.565131402556447017e-16
2.558876022826419900e-16
2.552637133226640906e-16
2.546414839678212703e-16
2.540208939879198778e-16
2.534019234047094035e-16
2.527845980234408125e-16
2.521688978295285632e-16
2.515548181171784299e-16
2.509423541922245879e-16
2.503315013721122593e-16
2.497222549858797165e-16
2.491146103741404840e-16
2.485085628890650956e-16
2.479041079169157446e-16
2.473012409455098655e-16
2.466999574962375310e-16
2.461002531014479160e-16
2.455021233044330274e-16
2.449055636594107929e-16
2.443105409880303582e-16
2.437171084648638317e-16
2.431252328212660086e-16
2.425348812449082257e-16
2.419461062747592653e-16
2.413588468193558243e-16
2.407731549984900606e-16
2.401889701812770827e-16
2.396063162082872886e-16
2.390251887407146529e-16
2.384455834504985697e-16
2.378674960203071878e-16
2.372909221435187739e-16
2.367158575242046539e-16
2.361422706542703513e-16
2.355701846924594859e-16
2.349996223862708516e-16
2.344305253511348565e-16
2.338629164606021320e-16
2.332967914812282958e-16
2.327321195922750718e-16
2.321689498798135165e-16
2.316072250481299691e-16
2.310469675025592434e-16
2.304881730610759461e-16
2.299308375521442660e-16
2.293749308263835846e-16
2.288204749217397739e-16
2.282674914852701896e-16
2.277158990205167529e-16
2.271657707723311373e-16
2.266170768420118152e-16
2.260697877359346220e-16
2.255239249536813394e-16
2.249794592160063251e-16
2.244364369473871143e-16
2.238948037863910394e-16
2.233545808811657508e-16
2.228157641912715471e-16
2.222783249679473397e-16
2.217422840995295135e-16
2.212076375750777468e-16
2.206743569587226203e-16
2.201424872238374572e-16
2.196119756301207399e-16
2.190828185731181443e-16
2.185550605985127847e-16
2.180286256697810361e-16
2.175035821358369620e-16
2.169798783175206902e-16
2.164575343645313929e-16
2.159365464657591966e-16
2.154168873044509477e-16
2.148985767838352019e-16
2.143816111205173823e-16
2.138659632940556524e-16
2.133516529644435629e-16
2.128386533065086056e-16
2.123269838194980705e-16
2.118166407655501118e-16
2.113075976101213731e-16
2.107998736145178153e-16
2.102934424357235472e-16
2.097883457240122792e-16
2.092845121480398925e-16
2.087819832885064853e-16
2.082807554704776954e-16
2.077808028238586350e-16
2.072821440660969309e-16
2.067847755493100855e-16
2.062886716830068484e-16
2.057938290884898489e-16
2.053002661795560075e-16
2.048079793434901719e-16
2.043169433569261593e-16
2.038271548721413952e-16
2.033386320045573545e-16
2.028513711764007886e-16
2.023653475258229893e-16
2.018805577359193179e-16
2.013970407608569537e-16
2.009147296617441906e-16
2.004336633285630086e-16
1.999538382355227153e-16
1.994752092395257750e-16
1.989978355091973386e-16
1.985216719968548403e-16
1.980467154467416518e-16
1.975729831098330191e-16
1.971004510897879023e-16
1.966291161531375578e-16
1.961589953412504793e-16
1.956900852048541512e-16
1.952223621888995267e-16
1.947558231029303057e-16
1.942904847776435884e-16
1.938263239865845942e-16
1.933633376247846468e-16
1.929015423316056167e-16
1.924409151289687840e-16
1.919814529330530336e-16
1.915231721816952655e-16
1.910660501423680575e-16
1.906101031203087785e-16
1.901553085454321948e-16
1.897016633692775363e-16
1.892491836998817612e-16
1.887978472080675013e-16
1.883476508662995818e-16
1.878985916537108722e-16
1.874506854190706895e-16
1.870039101498754296e-16
1.865582815673671555e-16
1.861137778160103483e-16
1.856703959098693533e-16
1.852281328696265164e-16
1.847870041639025110e-16
1.843469882466874920e-16
1.839080821593088622e-16
1.834702829496788682e-16
1.830336058381275662e-16
1.825980114858517472e-16
1.821635512542710777e-16
1.817301679254036868e-16
1.812978945731993718e-16
1.808666924291317413e-16
1.804365943107541337e-16
1.800075971195193732e-16
1.795796625090146467e-16
1.791528229169773761e-16
1.787270402751441206e-16
1.783023467701278498e-16
1.778787219751413083e-16
1.774561803323300657e-16
1.770346843240764983e-16
1.766142656417405607e-16
1.761949041465836377e-16
1.757765970067981370e-16
1.753593413969969810e-16
1.749431344982058162e-16
1.745279903507621846e-16
1.741138723797492248e-16
1.737008114287741672e-16
1.732887711873832791e-16
1.728777822705225229e-16
1.724678252173406873e-16
1.720588973097513825e-16
1.716510122534775688e-16
1.712441344461715909e-16
1.708382776672439804e-16
1.704334554579463621e-16
1.700296326006793749e-16
1.696268388237516261e-16
1.692250391635975012e-16
1.688242631198060871e-16
1.684244759808937505e-16
1.680257070196074235e-16
1.676279375912219778e-16
1.672311650514792089e-16
1.668353867621568816e-16
1.664405844501459452e-16
1.660467868292011694e-16
1.656539755799104253e-16
1.652621480881108723e-16
1.648713017456326710e-16
1.644814185975941226e-16
1.640925268101371532e-16
1.637046083831372394e-16
1.633176607323099189e-16
1.629316661531143594e-16
1.625466523816290643e-16
1.621626016689000119e-16
1.617794964957066836e-16
1.613973642801805225e-16
1.610161726112030843e-16
1.606359339039711786e-16
1.602566603592746442e-16
1.598783199141027143e-16
1.595009248357441066e-16
1.591244726042185771e-16
1.587489607053984905e-16
1.583743866309999447e-16
1.580007334641654409e-16
1.576280275903378311e-16
1.572562377427269316e-16
1.568853901053846315e-16
1.565154536353028857e-16
1.561464401665512002e-16
1.557783472308700351e-16
1.554111723657714524e-16
1.550448991203236093e-16
1.546795530835634170e-16
1.543151038730432749e-16
1.539515630428649923e-16
1.535889281648794260e-16
1.532271831032956177e-16
1.528663529994066366e-16
1.525064080467732424e-16
1.521473596083975391e-16
1.517892053146063990e-16
1.514319428012680729e-16
1.510755562721614625e-16
1.507200569106598422e-16
1.503654423686157566e-16
1.500117103033889610e-16
1.496588451367206499e-16
1.493068710678305459e-16
1.489557461925628012e-16
1.486055077670446100e-16
1.482561402829913975e-16
1.479076284302590994e-16
1.475599829991099812e-16
1.472131887849352452e-16
1.468672564923345786e-16
1.465221838315472524e-16
1.461779685182233839e-16
1.458345955570704538e-16
1.454920754840634858e-16
1.451504060304783538e-16
1.448095723558664927e-16
1.444695848714464227e-16
1.441304413240476679e-16
1.437921394658478841e-16
1.434546646604012890e-16
1.431180148065697617e-16
1.427822001109306294e-16
1.424472183458971367e-16
1.421130672891868536e-16
1.417797325547940391e-16
1.414472241889607315e-16
1.411155279044771190e-16
1.407846536681602586e-16
1.404545992830696306e-16
1.401253506091008241e-16
1.397969055906272485e-16
1.394692858989660496e-16
1.391424655911025273e-16
1.388164426250489045e-16
1.384912266950738281e-16
1.381668039499901367e-16
1.378431956542629964e-16
1.375203647158101940e-16
1.371983323658512649e-16
1.368770964621924880e-16
1.365566433966478344e-16
1.362369826325960521e-16
1.359181006887141946e-16
1.356000069605967067e-16
1.352826880591619257e-16
1.349661533060592115e-16
1.346503894037801187e-16
1.343354056006428286e-16
1.340211886900488781e-16
1.337077478475937529e-16
1.333950699569307420e-16
1.330831641215358182e-16
1.327720173146607961e-16
1.324616276211366322e-16
1.321520040371474371e-16
1.318431336689007271e-16
1.315350254419467960e-16
1.312276665504839381e-16
1.309210658500133986e-16
1.306152106220880086e-16
1.303100989805723066e-16
1.300057396767536134e-16
1.297021307167750949e-16
1.293992489984283766e-16
1.290971138035702073e-16
1.287957231518752568e-16
1.284950541831562957e-16
1.281951259624822215e-16
1.278959365229951865e-16
1.275974735732225613e-16
1.272997352679048707e-16
1.270027300204714526e-16
1.267064354467459752e-16
1.264108803667270444e-16
1.261160322979020360e-16
1.258219097399040227e-16
1.255285006907607165e-16
1.252358133676353269e-16
1.249438258518653684e-16
1.246525563668406019e-16
1.243620029989215853e-16
1.240721440583442769e-16
1.237829975642847825e-16
1.234945616162435188e-16
1.232068147508212643e-16
1.229197747854011140e-16
1.226334301191938817e-16
1.223477789743884146e-16
1.220628195769733549e-16
1.217785597654884080e-16
1.214949880952867575e-16
1.212121028028310231e-16
1.209299021281088492e-16
1.206483937860238671e-16
1.203675664848256401e-16
1.200874184762147208e-16
1.198079480156550462e-16
1.195291533623686865e-16
1.192510420813731864e-16
1.189735938018743910e-16
1.186968253652447840e-16
1.184207257440287094e-16
1.181453023856130138e-16
1.178705352009769418e-16
1.175964407813477722e-16
1.173229991768535023e-16
1.170502268549362423e-16
1.167781130095304267e-16
1.165066559416086632e-16
1.162358539558382388e-16
1.159657142696978386e-16
1.156962173450445230e-16
1.154273704387834562e-16
1.151591806839707362e-16
1.148916375268508090e-16
1.146247392945103884e-16
1.143584755984096208e-16
1.140928622427318236e-16
1.138278888148954484e-16
1.135635536565836255e-16
1.132998551131152716e-16
1.130368000977919241e-16
1.127743698038480925e-16
1.125125711825819340e-16
1.122514025938020142e-16
1.119908708434295080e-16
1.117309573833036518e-16
1.114716690568371473e-16
1.112130125905618350e-16
1.109549696278037901e-16
1.106975469322121022e-16
1.104407428887451226e-16
1.101845641195858965e-16
1.099289925201345924e-16
1.096740347491985405e-16
1.094196973518109173e-16
1.091659624100261309e-16
1.089128365051362027e-16
1.086603180469809085e-16
1.084084054489322231e-16
1.081570971493783794e-16
1.079063916760419665e-16
1.076562875812575528e-16
1.074067755040322529e-16
1.071578698638739416e-16
1.069095612776423895e-16
1.066618404778302259e-16
1.064147217243103728e-16
1.061681879512233358e-16
1.059222455642233884e-16
1.056768931398722992e-16
1.054321292577811545e-16
1.051879525006059445e-16
1.049443538148537493e-16
1.047013470947878987e-16
1.044589156807436833e-16
1.042170658063963526e-16
1.039757960692561850e-16
1.037351050698530580e-16
1.034949914117319868e-16
1.032554462502079334e-16
1.030164756989805853e-16
1.027780857687563934e-16
1.025402528794758583e-16
1.023029978447198980e-16
1.020663118872943710e-16
1.018301863374066373e-16
1.015946271680130602e-16
1.013596330090097148e-16
1.011252024932651660e-16
1.008913270654554341e-16
1.006580126064912358e-16
1.004252577578435284e-16
1.001930540489225939e-16
9.996141438232747551e-17
9.973032320335228948e-17
9.949978627999383876e-17
9.926979525335936538e-17
9.904036283674045002e-17
9.881147368692638295e-17
9.858312654251875292e-17
9.835533397667466916e-17
9.812808080274217466e-17
9.790136576696793108e-17
9.767520130399504437e-17
9.744957238204498290e-17
9.722448454973641176e-17
9.699992972054003266e-17
9.677591340014357857e-17
9.655243427827935845e-17
9.632948429141836142e-17
9.610706859778022430e-17
9.588518555578337959e-17
9.566382689918760849e-17
9.544299766974647964e-17
9.522268965555708038e-17
9.500291441775794565e-17
9.478365065777898728e-17
9.456491643351560120e-17
9.434669708212054384e-17
9.412899106166414011e-17
9.391180327762694899e-17
9.369513212679491036e-17
9.347896961115071906e-17
9.326332057902193685e-17
9.304817708488291370e-17
9.283354393926054985e-17
9.261941324876085867e-17
9.240578978641576248e-17
9.219267197538051625e-17
9.198005199991142396e-17
9.176793457748725760e-17
9.155631194360560707e-17
9.134518260187439703e-17
9.113455121464724313e-17
9.092441622729318110e-17
9.071476997674453125e-17
9.050561098037261003e-17
9.029694382822303179e-17
9.008876698033092745e-17
8.988107287368178111e-17
8.967386003931139757e-17
8.946713299611473513e-17
8.926089021867811738e-17
8.905511830003613370e-17
8.884983361272016666e-17
8.864501687666230809e-17
8.844067846594378708e-17
8.823681687306470113e-17
8.803342475507480859e-17
8.783050067327972749e-17
8.762804899049563594e-17
8.742606243556437858e-17
8.722454533740126753e-17
8.702349047237848375e-17
8.682289641835543529e-17
8.662276745379196474e-17
8.642309642564280601e-17
8.622388192158349620e-17
8.602512817022040782e-17
8.582682831113902559e-17
8.562898765249907281e-17
8.543159490988107111e-17
8.523466675046779641e-17
8.503818636793178755e-17
8.484216479019347514e-17
8.464659638599159725e-17
8.445148108221368699e-17
8.425682426733655191e-17
8.406262036529117652e-17
8.386886930002609406e-17
8.367557640000177161e-17
8.348273614376586752e-17
8.329034845238636478e-17
8.309841324591482375e-17
8.290693577378219621e-17
8.271591058640304531e-17
8.252533760102573885e-17
8.233522200864899479e-17
8.214555315665334030e-17
8.195634149054021677e-17
8.176758686880400154e-17
8.157927874639237197e-17
8.139142745624625299e-17
8.120402252424588263e-17
8.101707420886176888e-17
8.083058236503931481e-17
8.064453662430024985e-17
8.045894713465917247e-17
8.027380359729729921e-17
8.008911608715339441e-17
7.990487941516417335e-17
7.972109850805106374e-17
7.953776320500271341e-17
7.935488343665565354e-17
7.917245408115472587e-17
7.899047008530614068e-17
7.880894127280553589e-17
7.862786749056528233e-17
7.844723878095221676e-17
7.826705997712484526e-17
7.808733584314236437e-17
7.790805652120627246e-17
7.772923162495929299e-17
7.755085618006860645e-17
7.737293007941432213e-17
7.719545321505787195e-17
7.701842547824806248e-17
7.684184675942657232e-17
7.666571694823380694e-17
7.649003515315999983e-17
7.631479736537923539e-17
7.614000349391005303e-17
7.596563938874708562e-17
7.579170965599952214e-17
7.561820023810367456e-17
7.544511570402320700e-17
7.527244208800853472e-17
7.510018392220532217e-17
7.492832733205832670e-17
7.475687225576159060e-17
7.458581858170611160e-17
7.441515257098380649e-17
7.424487866508497454e-17
7.407498321478007843e-17
7.390547062583631970e-17
7.373632733810985329e-17
7.356755772194296014e-17
7.339914830569207867e-17
7.323109900686717034e-17
7.306340529240296842e-17
7.289606264241434627e-17
7.272906655016018998e-17
7.256241252200770239e-17
7.239609607739657162e-17
7.223011274880320105e-17
7.206445808170514907e-17
7.189912333745173442e-17
7.173411269645069254e-17
7.156941316353080606e-17
7.140502888546560404e-17
7.124094695196065565e-17
7.107716302971252370e-17
7.091368121537132884e-17
7.075049711319594651e-17
7.058758962170423709e-17
7.042497953589632590e-17
7.026263750697902801e-17
7.010057590873867621e-17
6.993879040907543784e-17
6.977726847303022923e-17
6.961600587944610094e-17
6.945500657813588661e-17
6.929425815688336444e-17
6.913375643122925869e-17
6.897350530297017770e-17
6.881350052767865044e-17
6.865372183706763493e-17
6.849418115957724148e-17
6.833487428775705282e-17
