# pp
8.724565189297855254e-09
5.303444218769641032e-09
3.663755237921359707e-09
2.720919192010574209e-09
2.116794548166249656e-09
1.701779356405988264e-09
1.402072429915974133e-09
1.177443663250322246e-09
1.003931757352960258e-09
8.669353830986435992e-10
7.564392078406819467e-10
6.658664610201537284e-10
5.906650535886186170e-10
5.274669823750276806e-10
4.737959029432648466e-10
4.278135828468685519e-10
3.881127003729466827e-10
3.535640925666855938e-10
3.232880871424326076e-10
2.966164553962533063e-10
2.730116511157616253e-10
2.520135978563354910e-10
2.332449615757630219e-10
2.164030149689078439e-10
2.012373198564422605e-10
1.875348165834635925e-10
1.751136106180427869e-10
1.638122454904977319e-10
1.534954718073996636e-10
1.440587193020961907e-10
1.354121184145983507e-10
1.274703604301686356e-10
1.201583609850016184e-10
1.134122507531609168e-10
1.071765111974096201e-10
1.014020911983744467e-10
9.604559798837491906e-11
9.106802087298733793e-11
8.643474841431125222e-11
8.211518326349461133e-11
7.808228993996767127e-11
7.431200905408631866e-11
7.078283618558700059e-11
6.747549728675340473e-11
6.437259626134111556e-11
6.145817706327474277e-11
5.871778566761956569e-11
5.613836569256595615e-11
5.370809692383436718e-11
5.141621088229890560e-11
4.925274938001960274e-11
4.720861333167379438e-11
4.527551293041332002e-11
4.344588180661233004e-11
4.171277374814598848e-11
4.006972042617016943e-11
3.851076914659972325e-11
3.703045842730949071e-11
3.562376977332750346e-11
3.428610398119422182e-11
3.301329542550736795e-11
3.180151318954646997e-11
3.064721212626070509e-11
2.954710731736692006e-11
2.849812787650330165e-11
2.749733204879519033e-11
2.654196752460127030e-11
2.562947783096398627e-11
2.475748575492789430e-11
2.392376384809565538e-11
2.312618052580989364e-11
2.236273665309701488e-11
2.163156891528787600e-11
2.093093891460980438e-11
2.025923401660852673e-11
1.961498835291716195e-11
1.899683878938805446e-11
1.840350674291738470e-11
1.783379192722663004e-11
1.728656266641858249e-11
1.676073953124308272e-11
1.625530370202942354e-11
1.576929653763048682e-11
1.530181535000092499e-11
1.485200612609743565e-11
1.441905039477339777e-11
1.400217314461300010e-11
1.360064320021885543e-11
1.321377028700573163e-11
1.284090055592337641e-11
1.248140908902814641e-11
1.213470339011111265e-11
1.180022302049145299e-11
1.147743755174024363e-11
1.116584466884559518e-11
1.086496841134099899e-11
1.057435754106972780e-11
1.029358402629236727e-11
1.002224163277492144e-11
9.759944613333082705e-12
9.506326488063735641e-12
9.261038908176726458e-12
9.023750596956158047e-12
8.794146361937615699e-12
8.571926172892336147e-12
8.356804300666399959e-12
8.148508512337792154e-12
7.946779318530583478e-12
7.751369269067688752e-12
7.562041280880563376e-12
7.378565127019483256e-12
7.200720135273019074e-12
7.028295667265554087e-12
6.861090582636690276e-12
6.698912736083190409e-12
6.541578504989384650e-12
6.388912345547248624e-12
6.240746375427333669e-12
6.096919981208659574e-12
5.957279448910134131e-12
5.821677616089500310e-12
5.689973544089235800e-12
5.562032209112747438e-12
5.437724210910171369e-12
5.316925497940923567e-12
5.199517107961392449e-12
5.085384923060780372e-12
4.974419438236959563e-12
4.866515542667753116e-12
4.761572031379199348e-12
4.659490599187264265e-12
4.560176557203495185e-12
4.463538942292786630e-12
4.369490345787321807e-12
4.277946751225721830e-12
4.188827380581177963e-12
4.102054548477916664e-12
4.017553523928108824e-12
3.935252399151826439e-12
3.855081965070985679e-12
3.776975593094476741e-12
3.700869122836060037e-12
3.626700755429414333e-12
3.554410952125750919e-12
3.483942337879135015e-12
3.415239609642946916e-12
3.348249449117966247e-12
3.282920439708479905e-12
3.219202987457637249e-12
3.157049251851376153e-12
3.096413091750612067e-12
3.037249977630842479e-12
2.979516920232295388e-12
2.923172408500598028e-12
2.868176350390115740e-12
2.814490016381141595e-12
2.762075985570676736e-12
2.710898094204653281e-12
2.660921386526975014e-12
2.612112067827819680e-12
2.564437459580306969e-12
2.517865956560855466e-12
2.472366985854350600e-12
2.427910967650787891e-12
2.384469277745153376e-12
2.342014211657149447e-12
2.300518950291932734e-12
2.259957527067269128e-12
2.220304796436562956e-12
2.181536403740959009e-12
2.143628756327297478e-12
2.106558995872032793e-12
2.070304971854390274e-12
2.034845216124990617e-12
2.000158888441346477e-12
1.966225665563059617e-12
1.933025813647626969e-12
1.900540197155984238e-12
1.868750257863505082e-12
1.837637994711583817e-12
1.807185944461907842e-12
1.777377163117418659e-12
1.748195208075755655e-12
1.719624120982685330e-12
1.691648411254594627e-12
1.664253040240688111e-12
1.637423405996913077e-12
1.611145328645040015e-12
1.585405036291579163e-12
1.560189151482451196e-12
1.535484678170461825e-12
1.511278989173753541e-12
1.487559814104405723e-12
1.464315227747363916e-12
1.441533638870790642e-12
1.419203779449828212e-12
1.397314694286580829e-12
1.375855731009936793e-12
1.354816530439591700e-12
1.334187059539378934e-12
1.313957725840023204e-12
1.294119236400831968e-12
1.274662546756044015e-12
1.255578853238537841e-12
1.236859585574183389e-12
1.218496399736087834e-12
1.200481171048472206e-12
1.182805987530361115e-12
1.165463143469689333e-12
1.148445133218859934e-12
1.131744645203150386e-12
1.115354556133757388e-12
1.099267925417605680e-12
1.083477989756398859e-12
1.067978157927695559e-12
1.052762005741111456e-12
1.037823271163033656e-12
1.023155849603509554e-12
1.008753789359243607e-12
9.946112872068816795e-13
9.807226841410075685e-13
9.670824612515059313e-13
9.536852357351645488e-13
9.405257570365974736e-13
9.275989031137725565e-13
9.148996768236225363e-13
9.024232024233881076e-13
8.901647221835349506e-13
8.781195931082349370e-13
8.662832837595743911e-13
8.546513711818008188e-13
8.432195379220614872e-13
8.319835691442324375e-13
8.209393498325688920e-13
8.100828620820313052e-13
7.994101824722686366e-13
7.889174795223555354e-13
7.786010112234917013e-13
7.684571226469805377e-13
7.584822436249021580e-13
7.486728865010033421e-13
7.390256439494105486e-13
7.295371868588712414e-13
7.202042622803081577e-13
7.110236914355624243e-13
7.019923677852714037e-13
6.931072551539104561e-13
6.843653859101002008e-13
6.757638592003462933e-13
6.672998624026375657e-13
6.589707374954194973e-13
6.507739074214224429e-13
6.427068511042955023e-13
6.347671020490536779e-13
6.269522469824033783e-13
6.192599610132434266e-13
6.116878239410562927e-13
6.042336490460831683e-13
5.968952909514274809e-13
5.896705122371559323e-13
5.825571277657846534e-13
5.755531296953189828e-13
5.686565477115655059e-13
5.618653276084500797e-13
5.551774625238658697e-13
5.485911068506166510e-13
5.421044490911174562e-13
5.357156011835516166e-13
5.294227179972748657e-13
5.232241012625038071e-13
5.171180837517034814e-13
5.111029282702302642e-13
5.051769366052768627e-13
4.993385444687082125e-13
4.935862158579495465e-13
4.879183507514163026e-13
4.823333845693456007e-13
4.768298750134021307e-13
4.714064055897141359e-13
4.660615011560188261e-13
4.607937188340068197e-13
4.556017275320658756e-13
4.504842197268298001e-13
4.454398341025951199e-13
4.404672387506846269e-13
4.355652040762049844e-13
4.307325220342320812e-13
4.259679351843988754e-13
4.212702129213326065e-13
4.166382183910067055e-13
4.120708344653591392e-13
4.075668986074887723e-13
4.031252727967567469e-13
3.987449050139029043e-13
3.944247613150650572e-13
3.901637659670212385e-13
3.859608656596401553e-13
3.818150860602618256e-13
3.777254694161269787e-13
3.736910286321030986e-13
3.697108332848060166e-13
3.657840333927864232e-13
3.619097927924895208e-13
3.580872384461868435e-13
3.543155147976895701e-13
3.505938317981546426e-13
3.469214121178330730e-13
3.432974444124296504e-13
3.397211333934951611e-13
3.361917441342538200e-13
3.327085534268686450e-13
3.292708066564764020e-13
3.258777639695769236e-13
3.225287411868182750e-13
3.192230649363827217e-13
3.159600328196663582e-13
3.127389560227057639e-13
3.095591971307502570e-13
3.064201287051327972e-13
3.033210964555115800e-13
3.002614586052893652e-13
2.972406208741588250e-13
2.942579981985668868e-13
2.913129806530542886e-13
2.884049698502357940e-13
2.855334113319169181e-13
2.826977591624624606e-13
2.798974443664522999e-13
2.771319086166660611e-13
2.744006342514756254e-13
2.717031114965156877e-13
2.690388092079551081e-13
2.664072060776796846e-13
2.638078184741720372e-13
2.612401700712004020e-13
2.587037647057873160e-13
2.561981153080870655e-13
2.537227697445818809e-13
2.512772826533880047e-13
2.488611902437457131e-13
2.464740371386400275e-13
2.441154003826505949e-13
2.417848633021879699e-13
2.394819920892562416e-13
2.372063607274273008e-13
2.349575733118549841e-13
2.327352397695498993e-13
2.305389540844858863e-13
2.283683174618727428e-13
2.262229632960045398e-13
2.241025470142822713e-13
2.220067128804057433e-13
2.199351112999711854e-13
2.178874181671051163e-13
2.158633138805110470e-13
2.138624644839082518e-13
2.118845417277576438e-13
2.099292410948882026e-13
2.079962622655275023e-13
2.060852915413692174e-13
2.041960205305408039e-13
2.023281629541515465e-13
2.004814364472325748e-13
1.986555461676926336e-13
1.968502022113004862e-13
1.950651352923214780e-13
1.933000797771190567e-13
1.915547583877261606e-13
1.898288984443893231e-13
1.881222465055243048e-13
1.864345525396236295e-13
1.847655556408382908e-13
1.831149991882814376e-13
1.814826445233388354e-13
1.798682561735772488e-13
1.782715885046867757e-13
1.766923998781746826e-13
1.751304654375378442e-13
1.735855633051663785e-13
1.720574621013056850e-13
1.705459341749106351e-13
1.690507675642587417e-13
1.675717530944618076e-13
1.661086726998420015e-13
1.646613117964873092e-13
1.632294704774938044e-13
1.618129514447106284e-13
1.604115490761371565e-13
1.590250610030611886e-13
1.576532985952150553e-13
1.562960756658430645e-13
1.549531982304712326e-13
1.536244753463621805e-13
1.523097289384059186e-13
1.510087832215680849e-13
1.497214551017045059e-13
1.484475643303839822e-13
1.471869427182634175e-13
1.459394242235012681e-13
1.447048372241115317e-13
1.434830178108466140e-13
1.422738145189225394e-13
1.410770777501996078e-13
1.398926513282610334e-13
1.387203814291190667e-13
1.375601246979444960e-13
1.364117395338904003e-13
1.352750781612733303e-13
1.341499950104619072e-13
1.330363620060679613e-13
1.319340220622375859e-13
1.308428508535920091e-13
1.297627251832577927e-13
1.286934941758984067e-13
1.276350382253635975e-13
1.265872248466157105e-13
1.255499234980034973e-13
1.245230190878380098e-13
1.235063708993990796e-13
1.224998671533320811e-13
1.215033970778429012e-13
1.205168254333671479e-13
1.195400446219547556e-13
1.185729356597717335e-13
1.176153812787733970e-13
1.166672778838736108e-13
1.157284991986099087e-13
1.147989445598694669e-13
1.138785142056327815e-13
1.129670867003284260e-13
1.120645650932018297e-13
1.111708423471153780e-13
1.102858129430071653e-13
1.094093834864343676e-13
1.085414404671106849e-13
1.076818930911953830e-13
1.068306513720252634e-13
1.059876060868018239e-13
1.051526697440032743e-13
1.043257458994190650e-13
1.035067394547400986e-13
1.026955660840622648e-13
1.018921235867321718e-13
1.010963299480686532e-13
1.003081038775596410e-13
9.952734697954812877e-14
9.875398018239457324e-14
9.798791645304626722e-14
9.722906995406385605e-14
9.647736501457200014e-14
9.573271234151759196e-14
9.499504113444097184e-14
9.426428118360517916e-14
9.354034698237817786e-14
9.282317018097901695e-14
9.211267527984623780e-14
9.140878778745657760e-14
9.071144170771517479e-14
9.002055679900303617e-14
8.933606879333802744e-14
8.865791395573000428e-14
8.798601490108352292e-14
8.732030955644742645e-14
8.666072946893212497e-14
8.600720708532282523e-14
8.535968244209480023e-14
8.471808285022159470e-14
8.408234989225247999e-14
8.345242563231709972e-14
8.282823993311870666e-14
8.220973634657635241e-14
8.159685272191333412e-14
8.098952771274181747e-14
8.038770676464555911e-14
7.979132393644522070e-14
7.920032605930387205e-14
7.861466040010237451e-14
7.803426330110402250e-14
7.745908336325266265e-14
7.688906408169759626e-14
7.632414967201856490e-14
7.576429043786020638e-14
7.520942647737396851e-14
7.465950933800133954e-14
7.411449096192084324e-14
7.357431349409808859e-14
7.303893007488645270e-14
7.250828926590085039e-14
7.198234027506252714e-14
7.146103777608836545e-14
7.094432728142010318e-14
7.043216458307809205e-14
6.992450583114210484e-14
6.942129837575605977e-14
6.892249944482608946e-14
6.842806215373838842e-14
6.793794019861884700e-14
6.745209219030144219e-14
6.697046850305317416e-14
6.649302893249851639e-14
6.601973430485787452e-14
6.555053769244288609e-14
6.508540103817494022e-14
6.462428256918643565e-14
6.416714101908991311e-14
6.371393953138933213e-14
6.326463381763901069e-14
6.281918789837896211e-14
6.237756607460558408e-14
6.193972550054846779e-14
6.150563132356892552e-14
6.107524534378853077e-14
6.064853339093653529e-14
6.022544745301246745e-14
5.980596836349292434e-14
5.939004899403210685e-14
5.897765675962290295e-14
5.856876603025379200e-14
5.816332461471632265e-14
5.776130772279416687e-14
5.736269047191545327e-14
5.696742241300530547e-14
5.657547947377784713e-14
5.618683128379577868e-14
5.580143543947928221e-14
5.541927461987935486e-14
5.504030719189968563e-14
5.466450417073394272e-14
5.429183679449188805e-14
5.392226499921472504e-14
5.355577227866436236e-14
5.319231929118403825e-14
5.283187857481926642e-14
5.247442836044770745e-14
5.211992515737297066e-14
5.176834788387477507e-14
5.141967539399689967e-14
5.107386561229685390e-14
5.073089805666914645e-14
5.039074709386792697e-14
5.005337722843881088e-14
4.971877352628841581e-14
4.938690112405829896e-14
4.905773552873360402e-14
4.873125243369823784e-14
4.840741825396703784e-14
4.808621874791936443e-14
4.776762092418950180e-14
4.745160154773644834e-14
4.713814222419264268e-14
4.682720732114442142e-14
4.651877977435175176e-14
4.621284246226419695e-14
4.590936102611007009e-14
4.560831886497273041e-14
4.530969512966011565e-14
4.501346083316798239e-14
4.471960391907163659e-14
4.442809589689009437e-14
4.413891681096751537e-14
4.385204685016551532e-14
4.356745853533012410e-14
4.328514034018150611e-14
4.300506525278914844e-14
4.272721430345192078e-14
4.245157238530229627e-14
4.217810962328403370e-14
4.190681135645121891e-14
4.163766288376159576e-14
4.137063524755067735e-14
4.110571417828552083e-14
4.084288189587641698e-14
4.058211388255368194e-14
4.032339964147594505e-14
4.006671506689537133e-14
3.981204312245936635e-14
3.955936689403057701e-14
3.930866310914758952e-14
3.905992172661725671e-14
3.881311986230004457e-14
3.856824130352041909e-14
3.832527304788126150e-14
3.808418983031289864e-14
3.784497901946610769e-14
3.760762795649968657e-14
3.737211213410610875e-14
3.713841925277353302e-14
3.690653409791151900e-14
3.667643584971042257e-14
3.644811535528361872e-14
3.622155213831351386e-14
3.599673160605285990e-14
3.577363926947106381e-14
3.555225534220263063e-14
3.533257106377133609e-14
3.511456697202919432e-14
3.489822916530142773e-14
3.468354642227467013e-14
3.447049729164880846e-14
3.425907078980644097e-14
3.404925562700661426e-14
3.384103055339929934e-14
3.363438451829961075e-14
3.342930404465893831e-14
3.322577097632276763e-14
3.302377691544446960e-14
3.282330400435629579e-14
3.262433930988319854e-14
3.242686999242220441e-14
3.223087878405080850e-14
3.203635765185413178e-14
3.184328960998718817e-14
3.165166233313496325e-14
3.146146574882062337e-14
3.127268121678177148e-14
3.108529893458889447e-14
3.089930909295416038e-14
3.071469359027662344e-14
3.053144287909567752e-14
3.034954537847546747e-14
3.016898557946004875e-14
2.998975616625720676e-14
2.981184188066822606e-14
2.963523159976611917e-14
2.945991428035278916e-14
2.928587515680106036e-14
2.911310722756666621e-14
2.894159596430956359e-14
2.877133075748470785e-14
2.860230289476803271e-14
2.843449645327160331e-14
2.826790294806149378e-14
2.810251389126586780e-14
2.793831381087913922e-14
2.777529443964111339e-14
2.761344579878832211e-14
2.745275459827321365e-14
2.729321445573443502e-14
2.713481229261198790e-14
2.697753851729352909e-14
2.682138360629139896e-14
2.666633489422317660e-14
2.651238626980282575e-14
2.635952526802700470e-14
2.620774273241794431e-14
2.605702957124797301e-14
2.590737675734603755e-14
2.575877231252243072e-14
2.561121041565766843e-14
2.546467670120652179e-14
2.531917030339249073e-14
2.517467895495008963e-14
2.503119925240432685e-14
2.488872487268806501e-14
2.474724391638150081e-14
2.460675307706444305e-14
2.446724896533112706e-14
2.432871995140273417e-14
2.419116004642685455e-14
2.405456595747710671e-14
2.391892639953129178e-14
2.378424078020512037e-14
2.365049798443244298e-14
2.351769481599897210e-14
2.338582293834766112e-14
2.325487665593462853e-14
2.312485030278503971e-14
2.299573824259199532e-14
2.286753243579116892e-14
2.274022978738068594e-14
2.261382236512410348e-14
2.248830472275294760e-14
2.236367144241443238e-14
2.223991482070985613e-14
2.211703185687198906e-14
2.199501494963593825e-14
2.187385886217769020e-14
2.175355838490457101e-14
2.163410833553233391e-14
2.151550137913650181e-14
2.139773461118062646e-14
2.128079865626113699e-14
2.116469279981697388e-14
2.104940780357776997e-14
2.093494084635912371e-14
2.082128699592878206e-14
2.070843727671154319e-14
2.059638894312075147e-14
2.048513919497654396e-14
2.037467925153674613e-14
2.026500442563677891e-14
2.015611199208144155e-14
2.004799341693700020e-14
1.994064794283101815e-14
1.983406715890662831e-14
1.972824841766978509e-14
1.962318533003779761e-14
1.951887343076912140e-14
1.941530827772581484e-14
1.931248488502581637e-14
1.921039425836646408e-14
1.910903048284270872e-14
1.900838415035017367e-14
1.890844770678791798e-14
1.880921365765241339e-14
1.871067287341345504e-14
1.861281970392990253e-14
1.851564516834180758e-14
1.841914205333172897e-14
1.832330320234788314e-14
1.822812151526046904e-14
1.813358834711309093e-14
1.803969834042935368e-14
1.794644141953657768e-14
1.785381390689298671e-14
1.776180589389376353e-14
1.767041222391824403e-14
1.757962622231599183e-14
1.748943826832289274e-14
1.739984336131427080e-14
1.731083649605906718e-14
1.722240828916391635e-14
1.713455240581646659e-14
1.704726399211071027e-14
1.696053393559754359e-14
1.687435889890498468e-14
1.678872991953890624e-14
1.670364232506561170e-14
1.661908870555513272e-14
1.653506310320070881e-14
1.645155960671607965e-14
1.636857235104798951e-14
1.628609419919922293e-14
1.620412071956226678e-14
1.612264488962689751e-14
1.604166106122275751e-14
1.596116363025327419e-14
1.588114577720920860e-14
1.580160326728447850e-14
1.572252939003631484e-14
1.564391874801595155e-14
1.556576598579895954e-14
1.548806578972207958e-14
1.541081169498697486e-14
1.533399968471446819e-14
1.525762222598426570e-14
1.518167655385425215e-14
1.510615525772174701e-14
1.503105446991103655e-14
1.495636976311801429e-14
1.488209678669735017e-14
1.480823517737814927e-14
1.473478453368127538e-14
1.466174114650690939e-14
1.458910354806615453e-14
1.451687134316625034e-14
1.444504091635290115e-14
1.437361293778922277e-14
1.430258383410248364e-14
1.423195320866522513e-14
1.416171858154951959e-14
1.409187852662324855e-14
1.402243161972120143e-14
1.395337643875231649e-14
1.388471057524984630e-14
1.381643361754306559e-14
1.374854317889100373e-14
1.368103787186579876e-14
1.361391631111067516e-14
1.354717616756005487e-14
1.348081702274591689e-14
1.341483656847886151e-14
1.334923345278771172e-14
1.328400632576925470e-14
1.321915383968255956e-14
1.315467375168015436e-14
1.309056563160358386e-14
1.302682637488584726e-14
1.296345643736933513e-14
1.290045274964837266e-14
1.283781488226036985e-14
1.277554152625674125e-14
1.271362968659682558e-14
1.265207893995094200e-14
1.259088883581184829e-14
1.253005642954537214e-14
1.246958046690165343e-14
1.240946050408445218e-14
1.234969366694969640e-14
1.229028031756087575e-14
1.223121761389883184e-14
1.217250511390592364e-14
1.211414080192012444e-14
1.205612345898409558e-14
1.199845186826042642e-14
1.194112481510657450e-14
1.188414033879038417e-14
1.182749799035298939e-14
1.177119582628082140e-14
1.171523243516148654e-14
1.165960551310255776e-14
1.160431182877821291e-14
1.154934961291112776e-14
1.149471567718137941e-14
1.144040757168255088e-14
1.138642286158046194e-14
1.133275912705812088e-14
1.127941328156353987e-14
1.122638362827140159e-14
1.117366645127010139e-14
1.112126075314814927e-14
1.106916286951135083e-14
1.101737115562871344e-14
1.096588331075194617e-14
1.091469576273621258e-14
1.086380754629420260e-14
1.081321513857810850e-14
1.076291632665149691e-14
1.071291015450725376e-14
1.066319317194270235e-14
1.061376320645542800e-14
1.056461688589602830e-14
1.051575450012155214e-14
1.046717150027604429e-14
1.041886697931648849e-14
1.037083883035272942e-14
1.032308379566682551e-14
1.027559982298954144e-14
1.022838601729813529e-14
1.018143918746058593e-14
1.013475731849009530e-14
1.008833840764547468e-14
1.004218046438453874e-14
9.996281510316969561e-15
9.950638489192673228e-15
9.905250554456917856e-15
9.860115763641859737e-15
9.815231122601000367e-15
9.770594738581101930e-15
9.726205776707468033e-15
9.682060265521292050e-15
9.638158430984158308e-15
9.594497379376242638e-15
9.551075274680620832e-15
9.507889287078344868e-15
9.464938623971219453e-15
9.422221482491248007e-15
9.379735089854253746e-15
9.337478661891446139e-15
9.295449535988748884e-15
9.253646338718637324e-15
9.212067776143662366e-15
9.170713503013861663e-15
9.129580345871180388e-15
9.088667979718423000e-15
9.047975135957840473e-15
9.007499639622488837e-15
8.967241161930164287e-15
8.927198453021401039e-15
8.887369378197535666e-15
8.847752721351000577e-15
8.808348149359167245e-15
8.769152696805677786e-15
8.730166049345032005e-15
8.691387870912629827e-15
8.652815255144006679e-15
8.614447884530445310e-15
8.576284584141287593e-15
8.538323355059895503e-15
8.500563053593511952e-15
8.463003358415331329e-15
8.425642307143293822e-15
8.388478772717438473e-15
8.351512431403340413e-15
8.314740565158678375e-15
8.278162867468764534e-15
8.241778233141578513e-15
8.205585562435470877e-15
8.169582993810339350e-15
8.133770217565823336e-15
8.098145394736518977e-15
8.062707464719081978e-15
8.027456115718003443e-15
7.992389542111576895e-15
7.957506698737716062e-15
7.922805818930007030e-15
7.888287326469603615e-15
7.853948743758885910e-15
7.819789772372284650e-15
7.785809392353144772e-15
7.752005889757400293e-15
7.718378270820482511e-15
7.684926234876520301e-15
7.651648098762814402e-15
7.618542883092546572e-15
7.585609613213045344e-15
7.552847319199490914e-15
7.520255035848230336e-15
7.487831145301773832e-15
7.455575354798931582e-15
7.423486691385948206e-15
7.391563540179353741e-15
7.359804948322028264e-15
7.328210600358511155e-15
7.296778282429807283e-15
7.265508316395802901e-15
7.234399135332921718e-15
7.203449809686673095e-15
7.172658805346542946e-15
7.142025820330221688e-15
7.111549938770160495e-15
7.081229653890372627e-15
7.051064663435764344e-15
7.021053478578262943e-15
6.991195214829311563e-15
6.961488992020938209e-15
6.931934507762417922e-15
6.902529739280666746e-15
6.873274397117796259e-15
6.844167618308827938e-15
6.815207987666865901e-15
6.786395215582294586e-15
6.757728451796759833e-15
6.729206306154726131e-15
6.700827949038535577e-15
6.672593090947139592e-15
6.644499834159293404e-15
6.616547901225038849e-15
6.588737002843369851e-15
6.561065277098643742e-15
6.533532446593564347e-15
6.506137709754174442e-15
6.478879760071495371e-15
6.451757815172438821e-15
6.424771597881478716e-15
6.397919824539286762e-15
6.371201724147558833e-15
6.344617019896932842e-15
6.318163963785434425e-15
6.291842290104571086e-15
6.265651242793781005e-15
6.239590069507264930e-15
6.213657548877620266e-15
6.187853415603359410e-15
6.162176462502595868e-15
6.136625962117551579e-15
6.111201649568066394e-15
6.085902338637954458e-15
6.060727312445113687e-15
6.035675417463768338e-15
6.010746890103813176e-15
5.985940182283027717e-15
5.961255093007255562e-15
5.936690975167743045e-15
5.912246751587587670e-15
5.887921790555366071e-15
5.863715890030979855e-15
5.839627990984829099e-15
5.815657470290654204e-15
5.791803707651269290e-15
5.768066085594815109e-15
5.744443989470806062e-15
5.720936398735262784e-15
5.697543118949131680e-15
5.674263543829336907e-15
5.651096669921790428e-15
5.628041905142372326e-15
5.605099054331562339e-15
5.582266739358543753e-15
5.559545161860729869e-15
5.536933346157606060e-15
5.514430713478324215e-15
5.492036307292861172e-15
5.469749939913615191e-15
5.447571040404143004e-15
5.425498668116278797e-15
5.403532634983443372e-15
5.381672010796763097e-15
5.359916242834499131e-15
5.338264780856866256e-15
5.316717436428883291e-15
5.295272943070879330e-15
5.273931119854143450e-15
5.252691426429835934e-15
5.231552975626961243e-15
5.210515586224634885e-15
5.189578725190962363e-15
5.168741519983671539e-15
5.148003449675446258e-15
5.127364332839078613e-15
5.106822976485535406e-15
5.086379206214907892e-15
5.066032840518954795e-15
5.045782707493118398e-15
5.025628632578106921e-15
5.005570111057727365e-15
4.985606319514871096e-15
4.965736764544454024e-15
4.945961271469059549e-15
4.926279032635642096e-15
4.906689572860530477e-15
4.887192731347541608e-15
4.867787417263397967e-15
4.848473476101722194e-15
4.829250443260545975e-15
4.810117856190694566e-15
4.791074955006638131e-15
4.772121584781071809e-15
4.753256993793404903e-15
4.734480733738888536e-15
4.715792649455231959e-15
4.697192001303104878e-15
4.678678346840525332e-15
4.660250960331069707e-15
4.641909975611029304e-15
4.623654387504153058e-15
4.605484046464838286e-15
4.587398519641419159e-15
4.569397100526097045e-15
4.551479365758667718e-15
4.533645165618892049e-15
4.515893804861454142e-15
4.498224865633765985e-15
4.480637931899257324e-15
4.463132589434621749e-15
4.445708425826954704e-15
4.428365030470792898e-15
4.411101476348895311e-15
4.393917881718965582e-15
4.376813841298507173e-15
4.359788951600508040e-15
4.342842306636797789e-15
4.325974017623516716e-15
4.309183686361065570e-15
4.292469928179068552e-15
4.275833840829844597e-15
4.259274046406574046e-15
4.242790163601092083e-15
4.226381812723069281e-15
4.210049093386552269e-15
4.193790670539762033e-15
4.177607121545289551e-15
4.161498063666711306e-15
4.145462185957515144e-15
4.129499589743553768e-15
4.113609906664985031e-15
4.097792769959686217e-15
4.082047814460440969e-15
4.066374676592051265e-15
4.050772549505347613e-15
4.035241534147694357e-15
4.019781282086263142e-15
4.004391446389186529e-15
3.989071246787925361e-15
3.973820779962820403e-15
3.958639274330729720e-15
3.943526823642119708e-15
3.928482664904401696e-15
3.913506889015543924e-15
3.898598323675665233e-15
3.883757480339484993e-15
3.868984025146596461e-15
3.854276806570771718e-15
3.839636323651837580e-15
3.825061438456924579e-15
3.810552641901853595e-15
3.796108809478692597e-15
3.781730424130805388e-15
3.767416768251505364e-15
3.753167136031837882e-15
3.738981610244634022e-15
3.724859878746975278e-15
3.710801247314905268e-15
3.696806175796877420e-15
3.682873591684707887e-15
3.669003195564045484e-15
3.655195062708938108e-15
3.641448517772339937e-15
3.627763633641758760e-15
3.614139742368197554e-15
3.600576914515925355e-15
3.587074127990204256e-15
3.573631817258119192e-15
3.560249685657018854e-15
3.546926728895345875e-15
3.533663371033216979e-15
3.520458619432602987e-15
3.507312543724746517e-15
3.494225205633689262e-15
3.481195629736072231e-15
3.468224223296390789e-15
3.455310022192855162e-15
3.442452754123304614e-15
3.429652816594713394e-15
3.416909262132712550e-15
3.404222151848285258e-15
3.391590883544279269e-15
3.379015516306039938e-15
3.366495454427702521e-15
3.354030755628417695e-15
3.341621153255081332e-15
3.329265747267920806e-15
3.316964917146354510e-15
3.304718086639114650e-15
3.292525000146932435e-15
3.280385712631889286e-15
3.268299657099653032e-15
3.256266275518453032e-15
3.244285929598592912e-15
3.232357759705563523e-15
3.220482121826518122e-15
3.208658166116685360e-15
3.196886242943829369e-15
3.185165512135523055e-15
3.173495734040700938e-15
3.161877250748073363e-15
3.150309236337257134e-15
3.138791740792617413e-15
3.127324237939749061e-15
3.115906776064001359e-15
3.104538834563293276e-15
3.093220460068899621e-15
3.081951137492966624e-15
3.070730635802430484e-15
3.059558724893089423e-15
3.048435448181507509e-15
3.037360301399498471e-15
3.026333057257062252e-15
3.015353489386825658e-15
3.004421372342474897e-15
2.993536481597147479e-15
2.982698856041979884e-15
2.971907746342630038e-15
2.961162935643630473e-15
2.950464723156404219e-15
2.939812372061874449e-15
2.929205922509808764e-15
2.918645156327804257e-15
2.908129856249061661e-15
2.897659306531291786e-15
2.887234045435717698e-15
2.876853360518668140e-15
2.866517042673293044e-15
2.856225127173510152e-15
2.845977160009297780e-15
2.835772934597404238e-15
2.825612245182335896e-15
2.815495124412086606e-15
2.805421127671168944e-15
2.795390052622643654e-15
2.785401701391557292e-15
2.775455877801618101e-15
2.765552386457470721e-15
2.755691032743363814e-15
2.745871622821786905e-15
2.736093737511072029e-15
2.726357413422671499e-15
2.716662459016575429e-15
2.707008683525535765e-15
2.697395676326894413e-15
2.687823471521038335e-15
2.678291880621933242e-15
2.668800282701676084e-15
2.659349144586372883e-15
2.649937848153872424e-15
2.640566211861568285e-15
2.631234054873667497e-15
2.621941407142401370e-15
2.612687667800077843e-15
2.603473077029102418e-15
2.594297453028879997e-15
2.585160204704859867e-15
2.576061362999721735e-15
2.567000752019165182e-15
2.557978196566152903e-15
2.548993522139625252e-15
2.540046554933191524e-15
2.531136924144015026e-15
2.522264657427506875e-15
2.513429583028872444e-15
2.504631529882741305e-15
2.495870134647094044e-15
2.487145422918406135e-15
2.478457035017516447e-15
2.469804995540023713e-15
2.461188948433270035e-15
2.452608917318347449e-15
2.444064363619859173e-15
2.435555498353466741e-15
2.427082156479462079e-15
2.418643808052791417e-15
2.410240659334169618e-15
2.401872186036338521e-15
2.393538591303724086e-15
2.385239356443392011e-15
2.376974681537330548e-15
2.368744229766909290e-15
2.360547669176191861e-15
2.352385021101501924e-15
2.344256129981024997e-15
2.336160668212596554e-15
2.328098826278504028e-15
2.320070106521559875e-15
2.312074358293258137e-15
2.304111599662709495e-15
2.296181511005482400e-15
2.288284109579548014e-15
2.280419078939644188e-15
2.272586435554353035e-15
2.264785702894579401e-15
2.257017061816947704e-15
2.249280363435600542e-15
2.241575138743502072e-15
2.233901564568669382e-15
2.226259176836720781e-15
2.218647992181759545e-15
2.211068024066538341e-15
2.203518815713707089e-15
2.196000537433348047e-15
2.188512737245608173e-15
2.181055276950887776e-15
2.173628323063131204e-15
2.166231430681885290e-15
2.158864613532361458e-15
2.151527583458358437e-15
2.144220353493049561e-15
2.136942638306388101e-15
2.129694450258232915e-15
2.122475652812158297e-15
2.115285819688631539e-15
2.108125109112517967e-15
2.100993242691809218e-15
2.093890088541351788e-15
2.086815657092601314e-15
2.079769674032926275e-15
2.072751868855598760e-15
2.065762392875988688e-15
2.058800837234606379e-15
2.051867351015777173e-15
2.044961529593157731e-15
2.038083519857662212e-15
2.031232921370028876e-15
2.024409609663323795e-15
2.017613728392182535e-15
2.010844883297704490e-15
2.004103083641246060e-15
1.997388073049280547e-15
1.990699860216470345e-15
1.984038191250265374e-15
1.977403075304053404e-15
1.970794265979020405e-15
1.964211649089440064e-15
1.957655110872781148e-15
1.951124664335680104e-15
1.944620068769728840e-15
1.938141211691637815e-15
1.931687981038331862e-15
1.925260265166206683e-15
1.918857952850367205e-15
1.912481055368725888e-15
1.906129217467247891e-15
1.899802331255988638e-15
1.893500529263290301e-15
1.887223461622294518e-15
1.880971140290979299e-15
1.874743456940193870e-15
1.868540303653106120e-15
1.862361339621994330e-15
1.856206809685291855e-15
1.850076374494522920e-15
1.843969929715648655e-15
1.837887485434300303e-15
1.831828822759078333e-15
1.825793838515908615e-15
1.819782429911891057e-15
1.813794606021926107e-15
1.807830152071639067e-15
1.801888966419470365e-15
1.795970947802183524e-15
1.790075995334152823e-15
1.784204008506642277e-15
1.778354887187069235e-15
1.772528531618260090e-15
1.766724735839220382e-15
1.760943508612543091e-15
1.755184751291486775e-15
1.749448365601747592e-15
1.743734149425357704e-15
1.738042110608930954e-15
1.732372151979751156e-15
1.726723971771451709e-15
1.721097680794987914e-15
1.715493182961668829e-15
1.709910382549800140e-15
1.704348983764225490e-15
1.698809094280774266e-15
1.693290421232795212e-15
1.687793070756180171e-15
1.682316948910245504e-15
1.676861767149283164e-15
1.671427435367769413e-15
1.666014056546402344e-15
1.660621537998727402e-15
1.655249596732628751e-15
1.649898143938114914e-15
1.644567279690642590e-15
1.639256725171379573e-15
1.633966579038230081e-15
1.628696565225035043e-15
1.623446596548664912e-15
1.618216586141868585e-15
1.613006629876697855e-15
1.607816275666198402e-15
1.602645981872329660e-15
1.597495118637597296e-15
1.592363782105998701e-15
1.587252064787655732e-15
1.582159526104928028e-15
1.577086435707139062e-15
1.572032532103386932e-15
1.566997731588442664e-15
1.561981778088365070e-15
1.556984934813051806e-15
1.552006945356890245e-15
1.547047727247064746e-15
1.542107029373627154e-15
1.537185108682579342e-15
1.532281546639503464e-15
1.527396597122580890e-15
1.522529845860936897e-15
1.517681379304496631e-15
1.512850953584747195e-15
1.508038816552911704e-15
1.503244562308555207e-15
1.498468274891528259e-15
1.493709875130996656e-15
1.488969125023285176e-15
1.484246106846749727e-15
1.479540584892759754e-15
1.474852640283440693e-15
1.470182195305400161e-15
1.465529017656982286e-15
1.460893186767902151e-15
1.456274472574097191e-15
1.451672953394268342e-15
1.447088401379424962e-15
1.442520893754825912e-15
1.437970204864246836e-15
1.433436261708892182e-15
1.428919140693525400e-15
1.424418623366388215e-15
1.419934642257056808e-15
1.415467276103295144e-15
1.411016310358432238e-15
1.406581678259218436e-15
1.402163456920482918e-15
1.397761291976391426e-15
1.393375403891076149e-15
1.389005583185927642e-15
1.384651764258829291e-15
1.380313881735953928e-15
1.375991870471378074e-15
1.371685803919721428e-15
1.367395339907846200e-15
1.363120553084303799e-15
1.358861515389582192e-15
1.354617889730793027e-15
1.350389749226795898e-15
1.346177030315577354e-15
1.341979669659716592e-15
1.337797604145949999e-15
1.333630770884726633e-15
1.329479107209762516e-15
1.325342420162710563e-15
1.321220779416004948e-15
1.317114122958246209e-15
1.313022260540604773e-15
1.308945388189456091e-15
1.304883188307957880e-15
1.300835601776010929e-15
1.296802821216947886e-15
1.292784533709180439e-15
1.288780680743356929e-15
1.284791327806029788e-15
1.280816414828002319e-15
1.276855759452904629e-15
1.272909303973089605e-15
1.268977112098384100e-15
1.265059124603928964e-15
1.261155162523021771e-15
1.257265168944052977e-15
1.253389205853987670e-15
1.249527096779621237e-15
1.245678785397076865e-15
1.241844332430047650e-15
1.238023563862562265e-15
1.234216423955246047e-15
1.230422857159305236e-15
1.226642922555180442e-15
1.222876449541027425e-15
1.219123384129885198e-15
1.215383672714597549e-15
1.211657261870147175e-15
1.207944209848975235e-15
1.204244240019626708e-15
1.200557521921051215e-15
1.196883781597863742e-15
1.193223077448089332e-15
1.189575465769045038e-15
1.185940676567255180e-15
1.182318874580089988e-15
1.178709792420948067e-15
1.175113486542538656e-15
1.171529905501900864e-15
1.167958998034222062e-15
1.164400713052479147e-15
1.160854895417918614e-15
1.157321599700711051e-15
1.153800775335808810e-15
1.150292371934571096e-15
1.146796237183984397e-15
1.143312424196708257e-15
1.139840883102071894e-15
1.136381463668848765e-15
1.132934217942806442e-15
1.129499096568188898e-15
1.126075951365876654e-15
1.122664734848277514e-15
1.119265497669805430e-15
1.115878191150620122e-15
1.112502669796642057e-15
1.109138886759046930e-15
1.105786891342144018e-15
1.102446635536560125e-15
1.099117881461239583e-15
1.095800773428423649e-15
1.092495263923776362e-15
1.089201118450227950e-15
1.085918478890102466e-15
1.082647205594581682e-15
1.079387253122617418e-15
1.076138667872756512e-15
1.072901312089759493e-15
1.069675140796514184e-15
1.066460109167331438e-15
1.063256172527665100e-15
1.060063286353835505e-15
1.056881406272745888e-15
1.053710576544074145e-15
1.050550576098887951e-15
1.047401452024310124e-15
1.044263250175247165e-15
1.041135754660522158e-15
1.038019012048339891e-15
1.034912981452149496e-15
1.031817622120164958e-15
1.028732893435128266e-15
1.025658670371201288e-15
1.022595082090793186e-15
1.019541919713912341e-15
1.016499227694773102e-15
1.013466966078081011e-15
1.010445012603264842e-15
1.007433410847157983e-15
1.004432121246102481e-15
1.001441023165272209e-15
9.984601593231538213e-16
9.954894905456689165e-16
9.925288978012194162e-16
9.895784229685300183e-16
9.866379480702410914e-16
9.837075144331364043e-16
9.807870051243758089e-16
9.778764609267954755e-16
9.749757659424425504e-16
9.720848831851076700e-16
9.692038526331975347e-16
9.663325599200459876e-16
9.634710444995847674e-16
9.606191930163857505e-16
9.577769690788858819e-16
9.549444113653214920e-16
9.521213334351515456e-16
9.493078487832672803e-16
9.465038465325498553e-16
9.437093643508933192e-16
9.409242192287458221e-16
9.381485221791394445e-16
9.353820918795282036e-16
9.326250381219456653e-16
9.298772529277591720e-16
9.271387011813150162e-16
9.244092769143191933e-16
9.216890875217691698e-16
9.189780269095637985e-16
9.162760604157092760e-16
9.135830839162161321e-16
9.108992024676275310e-16
9.082242429356452990e-16
9.055582408969066355e-16
9.029012315521659851e-16
9.002529775725689332e-16
8.976136510150483687e-16
8.949830839752774119e-16
8.923613119509194110e-16
8.897483026660755554e-16
8.871440239488713612e-16
8.845483778299815447e-16
8.819613988926708020e-16
8.793829900140912815e-16
8.768131853273645171e-16
8.742519531674591563e-16
8.716991976695996624e-16
8.691548883180788737e-16
8.666190583647662266e-16
8.640916765449867446e-16
8.615726486416806532e-16
8.590619445178238046e-16
8.565595965687679759e-16
8.540655117913944619e-16
8.515797221618390704e-16
8.491021354788567550e-16
8.466327220730306289e-16
8.441714523660901747e-16
8.417183575085451370e-16
8.392733468765803025e-16
8.368363911693405157e-16
8.344074611765644922e-16
8.319865872462681745e-16
8.295736211247629346e-16
8.271686525228979054e-16
8.247715931282247631e-16
8.223824141859812584e-16
8.200010870311356045e-16
8.176275830882420172e-16
8.152618738712936912e-16
8.129039309835759730e-16
8.105537261175159845e-16
8.082112310545324433e-16
8.058764176648814409e-16
8.035492018027912791e-16
8.012296679958037786e-16
7.989176764381101913e-16
7.966132554541821764e-16
7.943163773518630832e-16
7.920270145269190489e-16
7.897450849606725835e-16
7.874706162507407819e-16
7.852035810515000795e-16
7.829439522410496397e-16
7.806916498670265190e-16
7.784467016336732103e-16
7.762090283986049886e-16
7.739786575097058008e-16
7.717555629353071065e-16
7.695396665337854512e-16
7.673309431875263129e-16
7.651294195464547530e-16
7.629350698988567202e-16
7.607478174143970396e-16
7.585676372785915434e-16
7.563945554626008723e-16
7.542284961025938510e-16
7.520694848373701173e-16
7.499174464416711435e-16
7.477723564754539718e-16
7.456341905717181493e-16
7.435029737144928865e-16
7.413785828917570896e-16
7.392611410890888406e-16
7.371504771039464367e-16
7.350466159801154007e-16
7.329495819074741341e-16
7.308592545681948399e-16
7.287757061876131970e-16
7.266988649414297031e-16
7.246287071944284560e-16
7.225651623969867055e-16
7.205083012525419636e-16
7.184580531309624068e-16
7.164143946836493601e-16
7.143772565308252970e-16
7.123467078896289815e-16
7.103226336358982637e-16
7.083051022566844921e-16
7.062939996374298195e-16
7.042893485201211702e-16
7.022910812387546118e-16
7.002992648424523429e-16
6.983137872042194728e-16
6.963346704881538966e-16
6.943618921174404847e-16
6.923953858200755520e-16
6.904351733362846739e-16
6.884811889413571258e-16
6.865334540967119652e-16
6.845919465680963191e-16
6.826566014445397592e-16
6.807274397779711411e-16
6.788043973554723034e-16
6.768874957700869009e-16
6.749766721459724218e-16
6.730719479636274121e-16
6.711732608640587977e-16
6.692805906931575754e-16
6.673939585238227918e-16
6.655133027625665718e-16
6.636386034308575713e-16
6.617698812022439630e-16
6.599070752389774660e-16
6.580501657373789391e-16
6.561991729797154322e-16
6.543539970322369815e-16
6.525146981352961818e-16
6.506812166874296161e-16
6.488535331728003730e-16
6.470316281323272231e-16
6.452154821636053394e-16
6.434051146625931749e-16
6.416004286763468523e-16
6.398014438948199720e-16
6.380081793456645507e-16
6.362205393229504779e-16
6.344385431450694860e-16
6.326621718040671193e-16
6.308914063480034695e-16
6.291262278808659086e-16
6.273666175624800456e-16
6.256125566084216705e-16
6.238639526695557147e-16
6.221209346539830939e-16
6.203833370403529626e-16
6.186512874853908576e-16
6.169246219338068493e-16
6.152033948696275199e-16
6.134875878910439477e-16
6.117771113788671153e-16
6.100720899147690910e-16
6.083723630422579887e-16
6.066779838465624888e-16
6.049889341951742165e-16
6.033051263644701522e-16
6.016266819428345259e-16
5.999534439869989487e-16
5.982853955337874113e-16
5.966226564119359216e-16
5.949650717440350699e-16
5.933126924573179702e-16
5.916654334072870137e-16
5.900234121046042259e-16
5.883864094772073211e-16
5.867546092526771349e-16
5.851278604956070849e-16
5.835062124749788912e-16
5.818895820903463572e-16
5.802780181029018329e-16
5.786714381136634093e-16
5.770698903818183885e-16
5.754733576161290501e-16
5.738817584601842848e-16
5.722951404330737292e-16
5.707134228641002632e-16
5.691366527844794397e-16
5.675647502030473040e-16
5.659977616686823401e-16
5.644356078636312120e-16
5.628783348599036198e-16
5.613258640070898156e-16
5.597782409057320464e-16
5.582353875667529338e-16
5.566972881455623980e-16
5.551639875433914956e-16
5.536354087499566103e-16
5.521115962082505430e-16
5.505924735545790254e-16
5.490780251708218147e-16
5.475682948202542489e-16
5.460632070961698327e-16
5.445627465147018984e-16
5.430669561708864443e-16
5.415757616021847724e-16
5.400891474583692676e-16
5.386070984323127164e-16
5.371296567442449007e-16
5.356567491695991630e-16
5.341883605340658421e-16
5.327245324156150353e-16
5.312651925046569718e-16
5.298103257590414357e-16
5.283599171792653136e-16
5.269139518084129366e-16
5.254724701753893049e-16
5.240353462721842293e-16
5.226026759088366535e-16
5.211743888585389232e-16
5.197504703800291352e-16
5.183309057742331740e-16
5.169157343488734248e-16
5.155048333174980475e-16
5.140982424372534441e-16
5.126960010274761031e-16
5.112979886046926228e-16
5.099042976925988891e-16
5.085148613681816839e-16
5.071296136942775176e-16
5.057486458879198765e-16
5.043718918531171996e-16
5.029992864656894801e-16
5.016309196563247203e-16
5.002666750097363668e-16
4.989066416101630929e-16
4.975507040359281971e-16
4.961989505336000594e-16
4.948512666659154869e-16
4.935076898456114684e-16
4.921682068432210301e-16
4.908328044668536013e-16
4.895014695621335821e-16
4.881741890121394034e-16
4.868509497373412075e-16
4.855316900113259860e-16
4.842164459460983928e-16
4.829052045707616193e-16
4.815979529515799247e-16
4.802946781919141466e-16
4.789953198192972573e-16
4.776999130462505479e-16
4.764084450839494619e-16
4.751208561979640339e-16
4.738372278461258671e-16
4.725574535911266639e-16
4.712815677706051769e-16
4.700095116202183476e-16
4.687413191325847787e-16
4.674769777695253796e-16
4.662164294824583985e-16
4.649597531007569348e-16
4.637068001553106191e-16
4.624576942873623317e-16
4.612123330434677034e-16
4.599707046918775658e-16
4.587328418856401977e-16
4.574987323674562518e-16
4.562683199512524622e-16
4.550416368031560665e-16
4.538186271919554342e-16
4.525993229626761131e-16
4.513837120313160153e-16
4.501717393429618527e-16
4.489633934013720764e-16
4.477587051705226769e-16
4.465576199622104440e-16
4.453601683823989752e-16
4.441662961849266210e-16
4.429760336712005126e-16
4.417893270332794177e-16
4.406062062713484668e-16
4.394266180118989321e-16
4.382505507991700072e-16
4.370780341863738946e-16
4.359090154433367691e-16
4.347434832096420181e-16
4.335814665988459962e-16
4.324229135158329529e-16
4.312678126950849116e-16
4.301161928176893449e-16
4.289680024154204653e-16
4.278232303172025755e-16
4.266819047787134379e-16
4.255439749505571889e-16
4.244094297556331097e-16
4.232782581472476674e-16
4.221504491090695994e-16
4.210260302014843787e-16
4.199049515872683839e-16
4.187872023432991985e-16
4.176727715766226165e-16
4.165616863054030824e-16
4.154538597705061349e-16
4.143493567683818351e-16
4.132481286476145828e-16
4.121501646677063180e-16
4.110554541180311217e-16
4.099639863177882788e-16
4.088757506159529248e-16
4.077907729788069902e-16
4.067089694813214839e-16
4.056304025799142946e-16
4.045549890417600832e-16
4.034827907523540904e-16
4.024137251649072160e-16
4.013478179505100342e-16
4.002850941899564419e-16
3.992254723540828773e-16
3.981690129260341923e-16
3.971156350475164736e-16
3.960653986505573627e-16
3.950182235417659959e-16
3.939741345199916141e-16
3.929331214529743420e-16
3.918951745493386043e-16
3.908602841228660554e-16
3.898284405141216068e-16
3.887996002399794746e-16
3.877738215406518466e-16
3.867510272799208587e-16
3.857312417534219225e-16
3.847144554329290639e-16
3.837006588167371224e-16
3.826898094411930199e-16
3.816819311285568052e-16
3.806770144544158109e-16
3.796750500207024637e-16
3.786760284556451787e-16
3.776799081253341048e-16
3.766867122749283336e-16
3.756964316093168463e-16
3.747090249833399546e-16
3.737245153024810346e-16
3.727428933479161076e-16
3.717641184571191662e-16
3.707882132013169504e-16
3.698151684375913544e-16
3.688449439800122086e-16
3.678775620708748228e-16
3.669130136427786963e-16
3.659512589804287658e-16
3.649923200024222142e-16
3.640361573033414102e-16
3.630827925882420452e-16
3.621321867590078451e-16
3.611843613094236964e-16
3.602392774461207945e-16
3.592969564538571359e-16
3.583573894876277383e-16
3.574205382073201496e-16
3.564863941939797024e-16
3.555549783209421726e-16
3.546262526939670325e-16
3.537002379839421201e-16
3.527768965913745298e-16
3.518562202089394767e-16
3.509382292070114908e-16
3.500229149577613635e-16
3.491102120295468032e-16
3.482001974474023854e-16
3.472927777717952819e-16
3.463880012976730921e-16
3.454858315786448572e-16
3.445862604701556044e-16
3.436893074961991163e-16
3.427949365507821057e-16
3.419031669558984410e-16
3.410139355321746632e-16
3.401272889990885126e-16
3.392431918066639217e-16
3.383616358954434498e-16
3.374826401231125233e-16
3.366061693511124638e-16
3.357322155857088399e-16
3.348607708544838690e-16
3.339918272063036299e-16
3.331254030466880433e-16
3.322614639105100530e-16
3.314000019118062488e-16
3.305410091857556300e-16
3.296844778886465710e-16
3.288304001978428023e-16
3.279787683117499822e-16
3.271296000220006658e-16
3.262828363174954625e-16
3.254385204979309648e-16
3.245965940222257033e-16
3.237570998056061235e-16
3.229199797729775490e-16
3.220852764588284778e-16
3.212529570831202954e-16
3.204229893041043233e-16
3.195954150920763318e-16
3.187702020429393794e-16
3.179473181851104211e-16
3.171268049328702259e-16
3.163086060354747603e-16
3.154927384238948857e-16
3.146792186450912225e-16
3.138679911164490308e-16
3.130590725261941482e-16
3.122524554658026896e-16
3.114481325470740945e-16
3.106460728807968124e-16
3.098463162596327988e-16
3.090488084103855987e-16
3.082535655457475118e-16
3.074605803772558805e-16
3.066698456365515759e-16
3.058813540753407872e-16
3.050950756190189718e-16
3.043110260950235630e-16
3.035291983137412531e-16
3.027495625875659456e-16
3.019721347448000600e-16
3.011969079265209771e-16
3.004238752924688997e-16
2.996530078286417199e-16
2.988843211078688089e-16
2.981178083444282683e-16
2.973534408527782239e-16
2.965912339836092040e-16
2.958311810054592343e-16
2.950732535572966008e-16
2.943174667710990617e-16
2.935637924996048192e-16
2.928122457304591750e-16
2.920628198216089098e-16
2.913154869438365870e-16
2.905702618716637676e-16
2.898271169853863364e-16
2.890860669188769839e-16
2.883470842602706081e-16
2.876101835042378002e-16
2.868753374450920671e-16
2.861425604397322040e-16
2.854118254870036782e-16
2.846831468074479165e-16
2.839564976028093554e-16
2.832318716927206495e-16
2.825092830952453601e-16
2.817887053128910541e-16
2.810701522308358489e-16
2.803535975504711758e-16
2.796390550254500991e-16
2.789264787818435255e-16
2.782159220693049284e-16
2.775073195172434901e-16
2.768007043918214261e-16
2.760960509805518974e-16
2.753933726494534538e-16
2.746926245863917997e-16
2.739938394810759960e-16
2.732970111386930766e-16
2.726020952680812141e-16
2.719091241339978408e-16
2.712180726899443933e-16
2.705289350396309169e-16
2.698417240497738472e-16
2.691563962824199423e-16
2.684729833066814777e-16
2.677914605401128889e-16
2.671118221631761967e-16
2.664340807626158752e-16
2.657581938464253608e-16
2.650841924363005121e-16
2.644120343903019982e-16
2.637417504613619996e-16
2.630733168314047829e-16
2.624067279166885138e-16
2.617419781478386848e-16
2.610790619698257800e-16
2.604179738419425465e-16
2.597587082377811169e-16
2.591012596452103301e-16
2.584456225663527061e-16
2.577918089402269677e-16
2.571397783814757531e-16
2.564895429284042623e-16
2.558410971399155469e-16
2.551944355890492926e-16
2.545495528629587939e-16
2.539064435628862041e-16
2.532651023041392141e-16
2.526255068495098782e-16
2.519876856436307263e-16
2.513515996783054217e-16
2.507172771535183440e-16
2.500846793604155481e-16
2.494538177278580288e-16
2.488246869680583835e-16
2.481972818071052232e-16
2.475715806553509885e-16
2.469475947277708942e-16
2.463253349893201082e-16
2.457047476257382279e-16
2.450858760260160191e-16
2.444686827964997779e-16
2.438531788910323337e-16
2.432393591441320180e-16
2.426272184039770779e-16
2.420167357849007075e-16
2.414079220363646946e-16
2.408007720465466757e-16
2.401952651587324247e-16
2.395914119715746756e-16
2.389892074130445122e-16
2.383886310527271023e-16
2.377896933407276919e-16
2.371923739957727026e-16
2.365966833699080749e-16
2.360026164566982330e-16
2.354101531968239467e-16
2.348193038152336344e-16
2.342300484875402605e-16
2.336423974313292622e-16
2.330563309843127855e-16
2.324718592685607428e-16
2.318889774731024503e-16
2.313076661504075747e-16
2.307279206906392757e-16
2.301497510276835629e-16
2.295731379255326528e-16
2.289980912253827791e-16
2.284245918311394162e-16
2.278526494922309043e-16
2.272822452513993282e-16
2.267133745791912947e-16
2.261460470887233324e-16
2.255802440286302223e-16
2.250159749225248276e-16
2.244532211552311719e-16
2.238919782540746680e-16
2.233322417573968262e-16
2.227740210117416570e-16
2.222173114127992769e-16
2.216620809932772798e-16
2.211083527665987067e-16
2.205561085850220815e-16
2.200053440540450624e-16
2.194560682614934601e-16
2.189082498383000913e-16
2.183619113124408437e-16
2.178170481738191466e-16
2.172736294068295423e-16
2.167316772537510703e-16
2.161911609318061564e-16
2.156521024945293776e-16
2.151144844399825058e-16
2.145783154814269312e-16
2.140435652968292260e-16
2.135102426725778411e-16
2.129783562003136815e-16
2.124478886918595623e-16
2.119188231733911833e-16
2.113911809611615415e-16
2.108649450520091418e-16
2.103401112469944023e-16
2.098166753577651914e-16
2.092946332065392998e-16
2.087739806260871603e-16
2.082547134597141467e-16
2.077368275612431213e-16
2.072203188352200614e-16
2.067051833572526459e-16
2.061914172527752521e-16
2.056790166567325175e-16
2.051679777135646972e-16
2.046582965771930694e-16
2.041499453924775625e-16
2.036429684638676755e-16
2.031373378601580402e-16
2.026330260369925658e-16
2.021300767609515724e-16
2.016284388630002765e-16
2.011281557550361897e-16
2.006291766586521539e-16
2.001315213609902219e-16
1.996351861088078803e-16
1.991401671581855462e-16
1.986464607745109878e-16
1.981540632324639656e-16
1.976629708160005789e-16
1.971731570879158319e-16
1.966846412593508620e-16
1.961974421934055657e-16
1.957115110164143201e-16
1.952268666986562250e-16
1.947435055783081316e-16
1.942614018014900401e-16
1.937805962140717062e-16
1.933010408654195508e-16
1.928227543304427375e-16
1.923457329919353505e-16
1.918699732417898263e-16
1.913954497957624274e-16
1.909221809186007968e-16
1.904501845444073466e-16
1.899793925520039725e-16
1.895098659257150308e-16
1.890415795945510811e-16
1.885745088305572452e-16
1.881086714440996265e-16
1.876440428890545529e-16
1.871806617614771429e-16
1.867184825972926136e-16
1.862575229103276719e-16
1.857977792062160477e-16
1.853392273887391676e-16
1.848818847525323022e-16
1.844257478288247838e-16
1.839707927867232697e-16
1.835170569962997982e-16
1.830644963462409216e-16
1.826131076104569260e-16
1.821629276758992445e-16
1.817138929231159868e-16
1.812660600769197605e-16
1.808193858243682100e-16
1.803738867172611243e-16
1.799295593382782561e-16
1.794863806858743446e-16
1.790443671054193176e-16
1.786035152050232397e-16
1.781638022356571239e-16
1.777252443390065440e-16
1.772878189324377324e-16
1.768515420230409140e-16
1.764164102607066427e-16
1.759824013104370878e-16
1.755495309801279464e-16
1.751177770979627634e-16
1.746871741140576321e-16
1.742576623981740043e-16
1.738292763429032995e-16
1.734020126558481246e-16
1.729758495680791648e-16
1.725508024323136802e-16
1.721268679809295394e-16
1.717040246831669345e-16
1.712822695001156866e-16
1.708616175304284943e-16
1.704420655387206681e-16
1.700235923069205681e-16
1.696061948247646608e-16
1.691898879413105724e-16
1.687746684531884483e-16
1.683605154502027651e-16
1.679474259505737105e-16
1.675354321371026260e-16
1.671244781013470651e-16
1.667145959731157505e-16
1.663057825966381772e-16
1.658980002049139753e-16
1.654912977878648759e-16
1.650856376602743818e-16
1.646810168968271256e-16
1.642774496237738141e-16
1.638749157529911938e-16
1.634734123797612279e-16
1.630729534551353710e-16
1.626735358933768580e-16
1.622751398968915247e-16
1.618777626287924765e-16
1.614814180102380972e-16
1.610860866969727651e-16
1.606917660703879400e-16
1.602984699191554547e-16
1.599061791084863179e-16
1.595148910374229002e-16
1.591246193243531988e-16
1.587353450415531168e-16
1.583470816953811368e-16
1.579598104950869512e-16
1.575735288692389096e-16
1.571882501576021478e-16
1.568039557725438664e-16
1.564206431601061771e-16
1.560383097718951263e-16
1.556569687286805682e-16
1.552766017097959123e-16
1.548972217283103974e-16
1.545188105958774854e-16
1.541413657932854799e-16
1.537648848068464862e-16
1.533893804363064947e-16
1.530148347542085065e-16
1.526412452641137116e-16
1.522686094750810191e-16
1.518969399772292310e-16
1.515262040819599039e-16
1.511564443696963147e-16
1.507876133179187364e-16
1.504197383288162759e-16
1.500527871944907954e-16
1.496867871008285025e-16
1.493217354329951129e-16
1.489576003388572942e-16
1.485944086839211004e-16
1.482321288504560681e-16
1.478707874921603555e-16
1.475103676246311855e-16
1.471508811812454216e-16
1.467922970082678397e-16
1.464346413417451372e-16
1.460778974399051759e-16
1.457220629123363652e-16
1.453671353739931438e-16
1.450131124451899643e-16
1.446600057203667426e-16
1.443077848399699526e-16
1.439564753253051056e-16
1.436060470395750239e-16
1.432565252913097605e-16
1.429078938096297479e-16
1.425601501799530671e-16
1.422133055953462688e-16
1.418673303966439602e-16
1.415222358397735907e-16
1.411780329804439682e-16
1.408346924847543567e-16
1.404922388170349664e-16
1.401506428581238465e-16
1.398099288804987558e-16
1.394700679780706518e-16
1.391310842330589820e-16
1.387929620466699798e-16
1.384556990711869076e-16
1.381192929643591441e-16
1.377837284414490739e-16
1.374490291159183052e-16
1.371151796648090597e-16
1.367821777676532115e-16
1.364500211094071384e-16
1.361186946751236790e-16
1.357882216191647499e-16
1.354585868892547602e-16
1.351297881919641367e-16
1.348018107245512000e-16
1.344746772809090345e-16
1.341483730216654758e-16
1.338228833011509853e-16
1.334982306468096848e-16
1.331743880961875716e-16
1.328513657665079447e-16
1.325291735949610808e-16
1.322077849130969992e-16
1.318872097147895276e-16
1.315674457647893103e-16
1.312484908331358108e-16
1.309303426951489058e-16
1.306129872155961399e-16
1.302964460567683399e-16
1.299806932225607625e-16
1.296657502065973175e-16
1.293515912017096391e-16
1.290382258406013518e-16
1.287256519347776284e-16
1.284138673009548322e-16
1.281028581986088370e-16
1.277926456231216174e-16
1.274832043249451659e-16
1.271745437034768532e-16
1.268666616236666359e-16
1.265595446995420235e-16
1.262532136568732629e-16
1.259476438368444997e-16
1.256428445842689589e-16
1.253388139013772289e-16
1.250355497950366992e-16
1.247330391821937690e-16
1.244312912565759659e-16
1.241303040384195298e-16
1.238300755525690782e-16
1.235305928990601535e-16
1.232318760116261681e-16
1.229338902628076522e-16
1.226366663609175565e-16
1.223401914647126267e-16
1.220444528994112160e-16
1.217494595282062591e-16
1.214551987649380251e-16
1.211616794007904257e-16
1.208688995048505536e-16
1.205768571507355101e-16
1.202855399280426154e-16
1.199949564862356131e-16
1.197051049120083054e-16
1.194159729249580742e-16
1.191275690697155075e-16
1.188398914459923629e-16
1.185529381579791802e-16
1.182666970965243696e-16
1.179811664889552454e-16
1.176963547079779023e-16
1.174122598747178996e-16
1.171288801147440062e-16
1.168462035290976312e-16
1.165642383558191635e-16
1.162829727788570007e-16
1.160024149695512220e-16
1.157225630746868873e-16
1.154434054016497986e-16
1.151649402158050587e-16
1.148871853275266842e-16
1.146101193224818868e-16
1.143337404774398384e-16
1.140580567349180281e-16
1.137830566446874624e-16
1.135087576756773725e-16
1.132351292404432128e-16
1.129621887800011847e-16
1.126899344869811721e-16
1.124183551037548180e-16
1.121474583230262219e-16
1.118772329377486400e-16
1.116076865729784400e-16
1.113388080994849777e-16
1.110706050807549393e-16
1.108030664648042346e-16
1.105361997540691358e-16
1.102699939732468387e-16
1.100044565642379828e-16
1.097395766278599478e-16
1.094753615459877884e-16
1.092118004950025266e-16
1.089488917933160320e-16
1.086866427335147818e-16
1.084250426040968391e-16
1.081640986388793080e-16
1.079038002005538156e-16
1.076441544646626466e-16
1.073851508675488597e-16
1.071267877534747660e-16
1.068690722112964635e-16
1.066120024954405493e-16
1.063555595113001662e-16
1.060997590032231377e-16
1.058445992376281518e-16
1.055900613233266375e-16
1.053361608236754353e-16
1.050828960170266158e-16
1.048302566996344558e-16
1.045782412521393774e-16
1.043268564824910007e-16
1.040760838995094149e-16
1.038259470729630965e-16
1.035764192192897807e-16
1.033275154299278360e-16
1.030792257450803646e-16
1.028315568096005982e-16
1.025844905233953933e-16
1.023380417474246354e-16
1.020922088071762884e-16
1.018469737948218154e-16
1.016023514009748353e-16
1.013583399627565207e-16
1.011149217624502259e-16
1.008721113223715684e-16
1.006298990206735236e-16
1.003882832979975330e-16
1.001472625983677725e-16
9.990684325218809975e-17
9.966701578079289979e-17
9.942777869592235339e-17
9.918913052393334644e-17
9.895107756216317743e-17
9.871361051834370942e-17
9.847672792852828469e-17
9.824042833188332482e-17
9.800471027068458366e-17
9.776957991671804205e-17
9.753502053769268372e-17
9.730104591025100136e-17
9.706764696298431644e-17
9.683482976917388140e-17
9.660257783205973089e-17
9.637090471896275418e-17
9.613979404941704547e-17
9.590925928717572070e-17
9.567929154578535683e-17
9.544988940208924742e-17
9.522105143598949420e-17
9.499278352830913946e-17
9.476506964262523808e-17
9.453791569265930264e-17
9.431132748858698795e-17
9.408529635468137405e-17
9.385982088941587680e-17
9.363489255508263092e-17
9.341052426071602219e-17
9.318670744846456047e-17
9.296344072889148501e-17
9.274072271557188135e-17
9.251855903485457735e-17
9.229693426120190941e-17
9.207585405265500737e-17
9.185531703479373109e-17
9.163532874417630735e-17
9.141587397118236665e-17
9.119695828363656381e-17
9.097858715172859363e-17
9.076074552568754799e-17
9.054343890665382046e-17
9.032666594105004839e-17
9.011043201185270662e-17
8.989472227967944950e-17
8.967954215804158537e-17
8.946489696545081270e-17
8.925077201828322684e-17
8.903717266527707536e-17
8.882409757348307964e-17
8.861154541288095229e-17
8.839951484306271017e-17
8.818800447337863260e-17
8.797701290302571811e-17
8.776653226555006067e-17
8.755657412767025215e-17
8.734713060565725714e-17
8.713819391284935319e-17
8.692977548458493363e-17
8.672186116505164132e-17
8.651445597383178870e-17
8.630755853511642133e-17
8.610116747623104965e-17
8.589528142762997900e-17
8.568989278528714620e-17
8.548501268374622301e-17
8.528062731007670832e-17
8.507674154453990660e-17
8.487335403289642831e-17
8.467046342400429695e-17
8.446806836981353798e-17
8.426616144444713810e-17
8.406474743102683411e-17
8.386383102739985483e-17
8.366339278686184126e-17
8.346344948720859774e-17
8.326399376167325980e-17
8.306501833356099017e-17
8.286652787209966172e-17
8.266852105633026249e-17
8.247099656833321229e-17
8.227394722904059734e-17
8.207737763322487421e-17
8.188128647180974138e-17
8.168566663798788074e-17
8.149052845119698931e-17
8.129585903072604184e-17
8.110166288005072417e-17
8.090793298760786263e-17
8.071467951735493459e-17
8.052188976693257869e-17
8.032956251256223582e-17
8.013770780313092102e-17
7.994631306828803334e-17
7.975537709223956794e-17
7.956490981015303882e-17
7.937489878225310960e-17
7.918534833474160809e-17
7.899625168825925516e-17
7.880761313433039139e-17
7.861943141331246202e-17
7.843169987650986652e-17
7.824442307667795075e-17
7.805760013680538580e-17
7.787122478580547706e-17
7.768530158473517278e-17
7.749982430451134286e-17
7.731480280782713664e-17
7.713022021284121025e-17
7.694609166507912023e-17
7.676240568118320338e-17
7.657916145427244458e-17
7.639636342085521531e-17
7.621401071991224609e-17
7.603209728765274956e-17
7.585062750833787800e-17
7.566959535872136103e-17
7.548900518851283491e-17
7.530885101472540995e-17
7.512913715279579759e-17
7.494986275278627658e-17
7.477102189167192791e-17
7.459261883410174746e-17
7.441464769660390755e-17
7.423710769003053017e-17
7.406000302865032996e-17
7.388333287188719522e-17
7.370709141454283835e-17
7.353127787287942639e-17
7.335589639507344052e-17
7.318094614676580653e-17
7.300642139993289359e-17
7.283232137623881563e-17
7.265865015883083518e-17
7.248540691954641737e-17
7.231258118103776910e-17
7.214018664660645469e-17
7.196820806831411062e-17
7.179665427480765308e-17
7.162552444554286049e-17
7.145481302210254016e-17
7.128451923817484582e-17
7.111464703429457152e-17
7.094519090732756401e-17
7.077615476683933101e-17
7.060753314629055758e-17
7.043932528598675717e-17
7.027153504941411221e-17
7.010415702434797112e-17
6.993719045501972458e-17
6.977063915939466929e-17
6.960449428377632591e-17
6.943874216243065858e-17
6.927335206129623519e-17
6.910831598119685230e-17
6.894359884921646337e-17
6.877918822965867293e-17
6.861505824820003986e-17
6.845118760516343298e-17
