# tt
1.088434326171875000e+03
1.029213989257812500e+03
9.701355590820312500e+02
9.240981445312500000e+02
8.908931274414062500e+02
8.683198852539062500e+02
8.536181640625000000e+02
8.450133666992187500e+02
8.411323852539062500e+02
8.404912109375000000e+02
8.435678710937500000e+02
8.483009643554687500e+02
8.544532470703125000e+02
8.610195312500000000e+02
8.696742553710937500e+02
8.802775878906250000e+02
8.915391845703125000e+02
9.042879638671875000e+02
9.167618408203125000e+02
9.298038330078125000e+02
9.433615722656250000e+02
9.569939575195312500e+02
9.710765991210937500e+02
9.857013549804687500e+02
1.000365661621093750e+03
1.015519042968750000e+03
1.031012084960937500e+03
1.046614990234375000e+03
1.062698486328125000e+03
1.078619750976562500e+03
1.095141723632812500e+03
1.111787597656250000e+03
1.128523315429687500e+03
1.145800048828125000e+03
1.162816406250000000e+03
1.180184692382812500e+03
1.197847534179687500e+03
1.215891601562500000e+03
1.234030639648437500e+03
1.252270141601562500e+03
1.270590820312500000e+03
1.289042358398437500e+03
1.307599853515625000e+03
1.326461303710937500e+03
1.345536621093750000e+03
1.364847290039062500e+03
1.384275146484375000e+03
1.403925292968750000e+03
1.423753784179687500e+03
1.443782348632812500e+03
1.464071655273437500e+03
1.484451049804687500e+03
1.504972167968750000e+03
1.525538818359375000e+03
1.546355712890625000e+03
1.567498291015625000e+03
1.588897338867187500e+03
1.610558349609375000e+03
1.632338134765625000e+03
1.654394042968750000e+03
1.676600097656250000e+03
1.698982421875000000e+03
1.721566894531250000e+03
1.744379516601562500e+03
1.767505981445312500e+03
1.790824340820312500e+03
1.814345703125000000e+03
1.838082519531250000e+03
1.861971801757812500e+03
1.885977050781250000e+03
1.910315551757812500e+03
1.934932861328125000e+03
1.959923217773437500e+03
1.985307006835937500e+03
2.010927124023437500e+03
2.036736083984375000e+03
2.062732666015625000e+03
2.088915039062500000e+03
2.115281738281250000e+03
2.141996582031250000e+03
2.168918701171875000e+03
2.196146972656250000e+03
2.223631103515625000e+03
2.251321289062500000e+03
2.279311523437500000e+03
2.307529052734375000e+03
2.335896240234375000e+03
2.364484375000000000e+03
2.393290039062500000e+03
2.422236816406250000e+03
2.451474121093750000e+03
2.480854492187500000e+03
2.510454101562500000e+03
2.540274169921875000e+03
2.570242431640625000e+03
2.600508300781250000e+03
2.630999511718750000e+03
2.661643310546875000e+03
2.692589599609375000e+03
2.723691406250000000e+03
2.755024414062500000e+03
2.786590332031250000e+03
2.818316406250000000e+03
2.850278076171875000e+03
2.882403076171875000e+03
2.914692871093750000e+03
2.947222900390625000e+03
2.979920654296875000e+03
3.012787353515625000e+03
3.045750488281250000e+03
3.078883544921875000e+03
3.112260009765625000e+03
3.145656250000000000e+03
3.179294921875000000e+03
3.212951904296875000e+03
3.246774902343750000e+03
3.280763427734375000e+03
3.314768310546875000e+03
3.348937255859375000e+03
3.383120605468750000e+03
3.417392333984375000e+03
3.451751464843750000e+03
3.486197265625000000e+03
3.520655029296875000e+03
3.555197998046875000e+03
3.589750976562500000e+03
3.624313476562500000e+03
3.658885009765625000e+03
3.693464111328125000e+03
3.728050537109375000e+03
3.762644287109375000e+03
3.797171386718750000e+03
3.831705322265625000e+03
3.866247070312500000e+03
3.900647460937500000e+03
3.934980957031250000e+03
3.969322021484375000e+03
4.003447998046875000e+03
4.037581542968750000e+03
4.071573730468750000e+03
4.105425292968750000e+03
4.139210449218750000e+03
4.172779785156250000e+03
4.206209472656250000e+03
4.239497558593750000e+03
4.272571289062500000e+03
4.305429687500000000e+03
4.338147460937500000e+03
4.370650878906250000e+03
4.402938476562500000e+03
4.434936523437500000e+03
4.466792480468750000e+03
4.498430664062500000e+03
4.529850585937500000e+03
4.560977050781250000e+03
4.591958007812500000e+03
4.622717773437500000e+03
4.653255371093750000e+03
4.683570800781250000e+03
4.713588378906250000e+03
4.743380859375000000e+03
4.772948242187500000e+03
4.802140625000000000e+03
4.831105957031250000e+03
4.859694824218750000e+03
4.888054199218750000e+03
4.915961425781250000e+03
4.943637695312500000e+03
4.970859863281250000e+03
4.997774902343750000e+03
5.024233886718750000e+03
5.050310058593750000e+03
5.076002441406250000e+03
5.101310546875000000e+03
5.126084472656250000e+03
5.150473144531250000e+03
5.174402343750000000e+03
5.197798339843750000e+03
5.220809082031250000e+03
5.243287109375000000e+03
5.265306640625000000e+03
5.286793457031250000e+03
5.307821777343750000e+03
5.328392089843750000e+03
5.348355957031250000e+03
5.367862304687500000e+03
5.386911132812500000e+03
5.405354003906250000e+03
5.423339843750000000e+03
5.440720214843750000e+03
5.457644042968750000e+03
5.473962402343750000e+03
5.489825195312500000e+03
5.505082519531250000e+03
5.519810058593750000e+03
5.534007324218750000e+03
5.547675292968750000e+03
5.560812500000000000e+03
5.573347167968750000e+03
5.585352050781250000e+03
5.596753417968750000e+03
5.607551757812500000e+03
5.617746093750000000e+03
5.627338378906250000e+03
5.636327148437500000e+03
5.644713378906250000e+03
5.652422851562500000e+03
5.659455078125000000e+03
5.665958984375000000e+03
5.671787109375000000e+03
5.677012207031250000e+03
5.681635742187500000e+03
5.685583007812500000e+03
5.688928222656250000e+03
5.691672363281250000e+03
5.693814453125000000e+03
5.695281250000000000e+03
5.696146484375000000e+03
5.696336914062500000e+03
5.695925292968750000e+03
5.694839355468750000e+03
5.693077636718750000e+03
5.690715820312500000e+03
5.687678710937500000e+03
5.684041992187500000e+03
5.679730468750000000e+03
5.674818359375000000e+03
5.669306640625000000e+03
5.663120605468750000e+03
5.656260742187500000e+03
5.648875000000000000e+03
5.640815917968750000e+03
5.632083496093750000e+03
5.622825683593750000e+03
5.612894531250000000e+03
5.602438964843750000e+03
5.591310058593750000e+03
5.579582031250000000e+03
5.567255859375000000e+03
5.554405761718750000e+03
5.540882812500000000e+03
5.526835937500000000e+03
5.512190917968750000e+03
5.496948242187500000e+03
5.481182128906250000e+03
5.464817871093750000e+03
5.447930664062500000e+03
5.430520019531250000e+03
5.412586425781250000e+03
5.394056152343750000e+03
5.375002929687500000e+03
5.355501464843750000e+03
5.335403320312500000e+03
5.314783203125000000e+03
5.293641601562500000e+03
5.272052246093750000e+03
5.249941406250000000e+03
5.227309570312500000e+03
5.204305175781250000e+03
5.180779785156250000e+03
5.156808105468750000e+03
5.132464843750000000e+03
5.107674804687500000e+03
5.082439941406250000e+03
5.056833007812500000e+03
5.030781738281250000e+03
5.004358886718750000e+03
4.977565429687500000e+03
4.950327636718750000e+03
4.922719238281250000e+03
4.894814941406250000e+03
4.866541015625000000e+03
4.837897949218750000e+03
4.808884765625000000e+03
4.779651367187500000e+03
4.749974121093750000e+03
4.720077148437500000e+03
4.689885253906250000e+03
4.659399414062500000e+03
4.628694335937500000e+03
4.597621093750000000e+03
4.566402832031250000e+03
4.534891113281250000e+03
4.503160644531250000e+03
4.471137207031250000e+03
4.438969726562500000e+03
4.406584472656250000e+03
4.374054687500000000e+03
4.341307617187500000e+03
4.308416992187500000e+03
4.275309082031250000e+03
4.242132324218750000e+03
4.208738769531250000e+03
4.175276855468750000e+03
4.141672851562500000e+03
4.107926757812500000e+03
4.074038085937500000e+03
4.040157226562500000e+03
4.006134277343750000e+03
3.972044433593750000e+03
3.937887939453125000e+03
3.903738769531250000e+03
3.869523193359375000e+03
3.835315185546875000e+03
3.801041503906250000e+03
3.766775634765625000e+03
3.732517822265625000e+03
3.698342773437500000e+03
3.664102539062500000e+03
3.629944580078125000e+03
3.595870605468750000e+03
3.561805175781250000e+03
3.527823242187500000e+03
3.493850585937500000e+03
3.460036132812500000e+03
3.426305664062500000e+03
3.392733398437500000e+03
3.359245117187500000e+03
3.325841552734375000e+03
3.292596679687500000e+03
3.259510498046875000e+03
3.226583496093750000e+03
3.193815429687500000e+03
3.161281250000000000e+03
3.128832275390625000e+03
3.096617187500000000e+03
3.064636474609375000e+03
3.032815429687500000e+03
3.001228759765625000e+03
2.969876464843750000e+03
2.938759033203125000e+03
2.907876220703125000e+03
2.877302734375000000e+03
2.846964111328125000e+03
2.816861083984375000e+03
2.787067626953125000e+03
2.757509521484375000e+03
2.728335937500000000e+03
2.699397949218750000e+03
2.670770019531250000e+03
2.642452880859375000e+03
2.614520507812500000e+03
2.586898681640625000e+03
2.559513183593750000e+03
2.532587402343750000e+03
2.505898681640625000e+03
2.479595214843750000e+03
2.453677490234375000e+03
2.428071044921875000e+03
2.402925292968750000e+03
2.378090576171875000e+03
2.353641357421875000e+03
2.329576904296875000e+03
2.305897460937500000e+03
2.282676513671875000e+03
2.259839599609375000e+03
2.237386718750000000e+03
2.215316894531250000e+03
2.193704833984375000e+03
2.172475341796875000e+03
2.151702636718750000e+03
2.131312500000000000e+03
2.111378173828125000e+03
2.091825195312500000e+03
2.072728027343750000e+03
2.054085937500000000e+03
2.035824462890625000e+03
2.018091674804687500e+03
2.000739135742187500e+03
1.983840332031250000e+03
1.967320800781250000e+03
1.951328857421875000e+03
1.935790039062500000e+03
1.920629272460937500e+03
1.905921020507812500e+03
1.891739257812500000e+03
1.877934570312500000e+03
1.864581542968750000e+03
1.851753662109375000e+03
1.839302368164062500e+03
1.827301391601562500e+03
1.815750488281250000e+03
1.804723754882812500e+03
1.794072143554687500e+03
1.783869750976562500e+03
1.774115966796875000e+03
1.764811035156250000e+03
1.755954101562500000e+03
1.747545043945312500e+03
1.739583618164062500e+03
1.731995117187500000e+03
1.724927856445312500e+03
1.718232788085937500e+03
1.711984130859375000e+03
1.706181396484375000e+03
1.700750000000000000e+03
1.695763916015625000e+03
1.691222900390625000e+03
1.687052246093750000e+03
1.683325927734375000e+03
1.680043823242187500e+03
1.677131347656250000e+03
1.674588500976562500e+03
1.672489257812500000e+03
1.670759277343750000e+03
1.669472412109375000e+03
1.668554321289062500e+03
1.668004882812500000e+03
1.667823852539062500e+03
1.668010986328125000e+03
1.668566284179687500e+03
1.669489379882812500e+03
1.670705688476562500e+03
1.672364013671875000e+03
1.674315185546875000e+03
1.676633422851562500e+03
1.679244384765625000e+03
1.682222167968750000e+03
1.685566406250000000e+03
1.689202758789062500e+03
1.693130981445312500e+03
1.697350952148437500e+03
1.701862304687500000e+03
1.706739379882812500e+03
1.711907592773437500e+03
1.717292480468750000e+03
1.722968261718750000e+03
1.728934448242187500e+03
1.735191040039062500e+03
1.741663696289062500e+03
1.748351928710937500e+03
1.755330200195312500e+03
1.762523681640625000e+03
1.769932373046875000e+03
1.777556152343750000e+03
1.785468872070312500e+03
1.793521850585937500e+03
1.801863891601562500e+03
1.810345703125000000e+03
1.819041503906250000e+03
1.827877075195312500e+03
1.836926269531250000e+03
1.846114746093750000e+03
1.855516357421875000e+03
1.864982666015625000e+03
1.874661743164062500e+03
1.884405273437500000e+03
1.894286865234375000e+03
1.904380981445312500e+03
1.914538574218750000e+03
1.924759887695312500e+03
1.935193359375000000e+03
1.945615966796875000e+03
1.956176391601562500e+03
1.966874877929687500e+03
1.977562377929687500e+03
1.988313110351562500e+03
1.999201660156250000e+03
2.010079345703125000e+03
2.021020385742187500e+03
2.031950439453125000e+03
2.042943725585937500e+03
2.053926269531250000e+03
2.064971679687500000e+03
2.076006347656250000e+03
2.087104003906250000e+03
2.098116210937500000e+03
2.109191650390625000e+03
2.120255859375000000e+03
2.131234863281250000e+03
2.142202148437500000e+03
2.153158691406250000e+03
2.164029296875000000e+03
2.174888916015625000e+03
2.185662597656250000e+03
2.196350585937500000e+03
2.207027343750000000e+03
2.217618408203125000e+03
2.228123779296875000e+03
2.238543212890625000e+03
2.248951416015625000e+03
2.259199218750000000e+03
2.269287109375000000e+03
2.279363281250000000e+03
2.289279296875000000e+03
2.299035156250000000e+03
2.308705322265625000e+03
2.318214843750000000e+03
2.327638671875000000e+03
2.336827636718750000e+03
2.345930664062500000e+03
2.354873291015625000e+03
2.363729736328125000e+03
2.372351806640625000e+03
2.380813232421875000e+03
2.389114257812500000e+03
2.397254638671875000e+03
2.405234619140625000e+03
2.413053955078125000e+03
2.420564208984375000e+03
2.427988769531250000e+03
2.435179443359375000e+03
2.442136718750000000e+03
2.448935302734375000e+03
2.455501220703125000e+03
2.461909912109375000e+03
2.468086669921875000e+03
2.474032714843750000e+03
2.479748291015625000e+03
2.485307861328125000e+03
2.490637939453125000e+03
2.495739013671875000e+03
2.500685791015625000e+03
2.505330322265625000e+03
2.509821533203125000e+03
2.514011230468750000e+03
2.518048339843750000e+03
2.521859619140625000e+03
2.525370605468750000e+03
2.528656738281250000e+03
2.531718017578125000e+03
2.534554931640625000e+03
2.537167968750000000e+03
2.539558105468750000e+03
2.541650878906250000e+03
2.543521484375000000e+03
2.545170166015625000e+03
2.546597656250000000e+03
2.547804199218750000e+03
2.548790527343750000e+03
2.549482421875000000e+03
2.549955078125000000e+03
2.550208740234375000e+03
2.550244140625000000e+03
2.550061279296875000e+03
2.549586914062500000e+03
2.548895507812500000e+03
2.547987792968750000e+03
2.546863769531250000e+03
2.545524169921875000e+03
2.543969726562500000e+03
2.542126220703125000e+03
2.540143310546875000e+03
2.537872070312500000e+03
2.535462158203125000e+03
2.532765380859375000e+03
2.529856689453125000e+03
2.526810302734375000e+03
2.523478759765625000e+03
2.520010253906250000e+03
2.516257568359375000e+03
2.512368652343750000e+03
2.508269531250000000e+03
2.503960693359375000e+03
2.499442382812500000e+03
2.494788818359375000e+03
2.489926269531250000e+03
2.484854736328125000e+03
2.479648681640625000e+03
2.474233886718750000e+03
2.468685302734375000e+03
2.462928466796875000e+03
2.457038330078125000e+03
2.451014648437500000e+03
2.444783447265625000e+03
2.438345214843750000e+03
2.431848388671875000e+03
2.425145019531250000e+03
2.418309326171875000e+03
2.411341308593750000e+03
2.404167480468750000e+03
2.396936279296875000e+03
2.389573242187500000e+03
2.382005126953125000e+03
2.374380126953125000e+03
2.366624511718750000e+03
2.358812744140625000e+03
2.350796142578125000e+03
2.342798095703125000e+03
2.334595947265625000e+03
2.326338378906250000e+03
2.318025634765625000e+03
2.309657714843750000e+03
2.301161132812500000e+03
2.292609863281250000e+03
2.284004150390625000e+03
2.275270507812500000e+03
2.266556884765625000e+03
2.257715576171875000e+03
2.248895019531250000e+03
2.240021240234375000e+03
2.231094726562500000e+03
2.222189453125000000e+03
2.213157226562500000e+03
2.204147216796875000e+03
2.195159423828125000e+03
2.186119384765625000e+03
2.177102294921875000e+03
2.168033447265625000e+03
2.158987792968750000e+03
2.149965087890625000e+03
2.140890380859375000e+03
2.131912597656250000e+03
2.122882568359375000e+03
2.113948974609375000e+03
2.104962890625000000e+03
2.096072509765625000e+03
2.087203369140625000e+03
2.078355712890625000e+03
2.069603271484375000e+03
2.060871337890625000e+03
2.052159912109375000e+03
2.043543334960937500e+03
2.034946655273437500e+03
2.026444213867187500e+03
2.018035888671875000e+03
2.009721069335937500e+03
2.001425537109375000e+03
1.993297851562500000e+03
1.985188842773437500e+03
1.977172851562500000e+03
1.969323730468750000e+03
1.961493041992187500e+03
1.953828613281250000e+03
1.946256591796875000e+03
1.938850585937500000e+03
1.931462036132812500e+03
1.924313354492187500e+03
1.917181762695312500e+03
1.910215332031250000e+03
1.903414062500000000e+03
1.896703613281250000e+03
1.890157714843750000e+03
1.883776123046875000e+03
1.877484741210937500e+03
1.871357421875000000e+03
1.865393676757812500e+03
1.859593872070312500e+03
1.853957275390625000e+03
1.848484130859375000e+03
1.843099487304687500e+03
1.837952026367187500e+03
1.832967285156250000e+03
1.828144531250000000e+03
1.823484252929687500e+03
1.819060302734375000e+03
1.814723632812500000e+03
1.810622802734375000e+03
1.806683349609375000e+03
1.802979248046875000e+03
1.799361328125000000e+03
1.796052246093750000e+03
1.792828247070312500e+03
1.789837768554687500e+03
1.787079956054687500e+03
1.784480346679687500e+03
1.782038085937500000e+03
1.779827026367187500e+03
1.777846801757812500e+03
1.776022583007812500e+03
1.774428100585937500e+03
1.772988403320312500e+03
1.771777465820312500e+03
1.770720458984375000e+03
1.769891113281250000e+03
1.769288818359375000e+03
1.768838745117187500e+03
1.768689208984375000e+03
1.768616821289062500e+03
1.768843750000000000e+03
1.769220825195312500e+03
1.769821777343750000e+03
1.770572143554687500e+03
1.771545654296875000e+03
1.772741577148437500e+03
1.774085083007812500e+03
1.775649902343750000e+03
1.777435913085937500e+03
1.779442382812500000e+03
1.781594238281250000e+03
1.783891235351562500e+03
1.786481567382812500e+03
1.789215698242187500e+03
1.792093627929687500e+03
1.795188598632812500e+03
1.798500610351562500e+03
1.801954589843750000e+03
1.805624267578125000e+03
1.809434814453125000e+03
1.813460083007812500e+03
1.817625366210937500e+03
1.822004394531250000e+03
1.826522338867187500e+03
1.831252807617187500e+03
1.836121215820312500e+03
1.841201049804687500e+03
1.846343627929687500e+03
1.851696777343750000e+03
1.857260131835937500e+03
1.862884277343750000e+03
1.868717529296875000e+03
1.874685668945312500e+03
1.880787719726562500e+03
1.887023803710937500e+03
1.893393554687500000e+03
1.899896362304687500e+03
1.906606445312500000e+03
1.913374877929687500e+03
1.920275390625000000e+03
1.927307617187500000e+03
1.934471435546875000e+03
1.941766479492187500e+03
1.949117919921875000e+03
1.956600097656250000e+03
1.964212280273437500e+03
1.971880004882812500e+03
1.979677001953125000e+03
1.987603393554687500e+03
1.995509765625000000e+03
2.003618896484375000e+03
2.011707519531250000e+03
2.019998291015625000e+03
2.028267944335937500e+03
2.036664550781250000e+03
2.045113525390625000e+03
2.053614746093750000e+03
2.062167724609375000e+03
2.070771972656250000e+03
2.079427246093750000e+03
2.088207763671875000e+03
2.096964355468750000e+03
2.105770751953125000e+03
2.114626953125000000e+03
2.123532470703125000e+03
2.132412841796875000e+03
2.141341796875000000e+03
2.150319091796875000e+03
2.159270263671875000e+03
2.168194580078125000e+03
2.177166259765625000e+03
2.186110839843750000e+03
2.195101562500000000e+03
2.204064453125000000e+03
2.212999267578125000e+03
2.221830810546875000e+03
2.230708007812500000e+03
2.239555419921875000e+03
2.248373291015625000e+03
2.257160888671875000e+03
2.265918457031250000e+03
2.274571289062500000e+03
2.283194091796875000e+03
2.291712646484375000e+03
2.300275634765625000e+03
2.308660644531250000e+03
2.317090332031250000e+03
2.325342285156250000e+03
2.333639160156250000e+03
2.341758544921875000e+03
2.349849121093750000e+03
2.357910888671875000e+03
2.365795654296875000e+03
2.373652099609375000e+03
2.381331542968750000e+03
2.388983154296875000e+03
2.396532470703125000e+03
2.403905517578125000e+03
2.411250976562500000e+03
2.418420166015625000e+03
2.425488281250000000e+03
2.432380126953125000e+03
2.439171142578125000e+03
2.445860839843750000e+03
2.452375244140625000e+03
2.458714843750000000e+03
2.464953613281250000e+03
2.471091796875000000e+03
2.477055419921875000e+03
2.482844726562500000e+03
2.488533935546875000e+03
2.494049072265625000e+03
2.499464355468750000e+03
2.504706054687500000e+03
2.509699707031250000e+03
2.514593994140625000e+03
2.519314941406250000e+03
2.523862792968750000e+03
2.528237548828125000e+03
2.532439453125000000e+03
2.536394042968750000e+03
2.540250732421875000e+03
2.543860595703125000e+03
2.547298095703125000e+03
2.550489013671875000e+03
2.553582763671875000e+03
2.556430175781250000e+03
2.559105712890625000e+03
2.561535644531250000e+03
2.563868652343750000e+03
2.565956298828125000e+03
2.567798828125000000e+03
2.569545654296875000e+03
2.570974121093750000e+03
2.572307861328125000e+03
2.573398437500000000e+03
2.574247070312500000e+03
2.574853271484375000e+03
2.575292968750000000e+03
2.575491455078125000e+03
2.575449707031250000e+03
2.575242431640625000e+03
2.574795898437500000e+03
2.574184570312500000e+03
2.573335205078125000e+03
2.572248046875000000e+03
2.570998046875000000e+03
2.569585693359375000e+03
2.567936767578125000e+03
2.566052246093750000e+03
2.563932373046875000e+03
2.561577880859375000e+03
2.559063720703125000e+03
2.556241455078125000e+03
2.553260253906250000e+03
2.550046386718750000e+03
2.546600585937500000e+03
2.542997314453125000e+03
2.539163085937500000e+03
2.535172363281250000e+03
2.530951904296875000e+03
2.526501464843750000e+03
2.521896484375000000e+03
2.517063232421875000e+03
2.512075927734375000e+03
2.506786621093750000e+03
2.501344970703125000e+03
2.495676513671875000e+03
2.489782470703125000e+03
2.483737060546875000e+03
2.477466796875000000e+03
2.471046386718750000e+03
2.464402099609375000e+03
2.457534179687500000e+03
2.450517822265625000e+03
2.443353271484375000e+03
2.436041503906250000e+03
2.428508056640625000e+03
2.420753906250000000e+03
2.412853759765625000e+03
2.404733642578125000e+03
2.396468505859375000e+03
2.388058837890625000e+03
2.379430664062500000e+03
2.370584472656250000e+03
2.361669433593750000e+03
2.352537109375000000e+03
2.343262695312500000e+03
2.333845947265625000e+03
2.324288085937500000e+03
2.314589111328125000e+03
2.304749511718750000e+03
2.294770019531250000e+03
2.284576416015625000e+03
2.274317871093750000e+03
2.263994873046875000e+03
2.253459472656250000e+03
2.242785888671875000e+03
2.232049316406250000e+03
2.221175781250000000e+03
2.210165771484375000e+03
2.199019775390625000e+03
2.187738037109375000e+03
2.176395507812500000e+03
2.164918212890625000e+03
2.153306884765625000e+03
2.141710205078125000e+03
2.129905761718750000e+03
2.118117187500000000e+03
2.106196044921875000e+03
2.094217041015625000e+03
2.082106933593750000e+03
2.070013916015625000e+03
2.057790527343750000e+03
2.045510986328125000e+03
2.033176147460937500e+03
2.020786254882812500e+03
2.008341918945312500e+03
1.995768798828125000e+03
1.983216796875000000e+03
1.970611328125000000e+03
1.957953125000000000e+03
1.945242675781250000e+03
1.932554687500000000e+03
1.919740966796875000e+03
1.906950439453125000e+03
1.894109497070312500e+03
1.881292846679687500e+03
1.868426635742187500e+03
1.855585449218750000e+03
1.842770141601562500e+03
1.829905639648437500e+03
1.816992431640625000e+03
1.804178833007812500e+03
1.791316162109375000e+03
1.778478759765625000e+03
1.765666381835937500e+03
1.752879272460937500e+03
1.740116821289062500e+03
1.727379394531250000e+03
1.714666625976562500e+03
1.701978637695312500e+03
1.689315185546875000e+03
1.676750610351562500e+03
1.664136230468750000e+03
1.651620483398437500e+03
1.639203369140625000e+03
1.626810302734375000e+03
1.614441406250000000e+03
1.602096679687500000e+03
1.589924560546875000e+03
1.577701782226562500e+03
1.565577148437500000e+03
1.553550659179687500e+03
1.541621948242187500e+03
1.529716918945312500e+03
1.517909667968750000e+03
1.506200073242187500e+03
1.494513671875000000e+03
1.482999145507812500e+03
1.471582153320312500e+03
1.460188110351562500e+03
1.448965576171875000e+03
1.437766113281250000e+03
1.426737915039062500e+03
1.415806762695312500e+03
1.404898315429687500e+03
1.394161010742187500e+03
1.383594726562500000e+03
1.373050903320312500e+03
1.362677978515625000e+03
1.352401733398437500e+03
1.342296020507812500e+03
1.332286743164062500e+03
1.322373779296875000e+03
1.312631225585937500e+03
1.302984985351562500e+03
1.293434692382812500e+03
1.284128906250000000e+03
1.274918945312500000e+03
1.265804931640625000e+03
1.256860351562500000e+03
1.248085083007812500e+03
1.239404174804687500e+03
1.230891479492187500e+03
1.222472412109375000e+03
1.214294921875000000e+03
1.206210083007812500e+03
1.198291503906250000e+03
1.190539184570312500e+03
1.182877807617187500e+03
1.175381713867187500e+03
1.168124511718750000e+03
1.160957031250000000e+03
1.153953247070312500e+03
1.147112792968750000e+03
1.140435058593750000e+03
1.133845336914062500e+03
1.127491821289062500e+03
1.121299682617187500e+03
1.115194213867187500e+03
1.109323486328125000e+03
1.103538574218750000e+03
1.097987548828125000e+03
1.092595581054687500e+03
1.087287963867187500e+03
1.082212890625000000e+03
1.077221191406250000e+03
1.072461181640625000e+03
1.067858032226562500e+03
1.063336791992187500e+03
1.059045898437500000e+03
1.054910522460937500e+03
1.050929931640625000e+03
1.047104003906250000e+03
1.043357788085937500e+03
1.039839599609375000e+03
1.036474609375000000e+03
1.033262329101562500e+03
1.030202270507812500e+03
1.027294067382812500e+03
1.024537109375000000e+03
1.021931091308593750e+03
1.019475524902343750e+03
1.017244201660156250e+03
1.015088073730468750e+03
1.013081054687500000e+03
1.011222595214843750e+03
1.009512207031250000e+03
1.007949523925781250e+03
1.006534179687500000e+03
1.005265747070312500e+03
1.004143798828125000e+03
1.003168334960937500e+03
1.002264526367187500e+03
1.001580688476562500e+03
1.000968017578125000e+03
1.000500427246093750e+03
1.000177673339843750e+03
9.999994506835937500e+02
9.998910522460937500e+02
9.999266357421875000e+02
1.000105773925781250e+03
1.000428222656250000e+03
1.000819396972656250e+03
1.001353210449218750e+03
1.002029479980468750e+03
1.002773437500000000e+03
1.003659301757812500e+03
1.004686584472656250e+03
1.005780883789062500e+03
1.007015930175781250e+03
1.008317260742187500e+03
1.009758911132812500e+03
1.011266174316406250e+03
1.012913269042968750e+03
1.014625244140625000e+03
1.016402038574218750e+03
1.018317749023437500e+03
1.020297485351562500e+03
1.022341125488281250e+03
1.024522583007812500e+03
1.026692993164062500e+03
1.029075073242187500e+03
1.031445434570312500e+03
1.033952392578125000e+03
1.036447265625000000e+03
1.039078002929687500e+03
1.041770385742187500e+03
1.044449462890625000e+03
1.047263793945312500e+03
1.050138549804687500e+03
1.052999267578125000e+03
1.055994384765625000e+03
1.058974609375000000e+03
1.062088623046875000e+03
1.065187255859375000e+03
1.068270385742187500e+03
1.071486328125000000e+03
1.074685913085937500e+03
1.077943481445312500e+03
1.081258911132812500e+03
1.084557861328125000e+03
1.087914672851562500e+03
1.091329467773437500e+03
1.094653564453125000e+03
1.098109863281250000e+03
1.101549804687500000e+03
1.104973510742187500e+03
1.108380737304687500e+03
1.111846191406250000e+03
1.115369628906250000e+03
1.118802490234375000e+03
1.122293457031250000e+03
1.125768310546875000e+03
1.129226806640625000e+03
1.132743652343750000e+03
1.136169921875000000e+03
1.139654418945312500e+03
1.143122802734375000e+03
1.146500854492187500e+03
1.149937011718750000e+03
1.153357299804687500e+03
1.156687255859375000e+03
1.160075439453125000e+03
1.163373291015625000e+03
1.166729614257812500e+03
1.169995605468750000e+03
1.173171386718750000e+03
1.176405639648437500e+03
1.179549682617187500e+03
1.182677856445312500e+03
1.185790283203125000e+03
1.188812500000000000e+03
1.191818847656250000e+03
1.194809570312500000e+03
1.197710083007812500e+03
1.200594970703125000e+03
1.203389892578125000e+03
1.206094726562500000e+03
1.208783813476562500e+03
1.211457397460937500e+03
1.213966674804687500e+03
1.216460327148437500e+03
1.218938354492187500e+03
1.221326538085937500e+03
1.223624877929687500e+03
1.225833374023437500e+03
1.228026367187500000e+03
1.230129516601562500e+03
1.232142944335937500e+03
1.234141235351562500e+03
1.235976196289062500e+03
1.237796752929687500e+03
1.239528686523437500e+03
1.241172729492187500e+03
1.242729003906250000e+03
1.244197753906250000e+03
1.245579467773437500e+03
1.246874633789062500e+03
1.248083251953125000e+03
1.249280273437500000e+03
1.250317138671875000e+03
1.251268676757812500e+03
1.252135253906250000e+03
1.252991455078125000e+03
1.253688964843750000e+03
1.254302490234375000e+03
1.254832397460937500e+03
1.255278930664062500e+03
1.255642578125000000e+03
1.255923461914062500e+03
1.256047729492187500e+03
1.256164428710937500e+03
1.256125244140625000e+03
1.256004638671875000e+03
1.255803100585937500e+03
1.255521118164062500e+03
1.255158813476562500e+03
1.254642211914062500e+03
1.254120239257812500e+03
1.253444946289062500e+03
1.252690673828125000e+03
1.251857788085937500e+03
1.250946655273437500e+03
1.249883422851562500e+03
1.248816894531250000e+03
1.247598876953125000e+03
1.246303955078125000e+03
1.244858276367187500e+03
1.243410766601562500e+03
1.241812988281250000e+03
1.240139770507812500e+03
1.238391357421875000e+03
1.236568115234375000e+03
1.234670410156250000e+03
1.232624267578125000e+03
1.230504272460937500e+03
1.228310791015625000e+03
1.226044311523437500e+03
1.223704956054687500e+03
1.221218750000000000e+03
1.218734619140625000e+03
1.216104248046875000e+03
1.213402099609375000e+03
1.210628540039062500e+03
1.207709472656250000e+03
1.204793823242187500e+03
1.201807495117187500e+03
1.198676391601562500e+03
1.195549560546875000e+03
1.192278564453125000e+03
1.188937988281250000e+03
1.185602416992187500e+03
1.182123413085937500e+03
1.178575683593750000e+03
1.175033813476562500e+03
1.171349243164062500e+03
1.167596679687500000e+03
1.163850708007812500e+03
1.159963134765625000e+03
1.156082519531250000e+03
1.152060791015625000e+03
1.148046508789062500e+03
1.143965942382812500e+03
1.139819335937500000e+03
1.135606933593750000e+03
1.131328735351562500e+03
1.127059570312500000e+03
1.122725463867187500e+03
1.118326538085937500e+03
1.113862915039062500e+03
1.109335205078125000e+03
1.104817749023437500e+03
1.100236572265625000e+03
1.095592041015625000e+03
1.090958496093750000e+03
1.086262084960937500e+03
1.081502929687500000e+03
1.076755737304687500e+03
1.071946411132812500e+03
1.067149658203125000e+03
1.062291015625000000e+03
1.057445678710937500e+03
1.052539184570312500e+03
1.047571777343750000e+03
1.042618164062500000e+03
1.037678710937500000e+03
1.032679199218750000e+03
1.027694213867187500e+03
1.022724121093750000e+03
1.017694519042968750e+03
1.012679748535156250e+03
1.007605407714843750e+03
1.002545654296875000e+03
9.975007934570312500e+02
9.924704589843750000e+02
9.874548339843750000e+02
9.823795166015625000e+02
9.773187866210937500e+02
9.722725830078125000e+02
9.672408447265625000e+02
9.622237548828125000e+02
9.571466674804687500e+02
9.521583862304687500e+02
9.471845092773437500e+02
9.421507568359375000e+02
9.372055664062500000e+02
9.322003784179687500e+02
9.272839355468750000e+02
9.223816528320312500e+02
9.174193115234375000e+02
9.125454711914062500e+02
9.076858520507812500e+02
9.029146728515625000e+02
8.980832519531250000e+02
8.933402099609375000e+02
8.885369873046875000e+02
8.838219604492187500e+02
8.791953735351562500e+02
8.745084838867187500e+02
8.699097900390625000e+02
8.653993530273437500e+02
8.608283691406250000e+02
8.563456420898437500e+02
8.519510498046875000e+02
8.474959106445312500e+02
8.432031860351562500e+02
8.388498535156250000e+02
8.345845336914062500e+02
8.304072265625000000e+02
8.262435913085937500e+02
8.220935058593750000e+02
8.180313720703125000e+02
8.140570678710937500e+02
8.100963745117187500e+02
8.062234497070312500e+02
8.023639526367187500e+02
7.985922241210937500e+02
7.949082641601562500e+02
7.912376098632812500e+02
7.876544189453125000e+02
7.840839843750000000e+02
7.806004028320312500e+02
7.772033081054687500e+02
7.738925170898437500e+02
7.705934448242187500e+02
7.673800048828125000e+02
7.641776123046875000e+02
7.611347656250000000e+02
7.581023559570312500e+02
7.551545410156250000e+02
7.522908935546875000e+02
7.495112304687500000e+02
7.467559204101562500e+02
7.440838623046875000e+02
7.414875488281250000e+02
7.389591674804687500e+02
7.365059204101562500e+02
7.341200561523437500e+02
7.318087158203125000e+02
7.295715332031250000e+02
7.274010009765625000e+02
7.253040161132812500e+02
7.232805175781250000e+02
7.213375244140625000e+02
7.194598999023437500e+02
7.176547851562500000e+02
7.159219360351562500e+02
7.142684326171875000e+02
7.126791381835937500e+02
7.111687011718750000e+02
7.097293701171875000e+02
7.083682250976562500e+02
7.070701904296875000e+02
7.058497924804687500e+02
7.046994018554687500e+02
7.036260375976562500e+02
7.026220092773437500e+02
7.016871337890625000e+02
7.008284301757812500e+02
7.000382690429687500e+02
6.993163452148437500e+02
6.986697387695312500e+02
6.980908203125000000e+02
6.975792846679687500e+02
6.971421508789062500e+02
6.967644653320312500e+02
6.964606933593750000e+02
6.962231445312500000e+02
6.960588989257812500e+02
6.959530029296875000e+02
6.959124755859375000e+02
6.959371948242187500e+02
6.960267944335937500e+02
6.961811523437500000e+02
6.963999633789062500e+02
6.966829223632812500e+02
6.970224609375000000e+02
6.974257812500000000e+02
6.978850708007812500e+02
6.984076538085937500e+02
6.989857788085937500e+02
6.996192016601562500e+02
7.003076782226562500e+02
7.010583496093750000e+02
7.018637084960937500e+02
7.027159423828125000e+02
7.036221923828125000e+02
7.045823974609375000e+02
7.055886230468750000e+02
7.066483154296875000e+02
7.077536621093750000e+02
7.089118652343750000e+02
7.101078491210937500e+02
7.113561401367187500e+02
7.126417236328125000e+02
7.139791870117187500e+02
7.153534545898437500e+02
7.167642211914062500e+02
7.182186889648437500e+02
7.197092285156250000e+02
7.212355957031250000e+02
7.227974243164062500e+02
7.243945922851562500e+02
7.260194091796875000e+02
7.276864624023437500e+02
7.293731689453125000e+02
7.310942993164062500e+02
7.328420410156250000e+02
7.346087036132812500e+02
7.364089965820312500e+02
7.382277832031250000e+02
7.400722045898437500e+02
7.419272460937500000e+02
7.438073730468750000e+02
7.457050781250000000e+02
7.476199951171875000e+02
7.495519409179687500e+02
7.514858398437500000e+02
7.534436645507812500e+02
7.554031372070312500e+02
7.573792114257812500e+02
7.593569335937500000e+02
7.613438110351562500e+02
7.633397827148437500e+02
7.653374633789062500e+02
7.673368530273437500e+02
7.693379516601562500e+02
7.713406982421875000e+02
7.733452148437500000e+02
7.753515014648437500e+02
7.773446655273437500e+02
7.793395385742187500e+02
7.813287963867187500e+02
7.833123168945312500e+02
7.852902221679687500e+02
7.872550048828125000e+02
7.892141723632812500e+02
7.911527709960937500e+02
7.930857543945312500e+02
7.950056762695312500e+02
7.969050903320312500e+02
7.987915039062500000e+02
8.006648559570312500e+02
8.025103149414062500e+02
8.043427734375000000e+02
8.061696166992187500e+02
8.079462890625000000e+02
8.097098999023437500e+02
8.114605712890625000e+02
8.131239624023437500e+02
8.148485717773437500e+02
8.164859619140625000e+02
8.181104125976562500e+02
8.197218017578125000e+02
8.212459716796875000e+02
8.228314819335937500e+02
8.243297119140625000e+02
8.257407226562500000e+02
8.272131347656250000e+02
8.285982055664062500e+02
8.299705200195312500e+02
8.312554321289062500e+02
8.325275268554687500e+02
8.337867431640625000e+02
8.349586791992187500e+02
8.361177368164062500e+02
8.371896362304687500e+02
8.382486572265625000e+02
8.392948608398437500e+02
8.402540893554687500e+02
8.412008666992187500e+02
8.420611572265625000e+02
8.429094848632812500e+02
8.436716918945312500e+02
8.443482055664062500e+02
8.450875244140625000e+02
8.456672973632812500e+02
8.462361450195312500e+02
8.467943725585937500e+02
8.472678833007812500e+02
8.476568603515625000e+02
8.480358276367187500e+02
8.483308715820312500e+02
8.486163330078125000e+02
8.488181152343750000e+02
8.489366455078125000e+02
8.490462036132812500e+02
8.490728759765625000e+02
8.490911865234375000e+02
8.490269165039062500e+02
8.488804321289062500e+02
8.487261962890625000e+02
8.484901123046875000e+02
8.481724853515625000e+02
8.478477783203125000e+02
8.474419555664062500e+02
8.469551391601562500e+02
8.464619140625000000e+02
8.458883056640625000e+02
8.452343750000000000e+02
8.445747070312500000e+02
8.438352050781250000e+02
8.430161132812500000e+02
8.421920776367187500e+02
8.412144775390625000e+02
8.402322998046875000e+02
8.392457275390625000e+02
8.381807250976562500e+02
8.370374145507812500e+02
8.358161010742187500e+02
8.345170288085937500e+02
8.332145996093750000e+02
8.318348999023437500e+02
8.304523315429687500e+02
8.289185180664062500e+02
8.273823852539062500e+02
8.257697143554687500e+02
8.241551513671875000e+02
8.224645996093750000e+02
8.206982421875000000e+02
8.188562011718750000e+02
8.170131835937500000e+02
8.150950317382812500e+02
8.131018066406250000e+02
8.110339355468750000e+02
8.089658203125000000e+02
8.068233032226562500e+02
8.046810913085937500e+02
8.024649658203125000e+02
8.001751098632812500e+02
7.978118896484375000e+02
7.954496459960937500e+02
7.930144042968750000e+02
7.905805664062500000e+02
7.880741577148437500e+02
7.854953613281250000e+02
7.829187011718750000e+02
7.801957397460937500e+02
7.775496215820312500e+02
7.748319091796875000e+02
7.720429077148437500e+02
7.691827392578125000e+02
7.663259887695312500e+02
7.633985595703125000e+02
7.604749145507812500e+02
7.575107421875000000e+02
7.544913330078125000e+02
7.514392089843750000e+02
7.483472290039062500e+02
7.452303466796875000e+02
7.420740356445312500e+02
7.388858032226562500e+02
7.356659545898437500e+02
7.324147338867187500e+02
7.291396484375000000e+02
7.258262329101562500e+02
7.224893798828125000e+02
7.191219482421875000e+02
7.157316894531250000e+02
7.123186035156250000e+02
7.088756103515625000e+02
7.054104003906250000e+02
7.019230346679687500e+02
6.984137573242187500e+02
6.948828735351562500e+02
6.913380737304687500e+02
6.877719116210937500e+02
6.841848144531250000e+02
6.805842895507812500e+02
6.769703979492187500e+02
6.733432006835937500e+02
6.696953125000000000e+02
6.660415649414062500e+02
6.623746337890625000e+02
6.586945190429687500e+02
6.550086669921875000e+02
6.513096923828125000e+02
6.476050415039062500e+02
6.438873291015625000e+02
6.401640014648437500e+02
6.364425048828125000e+02
6.327155151367187500e+02
6.289830322265625000e+02
6.252524414062500000e+02
6.215164184570312500e+02
6.177824096679687500e+02
6.140504150390625000e+02
6.103205566406250000e+02
6.065927734375000000e+02
6.028671264648437500e+02
5.991510620117187500e+02
5.954371948242187500e+02
5.917255859375000000e+02
5.880310668945312500e+02
5.843388061523437500e+02
5.806563720703125000e+02
5.769837036132812500e+02
5.733282470703125000e+02
5.696751708984375000e+02
5.660468750000000000e+02
5.624210205078125000e+02
5.588200073242187500e+02
5.552289428710937500e+02
5.516552734375000000e+02
5.480990600585937500e+02
5.445678100585937500e+02
5.410466308593750000e+02
5.375504150390625000e+02
5.340792236328125000e+02
5.306256713867187500e+02
5.271897583007812500e+02
5.237789306640625000e+02
5.203931884765625000e+02
5.170326538085937500e+02
5.136973266601562500e+02
5.103946228027343750e+02
5.071097717285156250e+02
5.038650817871093750e+02
5.006382446289062500e+02
4.974513854980468750e+02
4.942896118164062500e+02
4.911601257324218750e+02
4.880553283691406250e+02
4.849899597167968750e+02
4.819564208984375000e+02
4.789545898437500000e+02
4.759842834472656250e+02
4.730528259277343750e+02
4.701525878906250000e+02
4.672833862304687500e+02
4.644526062011718750e+02
4.616600036621093750e+02
4.589054870605468750e+02
4.561814880371093750e+02
4.534951782226562500e+02
4.508464965820312500e+02
4.482427062988281250e+02
4.456687316894531250e+02
4.431394348144531250e+02
4.406396484375000000e+02
4.381841735839843750e+02
4.357727966308593750e+02
4.333979797363281250e+02
4.310595703125000000e+02
4.287648010253906250e+02
4.265061645507812500e+02
4.242982788085937500e+02
4.221262207031250000e+02
4.199898071289062500e+02
4.179037170410156250e+02
4.158529663085937500e+02
4.138522644042968750e+02
4.118865966796875000e+02
4.099632263183593750e+02
4.080820312500000000e+02
4.062502746582031250e+02
4.044529418945312500e+02
4.026972961425781250e+02
4.009906616210937500e+02
3.993179931640625000e+02
3.976940002441406250e+02
3.961111145019531250e+02
3.945691833496093750e+02
3.930754394531250000e+02
3.916149291992187500e+02
3.902023925781250000e+02
3.888301391601562500e+02
3.875055236816406250e+02
3.862135009765625000e+02
3.849688110351562500e+02
3.837712402343750000e+02
3.826057739257812500e+02
3.814870910644531250e+02
3.804076538085937500e+02
3.793672180175781250e+02
3.783656311035156250e+02
3.774102172851562500e+02
3.764933471679687500e+02
3.756148071289062500e+02
3.747818908691406250e+02
3.739796142578125000e+02
3.732226257324218750e+02
3.725032958984375000e+02
3.718215332031250000e+02
3.711771240234375000e+02
3.705698852539062500e+02
3.699996948242187500e+02
3.694737854003906250e+02
3.689771423339843750e+02
3.685170593261718750e+02
3.680932922363281250e+02
3.677057189941406250e+02
3.673541870117187500e+02
3.670384826660156250e+02
3.667510681152343750e+02
3.664991455078125000e+02
3.662826232910156250e+02
3.660938110351562500e+02
3.659400329589843750e+02
3.658211059570312500e+02
3.657294311523437500e+02
3.656648559570312500e+02
3.656346130371093750e+02
3.656311340332031250e+02
3.656542358398437500e+02
3.657037658691406250e+02
3.657869567871093750e+02
3.658962402343750000e+02
3.660240173339843750e+02
3.661849670410156250e+02
3.663714904785156250e+02
3.665760192871093750e+02
3.668057556152343750e+02
3.670605773925781250e+02
3.673403320312500000e+02
3.676373901367187500e+02
3.679590148925781250e+02
3.682976379394531250e+02
3.686531066894531250e+02
3.690327453613281250e+02
3.694217224121093750e+02
3.698348083496093750e+02
3.702645874023437500e+02
3.707109985351562500e+02
3.711739807128906250e+02
3.716535644531250000e+02
3.721496582031250000e+02
3.726548156738281250e+02
3.731764526367187500e+02
3.737070312500000000e+02
3.742540283203125000e+02
3.748099365234375000e+02
3.753747558593750000e+02
3.759558105468750000e+02
3.765382690429687500e+02
3.771369628906250000e+02
3.777443542480468750e+02
3.783530578613281250e+02
3.789778442382812500e+02
3.796038818359375000e+02
3.802310485839843750e+02
3.808742065429687500e+02
3.815110473632812500e+02
3.821564025878906250e+02
3.828102111816406250e+02
3.834575500488281250e+02
3.841133117675781250e+02
3.847699890136718750e+02
3.854275512695312500e+02
3.860785217285156250e+02
3.867377624511718750e+02
3.873903503417968750e+02
3.880437011718750000e+02
3.886977233886718750e+02
3.893376159667968750e+02
3.899855346679687500e+02
3.906266479492187500e+02
3.912534484863281250e+02
3.918882141113281250e+02
3.925086364746093750e+02
3.931221008300781250e+02
3.937285461425781250e+02
3.943279724121093750e+02
3.949202880859375000e+02
3.954981079101562500e+02
3.960687561035156250e+02
3.966322021484375000e+02
3.971810607910156250e+02
3.977152404785156250e+02
3.982422485351562500e+02
3.987547912597656250e+02
3.992529602050781250e+02
3.997442932128906250e+02
4.002139892578125000e+02
4.006770629882812500e+02
4.011187133789062500e+02
4.015465087890625000e+02
4.019605102539062500e+02
4.023608398437500000e+02
4.027476196289062500e+02
4.031134948730468750e+02
4.034585571289062500e+02
4.037903747558593750e+02
4.041090087890625000e+02
4.044071350097656250e+02
4.046848754882812500e+02
4.049497680664062500e+02
4.051944274902343750e+02
4.054190063476562500e+02
4.056235961914062500e+02
4.058082885742187500e+02
4.059731750488281250e+02
4.061184082031250000e+02
4.062440185546875000e+02
4.063501586914062500e+02
4.064368896484375000e+02
4.065043640136718750e+02
4.065451965332031250e+02
4.065669555664062500e+02
4.065697326660156250e+02
4.065461730957031250e+02
4.065038452148437500e+02
4.064353942871093750e+02
4.063483581542968750e+02
4.062354431152343750e+02
4.061041259765625000e+02
4.059545288085937500e+02
4.057718811035156250e+02
4.055786132812500000e+02
4.053524780273437500e+02
4.051084899902343750e+02
4.048392944335937500e+02
4.045524291992187500e+02
4.042330932617187500e+02
4.038963317871093750e+02
4.035347595214843750e+02
4.031484680175781250e+02
4.027449951171875000e+02
4.023096313476562500e+02
4.018572998046875000e+02
4.013807067871093750e+02
4.008800048828125000e+02
4.003552856445312500e+02
3.998140869140625000e+02
3.992417297363281250e+02
3.986457214355468750e+02
3.980336303710937500e+02
3.973981323242187500e+02
3.967319335937500000e+02
3.960500183105468750e+02
3.953450622558593750e+02
3.946172180175781250e+02
3.938666076660156250e+02
3.930932922363281250e+02
3.923049011230468750e+02
3.914866638183593750e+02
3.906535644531250000e+02
3.897982788085937500e+02
3.889209594726562500e+02
3.880291442871093750e+02
3.871080932617187500e+02
3.861728210449218750e+02
3.852159729003906250e+02
3.842451477050781250e+02
3.832455444335937500e+02
3.822396545410156250e+02
3.812052307128906250e+02
3.801573181152343750e+02
3.790885925292968750e+02
3.779991455078125000e+02
3.768965759277343750e+02
3.757809753417968750e+02
3.746450500488281250e+02
3.734889221191406250e+02
3.723201599121093750e+02
3.711388244628906250e+02
3.699376831054687500e+02
3.687242431640625000e+02
3.674986572265625000e+02
3.662535705566406250e+02
3.649966125488281250e+02
3.637278442382812500e+02
3.624473876953125000e+02
3.611479492187500000e+02
3.598445434570312500e+02
3.585223999023437500e+02
3.571890563964843750e+02
3.558446655273437500e+02
3.544967651367187500e+02
3.531305541992187500e+02
3.517608642578125000e+02
3.503729248046875000e+02
3.489815979003906250e+02
3.475869750976562500e+02
3.461741333007812500e+02
3.447580871582031250e+02
3.433387756347656250e+02
3.419088439941406250e+02
3.404682922363281250e+02
3.390246276855468750e+02
3.375778503417968750e+02
3.361205749511718750e+02
3.346602783203125000e+02
3.331969909667968750e+02
3.317232971191406250e+02
3.302540893554687500e+02
3.287745666503906250e+02
3.272922058105468750e+02
3.258144226074218750e+02
3.243263854980468750e+02
3.228430175781250000e+02
3.213495483398437500e+02
3.198607788085937500e+02
3.183693542480468750e+02
3.168827209472656250e+02
3.153934936523437500e+02
3.139017333984375000e+02
3.124148254394531250e+02
3.109254760742187500e+02
3.094410400390625000e+02
3.079616699218750000e+02
3.064873046875000000e+02
3.050105895996093750e+02
3.035389709472656250e+02
3.020725097656250000e+02
3.006112365722656250e+02
2.991477050781250000e+02
2.976968383789062500e+02
2.962512817382812500e+02
2.948110046386718750e+02
2.933760986328125000e+02
2.919539794921875000e+02
2.905372619628906250e+02
2.891260070800781250e+02
2.877202148437500000e+02
2.863273925781250000e+02
2.849400939941406250e+02
2.835657958984375000e+02
2.821970825195312500e+02
2.808487854003906250e+02
2.794985351562500000e+02
2.781685180664062500e+02
2.768438415527343750e+02
2.755318298339843750e+02
2.742324523925781250e+02
2.729381713867187500e+02
2.716637878417968750e+02
2.703943481445312500e+02
2.691447143554687500e+02
2.679072875976562500e+02
2.666745910644531250e+02
2.654614562988281250e+02
2.642603759765625000e+02
2.630786743164062500e+02
2.619014282226562500e+02
2.607434082031250000e+02
2.596045837402343750e+02
2.584700012207031250e+02
2.573544616699218750e+02
2.562578735351562500e+02
2.551727447509765625e+02
2.541064453125000000e+02
2.530514526367187500e+02
2.520151214599609375e+02
2.509899597167968750e+02
2.499833374023437500e+02
2.489951629638671875e+02
2.480253906250000000e+02
2.470664825439453125e+02
2.461258087158203125e+02
2.452033081054687500e+02
2.442989044189453125e+02
2.434125518798828125e+02
2.425366973876953125e+02
2.416787261962890625e+02
2.408459777832031250e+02
2.400235595703125000e+02
2.392188110351562500e+02
2.384390716552734375e+02
2.376694030761718750e+02
2.369172210693359375e+02
2.361898040771484375e+02
2.354723052978515625e+02
2.347794494628906250e+02
2.341037292480468750e+02
2.334451293945312500e+02
2.328035278320312500e+02
2.321788787841796875e+02
2.315711059570312500e+02
2.309875335693359375e+02
2.304131927490234375e+02
2.298628845214843750e+02
2.293290405273437500e+02
2.288115997314453125e+02
2.283178710937500000e+02
2.278329162597656250e+02
2.273714752197265625e+02
2.269260253906250000e+02
2.264964904785156250e+02
2.260901947021484375e+02
2.256996002197265625e+02
2.253246154785156250e+02
2.249651641845703125e+02
2.246210937500000000e+02
2.242997894287109375e+02
2.239936981201171875e+02
2.237027587890625000e+02
2.234268341064453125e+02
2.231658172607421875e+02
2.229271087646484375e+02
2.227031097412109375e+02
2.224863128662109375e+02
2.222989349365234375e+02
2.221185913085937500e+02
2.219525604248046875e+02
2.218082275390625000e+02
2.216706237792968750e+02
2.215545043945312500e+02
2.214523315429687500e+02
2.213640594482421875e+02
2.212895202636718750e+02
2.212286529541015625e+02
2.211813659667968750e+02
2.211475677490234375e+02
2.211197052001953125e+02
2.211125640869140625e+02
2.211185913085937500e+02
2.211376953125000000e+02
2.211698150634765625e+02
2.212073822021484375e+02
2.212651824951171875e+02
2.213282775878906250e+02
2.214039459228515625e+02
2.214921112060546875e+02
2.215852661132812500e+02
2.216981658935546875e+02
2.218084106445312500e+02
2.219382019042968750e+02
2.220726013183593750e+02
2.222189788818359375e+02
2.223773040771484375e+02
2.225401458740234375e+02
2.227074279785156250e+02
2.228865509033203125e+02
2.230775146484375000e+02
2.232653961181640625e+02
2.234724426269531250e+02
2.236763763427734375e+02
2.238919982910156250e+02
2.241192626953125000e+02
2.243432769775390625e+02
2.245789031982421875e+02
2.248186340332031250e+02
2.250624542236328125e+02
2.253177795410156250e+02
2.255696868896484375e+02
2.258330230712890625e+02
2.260928802490234375e+02
2.263641052246093750e+02
2.266317749023437500e+02
2.269033050537109375e+02
2.271861114501953125e+02
2.274652404785156250e+02
2.277481536865234375e+02
2.280347900390625000e+02
2.283176727294921875e+02
2.286042327880859375e+02
2.288944091796875000e+02
2.291807708740234375e+02
2.294706573486328125e+02
2.297640838623046875e+02
2.300535583496093750e+02
2.303465118408203125e+02
2.306354522705078125e+02
2.309203643798828125e+02
2.312086334228515625e+02
2.314927825927734375e+02
2.317802429199218750e+02
2.320560913085937500e+02
2.323351745605468750e+02
2.326100006103515625e+02
2.328805847167968750e+02
2.331542816162109375e+02
2.334161987304687500e+02
2.336737670898437500e+02
2.339343719482421875e+02
2.341830902099609375e+02
2.344273376464843750e+02
2.346670837402343750e+02
2.349023895263671875e+02
2.351333007812500000e+02
2.353598480224609375e+02
2.355746307373046875e+02
2.357851715087890625e+02
2.359840240478515625e+02
2.361861724853515625e+02
2.363767547607421875e+02
2.365558013916015625e+02
2.367308654785156250e+02
2.369019012451171875e+02
2.370541687011718750e+02
2.372099761962890625e+02
2.373545074462890625e+02
2.374878234863281250e+02
2.376099548339843750e+02
2.377283935546875000e+02
2.378357238769531250e+02
2.379394683837890625e+02
2.380322265625000000e+02
2.381140289306640625e+02
2.381849670410156250e+02
2.382450256347656250e+02
2.382943267822265625e+02
2.383402709960937500e+02
2.383755187988281250e+02
2.383926849365234375e+02
2.384066619873046875e+02
2.384100952148437500e+02
2.383955688476562500e+02
2.383780212402343750e+02
2.383425903320312500e+02
2.383042602539062500e+02
2.382481231689453125e+02
2.381817321777343750e+02
2.381125335693359375e+02
2.380183105468750000e+02
2.379213714599609375e+02
2.378143463134765625e+02
2.376898498535156250e+02
2.375553436279296875e+02
2.374034576416015625e+02
2.372491149902343750e+02
2.370774841308593750e+02
2.368960266113281250e+02
2.366974029541015625e+02
2.364890899658203125e+02
2.362710723876953125e+02
2.360360260009765625e+02
2.357913970947265625e+02
2.355372924804687500e+02
2.352663269042968750e+02
2.349860382080078125e+02
2.346890258789062500e+02
2.343827819824218750e+02
2.340674743652343750e+02
2.337356414794921875e+02
2.333874359130859375e+02
2.330303039550781250e+02
2.326643218994140625e+02
2.322821960449218750e+02
2.318913574218750000e+02
2.314844970703125000e+02
2.310616760253906250e+02
2.306378326416015625e+02
2.301907501220703125e+02
2.297353363037109375e+02
2.292716979980468750e+02
2.287924652099609375e+02
2.283051452636718750e+02
2.278023681640625000e+02
2.272916564941406250e+02
2.267656555175781250e+02
2.262318725585937500e+02
2.256829223632812500e+02
2.251263427734375000e+02
2.245621948242187500e+02
2.239756774902343750e+02
2.233891754150390625e+02
2.227878875732421875e+02
2.221719055175781250e+02
2.215561676025390625e+02
2.209184265136718750e+02
2.202810668945312500e+02
2.196293029785156250e+02
2.189632110595703125e+02
2.182902832031250000e+02
2.176105957031250000e+02
2.169167938232421875e+02
2.162238311767578125e+02
2.155094757080078125e+02
2.147960815429687500e+02
2.140688781738281250e+02
2.133353576660156250e+02
2.125881958007812500e+02
2.118348388671875000e+02
2.110754241943359375e+02
2.103099822998046875e+02
2.095385894775390625e+02
2.087539062500000000e+02
2.079633941650390625e+02
2.071670837402343750e+02
2.063650207519531250e+02
2.055497894287109375e+02
2.047362976074218750e+02
2.039096984863281250e+02
2.030774841308593750e+02
2.022471313476562500e+02
2.014037780761718750e+02
2.005549011230468750e+02
1.997005310058593750e+02
1.988407287597656250e+02
1.979829254150390625e+02
1.971123199462890625e+02
1.962363433837890625e+02
1.953625030517578125e+02
1.944759368896484375e+02
1.935915679931640625e+02
1.927019805908203125e+02
1.918072204589843750e+02
1.909073181152343750e+02
1.900097351074218750e+02
1.891070709228515625e+02
1.881993865966796875e+02
1.872941284179687500e+02
1.863764495849609375e+02
1.854687042236328125e+02
1.845486297607421875e+02
1.836311187744140625e+02
1.827162017822265625e+02
1.817964935302734375e+02
1.808794403076171875e+02
1.799576721191406250e+02
1.790312042236328125e+02
1.781074981689453125e+02
1.771866149902343750e+02
1.762611236572265625e+02
1.753385009765625000e+02
1.744188079833984375e+02
1.735020446777343750e+02
1.725808258056640625e+02
1.716626129150390625e+02
1.707400207519531250e+02
1.698279571533203125e+02
1.689115600585937500e+02
1.679983062744140625e+02
1.670956726074218750e+02
1.661888275146484375e+02
1.652852478027343750e+02
1.643849182128906250e+02
1.634878692626953125e+02
1.625940399169921875e+02
1.617034301757812500e+02
1.608159942626953125e+02
1.599317321777343750e+02
1.590505828857421875e+02
1.581799621582031250e+02
1.573050079345703125e+02
1.564405364990234375e+02
1.555790863037109375e+02
1.547206268310546875e+02
1.538725891113281250e+02
1.530200653076171875e+02
1.521778869628906250e+02
1.513460388183593750e+02
1.505096282958984375e+02
1.496835021972656250e+02
1.488676147460937500e+02
1.480545349121093750e+02
1.472442169189453125e+02
1.464440612792968750e+02
1.456466217041015625e+02
1.448593139648437500e+02
1.440746459960937500e+02
1.433000640869140625e+02
1.425355224609375000e+02
1.417735595703125000e+02
1.410215759277343750e+02
1.402721405029296875e+02
1.395326385498046875e+02
1.388030548095703125e+02
1.380759277343750000e+02
1.373586425781250000e+02
1.366511993408203125e+02
1.359461364746093750e+02
1.352582855224609375e+02
1.345727539062500000e+02
1.338969421386718750e+02
1.332308654785156250e+02
1.325670013427734375e+02
1.319202423095703125e+02
1.312756652832031250e+02
1.306406860351562500e+02
1.300152893066406250e+02
1.293994445800781250e+02
1.287931060791015625e+02
1.281962738037109375e+02
1.276014709472656250e+02
1.270235443115234375e+02
1.264550399780273438e+02
1.258884582519531250e+02
1.253386230468750000e+02
1.247906188964843750e+02
1.242592544555664062e+02
1.237370452880859375e+02
1.232165145874023438e+02
1.227124633789062500e+02
1.222173995971679688e+02
1.217312850952148438e+02
1.212540817260742188e+02
1.207856979370117188e+02
1.203261108398437500e+02
1.198752670288085938e+02
1.194330978393554688e+02
1.189995651245117188e+02
1.185820388793945312e+02
1.181656112670898438e+02
1.177650909423828125e+02
1.173730010986328125e+02
1.169818420410156250e+02
1.166064300537109375e+02
1.162467117309570312e+02
1.158877792358398438e+02
1.155370178222656250e+02
1.152017745971679688e+02
1.148671646118164062e+02
1.145479965209960938e+02
1.142367706298828125e+02
1.139334487915039062e+02
1.136379776000976562e+02
1.133502960205078125e+02
1.130703506469726562e+02
1.128055343627929688e+02
1.125409240722656250e+02
1.122913284301757812e+02
1.120492630004882812e+02
1.118146743774414062e+02
1.115875091552734375e+02
1.113677368164062500e+02
1.111552658081054688e+02
1.109575119018554688e+02
1.107595443725585938e+02
1.105761718750000000e+02
1.103924713134765625e+02
1.102232818603515625e+02
1.100610885620117188e+02
1.099058532714843750e+02
1.097575225830078125e+02
1.096160430908203125e+02
1.094739303588867188e+02
1.093460311889648438e+02
1.092248687744140625e+02
1.091104125976562500e+02
1.090026397705078125e+02
1.089015274047851562e+02
1.088070373535156250e+02
1.087191467285156250e+02
1.086378173828125000e+02
1.085630264282226562e+02
1.084947433471679688e+02
1.084329376220703125e+02
1.083701629638671875e+02
1.083212432861328125e+02
1.082712783813476562e+02
1.082276763916015625e+02
1.081978530883789062e+02
1.081668853759765625e+02
1.081347732543945312e+02
1.081163406372070312e+02
1.081041259765625000e+02
1.080906677246093750e+02
1.080833740234375000e+02
1.080822143554687500e+02
1.080797195434570312e+02
1.080907363891601562e+02
1.081003646850585938e+02
1.081085739135742188e+02
1.081302032470703125e+02
1.081503601074218750e+02
1.081764526367187500e+02
1.082010116577148438e+02
1.082314300537109375e+02
1.082677078247070312e+02
1.083023529052734375e+02
1.083427963256835938e+02
1.083815460205078125e+02
1.084334716796875000e+02
1.084762191772460938e+02
1.085246353149414062e+02
1.085786819458007812e+02
1.086309204101562500e+02
1.086813125610351562e+02
1.087372436523437500e+02
1.087987060546875000e+02
1.088507995605468750e+02
1.089157791137695312e+02
1.089713439941406250e+02
1.090323181152343750e+02
1.090986633300781250e+02
1.091555023193359375e+02
1.092176971435546875e+02
1.092852783203125000e+02
1.093433837890625000e+02
1.094068908691406250e+02
1.094683609008789062e+02
1.095278549194335938e+02
1.095927734375000000e+02
1.096557235717773438e+02
1.097166976928710938e+02
1.097757186889648438e+02
1.098328018188476562e+02
1.098879623413085938e+02
1.099486389160156250e+02
1.100074234008789062e+02
1.100568847656250000e+02
1.101119003295898438e+02
1.101650695800781250e+02
1.102163696289062500e+02
1.102658462524414062e+02
1.103134918212890625e+02
1.103593444824218750e+02
1.103959579467773438e+02
1.104382247924804688e+02
1.104787139892578125e+02
1.105174484252929688e+02
1.105544509887695312e+02
1.105822830200195312e+02
1.106158370971679688e+02
1.106402359008789062e+02
1.106629638671875000e+02
1.106840057373046875e+02
1.107033767700195312e+02
1.107210998535156250e+02
1.107297515869140625e+02
1.107442169189453125e+02
1.107496261596679688e+02
1.107534332275390625e+02
1.107482376098632812e+02
1.107414550781250000e+02
1.107405395507812500e+02
1.107232131958007812e+02
1.107117919921875000e+02
1.106914138793945312e+02
1.106695251464843750e+02
1.106461410522460938e+02
1.106138381958007812e+02
1.105800781250000000e+02
1.105374221801757812e+02
1.104933166503906250e+02
1.104477920532226562e+02
1.103934249877929688e+02
1.103377151489257812e+02
1.102806701660156250e+02
1.102149124145507812e+02
1.101478958129882812e+02
1.100722274780273438e+02
1.099953689575195312e+02
1.099099273681640625e+02
1.098233947753906250e+02
1.097357635498046875e+02
1.096396560668945312e+02
1.095351104736328125e+02
1.094296035766601562e+02
1.093231506347656250e+02
1.092083511352539062e+02
1.090927124023437500e+02
1.089687881469726562e+02
1.088366470336914062e+02
1.087037277221679688e+02
1.085700988769531250e+02
1.084283370971679688e+02
1.082784957885742188e+02
1.081280288696289062e+02
1.079695358276367188e+02
1.078105010986328125e+02
1.076435241699218750e+02
1.074760589599609375e+02
1.073007278442382812e+02
1.071249771118164062e+02
1.069414215087890625e+02
1.067575302124023438e+02
1.065584716796875000e+02
1.063665771484375000e+02
1.061670074462890625e+02
1.059598159790039062e+02
1.057524566650390625e+02
1.055375442504882812e+02
1.053225402832031250e+02
1.051000442504882812e+02
1.048700866699218750e+02
1.046401519775390625e+02
1.044102630615234375e+02
1.041655960083007812e+02
1.039284744262695312e+02
1.036840744018554688e+02
1.034324340820312500e+02
1.031735916137695312e+02
1.029224243164062500e+02
1.026567077636718750e+02
1.023913116455078125e+02
1.021262588500976562e+02
1.018541564941406250e+02
1.015750198364257812e+02
1.012962951660156250e+02
1.010180130004882812e+02
1.007327575683593750e+02
1.004405517578125000e+02
1.001488571166992188e+02
9.985768890380859375e+01
9.955963897705078125e+01
9.925472259521484375e+01
9.895040130615234375e+01
9.863926696777343750e+01
9.832875823974609375e+01
9.801891326904296875e+01
9.770232391357421875e+01
9.738642883300781250e+01
9.706382751464843750e+01
9.674197387695312500e+01
9.641345977783203125e+01
9.608572387695312500e+01
9.575137329101562500e+01
9.541786193847656250e+01
9.508519744873046875e+01
9.474597930908203125e+01
9.440766143798828125e+01
9.407027435302734375e+01
9.372638702392578125e+01
9.338346862792968750e+01
9.303410339355468750e+01
9.269318389892578125e+01
9.233842468261718750e+01
9.199214935302734375e+01
9.163951873779296875e+01
9.128798675537109375e+01
9.093756866455078125e+01
9.058086395263671875e+01
9.022531127929687500e+01
8.987095642089843750e+01
8.951036834716796875e+01
8.915843963623046875e+01
8.880032348632812500e+01
8.844348144531250000e+01
8.808050537109375000e+01
8.772627258300781250e+01
8.736594390869140625e+01
8.700698089599609375e+01
8.664939117431640625e+01
8.628577423095703125e+01
8.593101501464843750e+01
8.557023620605468750e+01
8.521830749511718750e+01
8.486035156250000000e+01
8.450380706787109375e+01
8.414866638183593750e+01
8.379491424560546875e+01
8.343512725830078125e+01
8.308415222167968750e+01
8.273456573486328125e+01
8.237892150878906250e+01
8.203208160400390625e+01
8.167917633056640625e+01
8.133506774902343750e+01
8.098488616943359375e+01
8.063606262207031250e+01
8.029601287841796875e+01
7.994987487792968750e+01
7.961251068115234375e+01
7.926904296875000000e+01
7.893434906005859375e+01
7.860096740722656250e+01
7.826148223876953125e+01
7.793074035644531250e+01
7.760131072998046875e+01
7.727319335937500000e+01
7.694636535644531250e+01
7.662084197998046875e+01
7.629660797119140625e+01
7.598109436035156250e+01
7.565943145751953125e+01
7.534647369384765625e+01
7.503479003906250000e+01
7.472437286376953125e+01
7.441819763183593750e+01
7.411402130126953125e+01
7.381184387207031250e+01
7.351313781738281250e+01
7.321643066406250000e+01
7.292318725585937500e+01
7.263340759277343750e+01
7.234560394287109375e+01
7.206124877929687500e+01
7.178034973144531250e+01
7.150215148925781250e+01
7.122739410400390625e+01
7.095607757568359375e+01
7.068743896484375000e+01
7.042298126220703125e+01
7.016119384765625000e+01
6.990354919433593750e+01
6.964842224121093750e+01
6.939715576171875000e+01
6.914887237548828125e+01
6.890415191650390625e+01
6.866136169433593750e+01
6.842183685302734375e+01
6.818544006347656250e+01
