# tt
5.698798828125000000e+02
5.536209106445312500e+02
5.345078735351562500e+02
5.203630371093750000e+02
5.117859802246093750e+02
5.080861816406250000e+02
5.080649414062500000e+02
5.109885864257812500e+02
5.162407836914062500e+02
5.230367431640625000e+02
5.317483520507812500e+02
5.412224121093750000e+02
5.511251220703125000e+02
5.616900634765625000e+02
5.731649169921875000e+02
5.855842285156250000e+02
5.981880493164062500e+02
6.120082397460937500e+02
6.255362548828125000e+02
6.391321411132812500e+02
6.530509643554687500e+02
6.671163940429687500e+02
6.814091186523437500e+02
6.959072875976562500e+02
7.104546508789062500e+02
7.252777709960937500e+02
7.402200317382812500e+02
7.553659667968750000e+02
7.706555175781250000e+02
7.859516601562500000e+02
8.014880981445312500e+02
8.172744750976562500e+02
8.331533813476562500e+02
8.491188354492187500e+02
8.651192626953125000e+02
8.811396484375000000e+02
8.974562377929687500e+02
9.140608520507812500e+02
9.307074584960937500e+02
9.475247192382812500e+02
9.642855834960937500e+02
9.811376953125000000e+02
9.979320678710937500e+02
1.015039306640625000e+03
1.032385620117187500e+03
1.049826538085937500e+03
1.067292968750000000e+03
1.084864501953125000e+03
1.102769287109375000e+03
1.120787353515625000e+03
1.139135742187500000e+03
1.157434692382812500e+03
1.175601684570312500e+03
1.193851440429687500e+03
1.212402709960937500e+03
1.231194213867187500e+03
1.250242553710937500e+03
1.269416259765625000e+03
1.288731933593750000e+03
1.308499633789062500e+03
1.328118774414062500e+03
1.347802124023437500e+03
1.367836669921875000e+03
1.387840820312500000e+03
1.408101562500000000e+03
1.428460327148437500e+03
1.449205200195312500e+03
1.470103393554687500e+03
1.491293823242187500e+03
1.512625732421875000e+03
1.534124755859375000e+03
1.555750000000000000e+03
1.577534545898437500e+03
1.599585937500000000e+03
1.621851806640625000e+03
1.644385253906250000e+03
1.667228027343750000e+03
1.690199218750000000e+03
1.713414916992187500e+03
1.736776367187500000e+03
1.760364868164062500e+03
1.784120849609375000e+03
1.808133789062500000e+03
1.832269653320312500e+03
1.856614501953125000e+03
1.881388305664062500e+03
1.906138427734375000e+03
1.931230346679687500e+03
1.956508666992187500e+03
1.981894531250000000e+03
2.007537231445312500e+03
2.033440185546875000e+03
2.059382324218750000e+03
2.085589843750000000e+03
2.111768066406250000e+03
2.138365234375000000e+03
2.165161621093750000e+03
2.192010742187500000e+03
2.219138916015625000e+03
2.246399658203125000e+03
2.274167480468750000e+03
2.301850097656250000e+03
2.329748291015625000e+03
2.357789794921875000e+03
2.386051757812500000e+03
2.414239990234375000e+03
2.442802490234375000e+03
2.471519531250000000e+03
2.500319091796875000e+03
2.529277832031250000e+03
2.558397216796875000e+03
2.587750976562500000e+03
2.617191894531250000e+03
2.646868408203125000e+03
2.676558349609375000e+03
2.706559082031250000e+03
2.736722412109375000e+03
2.766900634765625000e+03
2.797242187500000000e+03
2.827599365234375000e+03
2.858046630859375000e+03
2.888584716796875000e+03
2.919213623046875000e+03
2.949860107421875000e+03
2.980598144531250000e+03
3.011354492187500000e+03
3.042129150390625000e+03
3.072997314453125000e+03
3.103884765625000000e+03
3.134791992187500000e+03
3.165795898437500000e+03
3.196749267578125000e+03
3.227729248046875000e+03
3.258737304687500000e+03
3.289627441406250000e+03
3.320550537109375000e+03
3.351433837890625000e+03
3.382131347656250000e+03
3.412942626953125000e+03
3.443572021484375000e+03
3.474244873046875000e+03
3.504888916015625000e+03
3.535358154296875000e+03
3.565728515625000000e+03
3.596225341796875000e+03
3.626405029296875000e+03
3.656492431640625000e+03
3.686563964843750000e+03
3.716399169921875000e+03
3.746148437500000000e+03
3.775662597656250000e+03
3.805091064453125000e+03
3.834358154296875000e+03
3.863464355468750000e+03
3.892260253906250000e+03
3.921043212890625000e+03
3.949589599609375000e+03
3.977899658203125000e+03
4.006047119140625000e+03
4.034031738281250000e+03
4.061779296875000000e+03
4.089437500000000000e+03
4.116709472656250000e+03
4.143891601562500000e+03
4.170835449218750000e+03
4.197615234375000000e+03
4.224006835937500000e+03
4.250159667968750000e+03
4.276073242187500000e+03
4.301598144531250000e+03
4.326809082031250000e+03
4.351631347656250000e+03
4.376212890625000000e+03
4.400479980468750000e+03
4.424283203125000000e+03
4.447772460937500000e+03
4.470874023437500000e+03
4.493588867187500000e+03
4.516066894531250000e+03
4.538085937500000000e+03
4.559721191406250000e+03
4.580899414062500000e+03
4.601770507812500000e+03
4.622260253906250000e+03
4.641999511718750000e+03
4.661656738281250000e+03
4.680861328125000000e+03
4.699541015625000000e+03
4.718142089843750000e+03
4.735922363281250000e+03
4.753402832031250000e+03
4.770361816406250000e+03
4.787022949218750000e+03
4.803164550781250000e+03
4.818787597656250000e+03
4.834041503906250000e+03
4.848853027343750000e+03
4.863223632812500000e+03
4.877152832031250000e+03
4.890568847656250000e+03
4.903543945312500000e+03
4.916003417968750000e+03
4.927871582031250000e+03
4.939296875000000000e+03
4.950128906250000000e+03
4.960515136718750000e+03
4.970232421875000000e+03
4.979427734375000000e+03
4.988100097656250000e+03
4.996249023437500000e+03
5.003724121093750000e+03
5.010748046875000000e+03
5.017170898437500000e+03
5.023065429687500000e+03
5.028357910156250000e+03
5.033193847656250000e+03
5.037425292968750000e+03
5.041124511718750000e+03
5.044291503906250000e+03
5.046923828125000000e+03
5.049021972656250000e+03
5.050435546875000000e+03
5.051460937500000000e+03
5.051874511718750000e+03
5.051748535156250000e+03
5.051008789062500000e+03
5.049802734375000000e+03
5.048055175781250000e+03
5.045689941406250000e+03
5.042707031250000000e+03
5.039253417968750000e+03
5.035253906250000000e+03
5.030559082031250000e+03
5.025391113281250000e+03
5.019599609375000000e+03
5.013258789062500000e+03
5.006366699218750000e+03
4.998997558593750000e+03
4.990926757812500000e+03
4.982450683593750000e+03
4.973420410156250000e+03
4.963834472656250000e+03
4.953690917968750000e+03
4.942990722656250000e+03
4.931805664062500000e+03
4.920135253906250000e+03
4.907903808593750000e+03
4.895259277343750000e+03
4.882052246093750000e+03
4.868430175781250000e+03
4.854168945312500000e+03
4.839639160156250000e+03
4.824542968750000000e+03
4.808953125000000000e+03
4.792943359375000000e+03
4.776512695312500000e+03
4.759585937500000000e+03
4.742236328125000000e+03
4.724536621093750000e+03
4.706337890625000000e+03
4.687639160156250000e+03
4.668811035156250000e+03
4.649405761718750000e+03
4.629498046875000000e+03
4.609308593750000000e+03
4.588613769531250000e+03
4.567561523437500000e+03
4.546001953125000000e+03
4.524231445312500000e+03
4.502025878906250000e+03
4.479607421875000000e+03
4.456751953125000000e+03
4.433607421875000000e+03
4.410097656250000000e+03
4.386371093750000000e+03
4.362202636718750000e+03
4.337815917968750000e+03
4.313134277343750000e+03
4.288156738281250000e+03
4.263031250000000000e+03
4.237459472656250000e+03
4.211737304687500000e+03
4.185789550781250000e+03
4.159615722656250000e+03
4.133140136718750000e+03
4.106435058593750000e+03
4.079574951171875000e+03
4.052484130859375000e+03
4.025235595703125000e+03
3.997828369140625000e+03
3.969964355468750000e+03
3.942236572265625000e+03
3.914198486328125000e+03
3.886220458984375000e+03
3.857929687500000000e+03
3.829548339843750000e+03
3.800926269531250000e+03
3.772286376953125000e+03
3.743477539062500000e+03
3.714573730468750000e+03
3.685649169921875000e+03
3.656628173828125000e+03
3.627510986328125000e+03
3.598371337890625000e+03
3.569134277343750000e+03
3.539873779296875000e+03
3.510589355468750000e+03
3.481355224609375000e+03
3.452021484375000000e+03
3.422736816406250000e+03
3.393500732421875000e+03
3.364238525390625000e+03
3.335023925781250000e+03
3.305856445312500000e+03
3.276735595703125000e+03
3.247660644531250000e+03
3.218631835937500000e+03
3.189722412109375000e+03
3.160931884765625000e+03
3.132185791015625000e+03
3.103557861328125000e+03
3.075047607421875000e+03
3.046654296875000000e+03
3.018451904296875000e+03
2.990291259765625000e+03
2.962320556640625000e+03
2.934539306640625000e+03
2.906872802734375000e+03
2.879394531250000000e+03
2.852178466796875000e+03
2.825075439453125000e+03
2.798159423828125000e+03
2.771503906250000000e+03
2.744959960937500000e+03
2.718675781250000000e+03
2.692650634765625000e+03
2.666809570312500000e+03
2.641301025390625000e+03
2.615975830078125000e+03
2.590833007812500000e+03
2.566020996093750000e+03
2.541464843750000000e+03
2.517238525390625000e+03
2.493192626953125000e+03
2.469475341796875000e+03
2.446011718750000000e+03
2.422875732421875000e+03
2.399992431640625000e+03
2.377435546875000000e+03
2.355353271484375000e+03
2.333374267578125000e+03
2.311795898437500000e+03
2.290470214843750000e+03
2.269545898437500000e+03
2.248948730468750000e+03
2.228679199218750000e+03
2.208812011718750000e+03
2.189198486328125000e+03
2.169988037109375000e+03
2.151106201171875000e+03
2.132627929687500000e+03
2.114478759765625000e+03
2.096733886718750000e+03
2.079318847656250000e+03
2.062308349609375000e+03
2.045702758789062500e+03
2.029353881835937500e+03
2.013559082031250000e+03
1.998095947265625000e+03
1.982964477539062500e+03
1.968239624023437500e+03
1.953921386718750000e+03
1.940010620117187500e+03
1.926432617187500000e+03
1.913336914062500000e+03
1.900649169921875000e+03
1.888295654296875000e+03
1.876350830078125000e+03
1.864889404296875000e+03
1.853763183593750000e+03
1.842972412109375000e+03
1.832666137695312500e+03
1.822844726562500000e+03
1.813285156250000000e+03
1.804211425781250000e+03
1.795474731445312500e+03
1.787150024414062500e+03
1.779237304687500000e+03
1.771737548828125000e+03
1.764650390625000000e+03
1.757902343750000000e+03
1.751642333984375000e+03
1.745722045898437500e+03
1.740141601562500000e+03
1.735050415039062500e+03
1.730225708007812500e+03
1.725890625000000000e+03
1.721897216796875000e+03
1.718245727539062500e+03
1.715010864257812500e+03
1.712192993164062500e+03
1.709718383789062500e+03
1.707587646484375000e+03
1.705875366210937500e+03
1.704433715820312500e+03
1.703411499023437500e+03
1.702734985351562500e+03
1.702479125976562500e+03
1.702495727539062500e+03
1.702933959960937500e+03
1.703645507812500000e+03
1.704705444335937500e+03
1.706039916992187500e+03
1.707798095703125000e+03
1.709831787109375000e+03
1.712141479492187500e+03
1.714802246093750000e+03
1.717814331054687500e+03
1.721104125976562500e+03
1.724746459960937500e+03
1.728667602539062500e+03
1.732793823242187500e+03
1.737199584960937500e+03
1.741960327148437500e+03
1.747002075195312500e+03
1.752250976562500000e+03
1.757781860351562500e+03
1.763521362304687500e+03
1.769618286132812500e+03
1.775924682617187500e+03
1.782367065429687500e+03
1.789168457031250000e+03
1.796107055664062500e+03
1.803257568359375000e+03
1.810694824218750000e+03
1.818345214843750000e+03
1.826135009765625000e+03
1.834213623046875000e+03
1.842432617187500000e+03
1.850867431640625000e+03
1.859369628906250000e+03
1.868163085937500000e+03
1.877099731445312500e+03
1.886180053710937500e+03
1.895330688476562500e+03
1.904700683593750000e+03
1.914141967773437500e+03
1.923804199218750000e+03
1.933613403320312500e+03
1.943495849609375000e+03
1.953452148437500000e+03
1.963630615234375000e+03
1.973808715820312500e+03
1.984060791015625000e+03
1.994535644531250000e+03
2.004936401367187500e+03
2.015485961914062500e+03
2.026110107421875000e+03
2.036809082031250000e+03
2.047509033203125000e+03
2.058284179687500000e+03
2.069060058593750000e+03
2.079837402343750000e+03
2.090616455078125000e+03
2.101471191406250000e+03
2.112401855468750000e+03
2.123260253906250000e+03
2.134120849609375000e+03
2.145058105468750000e+03
2.155774658203125000e+03
2.166642822265625000e+03
2.177439208984375000e+03
2.188238769531250000e+03
2.199041503906250000e+03
2.209698974609375000e+03
2.220285888671875000e+03
2.230876220703125000e+03
2.241396484375000000e+03
2.251846191406250000e+03
2.262226074218750000e+03
2.272610351562500000e+03
2.282776123046875000e+03
2.292798339843750000e+03
2.302899902343750000e+03
2.312857910156250000e+03
2.322672607421875000e+03
2.332344238281250000e+03
2.341947265625000000e+03
2.351481933593750000e+03
2.360725341796875000e+03
2.369975097656250000e+03
2.379082519531250000e+03
2.388048095703125000e+03
2.396797607421875000e+03
2.405405273437500000e+03
2.413871582031250000e+03
2.422196533203125000e+03
2.430454833984375000e+03
2.438497802734375000e+03
2.446251464843750000e+03
2.454013183593750000e+03
2.461485351562500000e+03
2.468742919921875000e+03
2.476008544921875000e+03
2.482910888671875000e+03
2.489747070312500000e+03
2.496294189453125000e+03
2.502701171875000000e+03
2.508819091796875000e+03
2.514871582031250000e+03
2.520634765625000000e+03
2.526258300781250000e+03
2.531667480468750000e+03
2.536862060546875000e+03
2.541842773437500000e+03
2.546534667968750000e+03
2.551086914062500000e+03
2.555499267578125000e+03
2.559623046875000000e+03
2.563458496093750000e+03
2.567080078125000000e+03
2.570561767578125000e+03
2.573829589843750000e+03
2.576734863281250000e+03
2.579500244140625000e+03
2.582200439453125000e+03
2.584538085937500000e+03
2.586661865234375000e+03
2.588497070312500000e+03
2.590341552734375000e+03
2.591749023437500000e+03
2.592942382812500000e+03
2.593921875000000000e+03
2.594687500000000000e+03
2.595239013671875000e+03
2.595650390625000000e+03
2.595699462890625000e+03
2.595608642578125000e+03
2.595303222656250000e+03
2.594709472656250000e+03
2.593975830078125000e+03
2.592953369140625000e+03
2.591790771484375000e+03
2.590339355468750000e+03
2.588747802734375000e+03
2.586867187500000000e+03
2.584846191406250000e+03
2.582610107421875000e+03
2.580159423828125000e+03
2.577567871093750000e+03
2.574687011718750000e+03
2.571664794921875000e+03
2.568427490234375000e+03
2.564974609375000000e+03
2.561305664062500000e+03
2.557495361328125000e+03
2.553468994140625000e+03
2.549226318359375000e+03
2.544915771484375000e+03
2.540240234375000000e+03
2.535570800781250000e+03
2.530684082031250000e+03
2.525655029296875000e+03
2.520408447265625000e+03
2.515018798828125000e+03
2.509485595703125000e+03
2.503809082031250000e+03
2.497914306640625000e+03
2.491949707031250000e+03
2.485766845703125000e+03
2.479439941406250000e+03
2.473042236328125000e+03
2.466500000000000000e+03
2.459812744140625000e+03
2.453054443359375000e+03
2.446076416015625000e+03
2.439027099609375000e+03
2.431906494140625000e+03
2.424713623046875000e+03
2.417226074218750000e+03
2.409740478515625000e+03
2.402182373046875000e+03
2.394551513671875000e+03
2.386847412109375000e+03
2.378996093750000000e+03
2.371145507812500000e+03
2.363146728515625000e+03
2.355074218750000000e+03
2.346927246093750000e+03
2.338779785156250000e+03
2.330557861328125000e+03
2.322260742187500000e+03
2.313813964843750000e+03
2.305365966796875000e+03
2.296990722656250000e+03
2.288539062500000000e+03
2.280233642578125000e+03
2.271777587890625000e+03
2.263244140625000000e+03
2.254707763671875000e+03
2.246168212890625000e+03
2.237551269531250000e+03
2.229079589843750000e+03
2.220530273437500000e+03
2.212052246093750000e+03
2.203347656250000000e+03
2.194862792968750000e+03
2.186448486328125000e+03
2.177956298828125000e+03
2.169534912109375000e+03
2.161184326171875000e+03
2.152755371093750000e+03
2.144471191406250000e+03
2.136183105468750000e+03
2.127965576171875000e+03
2.119892333984375000e+03
2.111814941406250000e+03
2.103733398437500000e+03
2.095870605468750000e+03
2.087928710937500000e+03
2.080131103515625000e+03
2.072477539062500000e+03
2.064819335937500000e+03
2.057230712890625000e+03
2.049785888671875000e+03
2.042484619140625000e+03
2.035252929687500000e+03
2.028164550781250000e+03
2.021071044921875000e+03
2.014120971679687500e+03
2.007388305664062500e+03
2.000650390625000000e+03
1.994130126953125000e+03
1.987752685546875000e+03
1.981369628906250000e+03
1.975203857421875000e+03
1.969180908203125000e+03
1.963300659179687500e+03
1.957563232421875000e+03
1.951968383789062500e+03
1.946442016601562500e+03
1.941132446289062500e+03
1.936039550781250000e+03
1.931014770507812500e+03
1.926132568359375000e+03
1.921541137695312500e+03
1.916943481445312500e+03
1.912636718750000000e+03
1.908472290039062500e+03
1.904449829101562500e+03
1.900569824218750000e+03
1.896980346679687500e+03
1.893458740234375000e+03
1.890079345703125000e+03
1.886990478515625000e+03
1.884043823242187500e+03
1.881164916992187500e+03
1.878650878906250000e+03
1.876279174804687500e+03
1.874049438476562500e+03
1.872035888671875000e+03
1.870164794921875000e+03
1.868509765625000000e+03
1.866996948242187500e+03
1.865700683593750000e+03
1.864620727539062500e+03
1.863608764648437500e+03
1.862961791992187500e+03
1.862382568359375000e+03
1.862094482421875000e+03
1.861874389648437500e+03
1.861945190429687500e+03
1.862158203125000000e+03
1.862588012695312500e+03
1.863160156250000000e+03
1.863949340820312500e+03
1.864955200195312500e+03
1.866103881835937500e+03
1.867543701171875000e+03
1.869126342773437500e+03
1.870851806640625000e+03
1.872868774414062500e+03
1.874954467773437500e+03
1.877182983398437500e+03
1.879629150390625000e+03
1.882367187500000000e+03
1.885174194335937500e+03
1.888198852539062500e+03
1.891367187500000000e+03
1.894753417968750000e+03
1.898283447265625000e+03
1.902031738281250000e+03
1.905849487304687500e+03
1.909960205078125000e+03
1.914215209960937500e+03
1.918614379882812500e+03
1.923158325195312500e+03
1.927846923828125000e+03
1.932754760742187500e+03
1.937807617187500000e+03
1.943005615234375000e+03
1.948348266601562500e+03
1.953836059570312500e+03
1.959394409179687500e+03
1.965171997070312500e+03
1.971020141601562500e+03
1.977161743164062500e+03
1.983299926757812500e+03
1.989657104492187500e+03
1.996084838867187500e+03
2.002657470703125000e+03
2.009449462890625000e+03
2.016163452148437500e+03
2.023096923828125000e+03
2.030175415039062500e+03
2.037324707031250000e+03
2.044544921875000000e+03
2.051910156250000000e+03
2.059272216796875000e+03
2.066928222656250000e+03
2.074506835937500000e+03
2.082230957031250000e+03
2.090026367187500000e+03
2.097893066406250000e+03
2.105905273437500000e+03
2.113915039062500000e+03
2.121996582031250000e+03
2.130149658203125000e+03
2.138300292968750000e+03
2.146671630859375000e+03
2.154966308593750000e+03
2.163407714843750000e+03
2.171846679687500000e+03
2.180358642578125000e+03
2.188794189453125000e+03
2.197377197265625000e+03
2.205884033203125000e+03
2.214463867187500000e+03
2.223042724609375000e+03
2.231694824218750000e+03
2.240345947265625000e+03
2.248996337890625000e+03
2.257720458984375000e+03
2.266369628906250000e+03
2.274944580078125000e+03
2.283519042968750000e+03
2.292167968750000000e+03
2.300817382812500000e+03
2.309392578125000000e+03
2.317968261718750000e+03
2.326544189453125000e+03
2.335046630859375000e+03
2.343475341796875000e+03
2.351978515625000000e+03
2.360259521484375000e+03
2.368689697265625000e+03
2.376897216796875000e+03
2.385179687500000000e+03
2.393313964843750000e+03
2.401374511718750000e+03
2.409510009765625000e+03
2.417423095703125000e+03
2.425336669921875000e+03
2.433102294921875000e+03
2.440868408203125000e+03
2.448486328125000000e+03
2.456031005859375000e+03
2.463501708984375000e+03
2.470824462890625000e+03
2.478073486328125000e+03
2.485174804687500000e+03
2.492202148437500000e+03
2.499081787109375000e+03
2.505962402343750000e+03
2.512546142578125000e+03
2.519056640625000000e+03
2.525642089843750000e+03
2.531856689453125000e+03
2.537998046875000000e+03
2.544065917968750000e+03
2.549911621093750000e+03
2.555683837890625000e+03
2.561308349609375000e+03
2.566710937500000000e+03
2.572040039062500000e+03
2.577147216796875000e+03
2.582106445312500000e+03
2.586918212890625000e+03
2.591656738281250000e+03
2.596173095703125000e+03
2.600541748046875000e+03
2.604688476562500000e+03
2.608613281250000000e+03
2.612390136718750000e+03
2.616168212890625000e+03
2.619575439453125000e+03
2.622835205078125000e+03
2.625947021484375000e+03
2.628910888671875000e+03
2.631652832031250000e+03
2.634098388671875000e+03
2.636545166015625000e+03
2.638695556640625000e+03
2.640772705078125000e+03
2.642553955078125000e+03
2.644113281250000000e+03
2.645451416015625000e+03
2.646716552734375000e+03
2.647685791015625000e+03
2.648433593750000000e+03
2.649034423828125000e+03
2.649413818359375000e+03
2.649720703125000000e+03
2.649731689453125000e+03
2.649447265625000000e+03
2.649015869140625000e+03
2.648511962890625000e+03
2.647712646484375000e+03
2.646766113281250000e+03
2.645523925781250000e+03
2.644135009765625000e+03
2.642524902343750000e+03
2.640619140625000000e+03
2.638640869140625000e+03
2.636366943359375000e+03
2.633871337890625000e+03
2.631303222656250000e+03
2.628439208984375000e+03
2.625427978515625000e+03
2.622195312500000000e+03
2.618740966796875000e+03
2.615139160156250000e+03
2.611241210937500000e+03
2.607270263671875000e+03
2.602928466796875000e+03
2.598513427734375000e+03
2.593876220703125000e+03
2.588942382812500000e+03
2.583935058593750000e+03
2.578704833984375000e+03
2.573252197265625000e+03
2.567651367187500000e+03
2.561753173828125000e+03
2.555780517578125000e+03
2.549659423828125000e+03
2.543388916015625000e+03
2.536895263671875000e+03
2.530103515625000000e+03
2.523311279296875000e+03
2.516220458984375000e+03
2.508980468750000000e+03
2.501591064453125000e+03
2.493978027343750000e+03
2.486141845703125000e+03
2.478305175781250000e+03
2.470171386718750000e+03
2.461888916015625000e+03
2.453457763671875000e+03
2.444952636718750000e+03
2.436224853515625000e+03
2.427348876953125000e+03
2.418324462890625000e+03
2.409152343750000000e+03
2.399683593750000000e+03
2.390438476562500000e+03
2.380822753906250000e+03
2.371133544921875000e+03
2.361296386718750000e+03
2.351311767578125000e+03
2.341254150390625000e+03
2.331048828125000000e+03
2.320695800781250000e+03
2.310269775390625000e+03
2.299696289062500000e+03
2.288975097656250000e+03
2.278329833984375000e+03
2.267388427734375000e+03
2.256447998046875000e+03
2.245434570312500000e+03
2.234273925781250000e+03
2.223040039062500000e+03
2.211807373046875000e+03
2.200352783203125000e+03
2.188824951171875000e+03
2.177298583984375000e+03
2.165624267578125000e+03
2.154025634765625000e+03
2.142130615234375000e+03
2.130310791015625000e+03
2.118492187500000000e+03
2.106599853515625000e+03
2.094559570312500000e+03
2.082594482421875000e+03
2.070481689453125000e+03
2.058369384765625000e+03
2.046183227539062500e+03
2.034071655273437500e+03
2.021886596679687500e+03
2.009627441406250000e+03
1.997442749023437500e+03
1.985184204101562500e+03
1.972777221679687500e+03
1.960593139648437500e+03
1.948260620117187500e+03
1.935928222656250000e+03
1.923669921875000000e+03
1.911486083984375000e+03
1.899227661132812500e+03
1.886894897460937500e+03
1.874636230468750000e+03
1.862377197265625000e+03
1.849894897460937500e+03
1.837783935546875000e+03
1.825523925781250000e+03
1.813411865234375000e+03
1.801225097656250000e+03
1.789186401367187500e+03
1.777146972656250000e+03
1.765106811523437500e+03
1.753214599609375000e+03
1.741247314453125000e+03
1.729353515625000000e+03
1.717533081054687500e+03
1.705860473632812500e+03
1.694112426757812500e+03
1.682511962890625000e+03
1.670984741210937500e+03
1.659456542968750000e+03
1.648075561523437500e+03
1.636693481445312500e+03
1.625458740234375000e+03
1.614297119140625000e+03
1.603208374023437500e+03
1.592192626953125000e+03
1.581324218750000000e+03
1.570454345703125000e+03
1.559731567382812500e+03
1.549155883789062500e+03
1.538578857421875000e+03
1.528148803710937500e+03
1.517791503906250000e+03
1.507655639648437500e+03
1.497592529296875000e+03
1.487602050781250000e+03
1.477758666992187500e+03
1.467988037109375000e+03
1.458215820312500000e+03
1.448739135742187500e+03
1.439335083007812500e+03
1.430078125000000000e+03
1.420968017578125000e+03
1.411930175781250000e+03
1.403038940429687500e+03
1.394219848632812500e+03
1.385546997070312500e+03
1.377094482421875000e+03
1.368639404296875000e+03
1.360478637695312500e+03
1.352389282226562500e+03
1.344371215820312500e+03
1.336572753906250000e+03
1.328919799804687500e+03
1.321411987304687500e+03
1.313974975585937500e+03
1.306757202148437500e+03
1.299609985351562500e+03
1.292607666015625000e+03
1.285824462890625000e+03
1.279185791015625000e+03
1.272617431640625000e+03
1.266193481445312500e+03
1.259914062500000000e+03
1.253853271484375000e+03
1.247936889648437500e+03
1.242164794921875000e+03
1.236536743164062500e+03
1.230978881835937500e+03
1.225713745117187500e+03
1.220518310546875000e+03
1.215467163085937500e+03
1.210560180664062500e+03
1.205871582031250000e+03
1.201252807617187500e+03
1.196852539062500000e+03
1.192522216796875000e+03
1.188335937500000000e+03
1.184368286132812500e+03
1.180544921875000000e+03
1.176865844726562500e+03
1.173331054687500000e+03
1.169940795898437500e+03
1.166620605468750000e+03
1.163519287109375000e+03
1.160636962890625000e+03
1.157824951171875000e+03
1.155157714843750000e+03
1.152635375976562500e+03
1.150257934570312500e+03
1.148025634765625000e+03
1.145938354492187500e+03
1.143921997070312500e+03
1.142125000000000000e+03
1.140472900390625000e+03
1.139040283203125000e+03
1.137678344726562500e+03
1.136386962890625000e+03
1.135017578125000000e+03
1.134015991210937500e+03
1.133159301757812500e+03
1.132373291015625000e+03
1.131732055664062500e+03
1.131235717773437500e+03
1.130884399414062500e+03
1.130529296875000000e+03
1.130393554687500000e+03
1.130402709960937500e+03
1.130482666015625000e+03
1.130633178710937500e+03
1.131003051757812500e+03
1.131443847656250000e+03
1.131955444335937500e+03
1.132612304687500000e+03
1.133340209960937500e+03
1.134139038085937500e+03
1.135306030273437500e+03
1.136321411132812500e+03
1.137408081054687500e+03
1.138640380859375000e+03
1.139943969726562500e+03
1.141170532226562500e+03
1.142691528320312500e+03
1.144209838867187500e+03
1.145948730468750000e+03
1.147685058593750000e+03
1.149493408203125000e+03
1.151373779296875000e+03
1.153400756835937500e+03
1.155500000000000000e+03
1.157523193359375000e+03
1.159767578125000000e+03
1.162010375976562500e+03
1.164325927734375000e+03
1.166788940429687500e+03
1.169176513671875000e+03
1.171711547851562500e+03
1.174320190429687500e+03
1.176853637695312500e+03
1.179535278320312500e+03
1.182216430664062500e+03
1.184971801757812500e+03
1.187801269531250000e+03
1.190556152343750000e+03
1.193385253906250000e+03
1.196214233398437500e+03
1.199117431640625000e+03
1.202094726562500000e+03
1.205220825195312500e+03
1.208272460937500000e+03
1.211323974609375000e+03
1.214375732421875000e+03
1.217501831054687500e+03
1.220479370117187500e+03
1.223605712890625000e+03
1.226732299804687500e+03
1.229784790039062500e+03
1.232986206054687500e+03
1.236113769531250000e+03
1.239241577148437500e+03
1.242444213867187500e+03
1.245498779296875000e+03
1.248628051757812500e+03
1.251832275390625000e+03
1.254888427734375000e+03
1.258019653320312500e+03
1.261077270507812500e+03
1.264209960937500000e+03
1.267194824218750000e+03
1.270180419921875000e+03
1.273241210937500000e+03
1.276154296875000000e+03
1.279068359375000000e+03
1.281983398437500000e+03
1.284899414062500000e+03
1.287742187500000000e+03
1.290585937500000000e+03
1.293356567382812500e+03
1.296053955078125000e+03
1.298752563476562500e+03
1.301377929687500000e+03
1.304004516601562500e+03
1.306632202148437500e+03
1.309112426757812500e+03
1.311445068359375000e+03
1.313927734375000000e+03
1.316262939453125000e+03
1.318524902343750000e+03
1.320787963867187500e+03
1.322977905273437500e+03
1.325094726562500000e+03
1.327138305664062500e+03
1.329257446289062500e+03
1.331155151367187500e+03
1.333054199218750000e+03
1.334806152343750000e+03
1.336560058593750000e+03
1.338241577148437500e+03
1.339850830078125000e+03
1.341313476562500000e+03
1.342778320312500000e+03
1.344096923828125000e+03
1.345492309570312500e+03
1.346667236328125000e+03
1.347770507812500000e+03
1.348876586914062500e+03
1.349911132812500000e+03
1.350799926757812500e+03
1.351617309570312500e+03
1.352437622070312500e+03
1.353112670898437500e+03
1.353716308593750000e+03
1.354248901367187500e+03
1.354636108398437500e+03
1.355026733398437500e+03
1.355271972656250000e+03
1.355446289062500000e+03
1.355549682617187500e+03
1.355582275390625000e+03
1.355543823242187500e+03
1.355286010742187500e+03
1.355105957031250000e+03
1.354780761718750000e+03
1.354310546875000000e+03
1.353843750000000000e+03
1.353231689453125000e+03
1.352548828125000000e+03
1.351794921875000000e+03
1.350970336914062500e+03
1.350074707031250000e+03
1.349033691406250000e+03
1.347921752929687500e+03
1.346738647460937500e+03
1.345484497070312500e+03
1.344010375976562500e+03
1.342613769531250000e+03
1.341071411132812500e+03
1.339457641601562500e+03
1.337698120117187500e+03
1.335941284179687500e+03
1.334038330078125000e+03
1.332137939453125000e+03
1.330017333984375000e+03
1.327973754882812500e+03
1.325784179687500000e+03
1.323523193359375000e+03
1.321116455078125000e+03
1.318638549804687500e+03
1.316163574218750000e+03
1.313617431640625000e+03
1.310851440429687500e+03
1.308162841796875000e+03
1.305328979492187500e+03
1.302423950195312500e+03
1.299522216796875000e+03
1.296475097656250000e+03
1.293282592773437500e+03
1.290167846679687500e+03
1.286907714843750000e+03
1.283650878906250000e+03
1.280323120117187500e+03
1.276849853515625000e+03
1.273379882812500000e+03
1.269838867187500000e+03
1.266226684570312500e+03
1.262543457031250000e+03
1.258714721679687500e+03
1.254963378906250000e+03
1.251066406250000000e+03
1.247246704101562500e+03
1.243281372070312500e+03
1.239318969726562500e+03
1.235210815429687500e+03
1.231105346679687500e+03
1.226928222656250000e+03
1.222753662109375000e+03
1.218507324218750000e+03
1.214263549804687500e+03
1.209947753906250000e+03
1.205560058593750000e+03
1.201174438476562500e+03
1.196716552734375000e+03
1.192260742187500000e+03
1.187732543945312500e+03
1.183206054687500000e+03
1.178681396484375000e+03
1.174009643554687500e+03
1.169413696289062500e+03
1.164744628906250000e+03
1.160077026367187500e+03
1.155336181640625000e+03
1.150670654296875000e+03
1.145857543945312500e+03
1.141119506835937500e+03
1.136308227539062500e+03
1.131497680664062500e+03
1.126687988281250000e+03
1.121953247070312500e+03
1.117145019531250000e+03
1.112262939453125000e+03
1.107455810546875000e+03
1.102574829101562500e+03
1.097768676757812500e+03
1.092888549804687500e+03
1.088083251953125000e+03
1.083277954101562500e+03
1.078473022460937500e+03
1.073519531250000000e+03
1.068714721679687500e+03
1.063835693359375000e+03
1.059031005859375000e+03
1.054226074218750000e+03
1.049421020507812500e+03
1.044615722656250000e+03
1.039810180664062500e+03
1.035078491210937500e+03
1.030346435546875000e+03
1.025687988281250000e+03
1.020954895019531250e+03
1.016295410156250000e+03
1.011486694335937500e+03
1.006825744628906250e+03
1.002164062500000000e+03
9.976500854492187500e+02
9.930609130859375000e+02
9.887679443359375000e+02
9.843254394531250000e+02
9.798817749023437500e+02
9.755113525390625000e+02
9.711397094726562500e+02
9.667667846679687500e+02
9.625412597656250000e+02
9.582401123046875000e+02
9.540119018554687500e+02
9.498566894531250000e+02
9.457743530273437500e+02
9.416904907226562500e+02
9.376052246093750000e+02
9.335927124023437500e+02
9.296529541015625000e+02
9.257860107421875000e+02
9.219174804687500000e+02
9.181958618164062500e+02
9.143980712890625000e+02
9.106727294921875000e+02
9.070194091796875000e+02
9.035125732421875000e+02
9.000033569335937500e+02
8.964916992187500000e+02
8.930516357421875000e+02
8.896832275390625000e+02
8.863863525390625000e+02
8.831608276367187500e+02
8.800065917968750000e+02
8.768492431640625000e+02
8.738374023437500000e+02
8.708222045898437500e+02
8.678778686523437500e+02
8.650119628906250000e+02
8.622241821289062500e+02
8.594775390625000000e+02
8.568088989257812500e+02
8.541886596679687500e+02
8.516166381835937500e+02
8.491225585937500000e+02
8.466915893554687500e+02
8.443161621093750000e+02
8.420111694335937500e+02
8.397691040039062500e+02
8.375974731445312500e+02
8.354961547851562500e+02
8.334577636718750000e+02
8.314896850585937500e+02
8.295844726562500000e+02
8.277496337890625000e+02
8.259703369140625000e+02
8.242612915039062500e+02
8.226227416992187500e+02
8.210545043945312500e+02
8.195493164062500000e+02
8.181071777343750000e+02
8.167355346679687500e+02
8.154269409179687500e+02
8.141815185546875000e+02
8.130142211914062500e+02
8.119027099609375000e+02
8.108545532226562500e+02
8.098772583007812500e+02
8.089633789062500000e+02
8.081056518554687500e+02
8.073264160156250000e+02
8.066109008789062500e+02
8.059515380859375000e+02
8.053557128906250000e+02
8.048234252929687500e+02
8.043545532226562500e+02
8.039341430664062500e+02
8.035919189453125000e+02
8.033055419921875000e+02
8.030675048828125000e+02
8.029000854492187500e+02
8.027808227539062500e+02
8.027470092773437500e+02
8.027465209960937500e+02
8.028090820312500000e+02
8.029197998046875000e+02
8.030935058593750000e+02
8.033228149414062500e+02
8.035928344726562500e+02
8.039183959960937500e+02
8.042921142578125000e+02
8.047139892578125000e+02
8.051914672851562500e+02
8.057171020507812500e+02
8.062910156250000000e+02
8.069057006835937500e+02
8.075761108398437500e+02
8.082725219726562500e+02
8.090321655273437500e+02
8.098253784179687500e+02
8.106596069335937500e+02
8.115423583984375000e+02
8.124514160156250000e+02
8.134090576171875000e+02
8.144006347656250000e+02
8.154260864257812500e+02
8.164929199218750000e+02
8.175939331054687500e+02
8.187216186523437500e+02
8.198909912109375000e+02
8.210872802734375000e+02
8.223105468750000000e+02
8.235609130859375000e+02
8.248459472656250000e+02
8.261582641601562500e+02
8.274830932617187500e+02
8.288428955078125000e+02
8.302302856445312500e+02
8.316305541992187500e+02
8.330661621093750000e+02
8.345074462890625000e+02
8.359768066406250000e+02
8.374519653320312500e+02
8.389553222656250000e+02
8.404647216796875000e+02
8.420023803710937500e+02
8.435536499023437500e+02
8.451110229492187500e+02
8.466671752929687500e+02
8.482371215820312500e+02
8.497985229492187500e+02
8.513886108398437500e+02
8.529629516601562500e+02
8.545512695312500000e+02
8.561165161132812500e+02
8.577702026367187500e+02
8.593489379882812500e+02
8.609270629882812500e+02
8.625790405273437500e+02
8.641561889648437500e+02
8.657330322265625000e+02
8.673095703125000000e+02
8.688858642578125000e+02
8.704619750976562500e+02
8.720379638671875000e+02
8.736140136718750000e+02
8.751901245117187500e+02
8.767662353515625000e+02
8.783426513671875000e+02
8.798449707031250000e+02
8.813475341796875000e+02
8.828505249023437500e+02
8.842053833007812500e+02
8.857092895507812500e+02
8.870652465820312500e+02
8.884217529296875000e+02
8.897789306640625000e+02
8.910625610351562500e+02
8.924956054687500000e+02
8.937808837890625000e+02
8.949927368164062500e+02
8.962798461914062500e+02
8.974936523437500000e+02
8.987086181640625000e+02
8.998502197265625000e+02
9.009929809570312500e+02
9.021369628906250000e+02
9.032078247070312500e+02
9.042055664062500000e+02
9.052047119140625000e+02
9.062051391601562500e+02
9.071326293945312500e+02
9.080615234375000000e+02
9.089177856445312500e+02
9.097014770507812500e+02
9.105613403320312500e+02
9.112745361328125000e+02
9.119154663085937500e+02
9.127072753906250000e+02
9.132785034179687500e+02
9.139263916015625000e+02
9.145025634765625000e+02
9.150070190429687500e+02
9.153656005859375000e+02
9.158012084960937500e+02
9.161655883789062500e+02
9.165327758789062500e+02
9.167546386718750000e+02
9.169794311523437500e+02
9.171333007812500000e+02
9.172904052734375000e+02
9.173765869140625000e+02
9.174661865234375000e+02
9.174106445312500000e+02
9.174329833984375000e+02
9.173103027343750000e+02
9.171169433593750000e+02
9.170015258789062500e+02
9.167411499023437500e+02
9.164102783203125000e+02
9.160831909179687500e+02
9.156854248046875000e+02
9.152172851562500000e+02
9.148272705078125000e+02
9.142923583984375000e+02
9.136870117187500000e+02
9.130854492187500000e+02
9.123391113281250000e+02
9.115966186523437500e+02
9.107834472656250000e+02
9.099741210937500000e+02
9.090942382812500000e+02
9.081436157226562500e+02
9.071224365234375000e+02
9.061047973632812500e+02
9.049420166015625000e+02
9.038571166992187500e+02
9.025527954101562500e+02
9.013260498046875000e+02
9.000283203125000000e+02
8.986594848632812500e+02
8.972938842773437500e+02
8.957828979492187500e+02
8.942751464843750000e+02
8.927707519531250000e+02
8.911954956054687500e+02
8.895493774414062500e+02
8.877581176757812500e+02
8.860446777343750000e+02
8.842605590820312500e+02
8.824058227539062500e+02
8.805546875000000000e+02
8.786329345703125000e+02
8.765662841796875000e+02
8.745775756835937500e+02
8.724440307617187500e+02
8.703885498046875000e+02
8.681881103515625000e+02
8.659915161132812500e+02
8.637985839843750000e+02
8.613864746093750000e+02
8.591267089843750000e+02
8.567963867187500000e+02
8.543953857421875000e+02
8.518494262695312500e+02
8.493814697265625000e+02
8.468427124023437500e+02
8.443076171875000000e+02
8.417016601562500000e+02
8.390992431640625000e+02
8.364260253906250000e+02
8.336892700195312500e+02
8.309633178710937500e+02
8.281812133789062500e+02
8.253948364257812500e+02
8.225522460937500000e+02
8.196755981445312500e+02
8.167648925781250000e+02
8.138422851562500000e+02
8.108631591796875000e+02
8.078645019531250000e+02
8.048389282226562500e+02
8.017937011718750000e+02
7.987139282226562500e+02
7.956068725585937500e+02
7.924799804687500000e+02
7.893257446289062500e+02
7.861439208984375000e+02
7.829494018554687500e+02
7.797271728515625000e+02
7.764845581054687500e+02
7.732214965820312500e+02
7.699379272460937500e+02
7.666411743164062500e+02
7.633239135742187500e+02
7.599859619140625000e+02
7.566346435546875000e+02
7.532700195312500000e+02
7.498920288085937500e+02
7.464931030273437500e+02
7.430955810546875000e+02
7.396696166992187500e+02
7.362373657226562500e+02
7.327915039062500000e+02
7.293466796875000000e+02
7.259102783203125000e+02
7.224451293945312500e+02
7.189808959960937500e+02
7.155100708007812500e+02
7.120324707031250000e+02
7.085630493164062500e+02
7.050792846679687500e+02
7.015886840820312500e+02
6.981059570312500000e+02
6.946161499023437500e+02
6.911267089843750000e+02
6.876448364257812500e+02
6.841632690429687500e+02
6.806816406250000000e+02
6.772075195312500000e+02
6.737407836914062500e+02
6.702739257812500000e+02
6.668216552734375000e+02
6.633692016601562500e+02
6.599311523437500000e+02
6.565002441406250000e+02
6.530762329101562500e+02
6.496738891601562500e+02
6.462858276367187500e+02
6.428748779296875000e+02
6.395002441406250000e+02
6.361396484375000000e+02
6.327930908203125000e+02
6.294530029296875000e+02
6.261342163085937500e+02
6.228366699218750000e+02
6.195454711914062500e+02
6.162753906250000000e+02
6.130339355468750000e+02
6.098059692382812500e+02
6.066064453125000000e+02
6.034130249023437500e+02
6.002553100585937500e+02
5.971108398437500000e+02
5.939944458007812500e+02
5.908911743164062500e+02
5.878231201171875000e+02
5.847753295898437500e+02
5.817552490234375000e+02
5.787700195312500000e+02
5.758048706054687500e+02
5.728447875976562500e+02
5.699118652343750000e+02
5.670136718750000000e+02
5.641499023437500000e+02
5.613206176757812500e+02
5.585108032226562500e+02
5.557204589843750000e+02
5.529642944335937500e+02
5.502496948242187500e+02
5.475617675781250000e+02
5.449078979492187500e+02
5.422731323242187500e+02
5.396723022460937500e+02
5.371201782226562500e+02
5.345870361328125000e+02
5.320876464843750000e+02
5.296220092773437500e+02
5.271901245117187500e+02
5.247993164062500000e+02
5.224273071289062500e+02
5.200889282226562500e+02
5.177990112304687500e+02
5.155277709960937500e+02
5.133050537109375000e+02
5.111010131835937500e+02
5.089453430175781250e+02
5.068233032226562500e+02
5.047421875000000000e+02
5.026872253417968750e+02
5.006658325195312500e+02
4.986929016113281250e+02
4.967461242675781250e+02
4.948404235839843750e+02
4.929608764648437500e+02
4.911299438476562500e+02
4.893401184082031250e+02
4.875765991210937500e+02
4.858543395996093750e+02
4.841658630371093750e+02
4.825187377929687500e+02
4.809054565429687500e+02
4.793186340332031250e+02
4.777879638671875000e+02
4.762835388183593750e+02
4.748202819824218750e+02
4.733906860351562500e+02
4.719946899414062500e+02
4.706322326660156250e+02
4.693181762695312500e+02
4.680375976562500000e+02
4.667831115722656250e+02
4.655768737792968750e+02
4.643892211914062500e+02
4.632498779296875000e+02
4.621438293457031250e+02
4.610638427734375000e+02
4.600245666503906250e+02
4.590187072753906250e+02
4.580313720703125000e+02
4.570996704101562500e+02
4.561939697265625000e+02
4.553216552734375000e+02
4.544753417968750000e+02
4.536699218750000000e+02
4.528979492187500000e+02
4.521520385742187500e+02
4.514322204589843750e+02
4.507459411621093750e+02
4.500932617187500000e+02
4.494742431640625000e+02
4.488666076660156250e+02
4.483075561523437500e+02
4.477748718261718750e+02
4.472834167480468750e+02
4.468035583496093750e+02
4.463576965332031250e+02
4.459383544921875000e+02
4.455382995605468750e+02
4.451798095703125000e+02
4.448406677246093750e+02
4.445209350585937500e+02
4.442356262207031250e+02
4.439698791503906250e+02
4.437238159179687500e+02
4.435049743652343750e+02
4.433059387207031250e+02
4.431417236328125000e+02
4.429975280761718750e+02
4.428734741210937500e+02
4.427696838378906250e+02
4.426861572265625000e+02
4.426304016113281250e+02
4.425876464843750000e+02
4.425653991699218750e+02
4.425710449218750000e+02
4.425898132324218750e+02
4.426143188476562500e+02
4.426743469238281250e+02
4.427476501464843750e+02
4.428268737792968750e+02
4.429343872070312500e+02
4.430478515625000000e+02
4.431822814941406250e+02
4.433228454589843750e+02
4.434844970703125000e+02
4.436598205566406250e+02
4.438414916992187500e+02
4.440444335937500000e+02
4.442538452148437500e+02
4.444697265625000000e+02
4.447070922851562500e+02
4.449510803222656250e+02
4.451943969726562500e+02
4.454593811035156250e+02
4.457163391113281250e+02
4.459950866699218750e+02
4.462808532714843750e+02
4.465588378906250000e+02
4.468513488769531250e+02
4.471510925292968750e+02
4.474580993652343750e+02
4.477575683593750000e+02
4.480719299316406250e+02
4.483862915039062500e+02
4.487082214355468750e+02
4.490303344726562500e+02
4.493452148437500000e+02
4.496753234863281250e+02
4.499909667968750000e+02
4.503069763183593750e+02
4.506310119628906250e+02
4.509555664062500000e+02
4.512733459472656250e+02
4.515843811035156250e+02
4.519035644531250000e+02
4.522161865234375000e+02
4.525148010253906250e+02
4.528217468261718750e+02
4.531222534179687500e+02
4.534163818359375000e+02
4.536967468261718750e+02
4.539856872558593750e+02
4.542611083984375000e+02
4.545304565429687500e+02
4.547937927246093750e+02
4.550438842773437500e+02
4.552955627441406250e+02
4.555340881347656250e+02
4.557669982910156250e+02
4.559869384765625000e+02
4.561939697265625000e+02
4.564030456542968750e+02
4.565919189453125000e+02
4.567681579589843750e+02
4.569317932128906250e+02
4.570977172851562500e+02
4.572438049316406250e+02
4.573699645996093750e+02
4.574913024902343750e+02
4.576077270507812500e+02
4.577044982910156250e+02
4.577966003417968750e+02
4.578691101074218750e+02
4.579221191406250000e+02
4.579630432128906250e+02
4.579920959472656250e+02
4.580091552734375000e+02
4.580068969726562500e+02
4.580001831054687500e+02
4.579593505859375000e+02
4.579141235351562500e+02
4.578497314453125000e+02
4.577736206054687500e+02
4.576782531738281250e+02
4.575638427734375000e+02
4.574376831054687500e+02
4.572924194335937500e+02
4.571280822753906250e+02
4.569594726562500000e+02
4.567569274902343750e+02
4.565575256347656250e+02
4.563242187500000000e+02
4.560792236328125000e+02
4.558150634765625000e+02
4.555318298339843750e+02
4.552294006347656250e+02
4.549152832031250000e+02
4.545744934082031250e+02
4.542145385742187500e+02
4.538352966308593750e+02
4.534367370605468750e+02
4.530264587402343750e+02
4.525969848632812500e+02
4.521483764648437500e+02
4.516806945800781250e+02
4.512013549804687500e+02
4.506956176757812500e+02
4.501634826660156250e+02
4.496272277832031250e+02
4.490646667480468750e+02
4.484831848144531250e+02
4.478828735351562500e+02
4.472710876464843750e+02
4.466479492187500000e+02
4.459911193847656250e+02
4.453228454589843750e+02
4.446358337402343750e+02
4.439300231933593750e+02
4.432127685546875000e+02
4.424693298339843750e+02
4.417144775390625000e+02
4.409482421875000000e+02
4.401483459472656250e+02
4.393444213867187500e+02
4.385216064453125000e+02
4.376873779296875000e+02
4.368193359375000000e+02
4.359472351074218750e+02
4.350562133789062500e+02
4.341535949707031250e+02
4.332393188476562500e+02
4.322911987304687500e+02
4.313388061523437500e+02
4.303820800781250000e+02
4.293987731933593750e+02
4.284036560058593750e+02
4.273966674804687500e+02
4.263777770996093750e+02
4.253394775390625000e+02
4.242817382812500000e+02
4.232193603515625000e+02
4.221448364257812500e+02
4.210432434082031250e+02
4.199442443847656250e+02
4.188329467773437500e+02
4.176795043945312500e+02
4.165507202148437500e+02
4.153945617675781250e+02
4.142257385253906250e+02
4.130516967773437500e+02
4.118722839355468750e+02
4.106875305175781250e+02
4.094824829101562500e+02
4.082571105957031250e+02
4.070263366699218750e+02
4.057974243164062500e+02
4.045480957031250000e+02
4.032931823730468750e+02
4.020326843261718750e+02
4.007664489746093750e+02
3.994796752929687500e+02
3.981945495605468750e+02
3.969036254882812500e+02
3.955993957519531250e+02
3.942967224121093750e+02
3.929880676269531250e+02
3.916659240722656250e+02
3.903377990722656250e+02
3.889886474609375000e+02
3.876556396484375000e+02
3.863238220214843750e+02
3.849782714843750000e+02
3.836561279296875000e+02
3.823052978515625000e+02
3.809554138183593750e+02
3.795990600585937500e+02
3.782509460449218750e+02
3.768887939453125000e+02
3.755273437500000000e+02
3.741666259765625000e+02
3.728064575195312500e+02
3.714394531250000000e+02
3.700803527832031250e+02
3.687217102050781250e+02
3.673559570312500000e+02
3.659905700683593750e+02
3.646328125000000000e+02
3.632752685546875000e+02
3.619104003906250000e+02
3.605604858398437500e+02
3.592106018066406250e+02
3.578606262207031250e+02
3.565105285644531250e+02
3.551677551269531250e+02
3.538470153808593750e+02
3.525037231445312500e+02
3.511749267578125000e+02
3.498457641601562500e+02
3.485235900878906250e+02
3.472083435058593750e+02
3.458777465820312500e+02
3.445836181640625000e+02
3.432739562988281250e+02
3.419783630371093750e+02
3.406893615722656250e+02
3.394142456054687500e+02
3.381381835937500000e+02
3.368684387207031250e+02
3.356123962402343750e+02
3.343551330566406250e+02
3.331188964843750000e+02
3.318887329101562500e+02
3.306497192382812500e+02
3.294389343261718750e+02
3.282266235351562500e+02
3.270350036621093750e+02
3.258342590332031250e+02
3.246541137695312500e+02
3.234870910644531250e+02
3.223256530761718750e+02
3.211697692871093750e+02
3.200342712402343750e+02
3.189042358398437500e+02
3.177870483398437500e+02
3.166827087402343750e+02
3.155836791992187500e+02
3.144973449707031250e+02
3.134163513183593750e+02
3.123554077148437500e+02
3.113071289062500000e+02
3.102714233398437500e+02
3.092408752441406250e+02
3.082303161621093750e+02
3.072322387695312500e+02
3.062467041015625000e+02
3.052662353515625000e+02
3.042981872558593750e+02
3.033575134277343750e+02
3.024143676757812500e+02
3.014910888671875000e+02
3.005876464843750000e+02
2.996892089843750000e+02
2.988031616210937500e+02
2.979369812011718750e+02
2.970757446289062500e+02
2.962343444824218750e+02
2.954127807617187500e+02
2.945962219238281250e+02
2.937994995117187500e+02
2.930078125000000000e+02
2.922359619140625000e+02
2.914839477539062500e+02
2.907368469238281250e+02
2.900243530273437500e+02
2.892944335937500000e+02
2.885915832519531250e+02
2.879083862304687500e+02
2.872373352050781250e+02
2.865710144042968750e+02
2.859241943359375000e+02
2.852969360351562500e+02
2.846817016601562500e+02
2.840859375000000000e+02
2.834947814941406250e+02
2.829230346679687500e+02
2.823558654785156250e+02
2.818155517578125000e+02
2.812797546386718750e+02
2.807633666992187500e+02
2.802589416503906250e+02
2.797590637207031250e+02
2.792860107421875000e+02
2.788175048828125000e+02
2.783535461425781250e+02
2.779238586425781250e+02
2.774913330078125000e+02
2.770633850097656250e+02
2.766697692871093750e+02
2.762733764648437500e+02
2.758964843750000000e+02
2.755391540527343750e+02
2.751865234375000000e+02
2.748460693359375000e+02
2.745178222656250000e+02
2.742018127441406250e+02
2.738981018066406250e+02
2.735992736816406250e+02
2.733202209472656250e+02
2.730536193847656250e+02
2.727920227050781250e+02
2.725503845214843750e+02
2.723064270019531250e+02
2.720825500488281250e+02
2.718713073730468750e+02
2.716579589843750000e+02
2.714648132324218750e+02
2.712696838378906250e+02
2.711023254394531250e+02
2.709330749511718750e+02
2.707768859863281250e+02
2.706338195800781250e+02
2.704964599609375000e+02
2.703722229003906250e+02
2.702538146972656250e+02
2.701412048339843750e+02
2.700344238281250000e+02
2.699706726074218750e+02
2.698608093261718750e+02
2.697865905761718750e+02
2.697109680175781250e+02
2.696487731933593750e+02
2.695926208496093750e+02
2.695425720214843750e+02
2.694986572265625000e+02
2.694683532714843750e+02
2.694368286132812500e+02
2.694190063476562500e+02
2.693926086425781250e+02
2.693873901367187500e+02
2.693737182617187500e+02
2.693739318847656250e+02
2.693731689453125000e+02
2.693789062500000000e+02
2.693986206054687500e+02
2.694101257324218750e+02
2.694282531738281250e+02
2.694530944824218750e+02
2.694772338867187500e+02
2.695081481933593750e+02
2.695459289550781250e+02
2.695757141113281250e+02
2.696123962402343750e+02
2.696560668945312500e+02
2.696993408203125000e+02
2.697496643066406250e+02
2.697922363281250000e+02
2.698345642089843750e+02
2.698840942382812500e+02
2.699334106445312500e+02
2.699900817871093750e+02
2.700317993164062500e+02
2.700734863281250000e+02
2.701226196289062500e+02
2.701718444824218750e+02
2.702285766601562500e+02
2.702706604003906250e+02
2.703128967285156250e+02
2.703628845214843750e+02
2.704057617187500000e+02
2.704415283203125000e+02
2.704851684570312500e+02
2.705218811035156250e+02
2.705591125488281250e+02
2.705969543457031250e+02
2.706206054687500000e+02
2.706524353027343750e+02
2.706702270507812500e+02
2.706962890625000000e+02
2.707158813476562500e+02
2.707215881347656250e+02
2.707357788085937500e+02
2.707436828613281250e+02
2.707379150390625000e+02
2.707408142089843750e+02
2.707375488281250000e+02
2.707357177734375000e+02
2.707129516601562500e+02
2.706916809082031250e+02
2.706644897460937500e+02
2.706388854980468750e+02
2.706074829101562500e+02
2.705628967285156250e+02
2.705126037597656250e+02
2.704641113281250000e+02
2.703951110839843750e+02
2.703354492187500000e+02
2.702702331542968750e+02
2.701846618652343750e+02
2.701085205078125000e+02
2.700120544433593750e+02
2.699102478027343750e+02
2.698104858398437500e+02
2.696979980468750000e+02
2.695876159667968750e+02
2.694570922851562500e+02
2.693212890625000000e+02
2.691876831054687500e+02
2.690265502929687500e+02
2.688750915527343750e+02
2.687184143066406250e+02
2.685416870117187500e+02
2.683671569824218750e+02
2.681726074218750000e+02
2.679877319335937500e+02
2.677827758789062500e+02
2.675800781250000000e+02
2.673573303222656250e+02
2.671293640136718750e+02
2.668962097167968750e+02
2.666503295898437500e+02
2.663843994140625000e+02
2.661280822753906250e+02
2.658517150878906250e+02
2.655702514648437500e+02
2.652761840820312500e+02
2.649769897460937500e+02
2.646727294921875000e+02
2.643559875488281250e+02
2.640341796875000000e+02
2.636999511718750000e+02
2.633607177734375000e+02
2.630090637207031250e+02
2.626523742675781250e+02
2.622759094238281250e+02
2.618945007324218750e+02
2.615155639648437500e+02
2.611168518066406250e+02
2.607057495117187500e+02
2.602971801757812500e+02
2.598688659667968750e+02
2.594356079101562500e+02
2.589974670410156250e+02
2.585469665527343750e+02
2.580915832519531250e+02
2.576238708496093750e+02
2.571438598632812500e+02
2.566663513183593750e+02
2.561764831542968750e+02
2.556594238281250000e+02
2.551597747802734375e+02
2.546403350830078125e+02
2.541159515380859375e+02
2.535866241455078125e+02
2.530374755859375000e+02
2.524982452392578125e+02
2.519391632080078125e+02
2.513751068115234375e+02
2.507986145019531250e+02
2.502245025634765625e+02
2.496304626464843750e+02
2.490462188720703125e+02
2.484420166015625000e+02
2.478252716064453125e+02
2.472107543945312500e+02
2.465910949707031250e+02
2.459587707519531250e+02
2.453211517333984375e+02
2.446782684326171875e+02
2.440300292968750000e+02
2.433764343261718750e+02
2.427099456787109375e+02
2.420380554199218750e+02
2.413606872558593750e+02
2.406852569580078125e+02
2.399894866943359375e+02
2.392955932617187500e+02
2.385961608886718750e+02
2.378836975097656250e+02
2.371804962158203125e+02
2.364642333984375000e+02
2.357422943115234375e+02
2.350146026611328125e+02
2.342811584472656250e+02
2.335493621826171875e+02
2.328042907714843750e+02
2.320681762695312500e+02
2.313187255859375000e+02
2.305632629394531250e+02
2.298092498779296875e+02
2.290417022705078125e+02
2.282754669189453125e+02
2.275030364990234375e+02
2.267318267822265625e+02
2.259617614746093750e+02
2.251779327392578125e+02
2.244025726318359375e+02
2.236133422851562500e+02
2.228324890136718750e+02
2.220376586914062500e+02
2.212436828613281250e+02
2.204504852294921875e+02
2.196580047607421875e+02
2.188587646484375000e+02
2.180601654052734375e+02
2.172547302246093750e+02
2.164498138427734375e+02
2.156454162597656250e+02
2.148339996337890625e+02
2.140304260253906250e+02
2.132197723388671875e+02
2.124168548583984375e+02
2.115993499755859375e+02
2.107820739746093750e+02
2.099649963378906250e+02
2.091555023193359375e+02
2.083386840820312500e+02
2.075219726562500000e+02
2.067201538085937500e+02
2.059109344482421875e+02
2.050942687988281250e+02
2.042849731445312500e+02
2.034756317138671875e+02
2.026661376953125000e+02
2.018565063476562500e+02
2.010541229248046875e+02
2.002515258789062500e+02
1.994486541748046875e+02
1.986529541015625000e+02
1.978495025634765625e+02
1.970531311035156250e+02
1.962563781738281250e+02
1.954666442871093750e+02
1.946764678955078125e+02
1.938858184814453125e+02
1.931020965576171875e+02
1.923252410888671875e+02
1.915403900146484375e+02
1.907623596191406250e+02
1.899985351562500000e+02
1.892340393066406250e+02
1.884613800048828125e+02
1.877028503417968750e+02
1.869509429931640625e+02
1.861982116699218750e+02
1.854446105957031250e+02
1.846975555419921875e+02
1.839718170166015625e+02
1.832376708984375000e+02
1.825025024414062500e+02
1.817736816406250000e+02
1.810512084960937500e+02
1.803349914550781250e+02
1.796175842285156250e+02
1.789064025878906250e+02
1.782013397216796875e+02
1.775024261474609375e+02
1.768170013427734375e+02
1.761227722167968750e+02
1.754419555664062500e+02
1.747745361328125000e+02
1.740981903076171875e+02
1.734351501464843750e+02
1.727705535888671875e+02
1.721192169189453125e+02
1.714662322998046875e+02
1.708264617919921875e+02
1.701924285888671875e+02
1.695566864013671875e+02
1.689266662597656250e+02
1.683097534179687500e+02
1.676985015869140625e+02
1.670854492187500000e+02
1.664928436279296875e+02
1.658909149169921875e+02
1.653093719482421875e+02
1.647258605957031250e+02
1.641478118896484375e+02
1.635826110839843750e+02
1.630153656005859375e+02
1.624609527587890625e+02
1.619118957519531250e+02
1.613681945800781250e+02
1.608298339843750000e+02
1.602968292236328125e+02
1.597691345214843750e+02
1.592467956542968750e+02
1.587372131347656250e+02
1.582255706787109375e+02
1.577341308593750000e+02
1.572406158447265625e+02
1.567450714111328125e+02
1.562697753906250000e+02
1.557999114990234375e+02
1.553280181884765625e+02
1.548616027832031250e+02
1.544080963134765625e+02
1.539600982666015625e+02
1.535176239013671875e+02
1.530881347656250000e+02
1.526568145751953125e+02
1.522385101318359375e+02
1.518184204101562500e+02
1.514114379882812500e+02
1.510175781250000000e+02
1.506294250488281250e+02
1.502470245361328125e+02
1.498629608154296875e+02
1.494847259521484375e+02
1.491197052001953125e+02
1.487457122802734375e+02
1.483849945068359375e+02
1.480450439453125000e+02
1.477258911132812500e+02
1.473903656005859375e+02
1.470608062744140625e+02
1.467372131347656250e+02
1.464270629882812500e+02
1.461154937744140625e+02
1.458099365234375000e+02
1.455178680419921875e+02
1.452244110107421875e+02
1.449370269775390625e+02
1.446630859375000000e+02
1.443951721191406250e+02
1.441258392333984375e+02
1.438699340820312500e+02
1.436125793457031250e+02
1.433611907958984375e+02
1.431231994628906250e+02
1.428837280273437500e+02
1.426501770019531250e+02
1.424225769042968750e+02
1.422009124755859375e+02
1.419777221679687500e+02
1.417530364990234375e+02
1.415416870117187500e+02
1.413437194824218750e+02
1.411442108154296875e+02
1.409432373046875000e+02
1.407481994628906250e+02
1.405665283203125000e+02
1.403834228515625000e+02
1.401988677978515625e+02
1.400277709960937500e+02
1.398478546142578125e+02
1.396888580322265625e+02
1.395285491943359375e+02
1.393594970703125000e+02
1.392040710449218750e+02
1.390474243164062500e+02
1.388970489501953125e+02
1.387455596923828125e+02
1.385929870605468750e+02
1.384542694091796875e+02
1.383145904541015625e+02
1.381591644287109375e+02
1.380103302001953125e+02
1.378904418945312500e+02
1.377549896240234375e+02
1.376263275146484375e+02
1.375119476318359375e+02
1.374119262695312500e+02
1.372891693115234375e+02
1.371734619140625000e+02
1.370648956298828125e+02
1.369412536621093750e+02
1.368397216796875000e+02
1.367380981445312500e+02
1.366290130615234375e+02
1.365348358154296875e+02
1.364184570312500000e+02
1.363170928955078125e+02
1.362308349609375000e+02
1.361299743652343750e+02
1.360368652343750000e+02
1.359441528320312500e+02
1.358295593261718750e+02
1.357451629638671875e+02
1.356761322021484375e+02
1.355928039550781250e+02
1.355026245117187500e+02
1.354204864501953125e+02
1.353315582275390625e+02
1.352507324218750000e+02
1.351705932617187500e+02
1.350837249755859375e+02
1.350050048828125000e+02
1.349270019531250000e+02
1.348423156738281250e+02
1.347657928466796875e+02
1.346974334716796875e+02
1.346149749755859375e+02
1.345258026123046875e+02
1.344522399902343750e+02
1.343719635009765625e+02
1.342924041748046875e+02
1.342135620117187500e+02
1.341502685546875000e+02
1.340727996826171875e+02
1.339885864257812500e+02
1.338975982666015625e+02
1.338146972656250000e+02
1.337324523925781250e+02
1.336285400390625000e+02
1.335401000976562500e+02
1.334522857666015625e+02
1.333576507568359375e+02
1.332636260986328125e+02
1.331627807617187500e+02
1.330625457763671875e+02
1.329777679443359375e+02
1.328713378906250000e+02
1.327655181884765625e+02
1.326603240966796875e+02
1.325557861328125000e+02
1.324519195556640625e+02
1.323487396240234375e+02
1.322313995361328125e+02
1.321296539306640625e+02
1.319989471435546875e+02
1.318690338134765625e+02
1.317473907470703125e+02
1.316192321777343750e+02
1.314994506835937500e+02
1.313658142089843750e+02
1.312332763671875000e+02
1.310944366455078125e+02
1.309568176269531250e+02
1.308130187988281250e+02
1.306705627441406250e+02
1.305294952392578125e+02
1.303824615478515625e+02
1.302295074462890625e+02
1.300781402587890625e+02
1.299284210205078125e+02
1.297655181884765625e+02
1.296117858886718750e+02
1.294524383544921875e+02
1.292874908447265625e+02
1.291170196533203125e+02
1.289558868408203125e+02
1.287893066406250000e+02
1.286098480224609375e+02
1.284398498535156250e+02
1.282570343017578125e+02
1.280837097167968750e+02
1.278975830078125000e+02
1.277209777832031250e+02
1.275316009521484375e+02
1.273517074584960938e+02
1.271664657592773438e+02
1.269758224487304688e+02
1.267797927856445312e+02
1.265857543945312500e+02
1.263862533569335938e+02
1.261886901855468750e+02
1.259855957031250000e+02
1.257769012451171875e+02
1.255700149536132812e+02
1.253648681640625000e+02
1.251465606689453125e+02
1.249298706054687500e+02
1.247221679687500000e+02
1.244936752319335938e+02
1.242740554809570312e+02
1.240483474731445312e+02
1.238239440917968750e+02
1.235858993530273438e+02
1.233638839721679688e+02
1.231280670166015625e+02
1.228858489990234375e+02
1.226520233154296875e+02
1.224042434692382812e+02
1.221573333740234375e+02
1.219038314819335938e+02
1.216585540771484375e+02
1.213991622924804688e+02
1.211404953002929688e+02
1.208750991821289062e+02
1.206177825927734375e+02
1.203536911010742188e+02
1.200753631591796875e+02
1.198050613403320312e+02
1.195279464721679688e+02
1.192514419555664062e+02
1.189755249023437500e+02
1.186927719116210938e+02
1.184106445312500000e+02
1.181217041015625000e+02
1.178334121704101562e+02
1.175383377075195312e+02
1.172513885498046875e+02
1.169502868652343750e+02
1.166499099731445312e+02
1.163577499389648438e+02
1.160515441894531250e+02
1.157461547851562500e+02
1.154490890502929688e+02
1.151380691528320312e+02
1.148354415893554688e+02
1.145189285278320312e+02
1.142183151245117188e+02
1.138964538574218750e+02
1.135905685424804688e+02
1.132783584594726562e+02
1.129673004150390625e+02
1.126574325561523438e+02
1.123413238525390625e+02
1.120264358520507812e+02
1.117202148437500000e+02
1.114003601074218750e+02
1.110891799926757812e+02
1.107718124389648438e+02
1.104556655883789062e+02
1.101407546997070312e+02
1.098270263671875000e+02
1.095144729614257812e+02
1.091956329345703125e+02
1.088853378295898438e+02
1.085686569213867188e+02
1.082529830932617188e+02
1.079308395385742188e+02
1.076244506835937500e+02
1.073114547729492188e+02
1.069992294311523438e+02
1.066876831054687500e+02
1.063767318725585938e+02
1.060588760375976562e+02
1.057563095092773438e+02
1.054466629028320312e+02
1.051298217773437500e+02
1.048280029296875000e+02
1.045188217163085938e+02
1.042095947265625000e+02
1.039076614379882812e+02
1.035980758666992188e+02
1.032881622314453125e+02
1.029778366088867188e+02
1.026669921875000000e+02
1.023555603027343750e+02
1.020508728027343750e+02
1.017454223632812500e+02
1.014391403198242188e+02
1.011319580078125000e+02
1.008237991333007812e+02
1.005220413208007812e+02
1.002117691040039062e+02
9.990779113769531250e+01
9.959523010253906250e+01
9.929631805419921875e+01
9.898132324218750000e+01
9.867994689941406250e+01
9.836989593505859375e+01
9.806378936767578125e+01
9.776237487792968750e+01
9.746047210693359375e+01
9.715660858154296875e+01
9.685675811767578125e+01
9.655426788330078125e+01
9.625437164306640625e+01
9.595562744140625000e+01
9.565586853027343750e+01
9.535959625244140625e+01
9.506464385986328125e+01
9.477032470703125000e+01
9.447745513916015625e+01
9.418684387207031250e+01
9.389707183837890625e+01
9.361118316650390625e+01
9.332553863525390625e+01
0.000000000000000000e+00
0.000000000000000000e+00
0.000000000000000000e+00
0.000000000000000000e+00
0.000000000000000000e+00
0.000000000000000000e+00
0.000000000000000000e+00
0.000000000000000000e+00
0.000000000000000000e+00
0.000000000000000000e+00
0.000000000000000000e+00
0.000000000000000000e+00
0.000000000000000000e+00
0.000000000000000000e+00
0.000000000000000000e+00
0.000000000000000000e+00
0.000000000000000000e+00
0.000000000000000000e+00
0.000000000000000000e+00
0.000000000000000000e+00
0.000000000000000000e+00
0.000000000000000000e+00
0.000000000000000000e+00
0.000000000000000000e+00
0.000000000000000000e+00
0.000000000000000000e+00
0.000000000000000000e+00
0.000000000000000000e+00
0.000000000000000000e+00
0.000000000000000000e+00
0.000000000000000000e+00
0.000000000000000000e+00
0.000000000000000000e+00
0.000000000000000000e+00
0.000000000000000000e+00
0.000000000000000000e+00
0.000000000000000000e+00
0.000000000000000000e+00
0.000000000000000000e+00
0.000000000000000000e+00
0.000000000000000000e+00
0.000000000000000000e+00
0.000000000000000000e+00
0.000000000000000000e+00
0.000000000000000000e+00
0.000000000000000000e+00
0.000000000000000000e+00
0.000000000000000000e+00
0.000000000000000000e+00
0.000000000000000000e+00
0.000000000000000000e+00
0.000000000000000000e+00
0.000000000000000000e+00
0.000000000000000000e+00
0.000000000000000000e+00
0.000000000000000000e+00
0.000000000000000000e+00
0.000000000000000000e+00
0.000000000000000000e+00
0.000000000000000000e+00
0.000000000000000000e+00
0.000000000000000000e+00
0.000000000000000000e+00
0.000000000000000000e+00
0.000000000000000000e+00
0.000000000000000000e+00
0.000000000000000000e+00
0.000000000000000000e+00
0.000000000000000000e+00
0.000000000000000000e+00
0.000000000000000000e+00
0.000000000000000000e+00
0.000000000000000000e+00
0.000000000000000000e+00
0.000000000000000000e+00
0.000000000000000000e+00
0.000000000000000000e+00
0.000000000000000000e+00
0.000000000000000000e+00
0.000000000000000000e+00
0.000000000000000000e+00
0.000000000000000000e+00
0.000000000000000000e+00
0.000000000000000000e+00
0.000000000000000000e+00
0.000000000000000000e+00
0.000000000000000000e+00
0.000000000000000000e+00
0.000000000000000000e+00
0.000000000000000000e+00
0.000000000000000000e+00
0.000000000000000000e+00
0.000000000000000000e+00
0.000000000000000000e+00
0.000000000000000000e+00
0.000000000000000000e+00
0.000000000000000000e+00
0.000000000000000000e+00
0.000000000000000000e+00
0.000000000000000000e+00
