# bb
3.596651936277339701e-07
7.194847171376750339e-07
1.199481403091340326e-06
1.799858864615089260e-06
2.520865109545411542e-06
3.362792767802602611e-06
4.325976078689564019e-06
5.410788617155048996e-06
6.617638064199127257e-06
7.946963705762755126e-06
9.399231203133240342e-06
1.097492804547073320e-05
1.267456173081882298e-05
1.449865067115752026e-05
1.644772237341385335e-05
1.852230525400955230e-05
2.072292954835575074e-05
2.305011730641126633e-05
2.550437966419849545e-05
2.808620592986699194e-05
3.079607631661929190e-05
3.363442738191224635e-05
3.660168295027688146e-05
3.969822864746674895e-05
4.292440644348971546e-05
4.628053284250199795e-05
4.976686250302009284e-05
5.338362461770884693e-05
5.713098653359338641e-05
6.100907194195315242e-05
6.501796451630070806e-05
6.915768608450889587e-05
7.342822209466248751e-05
7.782949978718534112e-05
8.236140274675562978e-05
8.702376362634822726e-05
9.181638597510755062e-05
9.673902241047471762e-05
1.017913746181875467e-04
1.069731588358990848e-04
1.122839821618981659e-04
1.177235171780921519e-04
1.232913346029818058e-04
1.289870269829407334e-04
1.348101650364696980e-04
1.407603413099423051e-04
1.468370901420712471e-04
1.530400040792301297e-04
1.593686465639621019e-04
1.658226246945559978e-04
1.724015310173854232e-04
1.791050162864848971e-04
1.859327458078041673e-04
1.928844139911234379e-04
1.999597443500533700e-04
2.071585331577807665e-04
2.144806057913228869e-04
2.219258312834426761e-04
2.294941368745639920e-04
2.371855371166020632e-04
2.450000029057264328e-04
2.529377234168350697e-04
2.609987859614193439e-04
2.691834524739533663e-04
2.774919848889112473e-04
2.859247324522584677e-04
2.944821317214518785e-04
3.031645610462874174e-04
3.119726025033742189e-04
3.209068090654909611e-04
3.299678210169076920e-04
3.391562495380640030e-04
3.484728513285517693e-04
3.579184121917933226e-04
3.674936306197196245e-04
3.771994379349052906e-04
3.870365908369421959e-04
3.970060206484049559e-04
4.071086004842072725e-04
4.173452034592628479e-04
4.277167899999767542e-04
4.382242623250931501e-04
4.488685226533561945e-04
4.596504732035100460e-04
4.705709870904684067e-04
4.816309665329754353e-04
4.928312846459448338e-04
5.041726981289684772e-04
5.156561965122818947e-04
5.272823618724942207e-04
5.390520673245191574e-04
5.509660113602876663e-04
5.630248342640697956e-04
5.752292927354574203e-04
5.875799106433987617e-04
6.000772118568420410e-04
6.127218948677182198e-04
6.255143671296536922e-04
6.384551525115966797e-04
6.515447166748344898e-04
6.647834088653326035e-04
6.781717529520392418e-04
6.917100981809198856e-04
7.053987937979400158e-04
7.192381890490651131e-04
7.332287495955824852e-04
7.473707082681357861e-04
7.616645307280123234e-04
7.761105080135166645e-04
7.907091057859361172e-04
8.054607897065579891e-04
8.203659672290086746e-04
8.354251040145754814e-04
8.506387239322066307e-04
8.660074672661721706e-04
8.815319743007421494e-04
8.972127689048647881e-04
9.130507824011147022e-04
9.290468296967446804e-04
9.452016674913465977e-04
9.615162853151559830e-04
9.779918473213911057e-04
9.946293430402874947e-04
1.011429936625063419e-03
1.028394908644258976e-03
1.045525772497057915e-03
1.062823808752000332e-03
1.080290530808269978e-03
1.097927684895694256e-03
1.115736784413456917e-03
1.133719342760741711e-03
1.151877571828663349e-03
1.170213217847049236e-03
1.188728143461048603e-03
1.207424211315810680e-03
1.226303400471806526e-03
1.245368039235472679e-03
1.264619990251958370e-03
1.284061348997056484e-03
1.303694210946559906e-03
1.323520671576261520e-03
1.343542942777276039e-03
1.363763003610074520e-03
1.384182716719806194e-03
1.404804410412907600e-03
1.425629947334527969e-03
1.446661073714494705e-03
1.467899652197957039e-03
1.489347545430064201e-03
1.511006383225321770e-03
1.532877678982913494e-03
1.554963062517344952e-03
1.577263697981834412e-03
1.599780865944921970e-03
1.622515730559825897e-03
1.645469339564442635e-03
1.668642391450703144e-03
1.692035468295216560e-03
1.715649501420557499e-03
1.739484723657369614e-03
1.763541135005652905e-03
1.787819084711372852e-03
1.812318689189851284e-03
1.837039249949157238e-03
1.861980766989290714e-03
1.887142541818320751e-03
1.912524341605603695e-03
1.938124536536633968e-03
1.963943010196089745e-03
1.989978132769465446e-03
2.016228623688220978e-03
2.042693784460425377e-03
2.069371286779642105e-03
2.096260432153940201e-03
2.123358892276883125e-03
2.150665037333965302e-03
2.178177237510681152e-03
2.205893397331237793e-03
2.233811654150485992e-03
2.261929679661989212e-03
2.290245611220598221e-03
2.318756887689232826e-03
2.347461646422743797e-03
2.376357559114694595e-03
2.405442530289292336e-03
2.434713998809456825e-03
2.464170102030038834e-03
2.493808045983314514e-03
2.523625968024134636e-03
2.553621539846062660e-03
2.583792433142662048e-03
2.614136552438139915e-03
2.644651802256703377e-03
2.675335621461272240e-03
2.706186380237340927e-03
2.737201517447829247e-03
2.768379403278231621e-03
2.799717709422111511e-03
2.831214107573032379e-03
2.862867200747132301e-03
2.894674893468618393e-03
2.926634624600410461e-03
2.958744997158646584e-03
2.991003915667533875e-03
3.023409284651279449e-03
3.055959241464734077e-03
3.088651923462748528e-03
3.121485002338886261e-03
3.154456615447998047e-03
3.187564434483647346e-03
3.220806596800684929e-03
3.254181006923317909e-03
3.287685336545109749e-03
3.321316791698336601e-03
3.355073509737849236e-03
3.388952696695923805e-03
3.422951791435480118e-03
3.457068465650081635e-03
3.491299459710717201e-03
3.525641513988375664e-03
3.560092765837907791e-03
3.594648558646440506e-03
3.629306564107537270e-03
3.664063056930899620e-03
3.698914311826229095e-03
3.733856836333870888e-03
3.768886672332882881e-03
3.803999396041035652e-03
3.839191282168030739e-03
3.874457906931638718e-03
3.909795079380273819e-03
3.945197910070419312e-03
3.980662208050489426e-03
4.016181919723749161e-03
4.051753319799900055e-03
4.087371286004781723e-03
4.123030696064233780e-03
4.158725962042808533e-03
4.194451496005058289e-03
4.230202641338109970e-03
4.265973810106515884e-03
4.301759414374828339e-03
4.337553866207599640e-03
4.373352043330669403e-03
4.409147892147302628e-03
4.444936756044626236e-03
4.480712581425905228e-03
4.516469780355691910e-03
4.552202764898538589e-03
4.587906878441572189e-03
4.623576998710632324e-03
4.659206606447696686e-03
4.694791976362466812e-03
4.730327520519495010e-03
4.765808582305908203e-03
4.801230039447546005e-03
4.836587235331535339e-03
4.871876444667577744e-03
4.907092545181512833e-03
4.942231345921754837e-03
4.977289587259292603e-03
5.012262612581253052e-03
5.047147627919912338e-03
5.081939976662397385e-03
5.116636864840984344e-03
5.151235498487949371e-03
5.185732152312994003e-03
5.220124498009681702e-03
5.254409741610288620e-03
5.288585089147090912e-03
5.322648677974939346e-03
5.356598179787397385e-03
5.390430800616741180e-03
5.424146074801683426e-03
5.457740742713212967e-03
5.491214338690042496e-03
5.524564534425735474e-03
5.557789932936429977e-03
5.590889602899551392e-03
5.623862147331237793e-03
5.656706169247627258e-03
5.689420737326145172e-03
5.722004920244216919e-03
5.754457786679267883e-03
5.786778405308723450e-03
5.818964913487434387e-03
5.851018242537975311e-03
5.882936064153909683e-03
5.914717912673950195e-03
5.946362856775522232e-03
5.977870896458625793e-03
6.009240634739398956e-03
6.040470208972692490e-03
6.071560550481081009e-03
6.102509796619415283e-03
6.133317016065120697e-03
6.163981743156909943e-03
6.194502580910921097e-03
6.224879063665866852e-03
6.255110260099172592e-03
6.285194773226976395e-03
6.315132137387990952e-03
6.344921421259641647e-03
6.374561227858066559e-03
6.404051091521978378e-03
6.433390546590089798e-03
6.462577264755964279e-03
6.491612177342176437e-03
6.520493887364864349e-03
6.549221463501453400e-03
6.577794440090656281e-03
6.606212817132472992e-03
6.634475197643041611e-03
6.662582978606224060e-03
6.690533831715583801e-03
6.718329153954982758e-03
6.745967548340559006e-03
6.773451343178749084e-03
6.800779141485691071e-03
6.827952805906534195e-03
6.854972336441278458e-03
6.881838198751211166e-03
6.908552255481481552e-03
6.935116369277238846e-03
6.961530540138483047e-03
6.987797096371650696e-03
7.013918831944465637e-03
7.039896678179502487e-03
7.065732497721910477e-03
7.091430947184562683e-03
7.116993423551321030e-03
7.142423652112483978e-03
7.167723029851913452e-03
7.192897610366344452e-03
7.217949256300926208e-03
7.242881692945957184e-03
7.267700042575597763e-03
7.292407099157571793e-03
7.317008450627326965e-03
7.341507822275161743e-03
7.365911267697811127e-03
7.390221580862998962e-03
7.414444815367460251e-03
7.438586093485355377e-03
7.462649606168270111e-03
7.486642338335514069e-03
7.510568015277385712e-03
7.534432224929332733e-03
7.558241486549377441e-03
7.581999991089105606e-03
7.605713792145252228e-03
7.629388477653264999e-03
7.653029635548591614e-03
7.676642388105392456e-03
7.700231857597827911e-03
7.723803631961345673e-03
7.747363764792680740e-03
7.770916447043418884e-03
7.794467732310295105e-03
7.818021811544895172e-03
7.841585204005241394e-03
7.865161634981632233e-03
7.888754829764366150e-03
7.912372238934040070e-03
7.936017587780952454e-03
7.959693670272827148e-03
7.983406074345111847e-03
8.007159456610679626e-03
8.030957542359828949e-03
8.054804056882858276e-03
8.078703656792640686e-03
8.102660067379474640e-03
8.126675151288509369e-03
8.150755427777767181e-03
8.174901828169822693e-03
8.199119940400123596e-03
8.223411627113819122e-03
8.247781544923782349e-03
8.272231556475162506e-03
8.296765387058258057e-03
8.321386761963367462e-03
8.346096612513065338e-03
8.370901457965373993e-03
8.395801298320293427e-03
8.420800790190696716e-03
8.445902727544307709e-03
8.471109904348850250e-03
8.496425114572048187e-03
8.521852083504199982e-03
8.547394536435604095e-03
8.573054336011409760e-03
8.598834276199340820e-03
8.624739944934844971e-03
8.650772273540496826e-03
8.676935918629169464e-03
8.703232742846012115e-03
8.729668334126472473e-03
8.756245486438274384e-03
8.782966993749141693e-03
8.809837512671947479e-03
8.836858905851840973e-03
8.864036761224269867e-03
8.891373872756958008e-03
8.918873965740203857e-03
8.946540765464305878e-03
8.974378928542137146e-03
9.002391248941421509e-03
9.030582383275032043e-03
9.058954194188117981e-03
9.087512269616127014e-03
9.116259403526782990e-03
9.145199321210384369e-03
9.174336679279804230e-03
9.203673340380191803e-03
9.233212098479270935e-03
9.262958541512489319e-03
9.292914532124996185e-03
9.323082864284515381e-03
9.353466331958770752e-03
9.384068660438060760e-03
9.414891712367534637e-03
9.445936419069766998e-03
9.477208368480205536e-03
9.508704766631126404e-03
9.540432132780551910e-03
9.572388604283332825e-03
9.604576975107192993e-03
9.636998176574707031e-03
9.669652208685874939e-03
9.702540002763271332e-03
9.735662490129470825e-03
9.769018739461898804e-03
9.802608750760555267e-03
9.836432524025440216e-03
9.870489127933979034e-03
9.904777631163597107e-03
9.939296171069145203e-03
9.974044747650623322e-03
1.000901963561773300e-02
1.004422083497047424e-02
1.007964368909597397e-02
1.011528912931680679e-02
1.015115156769752502e-02
1.018723100423812866e-02
1.022352278232574463e-02
1.026002317667007446e-02
1.029673032462596893e-02
1.033363956958055496e-02
1.037074904888868332e-02
1.040805317461490631e-02
1.044554915279150009e-02
1.048323325812816620e-02
1.052110083401203156e-02
1.055914815515279770e-02
1.059736963361501694e-02
1.063576340675354004e-02
1.067432481795549393e-02
1.071304827928543091e-02
1.075193099677562714e-02
1.079096738249063492e-02
1.083015464246273041e-02
1.086948625743389130e-02
1.090896036475896835e-02
1.094857044517993927e-02
1.098831370472908020e-02
1.102818548679351807e-02
1.106818299740552902e-02
1.110829878598451614e-02
1.114853285253047943e-02
1.118887774646282196e-02
1.122933067381381989e-02
1.126988790929317474e-02
1.131054386496543884e-02
1.135129667818546295e-02
1.139214262366294861e-02
1.143307425081729889e-02
1.147409062832593918e-02
1.151518709957599640e-02
1.155635900795459747e-02
1.159760262817144394e-02
1.163891423493623734e-02
1.168029010295867920e-02
1.172172464430332184e-02
1.176321506500244141e-02
1.180475577712059021e-02
1.184634398669004440e-02
1.188797317445278168e-02
1.192964054644107819e-02
1.197134051471948624e-02
1.201306935399770737e-02
1.205482147634029388e-02
1.209659222513437271e-02
1.213837508112192154e-02
1.218016631901264191e-02
1.222196035087108612e-02
1.226375158876180649e-02
1.230553351342678070e-02
1.234730239957571030e-02
1.238904986530542374e-02
1.243077125400304794e-02
1.247246004641056061e-02
1.251411065459251404e-02
1.255571469664573669e-02
1.259726658463478088e-02
1.263876073062419891e-02
1.268018875271081924e-02
1.272154320031404495e-02
1.276281941682100296e-02
1.280400808900594711e-02
1.284510456025600433e-02
1.288609858602285385e-02
1.292698457837104797e-02
1.296775508671998978e-02
1.300840266048908234e-02
1.304892078042030334e-02
1.308930013328790665e-02
1.312953513115644455e-02
1.316961832344532013e-02
1.320954039692878723e-02
1.324929948896169662e-02
1.328888162970542908e-02
1.332828588783740997e-02
1.336750201880931854e-02
1.340652350336313248e-02
1.344534568488597870e-02
1.348396018147468567e-02
1.352236047387123108e-02
1.356054283678531647e-02
1.359849888831377029e-02
1.363622490316629410e-02
1.367371436208486557e-02
1.371096074581146240e-02
1.374796126037836075e-02
1.378470938652753830e-02
1.382120139896869659e-02
1.385742984712123871e-02
1.389339473098516464e-02
1.392908953130245209e-02
1.396451145410537720e-02
1.399965491145849228e-02
1.403451897203922272e-02
1.406909897923469543e-02
1.410339213907718658e-02
1.413739472627639771e-02
1.417110580950975418e-02
1.420452166348695755e-02
1.423764042556285858e-02
1.427046116441488266e-02
1.430297922343015671e-02
1.433519460260868073e-02
1.436710543930530548e-02
1.439870893955230713e-02
1.443000510334968567e-02
1.446099206805229187e-02
1.449166797101497650e-02
1.452203374356031418e-02
1.455208472907543182e-02
1.458182372152805328e-02
1.461124699562788010e-02
1.464035362005233765e-02
1.466914638876914978e-02
1.469762064516544342e-02
1.472577545791864395e-02
1.475361175835132599e-02
1.478112954646348953e-02
1.480832602828741074e-02
1.483520120382308960e-02
1.486175600439310074e-02
1.488798577338457108e-02
1.491389516741037369e-02
1.493947859853506088e-02
1.496473979204893112e-02
1.498967502266168594e-02
1.501428429037332535e-02
1.503856852650642395e-02
1.506252586841583252e-02
1.508615724742412567e-02
1.510946080088615417e-02
1.513243652880191803e-02
1.515508349984884262e-02
1.517740543931722641e-02
1.519939769059419632e-02
1.522106304764747620e-02
1.524239964783191681e-02
1.526341028511524200e-02
1.528409309685230255e-02
1.530444994568824768e-02
1.532448176294565201e-02
1.534418761730194092e-02
1.536357123404741287e-02
1.538263168185949326e-02
1.540137175470590591e-02
1.541979238390922546e-02
1.543789636343717575e-02
1.545568462461233139e-02
1.547315996140241623e-02
1.549032423645257950e-02
1.550718024373054504e-02
1.552373357117176056e-02
1.553998421877622604e-02
1.555593684315681458e-02
1.557159423828125000e-02
1.558696199208498001e-02
1.560204289853572845e-02
1.561684347689151764e-02
1.563136465847492218e-02
1.564561389386653900e-02
1.565959677100181580e-02
1.567331515252590179e-02
1.568677835166454315e-02
1.569998823106288910e-02
1.571295596659183502e-02
1.572568155825138092e-02
1.573817431926727295e-02
1.575044170022010803e-02
1.576248556375503540e-02
1.577431708574295044e-02
1.578593999147415161e-02
1.579736359417438507e-02
1.580859161913394928e-02
1.581963337957859039e-02
1.583049446344375610e-02
1.584118232131004333e-02
1.585170440375804901e-02
1.586206629872322083e-02
1.587227545678615570e-02
1.588233932852745056e-02
1.589226536452770233e-02
1.590205915272235870e-02
1.591172814369201660e-02
1.592127978801727295e-02
1.593071967363357544e-02
1.594005525112152100e-02
1.594929397106170654e-02
1.595843955874443054e-02
1.596750132739543915e-02
1.597648300230503082e-02
1.598539575934410095e-02
1.599423959851264954e-02
1.600302383303642273e-02
1.601175405085086823e-02
1.602043583989143372e-02
1.602907292544841766e-02
1.603767648339271545e-02
1.604624651372432709e-02
1.605479046702384949e-02
1.606331579387187958e-02
1.607182249426841736e-02
1.608032174408435822e-02
1.608881726861000061e-02
1.609731093049049377e-02
1.610581018030643463e-02
1.611432060599327087e-02
1.612284593284130096e-02
1.613139174878597260e-02
1.613996364176273346e-02
1.614856533706188202e-02
1.615720242261886597e-02
1.616587862372398376e-02
1.617460139095783234e-02
1.618337258696556091e-02
1.619219966232776642e-02
1.620108634233474731e-02
1.621003821492195129e-02
1.621906086802482605e-02
1.622815802693367004e-02
1.623733527958393097e-02
1.624659821391105652e-02
1.625595055520534515e-02
1.626540161669254303e-02
1.627495139837265015e-02
1.628460735082626343e-02
1.629437692463397980e-02
1.630426198244094849e-02
1.631426997482776642e-02
1.632440648972988129e-02
1.633467525243759155e-02
1.634508371353149414e-02
1.635563373565673828e-02
1.636633649468421936e-02
1.637719012796878815e-02
1.638820767402648926e-02
1.639938727021217346e-02
1.641074009239673615e-02
1.642226614058017731e-02
1.643397472798824310e-02
1.644586585462093353e-02
1.645794883370399475e-02
1.647022739052772522e-02
1.648270525038242340e-02
1.649538613855838776e-02
1.650827564299106598e-02
1.652137748897075653e-02
1.653469726443290710e-02
1.654823683202266693e-02
1.656199619174003601e-02
1.657598838210105896e-02
1.659020781517028809e-02
1.660465821623802185e-02
1.661934889853000641e-02
1.663427427411079407e-02
1.664944179356098175e-02
1.666484959423542023e-02
1.668050512671470642e-02
1.669640466570854187e-02
1.671255007386207581e-02
1.672894507646560669e-02
1.674558781087398529e-02
1.676248200237751007e-02
1.677962206304073334e-02
1.679701358079910278e-02
1.681465469300746918e-02
1.683254539966583252e-02
1.685068197548389435e-02
1.686906814575195312e-02
1.688770204782485962e-02
1.690657995641231537e-02
1.692570000886917114e-02
1.694506406784057617e-02
1.696466840803623199e-02
1.698451116681098938e-02
1.700459048151969910e-02
1.702490262687206268e-02
1.704544760286808014e-02
1.706621982157230377e-02
1.708722114562988281e-02
1.710844412446022034e-02
1.712989062070846558e-02
1.715155504643917084e-02
1.717343181371688843e-02
1.719552464783191681e-02
1.721782423555850983e-02
1.724033057689666748e-02
1.726303994655609131e-02
1.728594861924648285e-02
1.730905659496784210e-02
1.733235456049442291e-02
1.735584437847137451e-02
1.737951859831809998e-02
1.740337722003459930e-02
1.742741465568542480e-02
1.745162904262542725e-02
1.747601851820945740e-02
1.750057749450206757e-02
1.752530038356781006e-02
1.755018718540668488e-02
1.757523417472839355e-02
1.760043762624263763e-02
1.762579008936882019e-02
1.765129342675209045e-02
1.767694205045700073e-02
1.770273223519325256e-02
1.772865839302539825e-02
1.775471866130828857e-02
1.778090931475162506e-02
1.780722662806510925e-02
1.783366315066814423e-02
1.786021888256072998e-02
1.788688637316226959e-02
1.791366375982761383e-02
1.794054545462131500e-02
1.796752773225307465e-02
1.799460500478744507e-02
1.802176982164382935e-02
1.804902032017707825e-02
1.807635277509689331e-02
1.810375787317752838e-02
1.813123375177383423e-02
1.815877296030521393e-02
1.818636804819107056e-02
1.821401901543140411e-02
1.824171468615531921e-02
1.826944760978221893e-02
1.829721592366695404e-02
1.832501217722892761e-02
1.835282705724239349e-02
1.838065683841705322e-02
1.840849407017230988e-02
1.843633130192756653e-02
1.846416108310222626e-02
1.849197782576084137e-02
1.851977221667766571e-02
1.854753680527210236e-02
1.857526786625385284e-02
1.860295422375202179e-02
1.863058656454086304e-02
1.865816302597522736e-02
1.868567243218421936e-02
1.871310919523239136e-02
1.874046213924884796e-02
1.876772753894329071e-02
1.879489608108997345e-02
1.882195845246315002e-02
1.884890906512737274e-02
1.887574233114719391e-02
1.890244707465171814e-02
1.892901770770549774e-02
1.895544491708278656e-02
1.898172497749328613e-02
1.900784857571125031e-02
1.903380826115608215e-02
1.905960030853748322e-02
1.908521354198455811e-02
1.911064423620700836e-02
1.913588494062423706e-02
1.916092820465564728e-02
1.918577030301094055e-02
1.921040378510951996e-02
1.923482306301593781e-02
1.925902254879474640e-02
1.928299665451049805e-02
1.930673606693744659e-02
1.933024078607559204e-02
1.935350522398948669e-02
1.937652193009853363e-02
1.939928717911243439e-02
1.942179724574089050e-02
1.944404467940330505e-02
1.946602761745452881e-02
1.948774047195911407e-02
1.950917951762676239e-02
1.953034102916717529e-02
1.955121941864490509e-02
1.957181468605995178e-02
1.959211938083171844e-02
1.961213164031505585e-02
1.963184773921966553e-02
1.965126208961009979e-02
1.967037655413150787e-02
1.968918181955814362e-02
1.970767788589000702e-02
1.972586289048194885e-02
1.974373124539852142e-02
1.976127736270427704e-02
1.977850496768951416e-02
1.979540660977363586e-02
1.981198042631149292e-02
1.982822269201278687e-02
1.984413340687751770e-02
1.985970698297023773e-02
1.987494155764579773e-02
1.988983526825904846e-02
1.990438438951969147e-02
1.991858519613742828e-02
1.993243768811225891e-02
1.994593814015388489e-02
1.995908282697200775e-02
1.997187361121177673e-02
1.998430304229259491e-02
1.999637298285961151e-02
2.000807970762252808e-02
2.001941762864589691e-02
2.003039047122001648e-02
2.004099451005458832e-02
2.005122601985931396e-02
2.006108313798904419e-02
2.007056586444377899e-02
2.007967419922351837e-02
2.008840441703796387e-02
2.009675651788711548e-02
2.010472863912582397e-02
2.011231891810894012e-02
2.011952735483646393e-02
2.012635581195354462e-02
2.013280056416988373e-02
2.013886347413063049e-02
2.014454454183578491e-02
2.014984376728534698e-02
2.015475928783416748e-02
2.015929482877254486e-02
2.016344666481018066e-02
2.016722224652767181e-02
2.017061784863471985e-02
2.017363719642162323e-02
2.017628028988838196e-02
2.017855085432529449e-02
2.018045075237751007e-02
2.018197998404502869e-02
2.018314413726329803e-02
2.018394507467746735e-02
2.018438093364238739e-02
2.018446289002895355e-02
2.018418908119201660e-02
2.018356323242187500e-02
2.018259093165397644e-02
2.018127404153347015e-02
2.017961628735065460e-02
2.017762698233127594e-02
2.017530426383018494e-02
2.017265371978282928e-02
2.016968093812465668e-02
2.016639150679111481e-02
2.016279101371765137e-02
2.015888132154941559e-02
2.015466988086700439e-02
2.015016041696071625e-02
2.014536038041114807e-02
2.014027163386344910e-02
2.013490162789821625e-02
2.012925595045089722e-02
2.012333832681179047e-02
2.011715807020664215e-02
2.011071518063545227e-02
2.010402083396911621e-02
2.009707689285278320e-02
2.008989080786705017e-02
2.008246630430221558e-02
2.007481083273887634e-02
2.006692811846733093e-02
2.005882561206817627e-02
2.005050890147686005e-02
2.004198171198368073e-02
2.003325149416923523e-02
2.002432383596897125e-02
2.001520246267318726e-02
2.000589296221733093e-02
1.999640278518199921e-02
1.998673565685749054e-02
1.997689902782440186e-02
1.996689662337303162e-02
1.995673403143882751e-02
1.994641870260238647e-02
1.993595249950885773e-02
1.992534287273883820e-02
1.991459727287292480e-02
1.990371756255626678e-02
1.989270932972431183e-02
1.988158002495765686e-02
1.987033523619174957e-02
1.985898055136203766e-02
1.984752155840396881e-02
1.983596198260784149e-02
1.982430927455425262e-02
1.981256715953350067e-02
1.980074495077133179e-02
1.978884451091289520e-02
1.977687329053878784e-02
1.976483687758445740e-02
1.975274272263050079e-02
1.974059455096721649e-02
1.972839981317520142e-02
1.971616223454475403e-02
1.970389112830162048e-02
1.969159208238124847e-02
1.967927068471908569e-02
1.966693066060543060e-02
1.965457946062088013e-02
1.964222826063632965e-02
1.962987706065177917e-02
1.961753517389297485e-02
1.960520632565021515e-02
1.959290169179439545e-02
1.958062499761581421e-02
1.956837996840476990e-02
1.955617778003215790e-02
1.954402215778827667e-02
1.953192055225372314e-02
1.951987668871879578e-02
1.950790174305438995e-02
1.949599757790565491e-02
1.948417164385318756e-02
1.947243139147758484e-02
1.946078240871429443e-02
1.944922842085361481e-02
1.943777874112129211e-02
1.942643709480762482e-02
1.941520906984806061e-02
1.940410211682319641e-02
1.939311996102333069e-02
1.938226819038391113e-02
1.937155239284038544e-02
1.936097629368305206e-02
1.935054734349250793e-02
1.934026926755905151e-02
1.933014765381813049e-02
1.932018436491489410e-02
1.931038498878479004e-02
1.930075697600841522e-02
1.929130032658576965e-02
1.928202062845230103e-02
1.927291974425315857e-02
1.926400326192378998e-02
1.925527304410934448e-02
1.924673467874526978e-02
1.923839002847671509e-02
1.923024095594882965e-02
1.922229118645191193e-02
1.921454258263111115e-02
1.920699700713157654e-02
1.919966004788875580e-02
1.919252984225749969e-02
1.918561011552810669e-02
1.917890459299087524e-02
1.917240954935550690e-02
1.916613243520259857e-02
1.916007138788700104e-02
1.915423013269901276e-02
1.914860680699348450e-02
1.914320513606071472e-02
1.913802511990070343e-02
1.913306675851345062e-02
1.912833377718925476e-02
1.912382245063781738e-02
1.911953836679458618e-02
1.911547780036926270e-02
1.911164447665214539e-02
1.910803839564323425e-02
1.910465769469738007e-02
1.910150423645973206e-02
1.909857988357543945e-02
1.909588277339935303e-02
1.909341290593147278e-02
1.909117028117179871e-02
1.908915303647518158e-02
1.908736862242221832e-02
1.908580772578716278e-02
1.908447593450546265e-02
1.908337138593196869e-02
1.908249221742153168e-02
1.908184215426445007e-02
1.908141747117042542e-02
1.908121816813945770e-02
1.908124424517154694e-02
1.908149570226669312e-02
1.908197067677974701e-02
1.908266916871070862e-02
1.908358931541442871e-02
1.908473111689090729e-02
1.908609271049499512e-02
1.908767223358154297e-02
1.908947341144084930e-02
1.909148879349231720e-02
1.909372024238109589e-02
1.909616403281688690e-02
1.909882016479969025e-02
1.910168677568435669e-02
1.910476200282573700e-02
1.910804398357868195e-02
1.911152713000774384e-02
1.911521330475807190e-02
1.911909878253936768e-02
1.912318170070648193e-02
1.912745647132396698e-02
1.913192309439182281e-02
1.913657784461975098e-02
1.914141699671745300e-02
1.914643682539463043e-02
1.915163360536098480e-02
1.915700361132621765e-02
1.916254684329032898e-02
1.916825585067272186e-02
1.917412690818309784e-02
1.918015629053115845e-02
1.918634027242660522e-02
1.919267326593399048e-02
1.919915154576301575e-02
1.920576952397823334e-02
1.921252533793449402e-02
1.921941153705120087e-02
1.922642253339290619e-02
1.923355460166931152e-02
1.924080401659011841e-02
1.924816332757472992e-02
1.925562694668769836e-02
1.926319114863872528e-02
1.927085220813751221e-02
1.927860081195831299e-02
1.928643323481082916e-02
1.929434388875961304e-02
1.930232718586921692e-02
1.931037753820419312e-02
1.931849122047424316e-02
1.932666078209877014e-02
1.933488063514232635e-02
1.934314519166946411e-02
1.935144886374473572e-02
1.935978606343269348e-02
1.936815306544303894e-02
1.937654055655002594e-02
1.938494853675365448e-02
1.939336769282817841e-02
1.940179429948329926e-02
1.941022090613842010e-02
1.941864378750324249e-02
1.942705921828746796e-02
1.943545602262020111e-02
1.944383792579174042e-02
1.945219375193119049e-02
1.946051791310310364e-02
1.946880854666233063e-02
1.947706192731857300e-02
1.948526687920093536e-02
1.949342526495456696e-02
1.950152777135372162e-02
1.950957253575325012e-02
1.951755210757255554e-02
1.952546462416648865e-02
1.953330263495445251e-02
1.954106613993644714e-02
1.954874396324157715e-02
1.955633796751499176e-02
1.956383883953094482e-02
1.957124471664428711e-02
1.957855187356472015e-02
1.958575472235679626e-02
1.959284767508506775e-02
1.959982886910438538e-02
1.960669271647930145e-02
1.961343362927436829e-02
1.962004974484443665e-02
1.962653547525405884e-02
1.963288709521293640e-02
1.963910087943077087e-02
1.964516937732696533e-02
1.965109445154666901e-02
1.965686678886413574e-02
1.966248452663421631e-02
1.966794393956661224e-02
1.967323757708072662e-02
1.967836730182170868e-02
1.968332380056381226e-02
1.968810334801673889e-02
1.969270594418048859e-02
1.969712600111961365e-02
1.970135606825351715e-02
1.970539800822734833e-02
1.970924437046051025e-02
1.971288956701755524e-02
1.971633546054363251e-02
1.971957460045814514e-02
1.972260326147079468e-02
1.972541958093643188e-02
1.972801983356475830e-02
1.973040029406547546e-02
1.973255723714828491e-02
1.973448880016803741e-02
1.973619125783443451e-02
1.973765902221202850e-02
1.973889581859111786e-02
1.973989047110080719e-02
1.974064670503139496e-02
1.974115706980228424e-02
1.974142342805862427e-02
1.974144205451011658e-02
1.974120922386646271e-02
1.974072493612766266e-02
1.973998732864856720e-02
1.973899081349372864e-02
1.973773911595344543e-02
1.973622664809226990e-02
1.973445340991020203e-02
1.973241753876209259e-02
1.973012089729309082e-02
1.972755789756774902e-02
1.972473040223121643e-02
1.972163654863834381e-02
1.971827819943428040e-02
1.971464976668357849e-02
1.971075683832168579e-02
1.970659755170345306e-02
1.970217004418373108e-02
1.969747431576251984e-02
1.969251409173011780e-02
1.968728564679622650e-02
1.968179270625114441e-02
1.967603340744972229e-02
1.967000961303710938e-02
1.966372132301330566e-02
1.965717040002346039e-02
1.965035870671272278e-02
1.964328438043594360e-02
1.963595114648342133e-02
1.962836086750030518e-02
1.962051354348659515e-02
1.961241103708744049e-02
1.960405521094799042e-02
1.959544792771339417e-02
1.958658732473850250e-02
1.957748085260391235e-02
1.956813037395477295e-02
1.955853030085563660e-02
1.954869180917739868e-02
1.953861117362976074e-02
1.952829211950302124e-02
1.951773650944232941e-02
1.950694806873798370e-02
1.949592866003513336e-02
1.948467828333377838e-02
1.947320066392421722e-02
1.946149952709674835e-02
1.944957673549652100e-02
1.943743415176868439e-02
1.942507550120353699e-02
1.941250078380107880e-02
1.939971558749675751e-02
1.938672177493572235e-02
1.937351934611797333e-02
1.936011575162410736e-02
1.934651099145412445e-02
1.933270692825317383e-02
1.931871101260185242e-02
1.930452138185501099e-02
1.929014176130294800e-02
1.927557773888111115e-02
1.926082931458950043e-02
1.924590393900871277e-02
1.923080161213874817e-02
1.921552605926990509e-02
1.920007914304733276e-02
1.918447017669677734e-02
1.916869357228279114e-02
1.915276236832141876e-02
1.913667283952236176e-02
1.912043243646621704e-02
1.910404302179813385e-02
1.908751018345355988e-02
1.907083578407764435e-02
1.905402541160583496e-02
1.903708279132843018e-02
1.902000978589057922e-02
1.900281198322772980e-02
1.898549683392047882e-02
1.896806247532367706e-02
1.895051635801792145e-02
1.893286406993865967e-02
1.891510747373104095e-02
1.889725215733051300e-02
1.887930370867252350e-02
1.886126399040222168e-02
1.884313859045505524e-02
1.882493495941162109e-02
1.880665309727191925e-02
1.878829859197139740e-02
1.876988075673580170e-02
1.875139772891998291e-02
1.873286068439483643e-02
1.871426776051521301e-02
1.869562827050685883e-02
1.867694780230522156e-02
1.865822635591030121e-02
1.863947138190269470e-02
1.862068846821784973e-02
1.860187947750091553e-02
1.858305372297763824e-02
1.856421306729316711e-02
1.854536123573780060e-02
1.852650567889213562e-02
1.850764825940132141e-02
1.848879456520080566e-02
1.846995018422603607e-02
1.845111884176731110e-02
1.843230426311492920e-02
1.841351203620433807e-02
1.839474402368068695e-02
1.837600953876972198e-02
1.835730858147144318e-02
1.833864673972129822e-02
1.832002773880958557e-02
1.830145530402660370e-02
1.828293502330780029e-02
1.826446875929832458e-02
1.824606209993362427e-02
1.822771690785884857e-02
1.820943877100944519e-02
1.819123141467571259e-02
1.817309483885765076e-02
1.815503835678100586e-02
1.813706196844577789e-02
1.811916753649711609e-02
1.810136251151561737e-02
1.808364689350128174e-02
1.806602440774440765e-02
1.804850064218044281e-02
1.803107373416423798e-02
1.801374927163124084e-02
1.799653097987174988e-02
1.797942258417606354e-02
1.796242222189903259e-02
1.794553734362125397e-02
1.792876794934272766e-02
1.791211590170860291e-02
1.789558678865432739e-02
1.787918061017990112e-02
1.786290109157562256e-02
1.784674823284149170e-02
1.783072762191295624e-02
1.781483925879001617e-02
1.779908500611782074e-02
1.778346858918666840e-02
1.776799000799655914e-02
1.775265298783779144e-02
1.773745752871036530e-02
1.772240921854972839e-02
1.770750619471073151e-02
1.769275031983852386e-02
1.767814531922340393e-02
1.766369305551052094e-02
1.764939352869987488e-02
1.763524673879146576e-02
1.762125827372074127e-02
1.760742627084255219e-02
1.759375445544719696e-02
1.758024096488952637e-02
1.756689138710498810e-02
1.755370199680328369e-02
1.754067838191986084e-02
1.752781867980957031e-02
1.751512661576271057e-02
1.750259846448898315e-02
1.749023981392383575e-02
1.747804880142211914e-02
1.746602728962898254e-02
1.745417527854442596e-02
1.744249276816844940e-02
1.743098162114620209e-02
1.741963997483253479e-02
1.740847155451774597e-02
1.739747263491153717e-02
1.738664694130420685e-02
1.737599261105060577e-02
1.736550778150558472e-02
1.735519617795944214e-02
1.734505593776702881e-02
1.733508706092834473e-02
1.732528768479824066e-02
1.731565780937671661e-02
1.730619743466377258e-02
1.729690656065940857e-02
1.728778146207332611e-02
1.727882586419582367e-02
1.727003417909145355e-02
1.726140640676021576e-02
1.725294254720211029e-02
1.724464260041713715e-02
1.723650284111499786e-02
1.722852140665054321e-02
1.722069829702377319e-02
1.721303164958953857e-02
1.720551960170269012e-02
1.719816029071807861e-02
1.719095185399055481e-02
1.718389242887496948e-02
1.717697829008102417e-02
1.717021130025386810e-02
1.716358400881290436e-02
1.715709827840328217e-02
1.715075038373470306e-02
1.714453846216201782e-02
1.713845878839492798e-02
1.713250949978828430e-02
1.712668873369693756e-02
1.712099276483058929e-02
1.711541973054409027e-02
1.710996590554714203e-02
1.710462942719459534e-02
1.709940657019615173e-02
1.709429733455181122e-02
1.708929426968097687e-02
1.708439737558364868e-02
1.707960292696952820e-02
1.707490906119346619e-02
1.707031205296516418e-02
1.706580817699432373e-02
1.706139370799064636e-02
1.705706678330898285e-02
1.705282554030418396e-02
1.704866252839565277e-02
1.704458147287368774e-02
1.704057306051254272e-02
1.703663729131221771e-02
1.703277043998241425e-02
1.702896878123283386e-02
1.702522858977317810e-02
1.702154800295829773e-02
1.701792515814304352e-02
1.701435446739196777e-02
1.701083220541477203e-02
1.700735650956630707e-02
1.700392365455627441e-02
1.700053364038467407e-02
1.699717901647090912e-02
1.699385792016983032e-02
1.699056848883628845e-02
1.698730513453483582e-02
1.698406785726547241e-02
1.698084920644760132e-02
1.697764918208122253e-02
1.697446592152118683e-02
1.697129197418689728e-02
1.696812734007835388e-02
1.696496829390525818e-02
1.696181111037731171e-02
1.695865392684936523e-02
1.695549115538597107e-02
1.695231907069683075e-02
1.694913767278194427e-02
1.694594323635101318e-02
1.694273203611373901e-02
1.693950034677982330e-02
1.693624444305896759e-02
1.693296059966087341e-02
1.692964881658554077e-02
1.692630350589752197e-02
1.692292280495166779e-02
1.691950112581253052e-02
1.691603660583496094e-02
1.691252738237380981e-02
1.690896973013877869e-02
1.690535806119441986e-02
1.690169237554073334e-02
1.689796708524227142e-02
1.689418219029903412e-02
1.689033024013042450e-02
1.688641309738159180e-02
1.688242144882678986e-02
1.687835901975631714e-02
1.687421835958957672e-02
1.686999760568141937e-02
1.686569303274154663e-02
1.686130277812480927e-02
1.685682311654090881e-02
1.685225218534469604e-02
1.684758439660072327e-02
1.684282161295413971e-02
1.683795638382434845e-02
1.683298684656620026e-02
1.682791486382484436e-02
1.682273112237453461e-02
1.681743748486042023e-02
1.681203022599220276e-02
1.680650748312473297e-02
1.680086366832256317e-02
1.679510064423084259e-02
1.678921282291412354e-02
1.678320020437240601e-02
1.677706092596054077e-02
1.677078939974308014e-02
1.676438748836517334e-02
1.675785332918167114e-02
1.675118133425712585e-02
1.674437150359153748e-02
1.673742383718490601e-02
1.673033460974693298e-02
1.672310382127761841e-02
1.671572774648666382e-02
1.670820824801921844e-02
1.670053973793983459e-02
1.669272594153881073e-02
1.668476127088069916e-02
1.667664572596549988e-02
1.666838116943836212e-02
1.665996387600898743e-02
1.665139384567737579e-02
1.664267107844352722e-02
1.663379184901714325e-02
1.662475802004337311e-02
1.661556959152221680e-02
1.660622656345367432e-02
1.659672707319259644e-02
1.658706925809383392e-02
1.657725498080253601e-02
1.656728237867355347e-02
1.655715517699718475e-02
1.654686778783798218e-02
1.653642579913139343e-02
1.652582548558712006e-02
1.651506684720516205e-02
1.650415360927581787e-02
1.649308204650878906e-02
1.648185215890407562e-02
1.647046767175197601e-02
1.645892672240734100e-02
1.644722931087017059e-02
1.643537916243076324e-02
1.642337255179882050e-02
1.641121134161949158e-02
1.639889925718307495e-02
1.638643071055412292e-02
1.637381128966808319e-02
1.636103913187980652e-02
1.634811609983444214e-02
1.633504405617713928e-02
1.632182113826274872e-02
1.630844920873641968e-02
1.629493013024330139e-02
1.628126204013824463e-02
1.626745052635669708e-02
1.625349186360836029e-02
1.623938977718353271e-02
1.622514426708221436e-02
1.621075533330440521e-02
1.619622483849525452e-02
1.618155650794506073e-02
1.616674661636352539e-02
1.615180075168609619e-02
1.613671891391277313e-02
1.612150110304355621e-02
1.610614918172359467e-02
1.609066501259803772e-02
1.607504859566688538e-02
1.605930551886558533e-02
1.604343205690383911e-02
1.602743379771709442e-02
1.601130887866020203e-02
1.599506288766860962e-02
1.597869396209716797e-02
1.596220582723617554e-02
1.594560034573078156e-02
1.592887938022613525e-02
1.591204479336738586e-02
1.589509658515453339e-02
1.587804034352302551e-02
1.586087606847286224e-02
1.584360562264919281e-02
1.582623273134231567e-02
1.580876111984252930e-02
1.579118892550468445e-02
1.577351987361907959e-02
1.575575768947601318e-02
1.573790423572063446e-02
1.571996323764324188e-02
1.570193655788898468e-02
1.568382605910301208e-02
1.566563546657562256e-02
1.564736664295196533e-02
1.562902331352233887e-02
1.561060640960931778e-02
1.559212151914834976e-02
1.557357050478458405e-02
1.555495522916316986e-02
1.553627848625183105e-02
1.551754400134086609e-02
1.549875736236572266e-02
1.547991670668125153e-02
1.546102669090032578e-02
1.544209197163581848e-02
1.542311441153287888e-02
1.540409773588180542e-02
1.538504287600517273e-02
1.536595541983842850e-02
1.534683629870414734e-02
1.532768830657005310e-02
1.530851703137159348e-02
1.528932247310876846e-02
1.527010928839445114e-02
1.525087933987379074e-02
1.523163635283708572e-02
1.521238312125205994e-02
1.519312057644128799e-02
1.517385337501764297e-02
1.515458524227142334e-02
1.513531431555747986e-02
1.511604897677898407e-02
1.509678829461336136e-02
1.507753506302833557e-02
1.505829207599163055e-02
1.503906212747097015e-02
1.501984894275665283e-02
1.500065252184867859e-02
1.498147472739219666e-02
1.496232300996780396e-02
1.494319271296262741e-02
1.492409035563468933e-02
1.490501873195171356e-02
1.488597784191370010e-02
1.486696954816579819e-02
1.484799757599830627e-02
1.482906285673379898e-02
1.481016818434000015e-02
1.479131542146205902e-02
1.477250736206769943e-02
1.475374400615692139e-02
1.473502814769744873e-02
1.471636164933443069e-02
1.469774730503559113e-02
1.467918697744607925e-02
1.466068159788846970e-02
1.464223302900791168e-02
1.462384406477212906e-02
1.460551470518112183e-02
1.458724960684776306e-02
1.456904783844947815e-02
1.455091219395399094e-02
1.453284546732902527e-02
1.451484858989715576e-02
1.449692342430353165e-02
1.447907090187072754e-02
1.446129474788904190e-02
1.444359496235847473e-02
1.442597340792417526e-02
1.440843380987644196e-02
1.439097523689270020e-02
1.437359955161809921e-02
1.435631047934293747e-02
1.433910895138978958e-02
1.432199683040380478e-02
1.430497318506240845e-02
1.428804267197847366e-02
1.427120529115200043e-02
1.425446383655071259e-02
1.423781830817461014e-02
1.422127056866884232e-02
1.420482341200113297e-02
1.418847683817148209e-02
1.417223457247018814e-02
1.415609382092952728e-02
1.414005737751722336e-02
1.412412803620100021e-02
1.410830672830343246e-02
1.409259252250194550e-02
1.407698914408683777e-02
1.406149566173553467e-02
1.404611207544803619e-02
1.403084211051464081e-02
1.401568483561277390e-02
1.400064118206501007e-02
1.398571114987134933e-02
1.397089567035436630e-02
1.395619660615921021e-02
1.394161209464073181e-02
1.392714492976665497e-02
1.391279324889183044e-02
1.389855705201625824e-02
1.388443913310766220e-02
1.387043576687574387e-02
1.385655067861080170e-02
1.384278107434511185e-02
1.382912695407867432e-02
1.381558831781148911e-02
1.380216702818870544e-02
1.378885842859745026e-02
1.377566438168287277e-02
1.376258581876754761e-02
1.374961994588375092e-02
1.373676490038633347e-02
1.372402347624301910e-02
1.371139194816350937e-02
1.369887124747037888e-02
1.368646044284105301e-02
1.367415580898523331e-02
1.366195920854806900e-02
1.364986971020698547e-02
1.363788451999425888e-02
1.362600456923246384e-02
1.361422613263130188e-02
1.360255014151334763e-02
1.359097473323345184e-02
1.357949804514646530e-02
1.356811914592981339e-02
1.355683803558349609e-02
1.354565285146236420e-02
1.353456266224384308e-02
1.352356467396020889e-02
1.351265981793403625e-02
1.350184436887502670e-02
1.349111832678318024e-02
1.348048076033592224e-02
1.346993166953325272e-02
1.345946732908487320e-02
1.344908587634563446e-02
1.343879010528326035e-02
1.342857442796230316e-02
1.341844070702791214e-02
1.340838707983493805e-02
1.339840982109308243e-02
1.338851079344749451e-02
1.337868627160787582e-02
1.336893811821937561e-02
1.335926260799169540e-02
1.334965880960226059e-02
1.334012579172849655e-02
1.333066169172525406e-02
1.332126744091510773e-02
1.331193931400775909e-02
1.330267731100320816e-02
1.329347956925630569e-02
1.328434515744447708e-02
1.327527128159999847e-02
1.326625980436801910e-02
1.325730606913566589e-02
1.324840821325778961e-02
1.323956809937953949e-02
1.323078293353319168e-02
1.322204899042844772e-02
1.321336813271045685e-02
1.320473477244377136e-02
1.319615170359611511e-02
1.318761426955461502e-02
1.317912153899669647e-02
1.317067164927721024e-02
1.316226273775100708e-02
1.315389294177293777e-02
1.314556039869785309e-02
1.313726417720317841e-02
1.312900055199861526e-02
1.312076859176158905e-02
1.311256550252437592e-02
1.310439035296440125e-02
1.309624034911394119e-02
1.308811362832784653e-02
1.308000739663839340e-02
1.307191979140043259e-02
1.306384894996881485e-02
1.305579207837581635e-02
1.304774638265371323e-02
1.303971186280250549e-02
1.303168386220932007e-02
1.302366144955158234e-02
1.301564183086156845e-02
1.300762221217155457e-02
1.299960166215896606e-02
1.299157645553350449e-02
1.298354566097259521e-02
1.297550648450851440e-02
1.296745613217353821e-02
1.295939367264509201e-02
1.295131631195545197e-02
1.294322125613689423e-02
1.293510757386684418e-02
1.292697247117757797e-02
1.291881408542394638e-02
1.291063055396080017e-02
1.290242001414299011e-02
1.289418060332536697e-02
1.288591139018535614e-02
1.287760864943265915e-02
1.286927238106727600e-02
1.286089979112148285e-02
1.285249087959527969e-02
1.284404285252094269e-02
1.283555477857589722e-02
1.282702479511499405e-02
1.281845197081565857e-02
1.280983351171016693e-02
1.280117128044366837e-02
1.279246248304843903e-02
1.278370432555675507e-02
1.277489867061376572e-02
1.276604272425174713e-02
1.275713648647069931e-02
1.274817809462547302e-02
1.273916661739349365e-02
1.273010298609733582e-02
1.272098440676927567e-02
1.271181181073188782e-02
1.270258240401744843e-02
1.269329711794853210e-02
1.268395595252513885e-02
1.267455611377954483e-02
1.266509760171175003e-02
1.265558041632175446e-02
1.264600455760955811e-02
1.263636723160743713e-02
1.262667123228311539e-02
1.261691376566886902e-02
1.260709296911954880e-02
1.259721163660287857e-02
1.258726697415113449e-02
1.257725898176431656e-02
1.256718672811985016e-02
1.255705021321773529e-02
1.254684850573539734e-02
1.253658160567283630e-02
1.252624858170747757e-02
1.251584943383932114e-02
1.250538229942321777e-02
1.249484717845916748e-02
1.248424313962459564e-02
1.247357111424207687e-02
1.246282923966646194e-02
1.245201658457517624e-02
1.244113221764564514e-02
1.243017800152301788e-02
1.241915114223957062e-02
1.240805163979530334e-02
1.239687763154506683e-02
1.238563191145658493e-02
1.237431075423955917e-02
1.236291509121656418e-02
1.235144399106502533e-02
1.233989838510751724e-02
1.232827547937631607e-02
1.231657713651657104e-02
1.230480056256055832e-02
1.229294668883085251e-02
1.228101644665002823e-02
1.226900797337293625e-02
1.225692126899957657e-02
1.224475726485252380e-02
1.223251596093177795e-02
1.222019549459218979e-02
1.220779679715633392e-02
1.219532173126935959e-02
1.218276843428611755e-02
1.217013690620660782e-02
1.215742900967597961e-02
1.214464381337165833e-02
1.213178317993879318e-02
1.211884617805480957e-02
1.210583467036485672e-02
1.209274865686893463e-02
1.207958813756704330e-02
1.206635590642690659e-02
1.205305103212594986e-02
1.203967444598674774e-02
1.202622801065444946e-02
1.201271358877420425e-02
1.199913024902343750e-02
1.198547985404729843e-02
1.197176426649093628e-02
1.195798348635435104e-02
1.194414123892784119e-02
1.193023566156625748e-02
1.191627141088247299e-02
1.190224662423133850e-02
1.188816502690315247e-02
1.187402661889791489e-02
1.185983512550592422e-02
1.184558868408203125e-02
1.183129195123910904e-02
1.181694492697715759e-02
1.180254947394132614e-02
1.178810745477676392e-02
1.177361886948347092e-02
1.175908651202917099e-02
1.174451224505901337e-02
1.172989606857299805e-02
1.171524077653884888e-02
1.170054730027914047e-02
1.168581750243902206e-02
1.167105231434106827e-02
1.165625266730785370e-02
1.164142135530710220e-02
1.162655744701623917e-02
1.161166466772556305e-02
1.159674301743507385e-02
1.158179342746734619e-02
1.156681776046752930e-02
1.155181694775819778e-02
1.153679098933935165e-02
1.152174267917871475e-02
1.150667201727628708e-02
1.149158086627721786e-02
1.147646922618150711e-02
1.146133989095687866e-02
1.144619099795818329e-02
1.143102534115314484e-02
1.141584385186433792e-02
1.140064653009176254e-02
1.138543523848056793e-02
1.137020997703075409e-02
1.135497260838747025e-02
1.133972313255071640e-02
1.132446248084306717e-02
1.130919251590967178e-02
1.129391323775053024e-02
1.127862557768821716e-02
1.126332953572273254e-02
1.124802790582180023e-02
1.123272161930799484e-02
1.121741067618131638e-02
1.120209600776433945e-02
1.118677947670221329e-02
1.117146015167236328e-02
1.115614175796508789e-02
1.114082429558038712e-02
1.112550869584083557e-02
1.111019682139158249e-02
1.109488867223262787e-02
1.107958704233169556e-02
1.106429286301136017e-02
1.104900706559419632e-02
1.103373058140277863e-02
1.101846527308225632e-02
1.100321393460035324e-02
1.098797656595706940e-02
1.097275409847497940e-02
1.095755025744438171e-02
1.094236411154270172e-02
1.092719938606023788e-02
1.091205701231956482e-02
1.089693792164325714e-02
1.088184490799903870e-02
1.086677797138690948e-02
1.085173990577459335e-02
1.083673257380723953e-02
1.082175783812999725e-02
1.080681569874286652e-02
1.079190894961357117e-02
1.077703945338726044e-02
1.076220814138650894e-02
1.074741594493389130e-02
1.073266565799713135e-02
1.071795914322137833e-02
1.070329640060663223e-02
1.068867929279804230e-02
1.067410875111818314e-02
1.065958663821220398e-02
1.064511388540267944e-02
1.063069235533475876e-02
1.061632204800844193e-02
1.060200482606887817e-02
1.058774162083864212e-02
1.057353243231773376e-02
1.055937819182872772e-02
1.054528169333934784e-02
1.053124107420444489e-02
1.051725819706916809e-02
1.050333213061094284e-02
1.048946660012006760e-02
1.047565788030624390e-02
1.046191062778234482e-02
1.044822204858064651e-02
1.043459214270114899e-02
1.042102277278900146e-02
1.040751487016677856e-02
1.039406470954418182e-02
1.038067601621150970e-02
1.036734692752361298e-02
1.035407651215791702e-02
1.034086756408214569e-02
1.032771728932857513e-02
1.031462568789720535e-02
1.030159369111061096e-02
1.028862129896879196e-02
1.027570664882659912e-02
1.026284974068403244e-02
1.025005150586366653e-02
1.023731101304292679e-02
1.022462733089923859e-02
1.021200045943260193e-02
1.019943132996559143e-02
1.018691714853048325e-02
1.017446070909500122e-02
1.016205921769142151e-02
1.014971453696489334e-02
1.013742480427026749e-02
1.012519001960754395e-02
1.011301018297672272e-02
1.010088622570037842e-02
1.008881721645593643e-02
1.007680315524339676e-02
1.006484404206275940e-02
1.005293987691402435e-02
1.004109065979719162e-02
1.002929639071226120e-02
1.001755800098180771e-02
1.000587455928325653e-02
9.994246065616607666e-03
9.982674382627010345e-03
9.971157647669315338e-03
9.959696792066097260e-03
9.948292747139930725e-03
9.936945512890815735e-03
9.925655089318752289e-03
9.914420545101165771e-03
9.903244674205780029e-03
9.892125613987445831e-03
9.881064295768737793e-03
9.870061650872230530e-03
9.859115816652774811e-03
9.848229587078094482e-03
9.837400168180465698e-03
9.826630353927612305e-03
9.815918281674385071e-03
9.805264882743358612e-03
9.794670157134532928e-03
9.784134104847908020e-03
9.773655794560909271e-03
9.763235226273536682e-03
9.752872399985790253e-03
9.742566384375095367e-03
9.732318110764026642e-03
9.722125716507434845e-03
9.711989201605319977e-03
9.701908566057682037e-03
9.691881015896797180e-03
9.681908413767814636e-03
9.671987965703010559e-03
9.662119671702384949e-03
9.652302600443363190e-03
9.642534889280796051e-03
9.632815606892108917e-03
9.623143821954727173e-03
9.613519534468650818e-03
9.603939019143581390e-03
9.594403207302093506e-03
9.584909304976463318e-03
9.575455449521541595e-03
9.566041640937328339e-03
9.556665085256099701e-03
9.547324851155281067e-03
9.538020007312297821e-03
9.528747759759426117e-03
9.519506245851516724e-03
9.510296396911144257e-03
9.501113556325435638e-03
9.491957724094390869e-03
9.482827037572860718e-03
9.473720565438270569e-03
9.464635513722896576e-03
9.455570951104164124e-03
9.446526877582073212e-03
9.437499567866325378e-03
9.428489021956920624e-03
9.419493377208709717e-03
9.410510770976543427e-03
9.401542134582996368e-03
9.392584674060344696e-03
9.383637458086013794e-03
9.374700486660003662e-03
9.365770965814590454e-03
9.356848895549774170e-03
9.347934275865554810e-03
9.339025244116783142e-03
9.330121800303459167e-03
9.321223013103008270e-03
9.312327951192855835e-03
9.303437545895576477e-03
9.294549934566020966e-03
9.285665117204189301e-03
9.276783093810081482e-03
9.267902933061122894e-03
9.259025566279888153e-03
9.250150062143802643e-03
9.241275489330291748e-03
9.232403710484504700e-03
9.223532862961292267e-03
9.214663878083229065e-03
9.205795824527740479e-03
9.196929633617401123e-03
9.188063442707061768e-03
9.179200045764446259e-03
9.170336648821830750e-03
9.161474183201789856e-03
9.152612648904323578e-03
9.143752045929431915e-03
9.134891442954540253e-03
9.126031771302223206e-03
9.117171168327331543e-03
9.108311496675014496e-03
9.099450893700122833e-03
9.090588428080081940e-03
9.081724099814891815e-03
9.072857908904552460e-03
9.063989855349063873e-03
9.055117145180702209e-03
9.046239778399467468e-03
9.037358686327934265e-03
9.028471074998378754e-03
9.019576013088226318e-03
9.010674431920051575e-03
9.001763537526130676e-03
8.992841467261314392e-03
8.983910083770751953e-03
8.974965661764144897e-03
8.966008201241493225e-03
8.957034908235073090e-03
8.948045782744884491e-03
8.939040824770927429e-03
8.930016309022903442e-03
8.920970372855663300e-03
8.911904878914356232e-03
8.902815170586109161e-03
8.893702179193496704e-03
8.884563110768795013e-03
8.875397965312004089e-03
8.866204880177974701e-03
8.856981992721557617e-03
8.847728371620178223e-03
8.838443085551261902e-03
8.829126134514808655e-03
8.819774724543094635e-03
8.810389786958694458e-03
8.800968527793884277e-03
8.791510015726089478e-03
8.782016113400459290e-03
8.772484026849269867e-03
8.762912824749946594e-03
8.753305301070213318e-03
8.743656799197196960e-03
8.733970113098621368e-03
8.724243380129337311e-03
8.714478462934494019e-03
8.704673498868942261e-03
8.694830350577831268e-03
8.684948086738586426e-03
8.675026707351207733e-03
8.665069006383419037e-03
8.655072189867496490e-03
8.645039051771163940e-03
8.634970523416996002e-03
8.624865673482418060e-03
8.614727295935153961e-03
8.604554459452629089e-03
8.594349958002567291e-03
8.584112860262393951e-03
8.573845028877258301e-03
8.563548326492309570e-03
8.553221821784973145e-03
8.542869240045547485e-03
8.532488718628883362e-03
8.522084914147853851e-03
8.511655963957309723e-03
8.501202799379825592e-03
8.490729145705699921e-03
8.480233140289783478e-03
8.469716645777225494e-03
8.459181524813175201e-03
8.448628708720207214e-03
8.438056334853172302e-03
8.427468128502368927e-03
8.416863158345222473e-03
8.406241424381732941e-03
8.395605720579624176e-03
8.384955115616321564e-03
8.374289609491825104e-03
8.363609202206134796e-03
8.352914825081825256e-03
8.342206478118896484e-03
8.331484161317348480e-03
8.320747874677181244e-03
8.309996686875820160e-03
8.299230597913265228e-03
8.288450539112091064e-03
8.277654647827148438e-03
8.266843855381011963e-03
8.256016299128532410e-03
8.245172910392284393e-03
8.234311826527118683e-03
8.223432116210460663e-03
8.212535642087459564e-03
8.201619610190391541e-03
8.190683089196681976e-03
8.179727010428905487e-03
8.168750442564487457e-03
8.157752454280853271e-03
8.146733045578002930e-03
8.135691285133361816e-03
8.124626241624355316e-03
8.113537915050983429e-03
8.102426305413246155e-03
8.091290481388568878e-03
8.080130442976951599e-03
8.068947121500968933e-03
8.057738654315471649e-03
8.046507835388183594e-03
8.035251870751380920e-03
8.023971691727638245e-03
8.012670092284679413e-03
8.001344278454780579e-03
7.989997044205665588e-03
7.978628389537334442e-03
7.967241108417510986e-03
7.955832406878471375e-03
7.944405078887939453e-03
7.932960987091064453e-03
7.921501062810420990e-03
7.910025306046009064e-03
7.898537442088127136e-03
7.887037470936775208e-03
7.875526323914527893e-03
7.864007726311683655e-03
7.852482609450817108e-03
7.840951904654502869e-03
7.829418405890464783e-03
7.817883044481277466e-03
7.806347683072090149e-03
7.794815581291913986e-03
7.783287204802036285e-03
7.771764416247606277e-03
7.760250009596347809e-03
7.748745381832122803e-03
7.737251464277505875e-03
7.725771516561508179e-03
7.714306470006704330e-03
7.702857721596956253e-03
7.691426202654838562e-03
7.680014241486787796e-03
7.668624166399240494e-03
7.657254580408334732e-03
7.645908277481794357e-03
7.634586188942193985e-03
7.623288780450820923e-03
7.612017914652824402e-03
7.600772194564342499e-03
7.589553948491811752e-03
7.578362710773944855e-03
7.567198481410741806e-03
7.556063123047351837e-03
7.544955238699913025e-03
7.533874362707138062e-03
7.522821426391601562e-03
7.511795498430728912e-03
7.500796578824520111e-03
7.489824201911687851e-03
7.478876505047082901e-03
7.467954885214567184e-03
7.457057945430278778e-03
7.446183357387781143e-03
7.435332983732223511e-03
7.424504030495882034e-03
7.413696032017469406e-03
7.402908056974411011e-03
7.392140105366706848e-03
7.381389848887920380e-03
7.370657753199338913e-03
7.359942421317100525e-03
7.349242921918630600e-03
7.338558323681354523e-03
7.327888160943984985e-03
7.317232899367809296e-03
7.306589744985103607e-03
7.295960094779729843e-03
7.285343017429113388e-03
7.274737581610679626e-03
7.264145184308290482e-03
7.253564894199371338e-03
7.242996711283922195e-03
7.232440169900655746e-03
7.221897132694721222e-03
7.211367599666118622e-03
7.200852036476135254e-03
7.190350443124771118e-03
7.179864216595888138e-03
7.169394288212060928e-03
7.158941589295864105e-03
7.148507051169872284e-03
7.138092070817947388e-03
7.127698510885238647e-03
7.117326837033033371e-03
7.106979843229055405e-03
7.096657995134592056e-03
7.086362689733505249e-03
7.076096255332231522e-03
7.065859157592058182e-03
7.055655587464570999e-03
7.045484613627195358e-03
7.035349030047655106e-03
7.025250233709812164e-03
7.015189621597528458e-03
7.005169522017240524e-03
6.995190866291522980e-03
6.985255051404237747e-03
6.975364405661821365e-03
6.965517997741699219e-03
6.955718621611595154e-03
6.945967674255371094e-03
6.936265155673027039e-03
6.926611997187137604e-03
6.917008198797702789e-03
6.907455623149871826e-03
6.897953338921070099e-03
6.888503208756446838e-03
6.879103370010852814e-03
6.869754754006862640e-03
6.860456895083189011e-03
6.851209793239831924e-03
6.842012051492929459e-03
6.832864135503768921e-03
6.823763716965913773e-03
6.814710330218076706e-03
6.805703509598970413e-03
6.796741392463445663e-03
6.787822116166353226e-03
6.778945680707693100e-03
6.770108826458454132e-03
6.761312019079923630e-03
6.752550601959228516e-03
6.743825972080230713e-03
6.735134404152631760e-03
6.726474035531282425e-03
6.717843469232320786e-03
6.709241308271884918e-03
6.700664758682250977e-03
6.692112889140844345e-03
6.683583371341228485e-03
6.675074808299541473e-03
6.666585337370634079e-03
6.658113095909357071e-03
6.649657152593135834e-03
6.641215644776821136e-03
6.632788106799125671e-03
6.624372676014900208e-03
6.615968886762857437e-03
6.607574410736560822e-03
6.599190644919872284e-03
6.590816192328929901e-03
6.582449655979871750e-03
6.574091967195272446e-03
6.565742660313844681e-03
6.557401269674301147e-03
6.549068726599216461e-03
6.540744565427303314e-03
6.532430183142423630e-03
6.524125579744577408e-03
6.515831686556339264e-03
6.507549434900283813e-03
6.499279290437698364e-03
6.491022650152444839e-03
6.482780911028385162e-03
6.474555470049381256e-03
6.466346792876720428e-03
6.458156742155551910e-03
6.449987180531024933e-03
6.441839039325714111e-03
6.433713715523481369e-03
6.425613071769475937e-03
6.417537573724985123e-03
6.409489549696445465e-03
6.401469931006431580e-03
6.393480114638805389e-03
6.385520566254854202e-03
6.377593614161014557e-03
6.369699258357286453e-03
6.361838895827531815e-03
6.354012992233037949e-03
6.346222013235092163e-03
6.338466890156269073e-03
6.330747622996568680e-03
6.323063746094703674e-03
6.315415725111961365e-03
6.307803560048341751e-03
6.300226785242557526e-03
6.292684469372034073e-03
6.285176146775484085e-03
6.277700886130332947e-03
6.270257290452718735e-03
6.262843962758779526e-03
6.255460903048515320e-03
6.248104386031627655e-03
6.240774877369403839e-03
6.233468651771545410e-03
6.226185243576765060e-03
6.218921393156051636e-03
6.211676169186830521e-03
6.204446312040090561e-03
6.197229959070682526e-03
6.190025247633457184e-03
6.182828452438116074e-03
6.175638642162084579e-03
6.168453022837638855e-03
6.161269266158342361e-03
6.154084112495183945e-03
6.146896164864301682e-03
6.139703560620546341e-03
6.132503505796194077e-03
6.125294137746095657e-03
6.118074059486389160e-03
6.110840477049350739e-03
6.103592459112405777e-03
6.096328143030405045e-03
6.089047063142061234e-03
6.081746891140937805e-03
6.074427627027034760e-03
6.067087873816490173e-03
6.059727165848016739e-03
6.052345503121614456e-03
6.044941954314708710e-03
6.037516985088586807e-03
6.030071061104536057e-03
6.022603251039981842e-03
6.015115883201360703e-03
6.007608491927385330e-03
6.000082474201917648e-03
5.992538295686244965e-03
5.984977819025516510e-03
5.977402441203594208e-03
5.969812627881765366e-03
5.962211638689041138e-03
5.954599473625421524e-03
5.946978926658630371e-03
5.939350929111242294e-03
5.931718740612268448e-03
5.924082826822996140e-03
5.916445981711149216e-03
5.908810067921876907e-03
5.901176482439041138e-03
5.893547087907791138e-03
5.885924212634563446e-03
5.878309253603219986e-03
5.870703142136335373e-03
5.863108672201633453e-03
5.855526309460401535e-03
5.847957450896501541e-03
5.840403027832508087e-03
5.832864437252283096e-03
5.825341213494539261e-03
5.817835684865713120e-03
5.810346920043230057e-03
5.802875850349664688e-03
5.795421544462442398e-03
5.787984468042850494e-03
5.780564621090888977e-03
5.773160606622695923e-03
5.765771027654409409e-03
5.758396349847316742e-03
5.751034710556268692e-03
5.743685178458690643e-03
5.736345425248146057e-03
5.729014519602060318e-03
5.721690133213996887e-03
5.714370403438806534e-03
5.707053467631340027e-03
5.699737463146448135e-03
5.692420061677694321e-03
5.685098469257354736e-03
5.677770357578992844e-03
5.670434329658746719e-03
5.663087591528892517e-03
5.655727814882993698e-03
5.648352205753326416e-03
5.640958901494741440e-03
5.633546039462089539e-03
5.626111291348934174e-03
5.618652794510126114e-03
5.611169151961803436e-03
5.603658035397529602e-03
5.596118047833442688e-03
5.588547792285680771e-03
5.580947268754243851e-03
5.573313683271408081e-03
5.565647501498460770e-03
5.557948257774114609e-03
5.550215020775794983e-03
5.542447790503501892e-03
5.534647032618522644e-03
5.526813212782144547e-03
5.518946796655654907e-03
5.511047784239053726e-03
5.503118503838777542e-03
5.495159886777400970e-03
5.487172398716211319e-03
5.479158833622932434e-03
5.471120122820138931e-03
5.463059060275554657e-03
5.454977042973041534e-03
5.446876864880323410e-03
5.438760388642549515e-03
5.430630408227443695e-03
5.422489717602729797e-03
5.414340179413557053e-03
5.406185053288936615e-03
5.398026201874017715e-03
5.389867816120386124e-03
5.381710827350616455e-03
5.373558495193719864e-03
5.365413613617420197e-03
5.357278045266866684e-03
5.349154584109783173e-03
5.341045092791318893e-03
5.332951899617910385e-03
5.324876401573419571e-03
5.316820461302995682e-03
5.308785941451787949e-03
5.300774239003658295e-03
5.292785819619894028e-03
5.284822080284357071e-03
5.276883486658334732e-03
5.268970038741827011e-03
5.261083133518695831e-03
5.253221839666366577e-03
5.245386157184839249e-03
5.237575154751539230e-03
5.229788832366466522e-03
5.222025327384471893e-03
5.214284639805555344e-03
5.206564906984567642e-03
5.198864266276359558e-03
5.191181320697069168e-03
5.183514673262834549e-03
5.175861530005931854e-03
5.168220493942499161e-03
5.160588771104812622e-03
5.152964498847723007e-03
5.145344883203506470e-03
5.137728061527013779e-03
5.130111239850521088e-03
5.122492555528879166e-03
5.114869680255651474e-03
5.107239354401826859e-03
5.099600646644830704e-03
5.091949831694364548e-03
5.084286443889141083e-03
5.076608154922723770e-03
5.068913102149963379e-03
5.061199422925710678e-03
5.053466651588678360e-03
5.045712459832429886e-03
5.037936847656965256e-03
5.030138418078422546e-03
5.022316705435514450e-03
5.014472641050815582e-03
5.006604362279176712e-03
4.998713731765747070e-03
4.990799818187952042e-03
4.982864949852228165e-03
4.974908661097288132e-03
4.966933280229568481e-03
0.000000000000000000e+00
0.000000000000000000e+00
0.000000000000000000e+00
0.000000000000000000e+00
0.000000000000000000e+00
0.000000000000000000e+00
0.000000000000000000e+00
0.000000000000000000e+00
0.000000000000000000e+00
0.000000000000000000e+00
0.000000000000000000e+00
0.000000000000000000e+00
0.000000000000000000e+00
0.000000000000000000e+00
0.000000000000000000e+00
0.000000000000000000e+00
0.000000000000000000e+00
0.000000000000000000e+00
0.000000000000000000e+00
0.000000000000000000e+00
0.000000000000000000e+00
0.000000000000000000e+00
0.000000000000000000e+00
0.000000000000000000e+00
0.000000000000000000e+00
0.000000000000000000e+00
0.000000000000000000e+00
0.000000000000000000e+00
0.000000000000000000e+00
0.000000000000000000e+00
0.000000000000000000e+00
0.000000000000000000e+00
0.000000000000000000e+00
0.000000000000000000e+00
0.000000000000000000e+00
0.000000000000000000e+00
0.000000000000000000e+00
0.000000000000000000e+00
0.000000000000000000e+00
0.000000000000000000e+00
0.000000000000000000e+00
0.000000000000000000e+00
0.000000000000000000e+00
0.000000000000000000e+00
0.000000000000000000e+00
0.000000000000000000e+00
0.000000000000000000e+00
0.000000000000000000e+00
0.000000000000000000e+00
0.000000000000000000e+00
0.000000000000000000e+00
0.000000000000000000e+00
0.000000000000000000e+00
0.000000000000000000e+00
0.000000000000000000e+00
0.000000000000000000e+00
0.000000000000000000e+00
0.000000000000000000e+00
0.000000000000000000e+00
0.000000000000000000e+00
0.000000000000000000e+00
0.000000000000000000e+00
0.000000000000000000e+00
0.000000000000000000e+00
0.000000000000000000e+00
0.000000000000000000e+00
0.000000000000000000e+00
0.000000000000000000e+00
0.000000000000000000e+00
0.000000000000000000e+00
0.000000000000000000e+00
0.000000000000000000e+00
0.000000000000000000e+00
0.000000000000000000e+00
0.000000000000000000e+00
0.000000000000000000e+00
0.000000000000000000e+00
0.000000000000000000e+00
0.000000000000000000e+00
0.000000000000000000e+00
0.000000000000000000e+00
0.000000000000000000e+00
0.000000000000000000e+00
0.000000000000000000e+00
0.000000000000000000e+00
0.000000000000000000e+00
0.000000000000000000e+00
0.000000000000000000e+00
0.000000000000000000e+00
0.000000000000000000e+00
0.000000000000000000e+00
0.000000000000000000e+00
0.000000000000000000e+00
0.000000000000000000e+00
0.000000000000000000e+00
0.000000000000000000e+00
0.000000000000000000e+00
0.000000000000000000e+00
0.000000000000000000e+00
0.000000000000000000e+00
