# ee
2.095034345984458923e-02
3.273336589336395264e-02
3.507262840867042542e-02
2.942626923322677612e-02
2.041087672114372253e-02
1.221112906932830811e-02
6.847265642136335373e-03
4.272333811968564987e-03
3.397395135834813118e-03
3.116326173767447472e-03
2.913279691711068153e-03
2.452883170917630196e-03
2.121247118338942528e-03
1.989246113225817680e-03
2.007315633818507195e-03
2.179774921387434006e-03
2.347632311284542084e-03
2.493468346074223518e-03
2.687586937099695206e-03
2.942313672974705696e-03
3.327930113300681114e-03
3.845076076686382294e-03
4.448565188795328140e-03
5.150833167135715485e-03
5.937744863331317902e-03
6.795487366616725922e-03
7.735360879451036453e-03
8.754362352192401886e-03
9.854293428361415863e-03
1.103109586983919144e-02
1.227318029850721359e-02
1.359296031296253204e-02
1.501724496483802795e-02
1.655808649957180023e-02
1.822574250400066376e-02
2.000533044338226318e-02
2.188635617494583130e-02
2.387277781963348389e-02
2.597773447632789612e-02
2.821628563106060028e-02
3.059108555316925049e-02
3.310151770710945129e-02
3.573208302259445190e-02
3.847770020365715027e-02
4.133702442049980164e-02
4.431030154228210449e-02
4.740522801876068115e-02
5.060720443725585938e-02
5.389420315623283386e-02
5.723978951573371887e-02
6.072621792554855347e-02
6.449820846319198608e-02
6.854441016912460327e-02
7.283865660429000854e-02
7.723458856344223022e-02
8.162542432546615601e-02
8.602204173803329468e-02
9.046503156423568726e-02
9.500984847545623779e-02
9.975226223468780518e-02
1.046818569302558899e-01
1.097616255283355713e-01
1.150066107511520386e-01
1.203946769237518311e-01
1.258613318204879761e-01
1.314102411270141602e-01
1.370845288038253784e-01
1.428454965353012085e-01
1.487362235784530640e-01
1.547480970621109009e-01
1.608589291572570801e-01
1.670394390821456909e-01
1.732826828956604004e-01
1.796039491891860962e-01
1.860090792179107666e-01
1.924957484006881714e-01
1.990967094898223877e-01
2.057629972696304321e-01
2.125051021575927734e-01
2.192789018154144287e-01
2.261115312576293945e-01
2.329830825328826904e-01
2.398958057165145874e-01
2.468297332525253296e-01
2.538028061389923096e-01
2.607914209365844727e-01
2.678173482418060303e-01
2.748726606369018555e-01
2.819271087646484375e-01
2.889803051948547363e-01
2.960251271724700928e-01
3.030620515346527100e-01
3.100616931915283203e-01
3.170320391654968262e-01
3.239660859107971191e-01
3.308567702770233154e-01
3.377045989036560059e-01
3.444802761077880859e-01
3.511916995048522949e-01
3.579061925411224365e-01
3.644829988479614258e-01
3.710043132305145264e-01
3.774779736995697021e-01
3.838376104831695557e-01
3.901654183864593506e-01
3.963206112384796143e-01
4.023854136466979980e-01
4.082933962345123291e-01
4.140524268150329590e-01
4.197442829608917236e-01
4.253003001213073730e-01
4.307257533073425293e-01
4.359516203403472900e-01
4.411317408084869385e-01
4.460484087467193604e-01
4.507811963558197021e-01
4.554840624332427979e-01
4.600134789943695068e-01
4.642262458801269531e-01
4.684247672557830811e-01
4.723170399665832520e-01
4.759826660156250000e-01
4.795012772083282471e-01
4.828037023544311523e-01
4.859695732593536377e-01
4.888554811477661133e-01
4.916153848171234131e-01
4.941059052944183350e-01
4.963322579860687256e-01
4.984473586082458496e-01
5.003030896186828613e-01
5.019731521606445312e-01
5.034570693969726562e-01
5.046800374984741211e-01
5.056414008140563965e-01
5.064150691032409668e-01
5.069261193275451660e-01
5.073227286338806152e-01
5.073813199996948242e-01
5.071758031845092773e-01
5.067799091339111328e-01
5.061931014060974121e-01
5.053405165672302246e-01
5.043703317642211914e-01
5.030590295791625977e-01
5.016289949417114258e-01
4.999311268329620361e-01
4.980391860008239746e-01
4.960269927978515625e-01
4.938181638717651367e-01
4.913305938243865967e-01
4.887035489082336426e-01
4.859277904033660889e-01
4.829939007759094238e-01
4.798926115036010742e-01
4.766146540641784668e-01
4.732249081134796143e-01
4.695655405521392822e-01
4.657757878303527832e-01
4.619206488132476807e-01
4.578421413898468018e-01
4.536053538322448730e-01
4.492751657962799072e-01
4.447680413722991943e-01
4.402231872081756592e-01
4.354083836078643799e-01
4.306858777999877930e-01
4.257490634918212891e-01
4.208115339279174805e-01
4.158639609813690186e-01
4.108227193355560303e-01
4.056784510612487793e-01
4.007191061973571777e-01
3.956380486488342285e-01
3.906473219394683838e-01
3.856552839279174805e-01
3.808660209178924561e-01
3.759633302688598633e-01
3.711512982845306396e-01
3.664110302925109863e-01
3.617979288101196289e-01
3.572187721729278564e-01
3.527289628982543945e-01
3.484582304954528809e-01
3.442464768886566162e-01
3.402160108089447021e-01
3.363330662250518799e-01
3.326158523559570312e-01
3.290974795818328857e-01
3.257813751697540283e-01
3.226708769798278809e-01
3.197916746139526367e-01
3.171545863151550293e-01
3.147778213024139404e-01
3.126796483993530273e-01
3.108856976032257080e-01
3.093993365764617920e-01
3.082388341426849365e-01
3.074149489402770996e-01
3.069685697555541992e-01
3.068895637989044189e-01
3.072202503681182861e-01
3.079657554626464844e-01
3.091535270214080811e-01
3.108034729957580566e-01
3.129207193851470947e-01
3.155401647090911865e-01
3.186668455600738525e-01
3.223356604576110840e-01
3.265590965747833252e-01
3.313496708869934082e-01
3.367348015308380127e-01
3.426899015903472900e-01
3.493909537792205811e-01
3.566349744796752930e-01
3.645608127117156982e-01
3.731512725353240967e-01
3.823890984058380127e-01
3.924058079719543457e-01
4.031097888946533203e-01
4.146324992179870605e-01
4.268823564052581787e-01
4.398421943187713623e-01
4.536434113979339600e-01
4.682688117027282715e-01
4.837010204792022705e-01
4.999230206012725830e-01
5.169917345046997070e-01
5.348899960517883301e-01
5.536749362945556641e-01
5.732548236846923828e-01
5.938355922698974609e-01
6.152511835098266602e-01
6.375587582588195801e-01
6.607410907745361328e-01
6.848551630973815918e-01
7.099581360816955566e-01
7.358840703964233398e-01
7.626900672912597656e-01
7.905074357986450195e-01
8.191704154014587402e-01
8.488102555274963379e-01
8.793354630470275879e-01
9.108030200004577637e-01
9.431958794593811035e-01
9.764221906661987305e-01
1.010836362838745117e+00
1.045901060104370117e+00
1.082044720649719238e+00
1.118957757949829102e+00
1.156870603561401367e+00
1.195571899414062500e+00
1.235371470451354980e+00
1.275984048843383789e+00
1.317793130874633789e+00
1.360365033149719238e+00
1.404083490371704102e+00
1.448811888694763184e+00
1.494562506675720215e+00
1.541272878646850586e+00
1.589178204536437988e+00
1.638067603111267090e+00
1.688027620315551758e+00
1.738995909690856934e+00
1.791207551956176758e+00
1.844303369522094727e+00
1.898666501045227051e+00
1.954012155532836914e+00
2.010426759719848633e+00
2.067848205566406250e+00
2.126585721969604492e+00
2.186057090759277344e+00
2.246868610382080078e+00
2.308512687683105469e+00
2.371223926544189453e+00
2.435014963150024414e+00
2.499823331832885742e+00
2.565586805343627930e+00
2.632317781448364258e+00
2.700102567672729492e+00
2.768656015396118164e+00
2.838213443756103516e+00
2.908712387084960938e+00
2.980165481567382812e+00
3.052435874938964844e+00
3.125535964965820312e+00
3.199477434158325195e+00
3.274199008941650391e+00
3.349563598632812500e+00
3.426326751708984375e+00
3.503385782241821289e+00
3.580381870269775391e+00
3.658812999725341797e+00
3.737205028533935547e+00
3.817056417465209961e+00
3.896150588989257812e+00
3.976728916168212891e+00
4.058060169219970703e+00
4.138670444488525391e+00
4.220062732696533203e+00
4.301529884338378906e+00
4.383853435516357422e+00
4.467073917388916016e+00
4.549744606018066406e+00
4.632648944854736328e+00
4.715826034545898438e+00
4.800801753997802734e+00
4.884644508361816406e+00
4.968136310577392578e+00
5.053546428680419922e+00
5.137941837310791016e+00
5.222849369049072266e+00
5.308308601379394531e+00
5.392872333526611328e+00
5.478067398071289062e+00
5.562447547912597656e+00
5.648281574249267578e+00
5.733379840850830078e+00
5.818525314331054688e+00
5.904501438140869141e+00
5.989118576049804688e+00
6.073902130126953125e+00
6.159636020660400391e+00
6.242643833160400391e+00
6.327425003051757812e+00
6.411788940429687500e+00
6.495033264160156250e+00
6.578683376312255859e+00
6.661293983459472656e+00
6.743647575378417969e+00
6.826526641845703125e+00
6.908486366271972656e+00
6.990308284759521484e+00
7.070546150207519531e+00
7.150727272033691406e+00
7.230891227722167969e+00
7.309590816497802734e+00
7.389096260070800781e+00
7.467217445373535156e+00
7.543995857238769531e+00
7.621698856353759766e+00
7.697395324707031250e+00
7.772611141204833984e+00
7.846642971038818359e+00
7.921016693115234375e+00
7.993544578552246094e+00
8.065007209777832031e+00
8.136190414428710938e+00
8.205646514892578125e+00
8.274897575378417969e+00
8.343228340148925781e+00
8.409914970397949219e+00
8.475724220275878906e+00
8.540675163269042969e+00
8.604792594909667969e+00
8.667352676391601562e+00
8.727636337280273438e+00
8.787150382995605469e+00
8.845915794372558594e+00
8.903213500976562500e+00
8.959063529968261719e+00
9.014231681823730469e+00
9.066510200500488281e+00
9.118149757385253906e+00
9.168430328369140625e+00
9.215885162353515625e+00
9.262767791748046875e+00
9.308356285095214844e+00
9.351928710937500000e+00
9.393507957458496094e+00
9.433856964111328125e+00
9.472257614135742188e+00
9.509471893310546875e+00
9.544778823852539062e+00
9.578946113586425781e+00
9.610506057739257812e+00
9.640225410461425781e+00
9.668869018554687500e+00
9.696457862854003906e+00
9.719298362731933594e+00
9.742614746093750000e+00
9.763455390930175781e+00
9.781844139099121094e+00
9.800029754638671875e+00
9.815806388854980469e+00
9.829194068908691406e+00
9.840960502624511719e+00
9.848896026611328125e+00
9.858223915100097656e+00
9.864508628845214844e+00
9.870744705200195312e+00
9.873978614807128906e+00
9.875721931457519531e+00
9.875250816345214844e+00
9.873332977294921875e+00
9.869986534118652344e+00
9.864493370056152344e+00
9.857615470886230469e+00
9.849376678466796875e+00
9.839046478271484375e+00
9.826601982116699219e+00
9.813499450683593750e+00
9.798221588134765625e+00
9.780736923217773438e+00
9.762500762939453125e+00
9.741996765136718750e+00
9.719936370849609375e+00
9.697031974792480469e+00
9.671024322509765625e+00
9.644109725952148438e+00
9.615515708923339844e+00
9.585209846496582031e+00
9.553163528442382812e+00
9.520086288452148438e+00
9.484462738037109375e+00
9.447747230529785156e+00
9.407679557800292969e+00
9.367200851440429688e+00
9.325537681579589844e+00
9.281915664672851562e+00
9.236303329467773438e+00
9.188669204711914062e+00
9.139726638793945312e+00
9.088700294494628906e+00
9.037046432495117188e+00
8.983246803283691406e+00
8.928012847900390625e+00
8.871315002441406250e+00
8.813864707946777344e+00
8.754143714904785156e+00
8.692864418029785156e+00
8.631482124328613281e+00
8.567735671997070312e+00
8.503824234008789062e+00
8.438229560852050781e+00
8.370921134948730469e+00
8.302609443664550781e+00
8.234007835388183594e+00
8.163598060607910156e+00
8.092091560363769531e+00
8.019457817077636719e+00
7.946407794952392578e+00
7.872911453247070312e+00
7.796706676483154297e+00
7.721478462219238281e+00
7.645709991455078125e+00
7.567882061004638672e+00
7.490192413330078125e+00
7.412611007690429688e+00
7.333615303039550781e+00
7.254639625549316406e+00
7.175624370574951172e+00
7.095771789550781250e+00
7.015766143798828125e+00
6.934807300567626953e+00
6.854323863983154297e+00
6.773516178131103516e+00
6.693069934844970703e+00
6.611441135406494141e+00
6.530059337615966797e+00
6.448123455047607422e+00
6.367062568664550781e+00
6.286075592041015625e+00
6.205106258392333984e+00
6.123353958129882812e+00
6.042246341705322266e+00
5.961727142333984375e+00
5.880251407623291016e+00
5.799993038177490234e+00
5.720892429351806641e+00
5.641407489776611328e+00
5.562222957611083984e+00
5.484024524688720703e+00
5.405269145965576172e+00
5.328127861022949219e+00
5.251057147979736328e+00
5.173999786376953125e+00
5.098383903503417969e+00
5.023409843444824219e+00
4.949018955230712891e+00
4.875896930694580078e+00
4.803243160247802734e+00
4.731743812561035156e+00
4.660597801208496094e+00
4.591233253479003906e+00
4.522850036621093750e+00
4.454647064208984375e+00
4.388053417205810547e+00
4.323010921478271484e+00
4.258718967437744141e+00
4.195863246917724609e+00
4.132899761199951172e+00
4.072742938995361328e+00
4.013106346130371094e+00
3.955418586730957031e+00
3.898878335952758789e+00
3.842685222625732422e+00
3.789010286331176758e+00
3.735567331314086914e+00
3.684534072875976562e+00
3.635139942169189453e+00
3.586622714996337891e+00
3.539704322814941406e+00
3.495107889175415039e+00
3.452217817306518555e+00
3.410717487335205078e+00
3.371626138687133789e+00
3.333957672119140625e+00
3.298360586166381836e+00
3.264517068862915039e+00
3.232852935791015625e+00
3.203124284744262695e+00
3.175608396530151367e+00
3.150210380554199219e+00
3.126984596252441406e+00
3.106059074401855469e+00
3.087264776229858398e+00
3.070804357528686523e+00
3.056582927703857422e+00
3.044654846191406250e+00
3.035222530364990234e+00
3.028117179870605469e+00
3.023318529129028320e+00
3.020954370498657227e+00
3.021004915237426758e+00
3.023449659347534180e+00
3.028268814086914062e+00
3.035738706588745117e+00
3.045616388320922852e+00
3.057806968688964844e+00
3.072588205337524414e+00
3.089791059494018555e+00
3.109468936920166016e+00
3.131676673889160156e+00
3.156245470046997070e+00
3.183228969573974609e+00
3.212755918502807617e+00
3.244508743286132812e+00
3.278913736343383789e+00
3.315504312515258789e+00
3.354483604431152344e+00
3.395905494689941406e+00
3.439601659774780273e+00
3.485552072525024414e+00
3.533513307571411133e+00
3.583689212799072266e+00
3.636058568954467773e+00
3.690602302551269531e+00
3.747299671173095703e+00
3.806142330169677734e+00
3.867164611816406250e+00
3.928925752639770508e+00
3.994443416595458984e+00
4.061533927917480469e+00
4.130985736846923828e+00
4.202101707458496094e+00
4.276412963867187500e+00
4.351736068725585938e+00
4.428859710693359375e+00
4.508573055267333984e+00
4.590920925140380859e+00
4.674462795257568359e+00
4.761473655700683594e+00
4.849027633666992188e+00
4.939398765563964844e+00
5.031147003173828125e+00
5.125804424285888672e+00
5.222673416137695312e+00
5.321056842803955078e+00
5.421742916107177734e+00
5.524035453796386719e+00
5.627979755401611328e+00
5.734364986419677734e+00
5.841750144958496094e+00
5.951667785644531250e+00
6.063421726226806641e+00
6.176313400268554688e+00
6.291875839233398438e+00
6.408668041229248047e+00
6.526737689971923828e+00
6.646872043609619141e+00
6.768375396728515625e+00
6.891293048858642578e+00
7.015671730041503906e+00
7.140814304351806641e+00
7.268252849578857422e+00
7.396547317504882812e+00
7.526488304138183594e+00
7.656634807586669922e+00
7.789262294769287109e+00
7.921444892883300781e+00
8.056200981140136719e+00
8.191349983215332031e+00
8.326191902160644531e+00
8.463746070861816406e+00
8.599602699279785156e+00
8.737522125244140625e+00
8.876064300537109375e+00
9.015276908874511719e+00
9.155207633972167969e+00
9.294438362121582031e+00
9.435261726379394531e+00
9.575519561767578125e+00
9.716020584106445312e+00
9.856833457946777344e+00
9.998024940490722656e+00
1.013966369628906250e+01
1.028033161163330078e+01
1.042083835601806641e+01
1.056199550628662109e+01
1.070387077331542969e+01
1.084281635284423828e+01
1.098335933685302734e+01
1.112259483337402344e+01
1.126282024383544922e+01
1.140261650085449219e+01
1.154205131530761719e+01
1.168193817138671875e+01
1.181936931610107422e+01
1.195738792419433594e+01
1.209457397460937500e+01
1.223025321960449219e+01
1.236523723602294922e+01
1.249959278106689453e+01
1.263338851928710938e+01
1.276594924926757812e+01
1.289734268188476562e+01
1.302763748168945312e+01
1.315690231323242188e+01
1.328520393371582031e+01
1.341186809539794922e+01
1.353844833374023438e+01
1.366204166412353516e+01
1.378568649291992188e+01
1.390871047973632812e+01
1.402820682525634766e+01
1.414796161651611328e+01
1.426506710052490234e+01
1.438182449340820312e+01
1.449681282043457031e+01
1.460935878753662109e+01
1.472175979614257812e+01
1.483036518096923828e+01
1.493822002410888672e+01
1.504464721679687500e+01
1.514897251129150391e+01
1.525200557708740234e+01
1.535232925415039062e+01
1.545075607299804688e+01
1.554882907867431641e+01
1.564435005187988281e+01
1.573659229278564453e+01
1.582780838012695312e+01
1.591727447509765625e+01
1.600426673889160156e+01
1.608880424499511719e+01
1.617165184020996094e+01
1.625208473205566406e+01
1.632938003540039062e+01
1.640429878234863281e+01
1.647760772705078125e+01
1.654858398437500000e+01
1.661575698852539062e+01
1.668063354492187500e+01
1.674323654174804688e+01
1.680283927917480469e+01
1.686020660400390625e+01
1.691461753845214844e+01
1.696608543395996094e+01
1.701611900329589844e+01
1.706176948547363281e+01
1.710602378845214844e+01
1.714667320251464844e+01
1.718448257446289062e+01
1.721947097778320312e+01
1.725165748596191406e+01
1.728031730651855469e+01
1.730695724487304688e+01
1.733085632324218750e+01
1.735128593444824219e+01
1.736827087402343750e+01
1.738405418395996094e+01
1.739494705200195312e+01
1.740393257141113281e+01
1.740955162048339844e+01
1.741330528259277344e+01
1.741298675537109375e+01
1.741009902954101562e+01
1.740540695190429688e+01
1.739595413208007812e+01
1.738547706604003906e+01
1.737176704406738281e+01
1.735484123229980469e+01
1.733694839477539062e+01
1.731513786315917969e+01
1.729091072082519531e+01
1.726354598999023438e+01
1.723454666137695312e+01
1.720244789123535156e+01
1.716799926757812500e+01
1.713190078735351562e+01
1.709261512756347656e+01
1.705157852172851562e+01
1.700724411010742188e+01
1.696105194091796875e+01
1.691220283508300781e+01
1.686138916015625000e+01
1.680780982971191406e+01
1.675141525268554688e+01
1.669289398193359375e+01
1.663219451904296875e+01
1.656851959228515625e+01
1.650330162048339844e+01
1.643499946594238281e+01
1.636430549621582031e+01
1.629190826416015625e+01
1.621701049804687500e+01
1.613807487487792969e+01
1.605801773071289062e+01
1.597678375244140625e+01
1.589209556579589844e+01
1.580612468719482422e+01
1.571732997894287109e+01
1.562714862823486328e+01
1.553626441955566406e+01
1.544165706634521484e+01
1.534401035308837891e+01
1.524550247192382812e+01
1.514533519744873047e+01
1.504196929931640625e+01
1.493906593322753906e+01
1.483285522460937500e+01
1.472551250457763672e+01
1.461549854278564453e+01
1.450424289703369141e+01
1.439243602752685547e+01
1.427928066253662109e+01
1.416397857666015625e+01
1.404721927642822266e+01
1.392820549011230469e+01
1.381059646606445312e+01
1.369211196899414062e+01
1.357120800018310547e+01
1.344931793212890625e+01
1.332712936401367188e+01
1.320310306549072266e+01
1.307941341400146484e+01
1.295303153991699219e+01
1.282762145996093750e+01
1.270089340209960938e+01
1.257500743865966797e+01
1.244691848754882812e+01
1.231952762603759766e+01
1.219127368927001953e+01
1.206282711029052734e+01
1.193485927581787109e+01
1.180580902099609375e+01
1.167634773254394531e+01
1.154714584350585938e+01
1.141812896728515625e+01
1.128922462463378906e+01
1.116110324859619141e+01
1.103220462799072266e+01
1.090320014953613281e+01
1.077550220489501953e+01
1.064829254150390625e+01
1.052075767517089844e+01
1.039282321929931641e+01
1.026664447784423828e+01
1.014066410064697266e+01
1.001555061340332031e+01
9.891229629516601562e+00
9.767628669738769531e+00
9.644676208496093750e+00
9.523040771484375000e+00
9.401904106140136719e+00
9.281938552856445312e+00
9.163069725036621094e+00
9.043738365173339844e+00
8.927586555480957031e+00
8.811568260192871094e+00
8.697095870971679688e+00
8.584097862243652344e+00
8.471755981445312500e+00
8.360739707946777344e+00
8.251721382141113281e+00
8.143138885498046875e+00
8.034918785095214844e+00
7.930704593658447266e+00
7.826706409454345703e+00
7.725080966949462891e+00
7.625753879547119141e+00
7.527909755706787109e+00
7.430731773376464844e+00
7.336374759674072266e+00
7.242537975311279297e+00
7.151376247406005859e+00
7.062073707580566406e+00
6.973812580108642578e+00
6.888016700744628906e+00
6.803913116455078125e+00
6.720740795135498047e+00
6.640710353851318359e+00
6.562316417694091797e+00
6.485540390014648438e+00
6.411849021911621094e+00
6.340480804443359375e+00
6.271416664123535156e+00
6.204638481140136719e+00
6.140126705169677734e+00
6.079349040985107422e+00
6.019314765930175781e+00
5.962976455688476562e+00
5.908830165863037109e+00
5.857600212097167969e+00
5.808525085449218750e+00
5.763071537017822266e+00
5.719735622406005859e+00
5.679241180419921875e+00
5.640827655792236328e+00
5.606704711914062500e+00
5.574625015258789062e+00
5.546056270599365234e+00
5.519493579864501953e+00
5.497148990631103516e+00
5.476773738861083984e+00
5.459836006164550781e+00
5.446318149566650391e+00
5.435457706451416016e+00
5.427237510681152344e+00
5.421638965606689453e+00
5.419386863708496094e+00
5.419720649719238281e+00
5.424108028411865234e+00
5.430302143096923828e+00
5.439771175384521484e+00
5.452496528625488281e+00
5.467717647552490234e+00
5.486903190612792969e+00
5.507806301116943359e+00
5.531152248382568359e+00
5.557665824890136719e+00
5.587329864501953125e+00
5.618640899658203125e+00
5.654553413391113281e+00
5.691334724426269531e+00
5.731195926666259766e+00
5.773377895355224609e+00
5.818605422973632812e+00
5.866129875183105469e+00
5.916734695434570312e+00
5.968986034393310547e+00
6.024421215057373047e+00
6.082349777221679688e+00
6.141337871551513672e+00
6.203665733337402344e+00
6.270130157470703125e+00
6.336323261260986328e+00
6.406013965606689453e+00
6.478510856628417969e+00
6.553123474121093750e+00
6.630647182464599609e+00
6.709648132324218750e+00
6.791666030883789062e+00
6.876008510589599609e+00
6.963473320007324219e+00
7.052626132965087891e+00
7.144262790679931641e+00
7.237692832946777344e+00
7.333712100982666016e+00
7.432374477386474609e+00
7.532988071441650391e+00
7.636350154876708984e+00
7.740284919738769531e+00
7.847817420959472656e+00
7.956770420074462891e+00
8.067198753356933594e+00
8.180641174316406250e+00
8.295664787292480469e+00
8.411580085754394531e+00
8.529926300048828125e+00
8.650756835937500000e+00
8.771896362304687500e+00
8.895627021789550781e+00
9.021260261535644531e+00
9.147362709045410156e+00
9.276217460632324219e+00
9.404905319213867188e+00
9.536454200744628906e+00
9.668686866760253906e+00
9.801657676696777344e+00
9.936906814575195312e+00
1.007225894927978516e+01
1.020851135253906250e+01
1.034645938873291016e+01
1.048541641235351562e+01
1.062469196319580078e+01
1.076508426666259766e+01
1.090590286254882812e+01
1.104720687866210938e+01
1.118906307220458984e+01
1.133154582977294922e+01
1.147398185729980469e+01
1.161793136596679688e+01
1.176123714447021484e+01
1.190471267700195312e+01
1.204843330383300781e+01
1.219246959686279297e+01
1.233763599395751953e+01
1.248103332519531250e+01
1.262570762634277344e+01
1.276949977874755859e+01
1.291322803497314453e+01
1.305696201324462891e+01
1.320003318786621094e+01
1.334399795532226562e+01
1.348670101165771484e+01
1.362895870208740234e+01
1.377084255218505859e+01
1.391242694854736328e+01
1.405303764343261719e+01
1.419275093078613281e+01
1.433238029479980469e+01
1.447051239013671875e+01
1.460870647430419922e+01
1.474555015563964844e+01
1.488185691833496094e+01
1.501695632934570312e+01
1.515018081665039062e+01
1.528383064270019531e+01
1.541500473022460938e+01
1.554526424407958984e+01
1.567542362213134766e+01
1.580332565307617188e+01
1.592978858947753906e+01
1.605562400817871094e+01
1.618016624450683594e+01
1.630199813842773438e+01
1.642342567443847656e+01
1.654303169250488281e+01
1.666088867187500000e+01
1.677706909179687500e+01
1.689164733886718750e+01
1.700395393371582031e+01
1.711554527282714844e+01
1.722500610351562500e+01
1.733390045166015625e+01
1.743932533264160156e+01
1.754357910156250000e+01
1.764673233032226562e+01
1.774807167053222656e+01
1.784613609313964844e+01
1.794317817687988281e+01
1.803774070739746094e+01
1.813058662414550781e+01
1.822025680541992188e+01
1.830751991271972656e+01
1.839388465881347656e+01
1.847714805603027344e+01
1.855807685852050781e+01
1.863669395446777344e+01
1.871302795410156250e+01
1.878635597229003906e+01
1.885744857788085938e+01
1.892632675170898438e+01
1.899302101135253906e+01
1.905531883239746094e+01
1.911547660827636719e+01
1.917352104187011719e+01
1.922872924804687500e+01
1.928038215637207031e+01
1.932925224304199219e+01
1.937610054016113281e+01
1.942020988464355469e+01
1.946012115478515625e+01
1.949808120727539062e+01
1.953337478637695312e+01
1.956602478027343750e+01
1.959531211853027344e+01
1.962051773071289062e+01
1.964463424682617188e+01
1.966545867919921875e+01
1.968152999877929688e+01
1.969658279418945312e+01
1.970841407775878906e+01
1.971704673767089844e+01
1.972398948669433594e+01
1.972703552246093750e+01
1.973066902160644531e+01
1.972822189331054688e+01
1.972343635559082031e+01
1.971558952331542969e+01
1.970619201660156250e+01
1.969377899169921875e+01
1.967688941955566406e+01
1.966000175476074219e+01
1.963942718505859375e+01
1.961667060852050781e+01
1.959175682067871094e+01
1.956395339965820312e+01
1.953322219848632812e+01
1.950100517272949219e+01
1.946576690673828125e+01
1.942820167541503906e+01
1.938751602172851562e+01
1.934440803527832031e+01
1.929882812500000000e+01
1.925072860717773438e+01
1.920080566406250000e+01
1.914900779724121094e+01
1.909380149841308594e+01
1.903736877441406250e+01
1.897743225097656250e+01
1.891617012023925781e+01
1.885130691528320312e+01
1.878502464294433594e+01
1.871503829956054688e+01
1.864427947998046875e+01
1.856898117065429688e+01
1.849206542968750000e+01
1.841348457336425781e+01
1.833170318603515625e+01
1.824741363525390625e+01
1.816205596923828125e+01
1.807335090637207031e+01
1.798422241210937500e+01
1.789238929748535156e+01
1.779780387878417969e+01
1.770190620422363281e+01
1.760389709472656250e+01
1.750224685668945312e+01
1.739987564086914062e+01
1.729673194885253906e+01
1.719054222106933594e+01
1.708199501037597656e+01
1.697252845764160156e+01
1.686209297180175781e+01
1.674915313720703125e+01
1.663440132141113281e+01
1.651927185058593750e+01
1.640148925781250000e+01
1.628248786926269531e+01
1.616147232055664062e+01
1.604136657714843750e+01
1.591840553283691406e+01
1.579402637481689453e+01
1.566891860961914062e+01
1.554303264617919922e+01
1.541557502746582031e+01
1.528723716735839844e+01
1.515795230865478516e+01
1.502765750885009766e+01
1.489702606201171875e+01
1.476599121093750000e+01
1.463374328613281250e+01
1.450096130371093750e+01
1.436831665039062500e+01
1.423426151275634766e+01
1.409946727752685547e+01
1.396535491943359375e+01
1.383037090301513672e+01
1.369519233703613281e+01
1.355975055694580078e+01
1.342323589324951172e+01
1.328706836700439453e+01
1.315117835998535156e+01
1.301475715637207031e+01
1.287922382354736328e+01
1.274228191375732422e+01
1.260683441162109375e+01
1.247058677673339844e+01
1.233495616912841797e+01
1.219987773895263672e+01
1.206379508972167969e+01
1.192887210845947266e+01
1.179429721832275391e+01
1.166074657440185547e+01
1.152666664123535156e+01
1.139273262023925781e+01
1.126110744476318359e+01
1.112949275970458984e+01
1.099782180786132812e+01
1.086751365661621094e+01
1.073775863647460938e+01
1.060923099517822266e+01
1.048186397552490234e+01
1.035336112976074219e+01
1.022737026214599609e+01
1.010233783721923828e+01
9.977454185485839844e+00
9.853393554687500000e+00
9.731576919555664062e+00
9.609706878662109375e+00
9.490687370300292969e+00
9.370738029479980469e+00
9.252760887145996094e+00
9.136692047119140625e+00
9.021719932556152344e+00
8.908519744873046875e+00
8.795546531677246094e+00
8.684252738952636719e+00
8.574612617492675781e+00
8.467343330383300781e+00
8.360932350158691406e+00
8.255354881286621094e+00
8.152069091796875000e+00
8.049565315246582031e+00
7.947072505950927734e+00
7.849025249481201172e+00
7.752424240112304688e+00
7.657244682312011719e+00
7.564946651458740234e+00
7.473274707794189453e+00
7.384433746337890625e+00
7.297654151916503906e+00
7.212910652160644531e+00
7.130921363830566406e+00
7.050174236297607422e+00
6.972130298614501953e+00
6.896020889282226562e+00
6.821820259094238281e+00
6.750990390777587891e+00
6.681276798248291016e+00
6.614140033721923828e+00
6.549554824829101562e+00
6.486753463745117188e+00
6.427197456359863281e+00
6.370118141174316406e+00
6.314747810363769531e+00
6.261804580688476562e+00
6.211263656616210938e+00
6.163844108581542969e+00
6.118034362792968750e+00
6.074553489685058594e+00
6.034119129180908203e+00
5.995221614837646484e+00
5.960065364837646484e+00
5.925653457641601562e+00
5.894933700561523438e+00
5.864910602569580078e+00
5.838531970977783203e+00
5.813543796539306641e+00
5.790665149688720703e+00
5.771358966827392578e+00
5.753371715545654297e+00
5.738165855407714844e+00
5.724230766296386719e+00
5.713029384613037109e+00
5.703795433044433594e+00
5.696514606475830078e+00
5.691212177276611328e+00
5.688666343688964844e+00
5.688168048858642578e+00
5.689753532409667969e+00
5.692714214324951172e+00
5.697828769683837891e+00
5.705875396728515625e+00
5.715403556823730469e+00
5.727934837341308594e+00
5.742017745971679688e+00
5.758431911468505859e+00
5.777212619781494141e+00
5.798395633697509766e+00
5.821273326873779297e+00
5.846625328063964844e+00
5.873743534088134766e+00
5.903408050537109375e+00
5.934911251068115234e+00
5.968289375305175781e+00
6.004322052001953125e+00
6.042302131652832031e+00
6.082265853881835938e+00
6.123506546020507812e+00
6.166803836822509766e+00
6.212194442749023438e+00
6.260457992553710938e+00
6.309401512145996094e+00
6.362034320831298828e+00
6.416163921356201172e+00
6.471084117889404297e+00
6.528317451477050781e+00
6.587158679962158203e+00
6.646901607513427734e+00
6.709812164306640625e+00
6.773698329925537109e+00
6.839340209960937500e+00
6.906032085418701172e+00
6.974554538726806641e+00
7.044201850891113281e+00
7.115753650665283203e+00
7.188505172729492188e+00
7.262494087219238281e+00
7.337756633758544922e+00
7.414331912994384766e+00
7.492999553680419922e+00
7.571568489074707031e+00
7.651562213897705078e+00
7.732276439666748047e+00
7.814490318298339844e+00
7.896760940551757812e+00
7.981370449066162109e+00
8.066146850585937500e+00
8.151891708374023438e+00
8.237175941467285156e+00
8.324287414550781250e+00
8.411796569824218750e+00
8.500504493713378906e+00
8.588982582092285156e+00
8.678032875061035156e+00
8.768455505371093750e+00
8.858821868896484375e+00
8.949190139770507812e+00
9.041106224060058594e+00
9.132395744323730469e+00
9.224604606628417969e+00
9.317048072814941406e+00
9.410526275634765625e+00
9.502868652343750000e+00
9.595618247985839844e+00
9.688092231750488281e+00
9.781833648681640625e+00
9.875414848327636719e+00
9.967406272888183594e+00
1.006084156036376953e+01
1.015354633331298828e+01
1.024632453918457031e+01
1.033923244476318359e+01
1.043158626556396484e+01
1.052344417572021484e+01
1.061560726165771484e+01
1.070664787292480469e+01
1.079885292053222656e+01
1.088930892944335938e+01
1.098030185699462891e+01
1.106966400146484375e+01
1.115893650054931641e+01
1.124817943572998047e+01
1.133596420288085938e+01
1.142383480072021484e+01
1.151036357879638672e+01
1.159783840179443359e+01
1.168260288238525391e+01
1.176842880249023438e+01
1.185314559936523438e+01
1.193606948852539062e+01
1.201874256134033203e+01
1.210048198699951172e+01
1.218283081054687500e+01
1.226287651062011719e+01
1.234141159057617188e+01
1.242069911956787109e+01
1.249779319763183594e+01
1.257345962524414062e+01
1.264921379089355469e+01
1.272285079956054688e+01
1.279588317871093750e+01
1.286684894561767578e+01
1.293726158142089844e+01
1.300566005706787109e+01
1.307355499267578125e+01
1.314023208618164062e+01
1.320497035980224609e+01
1.326854038238525391e+01
1.333022403717041016e+01
1.339078998565673828e+01
1.344877624511718750e+01
1.350718307495117188e+01
1.356157302856445312e+01
1.361494827270507812e+01
1.366733169555664062e+01
1.371800422668457031e+01
1.376625061035156250e+01
1.381209373474121094e+01
1.385704612731933594e+01
1.390038871765136719e+01
1.394214534759521484e+01
1.398159980773925781e+01
1.401877498626708984e+01
1.405518341064453125e+01
1.408936214447021484e+01
1.412133789062500000e+01
1.415187549591064453e+01
1.418025779724121094e+01
1.420725154876708984e+01
1.423139572143554688e+01
1.425419998168945312e+01
1.427494430541992188e+01
1.429440021514892578e+01
1.431110095977783203e+01
1.432656002044677734e+01
1.433856964111328125e+01
1.435086917877197266e+01
1.436051177978515625e+01
1.436826324462890625e+01
1.437489128112792969e+01
1.437967491149902344e+01
1.438263893127441406e+01
1.438380527496337891e+01
1.438245677947998047e+01
1.438083553314208984e+01
1.437669754028320312e+01
1.437075996398925781e+01
1.436373901367187500e+01
1.435412693023681641e+01
1.434412384033203125e+01
1.433147907257080078e+01
1.431690788269042969e+01
1.429964065551757812e+01
1.428188514709472656e+01
1.426212596893310547e+01
1.424108219146728516e+01
1.421724224090576172e+01
1.419206428527832031e+01
1.416552543640136719e+01
1.413611125946044922e+01
1.410676956176757812e+01
1.407376003265380859e+01
1.403928279876708984e+01
1.400331211090087891e+01
1.396656894683837891e+01
1.392604923248291016e+01
1.388470172882080078e+01
1.384175586700439453e+01
1.379718494415283203e+01
1.375096511840820312e+01
1.370380878448486328e+01
1.365494823455810547e+01
1.360361576080322266e+01
1.355052280426025391e+01
1.349638938903808594e+01
1.344044303894042969e+01
1.338265800476074219e+01
1.332449340820312500e+01
1.326369190216064453e+01
1.320245647430419922e+01
1.313852977752685547e+01
1.307411384582519531e+01
1.300769519805908203e+01
1.294073295593261719e+01
1.287319946289062500e+01
1.280358028411865234e+01
1.273259067535400391e+01
1.266020393371582031e+01
1.258787822723388672e+01
1.251335716247558594e+01
1.243809700012207031e+01
1.236207103729248047e+01
1.228376483917236328e+01
1.220612430572509766e+01
1.212688636779785156e+01
1.204675197601318359e+01
1.196715927124023438e+01
1.188583183288574219e+01
1.180346488952636719e+01
1.172149848937988281e+01
1.163765525817871094e+01
1.155337333679199219e+01
1.146860599517822266e+01
1.138479232788085938e+01
1.129816722869873047e+01
1.121165847778320312e+01
1.112447357177734375e+01
1.103730773925781250e+01
1.094937038421630859e+01
1.086061382293701172e+01
1.077099132537841797e+01
1.068268394470214844e+01
1.059267234802246094e+01
1.050313472747802734e+01
1.041328430175781250e+01
1.032307052612304688e+01
1.023318958282470703e+01
1.014285087585449219e+01
1.005200672149658203e+01
9.961351394653320312e+00
9.871580123901367188e+00
9.779674530029296875e+00
9.690041542053222656e+00
9.598178863525390625e+00
9.507751464843750000e+00
9.417225837707519531e+00
9.326555252075195312e+00
9.236432075500488281e+00
9.146068572998046875e+00
9.056158065795898438e+00
8.966651916503906250e+00
8.876761436462402344e+00
8.787179946899414062e+00
8.698603630065917969e+00
8.610239982604980469e+00
8.522044181823730469e+00
8.434708595275878906e+00
8.347443580627441406e+00
8.260199546813964844e+00
8.174417495727539062e+00
8.088562011718750000e+00
8.002585411071777344e+00
7.918669223785400391e+00
7.834536552429199219e+00
7.750143051147460938e+00
7.667689800262451172e+00
7.585664749145507812e+00
7.504788398742675781e+00
7.423548221588134766e+00
7.344149112701416016e+00
7.265079498291015625e+00
7.186316013336181641e+00
7.109320163726806641e+00
7.032579898834228516e+00
6.956815242767333984e+00
6.882743358612060547e+00
6.809597969055175781e+00
6.737353324890136719e+00
6.665986061096191406e+00
6.596214771270751953e+00
6.526528358459472656e+00
6.458389282226562500e+00
6.391773223876953125e+00
6.326655387878417969e+00
6.262269020080566406e+00
6.199333190917968750e+00
6.137824058532714844e+00
6.077716350555419922e+00
6.018987655639648438e+00
5.961613178253173828e+00
5.905569076538085938e+00
5.850089073181152344e+00
5.797378063201904297e+00
5.745182991027832031e+00
5.694223880767822266e+00
5.645219326019287109e+00
5.597404003143310547e+00
5.551496505737304688e+00
5.505987644195556641e+00
5.462340354919433594e+00
5.420530319213867188e+00
5.379050254821777344e+00
5.340103626251220703e+00
5.302183628082275391e+00
5.265265464782714844e+00
5.230070114135742188e+00
5.197317600250244141e+00
5.164755821228027344e+00
5.134591102600097656e+00
5.104571819305419922e+00
5.076903820037841797e+00
5.050822257995605469e+00
5.024817943572998047e+00
5.001098155975341797e+00
4.978903293609619141e+00
4.957500457763671875e+00
4.937649250030517578e+00
4.919365882873535156e+00
4.901923656463623047e+00
4.886825561523437500e+00
4.871858596801757812e+00
4.859269142150878906e+00
4.847587108612060547e+00
4.838315963745117188e+00
4.828500270843505859e+00
4.821129798889160156e+00
4.815477371215820312e+00
4.810818195343017578e+00
4.807911396026611328e+00
4.806775093078613281e+00
4.806682586669921875e+00
4.808394908905029297e+00
4.811186313629150391e+00
4.815074443817138672e+00
4.821562767028808594e+00
4.829183101654052734e+00
4.837952136993408203e+00
4.847888946533203125e+00
4.859010219573974609e+00
4.872077941894531250e+00
4.886365890502929688e+00
4.901892662048339844e+00
4.919419288635253906e+00
4.938220977783203125e+00
4.957572460174560547e+00
4.978978633880615234e+00
5.001713752746582031e+00
5.025053977966308594e+00
5.049760818481445312e+00
5.076595783233642578e+00
5.103347301483154297e+00
5.132264137268066406e+00
5.162621974945068359e+00
5.192952632904052734e+00
5.224761486053466797e+00
5.258067131042480469e+00
5.291402816772460938e+00
5.326272487640380859e+00
5.362696647644042969e+00
5.399950027465820312e+00
5.437309741973876953e+00
5.476279735565185547e+00
5.515393733978271484e+00
5.556157588958740234e+00
5.597106933593750000e+00
5.639019012451171875e+00
5.681931495666503906e+00
5.725139141082763672e+00
5.769421100616455078e+00
5.814073562622070312e+00
5.859876632690429688e+00
5.906124591827392578e+00
5.952111721038818359e+00
6.000105381011962891e+00
6.047914028167724609e+00
6.096318244934082031e+00
6.145356655120849609e+00
6.195809364318847656e+00
6.246228218078613281e+00
6.296650886535644531e+00
6.347859382629394531e+00
6.399890899658203125e+00
6.451296806335449219e+00
6.503602504730224609e+00
6.556845188140869141e+00
6.609576702117919922e+00
6.662578105926513672e+00
6.716631889343261719e+00
6.771031379699707031e+00
6.825072765350341797e+00
6.878793239593505859e+00
6.933717727661132812e+00
6.988398551940917969e+00
7.042873859405517578e+00
7.097923755645751953e+00
7.153587818145751953e+00
7.208417415618896484e+00
7.263936996459960938e+00
7.319441795349121094e+00
7.374226570129394531e+00
7.429816246032714844e+00
7.485505580902099609e+00
7.539846420288085938e+00
7.594363689422607422e+00
7.649838924407958984e+00
7.704822540283203125e+00
7.758611679077148438e+00
7.813472270965576172e+00
7.867213726043701172e+00
7.920616626739501953e+00
7.974463462829589844e+00
8.028048515319824219e+00
8.080666542053222656e+00
8.133099555969238281e+00
8.185382843017578125e+00
8.236798286437988281e+00
8.288855552673339844e+00
8.340834617614746094e+00
8.391273498535156250e+00
8.440937995910644531e+00
8.490592956542968750e+00
8.540264129638671875e+00
8.587742805480957031e+00
8.636025428771972656e+00
8.682905197143554688e+00
8.729890823364257812e+00
8.775522232055664062e+00
8.821304321289062500e+00
8.865033149719238281e+00
8.908960342407226562e+00
8.950135231018066406e+00
8.993041992187500000e+00
9.033985137939453125e+00
9.075217247009277344e+00
9.116762161254882812e+00
9.154927253723144531e+00
9.193448066711425781e+00
9.230120658874511719e+00
9.267194747924804688e+00
9.300978660583496094e+00
9.335209846496582031e+00
9.368424415588378906e+00
9.399902343750000000e+00
9.431894302368164062e+00
9.462194442749023438e+00
9.491567611694335938e+00
9.518548011779785156e+00
9.546133041381835938e+00
9.572856903076171875e+00
9.597255706787109375e+00
9.621581077575683594e+00
9.644369125366210938e+00
9.666382789611816406e+00
9.686903953552246094e+00
9.706694602966308594e+00
9.725777626037597656e+00
9.743432998657226562e+00
9.760422706604003906e+00
9.776770591735839844e+00
9.791009902954101562e+00
9.804650306701660156e+00
9.816968917846679688e+00
9.828731536865234375e+00
9.839957237243652344e+00
9.849920272827148438e+00
9.857872962951660156e+00
9.865294456481933594e+00
9.871431350708007812e+00
9.877018928527832031e+00
9.881303787231445312e+00
9.885021209716796875e+00
9.888161659240722656e+00
9.888485908508300781e+00
9.888215065002441406e+00
9.887339591979980469e+00
9.884364128112792969e+00
9.880764961242675781e+00
9.876532554626464844e+00
9.870914459228515625e+00
9.863901138305664062e+00
9.856225013732910156e+00
9.847134590148925781e+00
9.836619377136230469e+00
9.825413703918457031e+00
9.812019348144531250e+00
9.798656463623046875e+00
9.783829689025878906e+00
9.768271446228027344e+00
9.750484466552734375e+00
9.732687950134277344e+00
9.712643623352050781e+00
9.692569732666015625e+00
9.670969009399414062e+00
9.648574829101562500e+00
9.624632835388183594e+00
9.599132537841796875e+00
9.573550224304199219e+00
9.546387672424316406e+00
9.519121170043945312e+00
9.488767623901367188e+00
9.459031105041503906e+00
9.428414344787597656e+00
9.396163940429687500e+00
9.363012313842773438e+00
9.328947067260742188e+00
9.293956756591796875e+00
9.259517669677734375e+00
9.221902847290039062e+00
9.184074401855468750e+00
9.146018028259277344e+00
9.106981277465820312e+00
9.066952705383300781e+00
9.026663780212402344e+00
8.984616279602050781e+00
8.943026542663574219e+00
8.898895263671875000e+00
8.855166435241699219e+00
8.811813354492187500e+00
8.767321586608886719e+00
8.721661567687988281e+00
8.675547599792480469e+00
8.628209114074707031e+00
8.580362319946289062e+00
8.532719612121582031e+00
8.483766555786132812e+00
8.434962272644042969e+00
8.385533332824707031e+00
8.334708213806152344e+00
8.283946990966796875e+00
8.232475280761718750e+00
8.181007385253906250e+00
8.128772735595703125e+00
8.076485633850097656e+00
8.023372650146484375e+00
7.969407081604003906e+00
7.915302276611328125e+00
7.860286235809326172e+00
7.806559562683105469e+00
7.751119613647460938e+00
7.694682598114013672e+00
7.639447212219238281e+00
7.582413196563720703e+00
7.526523113250732422e+00
7.469519615173339844e+00
7.411371707916259766e+00
7.354281902313232422e+00
7.297476768493652344e+00
7.239440441131591797e+00
7.181631088256835938e+00
7.124020099639892578e+00
7.065090179443359375e+00
7.007042407989501953e+00
6.949104785919189453e+00
6.890504360198974609e+00
6.832699298858642578e+00
6.773429870605468750e+00
6.714896678924560547e+00
6.657070159912109375e+00
6.597692966461181641e+00
6.539706707000732422e+00
6.480853557586669922e+00
6.422590732574462891e+00
6.364145278930664062e+00
6.304745674133300781e+00
6.247336387634277344e+00
6.188922405242919922e+00
6.131713390350341797e+00
6.073459148406982422e+00
6.016368389129638672e+00
5.957448482513427734e+00
5.899650573730468750e+00
5.842955112457275391e+00
5.786598205566406250e+00
5.731302738189697266e+00
5.676304817199707031e+00
5.620098590850830078e+00
5.564892768859863281e+00
5.510666370391845703e+00
5.455913543701171875e+00
5.402100563049316406e+00
5.348463535308837891e+00
5.295725822448730469e+00
5.243123531341552734e+00
5.191380500793457031e+00
5.140476226806640625e+00
5.088903903961181641e+00
5.038131237030029297e+00
4.988879680633544922e+00
4.938901424407958984e+00
4.890404701232910156e+00
4.841884136199951172e+00
4.795549392700195312e+00
4.749150753021240234e+00
4.702669143676757812e+00
4.656827449798583984e+00
4.611606121063232422e+00
4.567728996276855469e+00
4.523690223693847656e+00
4.480956554412841797e+00
4.438021659851074219e+00
4.397096157073974609e+00
4.355930805206298828e+00
4.315993309020996094e+00
4.276520252227783203e+00
4.237493038177490234e+00
4.199634552001953125e+00
4.162184238433837891e+00
4.125864505767822266e+00
4.089170932769775391e+00
4.054313659667968750e+00
4.020530223846435547e+00
3.987802028656005859e+00
3.954623699188232422e+00
3.922462463378906250e+00
3.890560865402221680e+00
3.858916521072387695e+00
3.827533245086669922e+00
3.797899484634399414e+00
3.769794702529907227e+00
3.741439342498779297e+00
3.713949441909790039e+00
3.687180280685424805e+00
3.661282777786254883e+00
3.636334896087646484e+00
3.612190246582031250e+00
3.588778257369995117e+00
3.566398859024047852e+00
3.544981002807617188e+00
3.524231195449829102e+00
3.504300594329833984e+00
3.485193014144897461e+00
3.467060327529907227e+00
3.449757575988769531e+00
3.433213233947753906e+00
3.417654752731323242e+00
3.402862071990966797e+00
3.388913393020629883e+00
3.375886917114257812e+00
3.363712072372436523e+00
3.352318286895751953e+00
3.341932535171508789e+00
3.332261323928833008e+00
3.323531389236450195e+00
3.315598964691162109e+00
3.308467626571655273e+00
3.302216053009033203e+00
3.296773910522460938e+00
3.292071580886840820e+00
3.288261890411376953e+00
3.285200834274291992e+00
3.283041238784790039e+00
3.281564474105834961e+00
3.280850172042846680e+00
3.280902385711669922e+00
3.281651973724365234e+00
3.283177614212036133e+00
3.285410165786743164e+00
3.288280010223388672e+00
3.292015075683593750e+00
3.296323060989379883e+00
3.301208734512329102e+00
3.306752204895019531e+00
3.313032150268554688e+00
3.319905519485473633e+00
3.327305555343627930e+00
3.335249423980712891e+00
3.343831539154052734e+00
3.352922916412353516e+00
3.362692117691040039e+00
3.373084306716918945e+00
3.384045362472534180e+00
3.395372390747070312e+00
3.407160043716430664e+00
3.419650554656982422e+00
3.432641267776489258e+00
3.446226596832275391e+00
3.460278511047363281e+00
3.474816799163818359e+00
3.489861249923706055e+00
3.505357980728149414e+00
3.521327495574951172e+00
3.537790060043334961e+00
3.554839849472045898e+00
3.572126150131225586e+00
3.589965820312500000e+00
3.608156681060791016e+00
3.626867771148681641e+00
3.645673036575317383e+00
3.664816617965698242e+00
3.685135841369628906e+00
3.705461978912353516e+00
3.726038694381713867e+00
3.746142864227294922e+00
3.768024682998657227e+00
3.789475202560424805e+00
3.811258077621459961e+00
3.833393573760986328e+00
3.855159044265747070e+00
3.878061532974243164e+00
3.902120828628540039e+00
3.924385786056518555e+00
3.947848796844482422e+00
3.971787691116333008e+00
3.994736194610595703e+00
4.018944740295410156e+00
4.042947292327880859e+00
4.066764831542968750e+00
4.091160774230957031e+00
4.115412712097167969e+00
4.140283584594726562e+00
4.165051937103271484e+00
4.189737796783447266e+00
4.214361667633056641e+00
4.238944530487060547e+00
4.264248371124267578e+00
4.290292263031005859e+00
4.314862728118896484e+00
4.339463233947753906e+00
4.363367080688476562e+00
4.388077735900878906e+00
4.413612365722656250e+00
4.437757968902587891e+00
4.462760925292968750e+00
4.486409187316894531e+00
4.510948181152343750e+00
4.534908771514892578e+00
4.559051036834716797e+00
4.584135055541992188e+00
4.607948303222656250e+00
4.631250858306884766e+00
4.654801845550537109e+00
4.677876472473144531e+00
4.700489997863769531e+00
4.723402976989746094e+00
4.746632575988769531e+00
4.768708705902099609e+00
4.791134357452392578e+00
4.812439918518066406e+00
4.834128856658935547e+00
4.855474472045898438e+00
4.876493453979492188e+00
4.896459102630615234e+00
4.916131019592285156e+00
4.935526371002197266e+00
4.954661369323730469e+00
4.974295616149902344e+00
4.992215633392333984e+00
5.011411190032958984e+00
5.028925895690917969e+00
5.047005176544189453e+00
5.064179420471191406e+00
5.080465793609619141e+00
5.096621513366699219e+00
5.112664699554443359e+00
5.128610610961914062e+00
5.143732547760009766e+00
5.158789634704589844e+00
5.173054695129394531e+00
5.187286853790283203e+00
5.201501846313476562e+00
5.214229583740234375e+00
5.226973056793212891e+00
5.239746093750000000e+00
5.251079559326171875e+00
5.262472152709960938e+00
5.273185253143310547e+00
5.283217906951904297e+00
5.294057369232177734e+00
5.303474903106689453e+00
5.312213897705078125e+00
5.321761608123779297e+00
5.329888343811035156e+00
5.337337493896484375e+00
5.345595836639404297e+00
5.352434158325195312e+00
5.358595371246337891e+00
5.364080429077148438e+00
5.368888854980468750e+00
5.373764038085937500e+00
5.377962589263916016e+00
5.380741119384765625e+00
5.384329319000244141e+00
5.386497974395751953e+00
5.387989044189453125e+00
5.389546394348144531e+00
5.389683246612548828e+00
5.389885425567626953e+00
5.389410018920898438e+00
5.387512683868408203e+00
5.386422634124755859e+00
5.384653568267822266e+00
5.382205009460449219e+00
5.379076004028320312e+00
5.375265598297119141e+00
5.370031833648681641e+00
5.365601062774658203e+00
5.359745502471923828e+00
5.353949069976806641e+00
5.346725463867187500e+00
5.340303421020507812e+00
5.330965995788574219e+00
5.323171615600585938e+00
5.313946723937988281e+00
5.304775714874267578e+00
5.294916152954101562e+00
5.284366130828857422e+00
5.273867607116699219e+00
5.261189937591552734e+00
5.250048160552978516e+00
5.237468719482421875e+00
5.224936485290527344e+00
5.211706161499023438e+00
5.197034835815429688e+00
5.183149814605712891e+00
5.169304370880126953e+00
5.153258323669433594e+00
5.137971401214599609e+00
5.121944427490234375e+00
5.105906963348388672e+00
5.089103698730468750e+00
5.071520805358886719e+00
5.053888320922851562e+00
5.035450458526611328e+00
5.017678737640380859e+00
4.999075889587402344e+00
4.980369567871093750e+00
4.960804462432861328e+00
4.941110134124755859e+00
4.920529842376708984e+00
4.899050235748291016e+00
4.878143310546875000e+00
4.856310367584228516e+00
4.834280490875244141e+00
4.813526153564453125e+00
4.791060924530029297e+00
4.767614841461181641e+00
4.745403289794921875e+00
4.721439838409423828e+00
4.697940826416015625e+00
4.673404693603515625e+00
4.649305343627929688e+00
4.624884605407714844e+00
4.600129604339599609e+00
4.575026035308837891e+00
4.549560070037841797e+00
4.523717403411865234e+00
4.497484207153320312e+00
4.471589565277099609e+00
4.444533824920654297e+00
4.417788505554199219e+00
4.391340255737304688e+00
4.364431381225585938e+00
4.337790966033935547e+00
4.310662269592285156e+00
4.282287597656250000e+00
4.254883289337158203e+00
4.227690696716308594e+00
4.199211120605468750e+00
4.170915603637695312e+00
4.142046928405761719e+00
4.113335132598876953e+00
4.085508823394775391e+00
4.056324481964111328e+00
4.027997493743896484e+00
3.999770879745483398e+00
3.970888376235961914e+00
3.942080020904541016e+00
3.913332700729370117e+00
3.883890151977539062e+00
3.855968952178955078e+00
3.826583147048950195e+00
3.797206163406372070e+00
3.768568515777587891e+00
3.739913225173950195e+00
3.710484981536865234e+00
3.681756258010864258e+00
3.652228593826293945e+00
3.624117612838745117e+00
3.595181465148925781e+00
3.566893100738525391e+00
3.538496971130371094e+00
3.510128021240234375e+00
3.481773853302001953e+00
3.453420639038085938e+00
3.425651073455810547e+00
3.397857189178466797e+00
3.370174407958984375e+00
3.342590332031250000e+00
3.315165758132934570e+00
3.287888288497924805e+00
3.260893344879150391e+00
3.234019517898559570e+00
3.207328081130981445e+00
3.180806159973144531e+00
3.154515504837036133e+00
3.128368377685546875e+00
3.102575540542602539e+00
3.076974868774414062e+00
3.051553726196289062e+00
3.026373863220214844e+00
3.001496315002441406e+00
2.976759910583496094e+00
2.952374935150146484e+00
2.928179740905761719e+00
2.904161691665649414e+00
2.880530834197998047e+00
2.857126235961914062e+00
2.833934783935546875e+00
2.811018466949462891e+00
2.788364171981811523e+00
2.765959501266479492e+00
2.743866443634033203e+00
2.722072362899780273e+00
2.700490236282348633e+00
2.679183483123779297e+00
2.658222198486328125e+00
2.637529850006103516e+00
2.617104053497314453e+00
2.596941947937011719e+00
2.577189922332763672e+00
2.557771444320678711e+00
2.538609504699707031e+00
2.519851207733154297e+00
2.501270771026611328e+00
2.483163118362426758e+00
2.465452432632446289e+00
2.448062181472778320e+00
2.431064128875732422e+00
2.414456844329833984e+00
2.398238182067871094e+00
2.382331848144531250e+00
2.366810560226440430e+00
2.351746559143066406e+00
2.337064027786254883e+00
2.322761058807373047e+00
2.308910369873046875e+00
2.295436382293701172e+00
2.282337188720703125e+00
2.269611597061157227e+00
2.257331848144531250e+00
2.245497226715087891e+00
2.234031677246093750e+00
2.223008155822753906e+00
2.212351322174072266e+00
2.202208518981933594e+00
2.192355394363403320e+00
2.182939529418945312e+00
2.174033880233764648e+00
2.165415048599243164e+00
2.157229661941528320e+00
2.149477243423461914e+00
2.142082691192626953e+00
2.135118961334228516e+00
2.128510951995849609e+00
2.122331857681274414e+00
2.116432428359985352e+00
2.110960245132446289e+00
2.105914354324340820e+00
2.101145505905151367e+00
2.096875905990600586e+00
2.092807054519653320e+00
2.089161634445190430e+00
2.085790157318115234e+00
2.082914590835571289e+00
2.080238580703735352e+00
2.077917814254760742e+00
2.075885534286499023e+00
2.074224948883056641e+00
2.072795391082763672e+00
2.071827888488769531e+00
2.071108579635620117e+00
2.070719242095947266e+00
2.070668697357177734e+00
2.070965051651000977e+00
2.071468353271484375e+00
2.072409868240356445e+00
2.073500633239746094e+00
2.074971914291381836e+00
2.076832532882690430e+00
2.079090595245361328e+00
2.081829071044921875e+00
2.084536552429199219e+00
2.087667465209960938e+00
2.091006994247436523e+00
2.094787359237670898e+00
2.098719358444213867e+00
2.102960824966430664e+00
2.107445478439331055e+00
2.112331390380859375e+00
2.117255449295043945e+00
2.122672557830810547e+00
2.128219842910766602e+00
2.133980512619018555e+00
2.140037775039672852e+00
2.146475076675415039e+00
2.153003931045532227e+00
2.159856557846069336e+00
2.166893243789672852e+00
2.174197196960449219e+00
2.181555032730102539e+00
2.189272880554199219e+00
2.197137355804443359e+00
2.205231666564941406e+00
2.213490962982177734e+00
2.221776008605957031e+00
2.230392932891845703e+00
2.239128589630126953e+00
2.247992277145385742e+00
2.257067680358886719e+00
2.266215562820434570e+00
2.275519847869873047e+00
2.285064220428466797e+00
2.294709444046020508e+00
2.304390907287597656e+00
2.314192533493041992e+00
2.324124097824096680e+00
2.334121704101562500e+00
2.344196081161499023e+00
2.354357004165649414e+00
2.364614486694335938e+00
2.374904870986938477e+00
2.385312557220458984e+00
2.395773649215698242e+00
2.406223535537719727e+00
2.416747331619262695e+00
2.427354812622070312e+00
2.437907934188842773e+00
2.448490619659423828e+00
2.459261894226074219e+00
2.469860315322875977e+00
2.480444908142089844e+00
2.491173744201660156e+00
2.501760005950927734e+00
2.512436389923095703e+00
2.522990226745605469e+00
2.533579826354980469e+00
2.544066667556762695e+00
2.554683685302734375e+00
2.565143346786499023e+00
2.575455427169799805e+00
2.585852861404418945e+00
2.596122264862060547e+00
2.606347799301147461e+00
2.616465091705322266e+00
2.626557826995849609e+00
2.636561632156372070e+00
2.646486043930053711e+00
2.656266450881958008e+00
2.665912628173828125e+00
2.675582408905029297e+00
2.685062885284423828e+00
2.694511890411376953e+00
2.703790903091430664e+00
2.712908506393432617e+00
2.722023725509643555e+00
2.730848550796508789e+00
2.739615440368652344e+00
2.748333930969238281e+00
2.756864786148071289e+00
2.765217542648315430e+00
2.773476362228393555e+00
2.781575918197631836e+00
2.789526224136352539e+00
2.797336339950561523e+00
2.805089235305786133e+00
2.812566041946411133e+00
2.819993257522583008e+00
2.827224969863891602e+00
2.834190368652343750e+00
2.841041326522827148e+00
2.847706317901611328e+00
2.854263305664062500e+00
2.860491991043090820e+00
2.866544723510742188e+00
2.872498989105224609e+00
2.878060102462768555e+00
2.883529186248779297e+00
2.888760089874267578e+00
2.893831014633178711e+00
2.898521900177001953e+00
2.903058528900146484e+00
2.907295703887939453e+00
2.911310911178588867e+00
2.915181159973144531e+00
2.918761014938354492e+00
2.922053813934326172e+00
2.925062179565429688e+00
2.927937746047973633e+00
2.930535078048706055e+00
2.932782649993896484e+00
2.934831857681274414e+00
2.936536788940429688e+00
2.938049316406250000e+00
2.939297437667846680e+00
2.940283775329589844e+00
2.941010951995849609e+00
2.941482067108154297e+00
2.941699266433715820e+00
2.941739082336425781e+00
2.941455841064453125e+00
2.940851449966430664e+00
2.940077304840087891e+00
2.939060688018798828e+00
2.937804460525512695e+00
2.936235904693603516e+00
2.934431791305541992e+00
2.932394027709960938e+00
2.930124521255493164e+00
2.927550792694091797e+00
2.924823284149169922e+00
2.921869754791259766e+00
2.918617248535156250e+00
2.915216445922851562e+00
2.911520481109619141e+00
2.907678127288818359e+00
2.903536796569824219e+00
2.899240255355834961e+00
2.894708871841430664e+00
2.890011787414550781e+00
2.884994983673095703e+00
2.879802227020263672e+00
2.874353647232055664e+00
2.868644237518310547e+00
2.862742185592651367e+00
2.856569051742553711e+00
2.850267410278320312e+00
2.843683242797851562e+00
2.836811542510986328e+00
2.829795598983764648e+00
2.822555303573608398e+00
2.815085649490356445e+00
2.807307004928588867e+00
2.799362659454345703e+00
2.791247129440307617e+00
2.782880783081054688e+00
2.774332761764526367e+00
2.765374898910522461e+00
2.756298780441284180e+00
2.747099876403808594e+00
2.737623453140258789e+00
2.727939128875732422e+00
2.718115568161010742e+00
2.707999467849731445e+00
2.697808265686035156e+00
2.687239408493041992e+00
2.676659345626831055e+00
2.665765762329101562e+00
2.654850482940673828e+00
2.643685817718505859e+00
2.632266283035278320e+00
2.620809555053710938e+00
2.609087705612182617e+00
2.597318410873413086e+00
2.585273504257202148e+00
2.573096513748168945e+00
2.560856580734252930e+00
2.548399448394775391e+00
2.535868883132934570e+00
2.523036479949951172e+00
2.510342597961425781e+00
2.497410774230957031e+00
2.484458446502685547e+00
2.471331119537353516e+00
2.458023786544799805e+00
2.444679260253906250e+00
2.431365013122558594e+00
2.417776823043823242e+00
2.404204607009887695e+00
2.390567302703857422e+00
2.376783132553100586e+00
2.362993717193603516e+00
2.349117040634155273e+00
2.335146188735961914e+00
2.321222543716430664e+00
2.307040929794311523e+00
2.292965888977050781e+00
2.278841018676757812e+00
2.264658927917480469e+00
2.250412225723266602e+00
2.236167192459106445e+00
2.221916675567626953e+00
2.207578420639038086e+00
2.193219184875488281e+00
2.178905487060546875e+00
2.164480924606323242e+00
2.150161027908325195e+00
2.135714769363403320e+00
2.121431589126586914e+00
2.107006788253784180e+00
2.092655420303344727e+00
2.078146934509277344e+00
2.063844919204711914e+00
2.049444675445556641e+00
2.035087108612060547e+00
2.020838737487792969e+00
2.006543397903442383e+00
1.992267727851867676e+00
1.977855682373046875e+00
1.963671326637268066e+00
1.949409961700439453e+00
1.935286760330200195e+00
1.921220302581787109e+00
1.907054901123046875e+00
1.893005728721618652e+00
1.879065871238708496e+00
1.865079402923583984e+00
1.851188063621520996e+00
1.837310433387756348e+00
1.823587894439697266e+00
1.809939384460449219e+00
1.796283960342407227e+00
1.782763004302978516e+00
1.769221425056457520e+00
1.755801081657409668e+00
1.742421507835388184e+00
1.729153513908386230e+00
1.715919971466064453e+00
1.702866554260253906e+00
1.689841866493225098e+00
1.676991820335388184e+00
1.664164900779724121e+00
1.651358485221862793e+00
1.638718366622924805e+00
1.626316308975219727e+00
1.614001035690307617e+00
1.601769685745239258e+00
1.589694023132324219e+00
1.577697157859802246e+00
1.565999150276184082e+00
1.554300069808959961e+00
1.542746067047119141e+00
1.531334280967712402e+00
1.520210623741149902e+00
1.509075164794921875e+00
1.498222231864929199e+00
1.487426280975341797e+00
1.476907253265380859e+00
1.466513752937316895e+00
1.456317067146301270e+00
1.446240067481994629e+00
1.436354160308837891e+00
1.426656246185302734e+00
1.417143464088439941e+00
1.407738089561462402e+00
1.398511648178100586e+00
1.389535188674926758e+00
1.380657196044921875e+00
1.372022867202758789e+00
1.363480448722839355e+00
1.355175375938415527e+00
1.346955776214599609e+00
1.339115738868713379e+00
1.331206321716308594e+00
1.323595523834228516e+00
1.316205978393554688e+00
1.308886051177978516e+00
1.301706433296203613e+00
1.294738650321960449e+00
1.287979364395141602e+00
1.281351208686828613e+00
1.274851083755493164e+00
1.268550395965576172e+00
1.262297272682189941e+00
1.256311893463134766e+00
1.250443458557128906e+00
1.244693398475646973e+00
1.239063501358032227e+00
1.233704686164855957e+00
1.228396177291870117e+00
1.223288774490356445e+00
1.218384981155395508e+00
1.213612914085388184e+00
1.208900690078735352e+00
1.204473853111267090e+00
1.200112223625183105e+00
1.195967197418212891e+00
1.191967010498046875e+00
1.188115000724792480e+00
1.184414029121398926e+00
1.180941224098205566e+00
1.177551388740539551e+00
1.174322009086608887e+00
1.171181917190551758e+00
1.168357610702514648e+00
1.165629386901855469e+00
1.163074970245361328e+00
1.160698056221008301e+00
1.158427596092224121e+00
1.156490325927734375e+00
1.154592514038085938e+00
1.152812123298645020e+00
1.151301264762878418e+00
1.149766564369201660e+00
1.148583054542541504e+00
1.147531747817993164e+00
1.146541476249694824e+00
1.145764946937561035e+00
1.145056962966918945e+00
1.144569635391235352e+00
1.144232273101806641e+00
1.144048452377319336e+00
1.143947124481201172e+00
1.144080638885498047e+00
1.144303560256958008e+00
1.144619107246398926e+00
1.145179390907287598e+00
1.145838856697082520e+00
1.146600723266601562e+00
1.147542357444763184e+00
1.148518204689025879e+00
1.149605631828308105e+00
1.150807380676269531e+00
1.152275085449218750e+00
1.153788447380065918e+00
1.155276417732238770e+00
1.156965613365173340e+00
1.158711671829223633e+00
1.160593152046203613e+00
1.162539362907409668e+00
1.164629101753234863e+00
1.166791677474975586e+00
1.168957233428955078e+00
1.171277880668640137e+00
1.173609256744384766e+00
1.176029801368713379e+00
1.178617477416992188e+00
1.181153655052185059e+00
1.183716773986816406e+00
1.186384916305541992e+00
1.189236640930175781e+00
1.192053437232971191e+00
1.194839239120483398e+00
1.197747111320495605e+00
1.200707077980041504e+00
1.203649163246154785e+00
1.206652283668518066e+00
1.209721088409423828e+00
1.212860107421875000e+00
1.215999722480773926e+00
1.219144821166992188e+00
1.222300410270690918e+00
1.225471377372741699e+00
1.228662848472595215e+00
1.231880068778991699e+00
1.235128164291381836e+00
1.238338351249694824e+00
1.241664409637451172e+00
1.244888901710510254e+00
1.248240590095520020e+00
1.251501917839050293e+00
1.254752755165100098e+00
1.257999181747436523e+00
1.261320948600769043e+00
1.264575362205505371e+00
1.267842411994934082e+00
1.271053791046142578e+00
1.274438023567199707e+00
1.277629494667053223e+00
1.280856966972351074e+00
1.284126162528991699e+00
1.287368535995483398e+00
1.290515422821044922e+00
1.293795466423034668e+00
1.296916961669921875e+00
0.000000000000000000e+00
0.000000000000000000e+00
0.000000000000000000e+00
0.000000000000000000e+00
0.000000000000000000e+00
0.000000000000000000e+00
0.000000000000000000e+00
0.000000000000000000e+00
0.000000000000000000e+00
0.000000000000000000e+00
0.000000000000000000e+00
0.000000000000000000e+00
0.000000000000000000e+00
0.000000000000000000e+00
0.000000000000000000e+00
0.000000000000000000e+00
0.000000000000000000e+00
0.000000000000000000e+00
0.000000000000000000e+00
0.000000000000000000e+00
0.000000000000000000e+00
0.000000000000000000e+00
0.000000000000000000e+00
0.000000000000000000e+00
0.000000000000000000e+00
0.000000000000000000e+00
0.000000000000000000e+00
0.000000000000000000e+00
0.000000000000000000e+00
0.000000000000000000e+00
0.000000000000000000e+00
0.000000000000000000e+00
0.000000000000000000e+00
0.000000000000000000e+00
0.000000000000000000e+00
0.000000000000000000e+00
0.000000000000000000e+00
0.000000000000000000e+00
0.000000000000000000e+00
0.000000000000000000e+00
0.000000000000000000e+00
0.000000000000000000e+00
0.000000000000000000e+00
0.000000000000000000e+00
0.000000000000000000e+00
0.000000000000000000e+00
0.000000000000000000e+00
0.000000000000000000e+00
0.000000000000000000e+00
0.000000000000000000e+00
0.000000000000000000e+00
0.000000000000000000e+00
0.000000000000000000e+00
0.000000000000000000e+00
0.000000000000000000e+00
0.000000000000000000e+00
0.000000000000000000e+00
0.000000000000000000e+00
0.000000000000000000e+00
0.000000000000000000e+00
0.000000000000000000e+00
0.000000000000000000e+00
0.000000000000000000e+00
0.000000000000000000e+00
0.000000000000000000e+00
0.000000000000000000e+00
0.000000000000000000e+00
0.000000000000000000e+00
0.000000000000000000e+00
0.000000000000000000e+00
0.000000000000000000e+00
0.000000000000000000e+00
0.000000000000000000e+00
0.000000000000000000e+00
0.000000000000000000e+00
0.000000000000000000e+00
0.000000000000000000e+00
0.000000000000000000e+00
0.000000000000000000e+00
0.000000000000000000e+00
0.000000000000000000e+00
0.000000000000000000e+00
0.000000000000000000e+00
0.000000000000000000e+00
0.000000000000000000e+00
0.000000000000000000e+00
0.000000000000000000e+00
0.000000000000000000e+00
0.000000000000000000e+00
0.000000000000000000e+00
0.000000000000000000e+00
0.000000000000000000e+00
0.000000000000000000e+00
0.000000000000000000e+00
0.000000000000000000e+00
0.000000000000000000e+00
0.000000000000000000e+00
0.000000000000000000e+00
0.000000000000000000e+00
0.000000000000000000e+00
