# tt
1.873699340820312500e+03
1.825586669921875000e+03
1.758145141601562500e+03
1.699134887695312500e+03
1.652201538085937500e+03
1.616280273437500000e+03
1.588654052734375000e+03
1.567785400390625000e+03
1.552038818359375000e+03
1.539805419921875000e+03
1.532152709960937500e+03
1.525954223632812500e+03
1.519961914062500000e+03
1.514329589843750000e+03
1.512003662109375000e+03
1.512396850585937500e+03
1.513452880859375000e+03
1.515676879882812500e+03
1.517155029296875000e+03
1.518819580078125000e+03
1.520756103515625000e+03
1.522612792968750000e+03
1.524827392578125000e+03
1.527495605468750000e+03
1.530100463867187500e+03
1.533065429687500000e+03
1.536211669921875000e+03
1.539281982421875000e+03
1.542637329101562500e+03
1.545699462890625000e+03
1.549299316406250000e+03
1.552965820312500000e+03
1.556659545898437500e+03
1.560843505859375000e+03
1.564717773437500000e+03
1.568843383789062500e+03
1.573118164062500000e+03
1.577663940429687500e+03
1.582249633789062500e+03
1.586924316406250000e+03
1.591668334960937500e+03
1.596518920898437500e+03
1.601438964843750000e+03
1.606614501953125000e+03
1.611947753906250000e+03
1.617468383789062500e+03
1.623071044921875000e+03
1.628873291015625000e+03
1.634844116210937500e+03
1.641015502929687500e+03
1.647448486328125000e+03
1.653970092773437500e+03
1.660630126953125000e+03
1.667330078125000000e+03
1.674274536132812500e+03
1.681545410156250000e+03
1.689082519531250000e+03
1.696899536132812500e+03
1.704861816406250000e+03
1.713133544921875000e+03
1.721587402343750000e+03
1.730246337890625000e+03
1.739133056640625000e+03
1.748270507812500000e+03
1.757743164062500000e+03
1.767436279296875000e+03
1.777370971679687500e+03
1.787568603515625000e+03
1.797975708007812500e+03
1.808563842773437500e+03
1.819548950195312500e+03
1.830874511718750000e+03
1.842632568359375000e+03
1.854840698242187500e+03
1.867340332031250000e+03
1.880086425781250000e+03
1.893080322265625000e+03
1.906323242187500000e+03
1.919816894531250000e+03
1.933728271484375000e+03
1.947922363281250000e+03
1.962503662109375000e+03
1.977428466796875000e+03
1.992652709960937500e+03
2.008275634765625000e+03
2.024225097656250000e+03
2.040423950195312500e+03
2.056942626953125000e+03
2.073778076171875000e+03
2.090853759765625000e+03
2.108319824218750000e+03
2.126030761718750000e+03
2.144063476562500000e+03
2.162420654296875000e+03
2.181031250000000000e+03
2.200046386718750000e+03
2.219394287109375000e+03
2.239003906250000000e+03
2.259026123046875000e+03
2.279315917968750000e+03
2.299949462890625000e+03
2.320930175781250000e+03
2.342186523437500000e+03
2.363795166015625000e+03
2.385685302734375000e+03
2.407859130859375000e+03
2.430393798828125000e+03
2.453217773437500000e+03
2.476334472656250000e+03
2.499671386718750000e+03
2.523303466796875000e+03
2.547305419921875000e+03
2.571454589843750000e+03
2.595973876953125000e+03
2.620640869140625000e+03
2.645604248046875000e+03
2.670864501953125000e+03
2.696272705078125000e+03
2.721978271484375000e+03
2.747832275390625000e+03
2.773909912109375000e+03
2.800211181640625000e+03
2.826735839843750000e+03
2.853410400390625000e+03
2.880309082031250000e+03
2.907357910156250000e+03
2.934556884765625000e+03
2.961906982421875000e+03
2.989407470703125000e+03
3.017059082031250000e+03
3.044861572265625000e+03
3.072740478515625000e+03
3.100770019531250000e+03
3.128950195312500000e+03
3.157131835937500000e+03
3.185389892578125000e+03
3.213797607421875000e+03
3.242132568359375000e+03
3.270616943359375000e+03
3.299102783203125000e+03
3.327589355468750000e+03
3.356150878906250000e+03
3.384639160156250000e+03
3.413127441406250000e+03
3.441616455078125000e+03
3.470031005859375000e+03
3.498371582031250000e+03
3.526711914062500000e+03
3.554977783203125000e+03
3.583169189453125000e+03
3.611209716796875000e+03
3.639247070312500000e+03
3.667205810546875000e+03
3.695084472656250000e+03
3.722806640625000000e+03
3.750520263671875000e+03
3.778149169921875000e+03
3.805692382812500000e+03
3.833148193359375000e+03
3.860441162109375000e+03
3.887643554687500000e+03
3.914754882812500000e+03
3.941624511718750000e+03
3.968399658203125000e+03
3.994930419921875000e+03
4.021364013671875000e+03
4.047475830078125000e+03
4.073488281250000000e+03
4.099176269531250000e+03
4.124686523437500000e+03
4.149870117187500000e+03
4.174799316406250000e+03
4.199473144531250000e+03
4.223889648437500000e+03
4.247898925781250000e+03
4.271649902343750000e+03
4.295065917968750000e+03
4.318072753906250000e+03
4.340817871093750000e+03
4.363152343750000000e+03
4.385149902343750000e+03
4.406735351562500000e+03
4.427981445312500000e+03
4.448888671875000000e+03
4.469307128906250000e+03
4.489384277343750000e+03
4.509120117187500000e+03
4.528364746093750000e+03
4.547266601562500000e+03
4.565675781250000000e+03
4.583740234375000000e+03
4.601311035156250000e+03
4.618536132812500000e+03
4.635264648437500000e+03
4.651572265625000000e+03
4.667457031250000000e+03
4.682918457031250000e+03
4.697956054687500000e+03
4.712494140625000000e+03
4.726606933593750000e+03
4.740218750000000000e+03
4.753327636718750000e+03
4.765933593750000000e+03
4.778034179687500000e+03
4.789628906250000000e+03
4.800716308593750000e+03
4.811220703125000000e+03
4.821141113281250000e+03
4.830625000000000000e+03
4.839521972656250000e+03
4.847905273437500000e+03
4.855773925781250000e+03
4.863052246093750000e+03
4.869812988281250000e+03
4.876055175781250000e+03
4.881777832031250000e+03
4.886904785156250000e+03
4.891509765625000000e+03
4.895516601562500000e+03
4.898998535156250000e+03
4.901880371093750000e+03
4.904160644531250000e+03
4.905912109375000000e+03
4.907060058593750000e+03
4.907676269531250000e+03
4.907686035156250000e+03
4.907162109375000000e+03
4.906103515625000000e+03
4.904435058593750000e+03
4.902154296875000000e+03
4.899409667968750000e+03
4.896050781250000000e+03
4.892076660156250000e+03
4.887634765625000000e+03
4.882574707031250000e+03
4.877044433593750000e+03
4.870893554687500000e+03
4.864195800781250000e+03
4.856949218750000000e+03
4.849227050781250000e+03
4.840879394531250000e+03
4.832054199218750000e+03
4.822675292968750000e+03
4.812741699218750000e+03
4.802326660156250000e+03
4.791354003906250000e+03
4.779897460937500000e+03
4.767955078125000000e+03
4.755525878906250000e+03
4.742535156250000000e+03
4.729055175781250000e+03
4.715160156250000000e+03
4.700699707031250000e+03
4.685748535156250000e+03
4.670305175781250000e+03
4.654442871093750000e+03
4.638086914062500000e+03
4.621235839843750000e+03
4.604038085937500000e+03
4.586343261718750000e+03
4.568226074218750000e+03
4.549759277343750000e+03
4.530867675781250000e+03
4.511550292968750000e+03
4.491881835937500000e+03
4.471785156250000000e+03
4.451334960937500000e+03
4.430530273437500000e+03
4.409295898437500000e+03
4.387705078125000000e+03
4.365831054687500000e+03
4.343599609375000000e+03
4.321008789062500000e+03
4.298058593750000000e+03
4.274896484375000000e+03
4.251298828125000000e+03
4.227486816406250000e+03
4.203386718750000000e+03
4.178996582031250000e+03
4.154390136718750000e+03
4.129418457031250000e+03
4.104302734375000000e+03
4.078894287109375000e+03
4.053265869140625000e+03
4.027343017578125000e+03
4.001272949218750000e+03
3.974980712890625000e+03
3.948540283203125000e+03
3.921875488281250000e+03
3.895060546875000000e+03
3.868020019531250000e+03
3.840901855468750000e+03
3.813556640625000000e+03
3.786131347656250000e+03
3.758551757812500000e+03
3.730816650390625000e+03
3.702925292968750000e+03
3.675025390625000000e+03
3.646967285156250000e+03
3.618824707031250000e+03
3.590597167968750000e+03
3.562358886718750000e+03
3.534035156250000000e+03
3.505699462890625000e+03
3.477278076171875000e+03
3.448843994140625000e+03
3.420397460937500000e+03
3.392012207031250000e+03
3.363539550781250000e+03
3.335127929687500000e+03
3.306776367187500000e+03
3.278410888671875000e+03
3.250104736328125000e+03
3.221783935546875000e+03
3.193596679687500000e+03
3.165468017578125000e+03
3.137472412109375000e+03
3.109534667968750000e+03
3.081654785156250000e+03
3.053906494140625000e+03
3.026289794921875000e+03
2.998804199218750000e+03
2.971449462890625000e+03
2.944299316406250000e+03
2.917205322265625000e+03
2.890314941406250000e+03
2.863628662109375000e+03
2.837071289062500000e+03
2.810717041015625000e+03
2.784565917968750000e+03
2.758616699218750000e+03
2.732870117187500000e+03
2.707399169921875000e+03
2.682130126953125000e+03
2.657062011718750000e+03
2.632269042968750000e+03
2.607676513671875000e+03
2.583432617187500000e+03
2.559388916015625000e+03
2.535618652343750000e+03
2.512121826171875000e+03
2.488972656250000000e+03
2.466096191406250000e+03
2.443417968750000000e+03
2.421160400390625000e+03
2.399100341796875000e+03
2.377386230468750000e+03
2.356017333984375000e+03
2.334919433593750000e+03
2.314240722656250000e+03
2.293832275390625000e+03
2.273768310546875000e+03
2.254048583984375000e+03
2.234673339843750000e+03
2.215716064453125000e+03
2.197102783203125000e+03
2.178833496093750000e+03
2.160907470703125000e+03
2.143399169921875000e+03
2.126234130859375000e+03
2.109486328125000000e+03
2.093081787109375000e+03
2.077094238281250000e+03
2.061448974609375000e+03
2.046220703125000000e+03
2.031408935546875000e+03
2.016939575195312500e+03
2.002960449218750000e+03
1.989323608398437500e+03
1.976102416992187500e+03
1.963222656250000000e+03
1.950833129882812500e+03
1.938858886718750000e+03
1.927225952148437500e+03
1.916007934570312500e+03
1.905279418945312500e+03
1.894891357421875000e+03
1.884918212890625000e+03
1.875433837890625000e+03
1.866289428710937500e+03
1.857559570312500000e+03
1.849243530273437500e+03
1.841416015625000000e+03
1.833927734375000000e+03
1.826853271484375000e+03
1.820192016601562500e+03
1.813944335937500000e+03
1.808109619140625000e+03
1.802687988281250000e+03
1.797679199218750000e+03
1.793008666992187500e+03
1.788825317382812500e+03
1.784979614257812500e+03
1.781546386718750000e+03
1.778525146484375000e+03
1.775841308593750000e+03
1.773569458007812500e+03
1.771709228515625000e+03
1.770185791015625000e+03
1.769073974609375000e+03
1.768373535156250000e+03
1.768009887695312500e+03
1.767983276367187500e+03
1.768367919921875000e+03
1.769089843750000000e+03
1.770223022460937500e+03
1.771693359375000000e+03
1.773500732421875000e+03
1.775645141601562500e+03
1.778127075195312500e+03
1.780945922851562500e+03
1.784102050781250000e+03
1.787521118164062500e+03
1.791351684570312500e+03
1.795445190429687500e+03
1.799876220703125000e+03
1.804569946289062500e+03
1.809601074218750000e+03
1.814969726562500000e+03
1.820601196289062500e+03
1.826495727539062500e+03
1.832653564453125000e+03
1.839074462890625000e+03
1.845832763671875000e+03
1.852854248046875000e+03
1.860064575195312500e+03
1.867538208007812500e+03
1.875274780273437500e+03
1.883274780273437500e+03
1.891463623046875000e+03
1.899841674804687500e+03
1.908482788085937500e+03
1.917313110351562500e+03
1.926332275390625000e+03
1.935540649414062500e+03
1.945012329101562500e+03
1.954598754882812500e+03
1.964448486328125000e+03
1.974413208007812500e+03
1.984567138671875000e+03
1.994835693359375000e+03
2.005293701171875000e+03
2.015866455078125000e+03
2.026628417968750000e+03
2.037431152343750000e+03
2.048423095703125000e+03
2.059455566406250000e+03
2.070603271484375000e+03
2.081940185546875000e+03
2.093317626953125000e+03
2.104736328125000000e+03
2.116344238281250000e+03
2.127918945312500000e+03
2.139609130859375000e+03
2.151414306640625000e+03
2.163186767578125000e+03
2.175000488281250000e+03
2.186929687500000000e+03
2.198826416015625000e+03
2.210764648437500000e+03
2.222669677734375000e+03
2.234616943359375000e+03
2.246531494140625000e+03
2.258487792968750000e+03
2.270412109375000000e+03
2.282378173828125000e+03
2.294237792968750000e+03
2.306139404296875000e+03
2.318009277343750000e+03
2.329772705078125000e+03
2.341504394531250000e+03
2.353204345703125000e+03
2.364798095703125000e+03
2.376360351562500000e+03
2.387816650390625000e+03
2.399167236328125000e+03
2.410486328125000000e+03
2.421699951171875000e+03
2.432807861328125000e+03
2.443810546875000000e+03
2.454782226562500000e+03
2.465573974609375000e+03
2.476186279296875000e+03
2.486768066406250000e+03
2.497170410156250000e+03
2.507393310546875000e+03
2.517511230468750000e+03
2.527450195312500000e+03
2.537284423828125000e+03
2.546865478515625000e+03
2.556342041015625000e+03
2.565639648437500000e+03
2.574833007812500000e+03
2.583773193359375000e+03
2.592534912109375000e+03
2.601118408203125000e+03
2.609523193359375000e+03
2.617750000000000000e+03
2.625798339843750000e+03
2.633520263671875000e+03
2.641138427734375000e+03
2.648504882812500000e+03
2.655620361328125000e+03
2.662559082031250000e+03
2.669247314453125000e+03
2.675759765625000000e+03
2.682022460937500000e+03
2.688035888671875000e+03
2.693800292968750000e+03
2.699390380859375000e+03
2.704732421875000000e+03
2.709826660156250000e+03
2.714747802734375000e+03
2.719347656250000000e+03
2.723775146484375000e+03
2.727881835937500000e+03
2.731817382812500000e+03
2.735507324218750000e+03
2.738877685546875000e+03
2.742003417968750000e+03
2.744885009765625000e+03
2.747522460937500000e+03
2.749916503906250000e+03
2.752067626953125000e+03
2.753901367187500000e+03
2.755492919921875000e+03
2.756842285156250000e+03
2.757950439453125000e+03
2.758817382812500000e+03
2.759443115234375000e+03
2.759754394531250000e+03
2.759825439453125000e+03
2.759656982421875000e+03
2.759249267578125000e+03
2.758602539062500000e+03
2.757643310546875000e+03
2.756445800781250000e+03
2.755010498046875000e+03
2.753337890625000000e+03
2.751428466796875000e+03
2.749282470703125000e+03
2.746825927734375000e+03
2.744208007812500000e+03
2.741280517578125000e+03
2.738192138671875000e+03
2.734794921875000000e+03
2.731163330078125000e+03
2.727372314453125000e+03
2.723273681640625000e+03
2.719016113281250000e+03
2.714451416015625000e+03
2.709729003906250000e+03
2.704773925781250000e+03
2.699586914062500000e+03
2.694168701171875000e+03
2.688593261718750000e+03
2.682786621093750000e+03
2.676749511718750000e+03
2.670556152343750000e+03
2.664132568359375000e+03
2.657553466796875000e+03
2.650744628906250000e+03
2.643781005859375000e+03
2.636662597656250000e+03
2.629315673828125000e+03
2.621740234375000000e+03
2.614084960937500000e+03
2.606202148437500000e+03
2.598166015625000000e+03
2.589977050781250000e+03
2.581560791015625000e+03
2.573066650390625000e+03
2.564420410156250000e+03
2.555547851562500000e+03
2.546598388671875000e+03
2.537497558593750000e+03
2.528320068359375000e+03
2.518917480468750000e+03
2.509513427734375000e+03
2.499884765625000000e+03
2.490180908203125000e+03
2.480401611328125000e+03
2.470547607421875000e+03
2.460544433593750000e+03
2.450467041015625000e+03
2.440315917968750000e+03
2.430016357421875000e+03
2.419717773437500000e+03
2.409271972656250000e+03
2.398827148437500000e+03
2.388310058593750000e+03
2.377720458984375000e+03
2.367133300781250000e+03
2.356400146484375000e+03
2.345669677734375000e+03
2.334942626953125000e+03
2.324144775390625000e+03
2.313350585937500000e+03
2.302485839843750000e+03
2.291625732421875000e+03
2.280770019531250000e+03
2.269844726562500000e+03
2.258998291015625000e+03
2.248082519531250000e+03
2.237246337890625000e+03
2.226340820312500000e+03
2.215515136718750000e+03
2.204695068359375000e+03
2.193880615234375000e+03
2.183145996093750000e+03
2.172417724609375000e+03
2.161695556640625000e+03
2.151053955078125000e+03
2.140418457031250000e+03
2.129864257812500000e+03
2.119390869140625000e+03
2.108998779296875000e+03
2.098613769531250000e+03
2.088384521484375000e+03
2.078162597656250000e+03
2.068022460937500000e+03
2.058038574218750000e+03
2.048062255859375000e+03
2.038242797851562500e+03
2.028505737304687500e+03
2.018925170898437500e+03
2.009353393554687500e+03
2.000012939453125000e+03
1.990681152343750000e+03
1.981506713867187500e+03
1.972489868164062500e+03
1.963556640625000000e+03
1.954781250000000000e+03
1.946163818359375000e+03
1.937630371093750000e+03
1.929255249023437500e+03
1.921038696289062500e+03
1.912980712890625000e+03
1.905081665039062500e+03
1.897341552734375000e+03
1.889685913085937500e+03
1.882264160156250000e+03
1.875001708984375000e+03
1.867898925781250000e+03
1.860955688476562500e+03
1.854246704101562500e+03
1.847623291015625000e+03
1.841234497070312500e+03
1.835005859375000000e+03
1.829012084960937500e+03
1.823104370117187500e+03
1.817505615234375000e+03
1.811992553710937500e+03
1.806714355468750000e+03
1.801670410156250000e+03
1.796786499023437500e+03
1.792062377929687500e+03
1.787572631835937500e+03
1.783317260742187500e+03
1.779221435546875000e+03
1.775359741210937500e+03
1.771657470703125000e+03
1.768189331054687500e+03
1.764880615234375000e+03
1.761805541992187500e+03
1.758964355468750000e+03
1.756282226562500000e+03
1.753908081054687500e+03
1.751618774414062500e+03
1.749637329101562500e+03
1.747814697265625000e+03
1.746225463867187500e+03
1.744795043945312500e+03
1.743597778320312500e+03
1.742633544921875000e+03
1.741828125000000000e+03
1.741255615234375000e+03
1.740915893554687500e+03
1.740809082031250000e+03
1.740860595703125000e+03
1.741070312500000000e+03
1.741587280273437500e+03
1.742262329101562500e+03
1.743095336914062500e+03
1.744160888671875000e+03
1.745458862304687500e+03
1.746914550781250000e+03
1.748602539062500000e+03
1.750448364257812500e+03
1.752526123046875000e+03
1.754761718750000000e+03
1.757229125976562500e+03
1.759854125976562500e+03
1.762710937500000000e+03
1.765725219726562500e+03
1.768970947265625000e+03
1.772299804687500000e+03
1.775859863281250000e+03
1.779651733398437500e+03
1.783526123046875000e+03
1.787631835937500000e+03
1.791894287109375000e+03
1.796313354492187500e+03
1.800889038085937500e+03
1.805620971679687500e+03
1.810509155273437500e+03
1.815627807617187500e+03
1.820827880859375000e+03
1.826184082031250000e+03
1.831695678710937500e+03
1.837362915039062500e+03
1.843185424804687500e+03
1.849089111328125000e+03
1.855147583007812500e+03
1.861361206054687500e+03
1.867655517578125000e+03
1.874104248046875000e+03
1.880707519531250000e+03
1.887316772460937500e+03
1.894154418945312500e+03
1.900997558593750000e+03
1.908068969726562500e+03
1.915145751953125000e+03
1.922376220703125000e+03
1.929685913085937500e+03
1.937074584960937500e+03
1.944542480468750000e+03
1.952089111328125000e+03
1.959714355468750000e+03
1.967492309570312500e+03
1.975274780273437500e+03
1.983135131835937500e+03
1.991073852539062500e+03
1.999090576171875000e+03
2.007110717773437500e+03
2.015208496093750000e+03
2.023384033203125000e+03
2.031562622070312500e+03
2.039744384765625000e+03
2.048002929687500000e+03
2.056264404296875000e+03
2.064602783203125000e+03
2.072943359375000000e+03
2.081286376953125000e+03
2.089557373046875000e+03
2.097904541015625000e+03
2.106253662109375000e+03
2.114604492187500000e+03
2.122956542968750000e+03
2.131310302734375000e+03
2.139591308593750000e+03
2.147873535156250000e+03
2.156082519531250000e+03
2.164367187500000000e+03
2.172504394531250000e+03
2.180716796875000000e+03
2.188781738281250000e+03
2.196921875000000000e+03
2.204914062500000000e+03
2.212907226562500000e+03
2.220901123046875000e+03
2.228747070312500000e+03
2.236593505859375000e+03
2.244291992187500000e+03
2.251990966796875000e+03
2.259615966796875000e+03
2.267092773437500000e+03
2.274569824218750000e+03
2.281898437500000000e+03
2.289153076171875000e+03
2.296258789062500000e+03
2.303290527343750000e+03
2.310247802734375000e+03
2.317056640625000000e+03
2.323716308593750000e+03
2.330301513671875000e+03
2.336812500000000000e+03
2.343174072265625000e+03
2.349386718750000000e+03
2.355524658203125000e+03
2.361513183593750000e+03
2.367427001953125000e+03
2.373191650390625000e+03
2.378732421875000000e+03
2.384197998046875000e+03
2.389514160156250000e+03
2.394680908203125000e+03
2.399697753906250000e+03
2.404565185546875000e+03
2.409208251953125000e+03
2.413776367187500000e+03
2.418119873046875000e+03
2.422313232421875000e+03
2.426282714843750000e+03
2.430176269531250000e+03
2.433845214843750000e+03
2.437364013671875000e+03
2.440658691406250000e+03
2.443876708984375000e+03
2.446870361328125000e+03
2.449639404296875000e+03
2.452332519531250000e+03
2.454726806640625000e+03
2.457045410156250000e+03
2.459139648437500000e+03
2.461009521484375000e+03
2.462655517578125000e+03
2.464151367187500000e+03
2.465423339843750000e+03
2.466471679687500000e+03
2.467370117187500000e+03
2.468045166015625000e+03
2.468570556640625000e+03
2.468872314453125000e+03
2.468950683593750000e+03
2.468880126953125000e+03
2.468660156250000000e+03
2.468216796875000000e+03
2.467550537109375000e+03
2.466661132812500000e+03
2.465548339843750000e+03
2.464287353515625000e+03
2.462729003906250000e+03
2.461021972656250000e+03
2.459092285156250000e+03
2.456939697265625000e+03
2.454639160156250000e+03
2.452115966796875000e+03
2.449444580078125000e+03
2.446551025390625000e+03
2.443435302734375000e+03
2.440171386718750000e+03
2.436685546875000000e+03
2.433051757812500000e+03
2.429122070312500000e+03
2.425044433593750000e+03
2.420745117187500000e+03
2.416224365234375000e+03
2.411555908203125000e+03
2.406666015625000000e+03
2.401628906250000000e+03
2.396370361328125000e+03
2.390890380859375000e+03
2.385263916015625000e+03
2.379490234375000000e+03
2.373569580078125000e+03
2.367428222656250000e+03
2.361065917968750000e+03
2.354556884765625000e+03
2.347827148437500000e+03
2.340951416015625000e+03
2.333928955078125000e+03
2.326686523437500000e+03
2.319224121093750000e+03
2.311689941406250000e+03
2.303936279296875000e+03
2.296037109375000000e+03
2.287992919921875000e+03
2.279803710937500000e+03
2.271469482421875000e+03
2.262990722656250000e+03
2.254367431640625000e+03
2.245525390625000000e+03
2.236613525390625000e+03
2.227632080078125000e+03
2.218432373046875000e+03
2.209088867187500000e+03
2.199676025390625000e+03
2.190120117187500000e+03
2.180420898437500000e+03
2.170578613281250000e+03
2.160593261718750000e+03
2.150539550781250000e+03
2.140343261718750000e+03
2.130004882812500000e+03
2.119672363281250000e+03
2.109123779296875000e+03
2.098582031250000000e+03
2.087898437500000000e+03
2.077147216796875000e+03
2.066255126953125000e+03
2.055369873046875000e+03
2.044343750000000000e+03
2.033251220703125000e+03
2.022092041015625000e+03
2.010866455078125000e+03
1.999574829101562500e+03
1.988142944335937500e+03
1.976719604492187500e+03
1.965230590820312500e+03
1.953676025390625000e+03
1.942056030273437500e+03
1.930445312500000000e+03
1.918695434570312500e+03
1.906954833984375000e+03
1.895149658203125000e+03
1.883354125976562500e+03
1.871494506835937500e+03
1.859644775390625000e+03
1.847805419921875000e+03
1.835901977539062500e+03
1.823934570312500000e+03
1.812051391601562500e+03
1.800104125976562500e+03
1.788167114257812500e+03
1.776239868164062500e+03
1.764322875976562500e+03
1.752415527343750000e+03
1.740518432617187500e+03
1.728630981445312500e+03
1.716753540039062500e+03
1.704885742187500000e+03
1.693102172851562500e+03
1.681253906250000000e+03
1.669489624023437500e+03
1.657809204101562500e+03
1.646138549804687500e+03
1.634477294921875000e+03
1.622825561523437500e+03
1.611331909179687500e+03
1.599773437500000000e+03
1.588298583984375000e+03
1.576907470703125000e+03
1.565599853515625000e+03
1.554301635742187500e+03
1.543086669921875000e+03
1.531955444335937500e+03
1.520833251953125000e+03
1.509868774414062500e+03
1.498987670898437500e+03
1.488115600585937500e+03
1.477401000976562500e+03
1.466695434570312500e+03
1.456147338867187500e+03
1.445682373046875000e+03
1.435226196289062500e+03
1.424927490234375000e+03
1.414786010742187500e+03
1.404653198242187500e+03
1.394677734375000000e+03
1.384785156250000000e+03
1.375049804687500000e+03
1.365397094726562500e+03
1.355827270507812500e+03
1.346414550781250000e+03
1.337084350585937500e+03
1.327837036132812500e+03
1.318820800781250000e+03
1.309887084960937500e+03
1.301036010742187500e+03
1.292341430664062500e+03
1.283803344726562500e+03
1.275347045898437500e+03
1.267046875000000000e+03
1.258828002929687500e+03
1.250839233398437500e+03
1.242931274414062500e+03
1.235178466796875000e+03
1.227580566406250000e+03
1.220063110351562500e+03
1.212700195312500000e+03
1.205565673828125000e+03
1.198510986328125000e+03
1.191610107421875000e+03
1.184862915039062500e+03
1.178269042968750000e+03
1.171754150390625000e+03
1.165466430664062500e+03
1.159331665039062500e+03
1.153275024414062500e+03
1.147444946289062500e+03
1.141692749023437500e+03
1.136166748046875000e+03
1.130792480468750000e+03
1.125495361328125000e+03
1.120423828125000000e+03
1.115429077148437500e+03
1.110659301757812500e+03
1.106040283203125000e+03
1.101497314453125000e+03
1.097178955078125000e+03
1.093010375976562500e+03
1.088991699218750000e+03
1.085122558593750000e+03
1.081328369140625000e+03
1.077757568359375000e+03
1.074335815429687500e+03
1.071062622070312500e+03
1.067937988281250000e+03
1.064961669921875000e+03
1.062133300781250000e+03
1.059452758789062500e+03
1.056919799804687500e+03
1.054608642578125000e+03
1.052370361328125000e+03
1.050278930664062500e+03
1.048334350585937500e+03
1.046536376953125000e+03
1.044884643554687500e+03
1.043379028320312500e+03
1.042019409179687500e+03
1.040805541992187500e+03
1.039737426757812500e+03
1.038740600585937500e+03
1.037963623046875000e+03
1.037257324218750000e+03
1.036696289062500000e+03
1.036280273437500000e+03
1.036009155273437500e+03
1.035808227539062500e+03
1.035751953125000000e+03
1.035840209960937500e+03
1.036072631835937500e+03
1.036375000000000000e+03
1.036821166992187500e+03
1.037411376953125000e+03
1.038071044921875000e+03
1.038874145507812500e+03
1.039820800781250000e+03
1.040836425781250000e+03
1.041995117187500000e+03
1.043222656250000000e+03
1.044593017578125000e+03
1.046031738281250000e+03
1.047613037109375000e+03
1.049262573242187500e+03
1.050980102539062500e+03
1.052839721679687500e+03
1.054767211914062500e+03
1.056762207031250000e+03
1.058898925781250000e+03
1.061028686523437500e+03
1.063374267578125000e+03
1.065712402343750000e+03
1.068191772460937500e+03
1.070663696289062500e+03
1.073276489257812500e+03
1.075955688476562500e+03
1.078626831054687500e+03
1.081438598632812500e+03
1.084316406250000000e+03
1.087185668945312500e+03
1.090195068359375000e+03
1.093195678710937500e+03
1.096336181640625000e+03
1.099467773437500000e+03
1.102589965820312500e+03
1.105851806640625000e+03
1.109104125976562500e+03
1.112421264648437500e+03
1.115803100585937500e+03
1.119175170898437500e+03
1.122611938476562500e+03
1.126113281250000000e+03
1.129530517578125000e+03
1.133086425781250000e+03
1.136632446289062500e+03
1.140168579101562500e+03
1.143694580078125000e+03
1.147284667968750000e+03
1.150939086914062500e+03
1.154509033203125000e+03
1.158142822265625000e+03
1.161766479492187500e+03
1.165379760742187500e+03
1.169056884765625000e+03
1.172649291992187500e+03
1.176305297851562500e+03
1.179950927734375000e+03
1.183511596679687500e+03
1.187135742187500000e+03
1.190749145507812500e+03
1.194277465820312500e+03
1.197869384765625000e+03
1.201375854492187500e+03
1.204945678710937500e+03
1.208430297851562500e+03
1.211829467773437500e+03
1.215291870117187500e+03
1.218668823242187500e+03
1.222034301757812500e+03
1.225388671875000000e+03
1.228657226562500000e+03
1.231914550781250000e+03
1.235160278320312500e+03
1.238320190429687500e+03
1.241468505859375000e+03
1.244531005859375000e+03
1.247507446289062500e+03
1.250472045898437500e+03
1.253425048828125000e+03
1.256217407226562500e+03
1.258997924804687500e+03
1.261766479492187500e+03
1.264448730468750000e+03
1.267044555664062500e+03
1.269553955078125000e+03
1.272051269531250000e+03
1.274461914062500000e+03
1.276786132812500000e+03
1.279098022460937500e+03
1.281249389648437500e+03
1.283388793945312500e+03
1.285442138671875000e+03
1.287409667968750000e+03
1.289291259765625000e+03
1.291087280273437500e+03
1.292797729492187500e+03
1.294422851562500000e+03
1.295962646484375000e+03
1.297491577148437500e+03
1.298861206054687500e+03
1.300146118164062500e+03
1.301346191406250000e+03
1.302535888671875000e+03
1.303566894531250000e+03
1.304513671875000000e+03
1.305376220703125000e+03
1.306154541015625000e+03
1.306849121093750000e+03
1.307459838867187500e+03
1.307912597656250000e+03
1.308356079101562500e+03
1.308641967773437500e+03
1.308844604492187500e+03
1.308964111328125000e+03
1.309000488281250000e+03
1.308954223632812500e+03
1.308750732421875000e+03
1.308538940429687500e+03
1.308170532226562500e+03
1.307719726562500000e+03
1.307186767578125000e+03
1.306571777343750000e+03
1.305800415039062500e+03
1.305021728515625000e+03
1.304087036132812500e+03
1.303070800781250000e+03
1.301898803710937500e+03
1.300719970703125000e+03
1.299385742187500000e+03
1.297970458984375000e+03
1.296474243164062500e+03
1.294897460937500000e+03
1.293239990234375000e+03
1.291427734375000000e+03
1.289535156250000000e+03
1.287562500000000000e+03
1.285509765625000000e+03
1.283377075195312500e+03
1.281090332031250000e+03
1.278798339843750000e+03
1.276352661132812500e+03
1.273827758789062500e+03
1.271223632812500000e+03
1.268466430664062500e+03
1.265704711914062500e+03
1.262864501953125000e+03
1.259871337890625000e+03
1.256874511718750000e+03
1.253725219726562500e+03
1.250498046875000000e+03
1.247267333984375000e+03
1.243884887695312500e+03
1.240425048828125000e+03
1.236962158203125000e+03
1.233348022460937500e+03
1.229656982421875000e+03
1.225963378906250000e+03
1.222119140625000000e+03
1.218272583007812500e+03
1.214275512695312500e+03
1.210276855468750000e+03
1.206202270507812500e+03
1.202051879882812500e+03
1.197826049804687500e+03
1.193524658203125000e+03
1.189222534179687500e+03
1.184845336914062500e+03
1.180393066406250000e+03
1.175866333007812500e+03
1.171264892578125000e+03
1.166663452148437500e+03
1.161987792968750000e+03
1.157238159179687500e+03
1.152488769531250000e+03
1.147665893554687500e+03
1.142769409179687500e+03
1.137873779296875000e+03
1.132904907226562500e+03
1.127937500000000000e+03
1.122897094726562500e+03
1.117858398437500000e+03
1.112747070312500000e+03
1.107563354492187500e+03
1.102381835937500000e+03
1.097202636718750000e+03
1.091951538085937500e+03
1.086703002929687500e+03
1.081457275390625000e+03
1.076140136718750000e+03
1.070825927734375000e+03
1.065440429687500000e+03
1.060058105468750000e+03
1.054678833007812500e+03
1.049302978515625000e+03
1.043930419921875000e+03
1.038486938476562500e+03
1.033047119140625000e+03
1.027610839843750000e+03
1.022178283691406250e+03
1.016749450683593750e+03
1.011250183105468750e+03
1.005829223632812500e+03
1.000412170410156250e+03
9.949249877929687500e+02
9.895163574218750000e+02
9.840375976562500000e+02
9.786375732421875000e+02
9.732418212890625000e+02
9.677764282226562500e+02
9.623899536132812500e+02
9.570080566406250000e+02
9.517052612304687500e+02
9.463330688476562500e+02
9.410400390625000000e+02
9.356777343750000000e+02
9.303949584960937500e+02
9.251914672851562500e+02
9.199190673828125000e+02
9.147261962890625000e+02
9.096131591796875000e+02
9.044313354492187500e+02
8.993293457031250000e+02
8.943073120117187500e+02
8.892167968750000000e+02
8.842807006835937500e+02
8.792762451171875000e+02
8.743519897460937500e+02
8.695082397460937500e+02
8.646706542968750000e+02
8.598392944335937500e+02
8.550885620117187500e+02
8.504185791015625000e+02
8.457550659179687500e+02
8.411723632812500000e+02
8.365964355468750000e+02
8.321015014648437500e+02
8.276877441406250000e+02
8.232808227539062500e+02
8.189551391601562500e+02
8.146361694335937500e+02
8.103983154296875000e+02
8.062413940429687500e+02
8.021654052734375000e+02
7.980960693359375000e+02
7.941074829101562500e+02
7.901254272460937500e+02
7.862983398437500000e+02
7.824776000976562500e+02
7.787374877929687500e+02
7.750779418945312500e+02
7.714988403320312500e+02
7.679407958984375000e+02
7.644630737304687500e+02
7.610582885742187500e+02
7.577188720703125000e+02
7.544522705078125000e+02
7.512509765625000000e+02
7.481222534179687500e+02
7.450662841796875000e+02
7.420753784179687500e+02
7.391569824218750000e+02
7.363110351562500000e+02
7.335448608398437500e+02
7.308436889648437500e+02
7.282147827148437500e+02
7.256580200195312500e+02
7.231809082031250000e+02
7.207684936523437500e+02
7.184355468750000000e+02
7.161746215820312500e+02
7.139931030273437500e+02
7.118759765625000000e+02
7.098381347656250000e+02
7.078721313476562500e+02
7.059852294921875000e+02
7.041700439453125000e+02
7.024263916015625000e+02
7.007617797851562500e+02
6.991686401367187500e+02
6.976470336914062500e+02
6.962041625976562500e+02
6.948326416015625000e+02
6.935324096679687500e+02
6.923107910156250000e+02
6.911529541015625000e+02
6.900736694335937500e+02
6.890653686523437500e+02
6.881356201171875000e+02
6.872692260742187500e+02
6.864736938476562500e+02
6.857489013671875000e+02
6.850946655273437500e+02
6.845109863281250000e+02
6.839977416992187500e+02
6.835548095703125000e+02
6.831747436523437500e+02
6.828648071289062500e+02
6.826174926757812500e+02
6.824401245117187500e+02
6.823252563476562500e+02
6.822726440429687500e+02
6.822822875976562500e+02
6.823615722656250000e+02
6.825028686523437500e+02
6.826986694335937500e+02
6.829564208984375000e+02
6.832758178710937500e+02
6.836495361328125000e+02
6.840848388671875000e+02
6.845742187500000000e+02
6.851249389648437500e+02
6.857221679687500000e+02
6.863805541992187500e+02
6.870852050781250000e+02
6.878508300781250000e+02
6.886625366210937500e+02
6.895202636718750000e+02
6.904312133789062500e+02
6.913880004882812500e+02
6.923903808593750000e+02
6.934384155273437500e+02
6.945319213867187500e+02
6.956633911132812500e+02
6.968475952148437500e+02
6.980621337890625000e+02
6.993217773437500000e+02
7.006190185546875000e+02
7.019464111328125000e+02
7.033185424804687500e+02
7.047205810546875000e+02
7.061597900390625000e+02
7.076212158203125000e+02
7.091197509765625000e+02
7.106477661132812500e+02
7.122051391601562500e+02
7.137918701171875000e+02
7.153928833007812500e+02
7.170305175781250000e+02
7.186823120117187500e+02
7.203630981445312500e+02
7.220581054687500000e+02
7.237745361328125000e+02
7.255124511718750000e+02
7.272644042968750000e+02
7.290302124023437500e+02
7.308099975585937500e+02
7.326035766601562500e+02
7.344110107421875000e+02
7.362321777343750000e+02
7.380522460937500000e+02
7.398859252929687500e+02
7.417258300781250000e+02
7.435718383789062500e+02
7.454240112304687500e+02
7.472748413085937500e+02
7.491316528320312500e+02
7.509795532226562500e+02
7.528334350585937500e+02
7.546857910156250000e+02
7.565290527343750000e+02
7.583707275390625000e+02
7.602106323242187500e+02
7.620340576171875000e+02
7.638556518554687500e+02
7.656829223632812500e+02
7.674711914062500000e+02
7.692575073242187500e+02
7.710418701171875000e+02
7.727499389648437500e+02
7.745302734375000000e+02
7.762342529296875000e+02
7.779360961914062500e+02
7.796357421875000000e+02
7.812589111328125000e+02
7.829540405273437500e+02
7.845726318359375000e+02
7.861145629882812500e+02
7.877283935546875000e+02
7.892655029296875000e+02
7.908001098632812500e+02
7.922578735351562500e+02
7.937130737304687500e+02
7.951656494140625000e+02
7.965412597656250000e+02
7.979141845703125000e+02
7.992099609375000000e+02
8.005030517578125000e+02
8.017932739257812500e+02
8.030064086914062500e+02
8.042167358398437500e+02
8.053500366210937500e+02
8.064807128906250000e+02
8.075344238281250000e+02
8.085112304687500000e+02
8.095598144531250000e+02
8.104572143554687500e+02
8.113522338867187500e+02
8.122447509765625000e+02
8.130606079101562500e+02
8.137998046875000000e+02
8.145367431640625000e+02
8.151970825195312500e+02
8.158552246093750000e+02
8.164367675781250000e+02
8.169420166015625000e+02
8.174450683593750000e+02
8.178718261718750000e+02
8.182965698242187500e+02
8.186449584960937500e+02
8.189171752929687500e+02
8.191874389648437500e+02
8.193816528320312500e+02
8.194996948242187500e+02
8.196159667968750000e+02
8.196561889648437500e+02
8.196204223632812500e+02
8.195830688476562500e+02
8.194697875976562500e+02
8.192806396484375000e+02
8.190899658203125000e+02
8.188235473632812500e+02
8.184813232421875000e+02
8.181376953125000000e+02
8.176441650390625000e+02
8.171492919921875000e+02
8.166531982421875000e+02
8.160815429687500000e+02
8.154343872070312500e+02
8.147117919921875000e+02
8.139138183593750000e+02
8.131146850585937500e+02
8.122402954101562500e+02
8.113649291992187500e+02
8.103400268554687500e+02
8.093141479492187500e+02
8.082131958007812500e+02
8.071113891601562500e+02
8.059345092773437500e+02
8.046826782226562500e+02
8.033558959960937500e+02
8.020285034179687500e+02
8.006262817382812500e+02
7.991494140625000000e+02
7.975978393554687500e+02
7.960460205078125000e+02
7.944196777343750000e+02
7.927931518554687500e+02
7.910922241210937500e+02
7.893170166015625000e+02
7.874675292968750000e+02
7.856182250976562500e+02
7.836947631835937500e+02
7.817716674804687500e+02
7.797744750976562500e+02
7.777034912109375000e+02
7.756329345703125000e+02
7.734143066406250000e+02
7.712706909179687500e+02
7.690534057617187500e+02
7.667625122070312500e+02
7.643981933593750000e+02
7.620347900390625000e+02
7.595980224609375000e+02
7.571622314453125000e+02
7.546831054687500000e+02
7.521455688476562500e+02
7.495722045898437500e+02
7.469555053710937500e+02
7.443104858398437500e+02
7.416223754882812500e+02
7.388986206054687500e+02
7.361392822265625000e+02
7.333444824218750000e+02
7.305216674804687500e+02
7.276560668945312500e+02
7.247626342773437500e+02
7.218339843750000000e+02
7.188775634765625000e+02
7.158935546875000000e+02
7.128745117187500000e+02
7.098280029296875000e+02
7.067540283203125000e+02
7.036527099609375000e+02
7.005240478515625000e+02
6.973756103515625000e+02
6.942000122070312500e+02
6.909973144531250000e+02
6.877750854492187500e+02
6.845332031250000000e+02
6.812718505859375000e+02
6.779835205078125000e+02
6.746831054687500000e+02
6.713632202148437500e+02
6.680238647460937500e+02
6.646725463867187500e+02
6.613018188476562500e+02
6.579190673828125000e+02
6.545169677734375000e+02
6.511030273437500000e+02
6.476845703125000000e+02
6.442542114257812500e+02
6.408121337890625000e+02
6.373655395507812500e+02
6.339071655273437500e+02
6.304444580078125000e+02
6.269774780273437500e+02
6.235061035156250000e+02
6.200305175781250000e+02
6.165506591796875000e+02
6.130739746093750000e+02
6.095930786132812500e+02
6.061079711914062500e+02
6.026336059570312500e+02
5.991550292968750000e+02
5.956798095703125000e+02
5.922079467773437500e+02
5.887467651367187500e+02
5.852816162109375000e+02
5.818346557617187500e+02
5.783837280273437500e+02
5.749511108398437500e+02
5.715219116210937500e+02
5.681036376953125000e+02
5.646963500976562500e+02
5.613073730468750000e+02
5.579219970703125000e+02
5.545550537109375000e+02
5.512065429687500000e+02
5.478690795898437500e+02
5.445426635742187500e+02
5.412348632812500000e+02
5.379455566406250000e+02
5.346747436523437500e+02
5.314226684570312500e+02
5.281965332031250000e+02
5.249816284179687500e+02
5.218001708984375000e+02
5.186300659179687500e+02
5.154934082031250000e+02
5.123753051757812500e+02
5.092831726074218750e+02
5.062095642089843750e+02
5.031692199707031250e+02
5.001546630859375000e+02
4.971659545898437500e+02
4.942028808593750000e+02
4.912728881835937500e+02
4.883685607910156250e+02
4.854897766113281250e+02
4.826439819335937500e+02
4.798310241699218750e+02
4.770509643554687500e+02
4.742962341308593750e+02
4.715743103027343750e+02
4.688850097656250000e+02
4.662358093261718750e+02
4.636118469238281250e+02
4.610278015136718750e+02
4.584688415527343750e+02
4.559497985839843750e+02
4.534705200195312500e+02
4.510236816406250000e+02
4.486091003417968750e+02
4.462341918945312500e+02
4.438915100097656250e+02
4.415958251953125000e+02
4.393323059082031250e+02
4.371007690429687500e+02
4.349161682128906250e+02
4.327634887695312500e+02
4.306575927734375000e+02
4.285835571289062500e+02
4.265487365722656250e+02
4.245531311035156250e+02
4.226040954589843750e+02
4.206867370605468750e+02
4.188084106445312500e+02
4.169765014648437500e+02
4.151761169433593750e+02
4.134220581054687500e+02
4.117068176269531250e+02
4.100303955078125000e+02
4.084001464843750000e+02
4.068011779785156250e+02
4.052482910156250000e+02
4.037339477539062500e+02
4.022656250000000000e+02
4.008283691406250000e+02
3.994369812011718750e+02
3.980913696289062500e+02
3.967766418457031250e+02
3.955075378417968750e+02
3.942765502929687500e+02
3.930836486816406250e+02
3.919287719726562500e+02
3.908192443847656250e+02
3.897475280761718750e+02
3.887136535644531250e+02
3.877249450683593750e+02
3.867663879394531250e+02
3.858528747558593750e+02
3.849768371582031250e+02
3.841382446289062500e+02
3.833370361328125000e+02
3.825730590820312500e+02
3.818463439941406250e+02
3.811641845703125000e+02
3.805116577148437500e+02
3.798961486816406250e+02
3.793175964355468750e+02
3.787758483886718750e+02
3.782709350585937500e+02
3.778027343750000000e+02
3.773637390136718750e+02
3.769613037109375000e+02
3.765953979492187500e+02
3.762584838867187500e+02
3.759579467773437500e+02
3.756936645507812500e+02
3.754581909179687500e+02
3.752514343261718750e+02
3.750807495117187500e+02
3.749386596679687500e+02
3.748250427246093750e+02
3.747398376464843750e+02
3.746904602050781250e+02
3.746693725585937500e+02
3.746690673828125000e+02
3.747043457031250000e+02
3.747676696777343750e+02
3.748515930175781250e+02
3.749634399414062500e+02
3.751031494140625000e+02
3.752706298828125000e+02
3.754584350585937500e+02
3.756738586425781250e+02
3.759094238281250000e+02
3.761651000976562500e+02
3.764482116699218750e+02
3.767439575195312500e+02
3.770670471191406250e+02
3.774100952148437500e+02
3.777730102539062500e+02
3.781558532714843750e+02
3.785585327148437500e+02
3.789809875488281250e+02
3.794157714843750000e+02
3.798703002929687500e+02
3.803370971679687500e+02
3.808235473632812500e+02
3.813222351074218750e+02
3.818330688476562500e+02
3.823634643554687500e+02
3.828985595703125000e+02
3.834531250000000000e+02
3.840197143554687500e+02
3.845908813476562500e+02
3.851814575195312500e+02
3.857764892578125000e+02
3.863760375976562500e+02
3.869948730468750000e+02
3.876106567382812500e+02
3.882382507324218750e+02
3.888775939941406250e+02
3.895137939453125000e+02
3.901617126464843750e+02
3.908138427734375000e+02
3.914701843261718750e+02
3.921232299804687500e+02
3.927878723144531250e+02
3.934491271972656250e+02
3.941144714355468750e+02
3.947838439941406250e+02
3.954423217773437500e+02
3.961121826171875000e+02
3.967785644531250000e+02
3.974339599609375000e+02
3.981006774902343750e+02
3.987563171386718750e+02
3.994083251953125000e+02
4.000566406250000000e+02
4.007012634277343750e+02
4.013421325683593750e+02
4.019718017578125000e+02
4.025976257324218750e+02
4.032196350097656250e+02
4.038303222656250000e+02
4.044296875000000000e+02
4.050251464843750000e+02
4.056093444824218750e+02
4.061822204589843750e+02
4.067513122558593750e+02
4.073017578125000000e+02
4.078484191894531250e+02
4.083764953613281250e+02
4.088934326171875000e+02
4.093992309570312500e+02
4.098939514160156250e+02
4.103775939941406250e+02
4.108427734375000000e+02
4.112894897460937500e+02
4.117252502441406250e+02
4.121499938964843750e+02
4.125563964843750000e+02
4.129443969726562500e+02
4.133215637207031250e+02
4.136804199218750000e+02
4.140209960937500000e+02
4.143433227539062500e+02
4.146474304199218750e+02
4.149333496093750000e+02
4.152010803222656250e+02
4.154506530761718750e+02
4.156821289062500000e+02
4.158955078125000000e+02
4.160907897949218750e+02
4.162606201171875000e+02
4.164124145507812500e+02
4.165462341308593750e+02
4.166546325683593750e+02
4.167450866699218750e+02
4.168101806640625000e+02
4.168573913574218750e+02
4.168793029785156250e+02
4.168833618164062500e+02
4.168695983886718750e+02
4.168231811523437500e+02
4.167664184570312500e+02
4.166770629882812500e+02
4.165699768066406250e+02
4.164377746582031250e+02
4.162879028320312500e+02
4.161055297851562500e+02
4.159055175781250000e+02
4.156805114746093750e+02
4.154304809570312500e+02
4.151629028320312500e+02
4.148629760742187500e+02
4.145455627441406250e+02
4.142033081054687500e+02
4.138363037109375000e+02
4.134445495605468750e+02
4.130355834960937500e+02
4.125945739746093750e+02
4.121289978027343750e+02
4.116463623046875000e+02
4.111392822265625000e+02
4.106004028320312500e+02
4.100446166992187500e+02
4.094645996093750000e+02
4.088603515625000000e+02
4.082319335937500000e+02
4.075794372558593750e+02
4.069102783203125000e+02
4.062097778320312500e+02
4.054927062988281250e+02
4.047518005371093750e+02
4.039870910644531250e+02
4.032060546875000000e+02
4.023938903808593750e+02
4.015654907226562500e+02
4.007135009765625000e+02
3.998454284667968750e+02
3.989464416503906250e+02
3.980388793945312500e+02
3.971005554199218750e+02
3.961463623046875000e+02
3.951688842773437500e+02
3.941682434082031250e+02
3.931518859863281250e+02
3.921199035644531250e+02
3.910649108886718750e+02
3.899869079589843750e+02
3.888934631347656250e+02
3.877845764160156250e+02
3.866529235839843750e+02
3.855059814453125000e+02
3.843437500000000000e+02
3.831589050292968750e+02
3.819588928222656250e+02
3.807438659667968750e+02
3.795137939453125000e+02
3.782612915039062500e+02
3.770013427734375000e+02
3.757191162109375000e+02
3.744220581054687500e+02
3.731103210449218750e+02
3.717912902832031250e+02
3.704501647949218750e+02
3.691018981933593750e+02
3.677315979003906250e+02
3.663542480468750000e+02
3.649697875976562500e+02
3.635634460449218750e+02
3.621501159667968750e+02
3.607298583984375000e+02
3.592952270507812500e+02
3.578462829589843750e+02
3.563905029296875000e+02
3.549279174804687500e+02
3.534511413574218750e+02
3.519676208496093750e+02
3.504774169921875000e+02
3.489731140136718750e+02
3.474696350097656250e+02
3.459521484375000000e+02
3.444281005859375000e+02
3.429049987792968750e+02
3.413679809570312500e+02
3.398319396972656250e+02
3.382821044921875000e+02
3.367333374023437500e+02
3.351782531738281250e+02
3.336242980957031250e+02
3.320640869140625000e+02
3.304977111816406250e+02
3.289325561523437500e+02
3.273612670898437500e+02
3.257913208007812500e+02
3.242227478027343750e+02
3.226555786132812500e+02
3.210824279785156250e+02
3.195107421875000000e+02
3.179405822753906250e+02
3.163719787597656250e+02
3.147975463867187500e+02
3.132321472167968750e+02
3.116684265136718750e+02
3.101064147949218750e+02
3.085461425781250000e+02
3.069950866699218750e+02
3.054458312988281250e+02
3.038984680175781250e+02
3.023529357910156250e+02
3.008168029785156250e+02
2.992826232910156250e+02
2.977578735351562500e+02
2.962351684570312500e+02
2.947293395996093750e+02
2.932181396484375000e+02
2.917237854003906250e+02
2.902314758300781250e+02
2.887485961914062500e+02
2.872752075195312500e+02
2.858037719726562500e+02
2.843492126464843750e+02
2.828966369628906250e+02
2.814609680175781250e+02
2.800346679687500000e+02
2.786103820800781250e+02
2.772029113769531250e+02
2.758048400878906250e+02
2.744236145019531250e+02
2.730443725585937500e+02
2.716819152832031250e+02
2.703363037109375000e+02
2.689926147460937500e+02
2.676657714843750000e+02
2.663557128906250000e+02
2.650550231933593750e+02
2.637711181640625000e+02
2.624965515136718750e+02
2.612388305664062500e+02
2.599904174804687500e+02
2.587587585449218750e+02
2.575439147949218750e+02
2.563458251953125000e+02
2.551570434570312500e+02
2.539850311279296875e+02
2.528297729492187500e+02
2.516912689208984375e+02
2.505695037841796875e+02
2.494570465087890625e+02
2.483613281250000000e+02
2.472897491455078125e+02
2.462274627685546875e+02
2.451819152832031250e+02
2.441605072021484375e+02
2.431483764648437500e+02
2.421529693603515625e+02
2.411816558837890625e+02
2.402196350097656250e+02
2.392817382812500000e+02
2.383605041503906250e+02
2.374559783935546875e+02
2.365681304931640625e+02
2.356969451904296875e+02
2.348424224853515625e+02
2.340119628906250000e+02
2.331906890869140625e+02
2.323934326171875000e+02
2.316127471923828125e+02
2.308485412597656250e+02
2.301082916259765625e+02
2.293770751953125000e+02
2.286697235107421875e+02
2.279787750244140625e+02
2.273042144775390625e+02
2.266533966064453125e+02
2.260189361572265625e+02
2.254007720947265625e+02
2.247988739013671875e+02
2.242131805419921875e+02
2.236511383056640625e+02
2.231052551269531250e+02
2.225755462646484375e+02
2.220619201660156250e+02
2.215644073486328125e+02
2.210903930664062500e+02
2.206324005126953125e+02
2.201829681396484375e+02
2.197643737792968750e+02
2.193543090820312500e+02
2.189601440429687500e+02
2.185892944335937500e+02
2.182268829345703125e+02
2.178877258300781250e+02
2.175643615722656250e+02
2.172567596435546875e+02
2.169649047851562500e+02
2.166887664794921875e+02
2.164283142089843750e+02
2.161835174560546875e+02
2.159468994140625000e+02
2.157333221435546875e+02
2.155353088378906250e+02
2.153528289794921875e+02
2.151858673095703125e+02
2.150269470214843750e+02
2.148908996582031250e+02
2.147628631591796875e+02
2.146502075195312500e+02
2.145529174804687500e+02
2.144635314941406250e+02
2.143968811035156250e+02
2.143306579589843750e+02
2.142870941162109375e+02
2.142513275146484375e+02
2.142307586669921875e+02
2.142253723144531250e+02
2.142276916503906250e+02
2.142377166748046875e+02
2.142628784179687500e+02
2.143031005859375000e+02
2.143435363769531250e+02
2.144064331054687500e+02
2.144694976806640625e+02
2.145475769042968750e+02
2.146406250000000000e+02
2.147337646484375000e+02
2.148418426513671875e+02
2.149574127197265625e+02
2.150804290771484375e+02
2.152183227539062500e+02
2.153561859130859375e+02
2.155088958740234375e+02
2.156615295410156250e+02
2.158289642333984375e+02
2.159962921142578125e+02
2.161709136962890625e+02
2.163602752685546875e+02
2.165494689941406250e+02
2.167458648681640625e+02
2.169495239257812500e+02
2.171529388427734375e+02
2.173635253906250000e+02
2.175812530517578125e+02
2.177986907958984375e+02
2.180232543945312500e+02
2.182548980712890625e+02
2.184861602783203125e+02
2.187244873046875000e+02
2.189624023437500000e+02
2.191999053955078125e+02
2.194443664550781250e+02
2.196883697509765625e+02
2.199393005371093750e+02
2.201822662353515625e+02
2.204321441650390625e+02
2.206814575195312500e+02
2.209302062988281250e+02
2.211857604980468750e+02
2.214332580566406250e+02
2.216801147460937500e+02
2.219337310791015625e+02
2.221792297363281250e+02
2.224239959716796875e+02
2.226680450439453125e+02
2.229113769531250000e+02
2.231539611816406250e+02
2.233958282470703125e+02
2.236295318603515625e+02
2.238625183105468750e+02
2.240873413085937500e+02
2.243189086914062500e+02
2.245423126220703125e+02
2.247575836181640625e+02
2.249721527099609375e+02
2.251860046386718750e+02
2.253842926025390625e+02
2.255893402099609375e+02
2.257862396240234375e+02
2.259750366210937500e+02
2.261556854248046875e+02
2.263356628417968750e+02
2.265075378417968750e+02
2.266786956787109375e+02
2.268417968750000000e+02
2.269967346191406250e+02
2.271436157226562500e+02
2.272823791503906250e+02
2.274130706787109375e+02
2.275430603027343750e+02
2.276649780273437500e+02
2.277713775634765625e+02
2.278771057128906250e+02
2.279747772216796875e+02
2.280569458007812500e+02
2.281384429931640625e+02
2.282044372558593750e+02
2.282697906494140625e+02
2.283196563720703125e+02
2.283614501953125000e+02
2.284026184082031250e+02
2.284208679199218750e+02
2.284384918212890625e+02
2.284480438232421875e+02
2.284421386718750000e+02
2.284281768798828125e+02
2.283987274169921875e+02
2.283686981201171875e+02
2.283231658935546875e+02
2.282696075439453125e+02
2.282005920410156250e+02
2.281235656738281250e+02
2.280384826660156250e+02
2.279379272460937500e+02
2.278293914794921875e+02
2.277128295898437500e+02
2.275808715820312500e+02
2.274409637451171875e+02
2.272856445312500000e+02
2.271224517822265625e+02
2.269513092041015625e+02
2.267648773193359375e+02
2.265631713867187500e+02
2.263536071777343750e+02
2.261362152099609375e+02
2.259036102294921875e+02
2.256632232666015625e+02
2.254076232910156250e+02
2.251368713378906250e+02
2.248658294677734375e+02
2.245722198486328125e+02
2.242709350585937500e+02
2.239619903564453125e+02
2.236379852294921875e+02
2.233063354492187500e+02
2.229596710205078125e+02
2.226054229736328125e+02
2.222361755371093750e+02
2.218594360351562500e+02
2.214676971435546875e+02
2.210684661865234375e+02
2.206617584228515625e+02
2.202327575683593750e+02
2.198037261962890625e+02
2.193598327636718750e+02
2.189011230468750000e+02
2.184424591064453125e+02
2.179615783691406250e+02
2.174808044433593750e+02
2.169852752685546875e+02
2.164750061035156250e+02
2.159574737548828125e+02
2.154326782226562500e+02
2.148932189941406250e+02
2.143539581298828125e+02
2.137926483154296875e+02
2.132315826416015625e+02
2.126559448242187500e+02
2.120731658935546875e+02
2.114758300781250000e+02
2.108713989257812500e+02
2.102599029541015625e+02
2.096413421630859375e+02
2.090157470703125000e+02
2.083757019042968750e+02
2.077286529541015625e+02
2.070746154785156250e+02
2.064135894775390625e+02
2.057381744384765625e+02
2.050632324218750000e+02
2.043739166259765625e+02
2.036776733398437500e+02
2.029819488525390625e+02
2.022718811035156250e+02
2.015549163818359375e+02
2.008310852050781250e+02
2.001003723144531250e+02
1.993702392578125000e+02
1.986258544921875000e+02
1.978746032714843750e+02
1.971239929199218750e+02
1.963591308593750000e+02
1.955949096679687500e+02
1.948239135742187500e+02
1.940461425781250000e+02
1.932616271972656250e+02
1.924777832031250000e+02
1.916872100830078125e+02
1.908899230957031250e+02
1.900933685302734375e+02
1.892826843261718750e+02
1.884801788330078125e+02
1.876635742187500000e+02
1.868477325439453125e+02
1.860326995849609375e+02
1.852110137939453125e+02
1.843901672363281250e+02
1.835626831054687500e+02
1.827286224365234375e+02
1.818954010009765625e+02
1.810630493164062500e+02
1.802241363525390625e+02
1.793861083984375000e+02
1.785489807128906250e+02
1.777127685546875000e+02
1.768700408935546875e+02
1.760282440185546875e+02
1.751799774169921875e+02
1.743400878906250000e+02
1.734937591552734375e+02
1.726484069824218750e+02
1.718114776611328125e+02
1.709681243896484375e+02
1.701258087158203125e+02
1.692845306396484375e+02
1.684442596435546875e+02
1.676050262451171875e+02
1.667667846679687500e+02
1.659295806884765625e+02
1.650933532714843750e+02
1.642581329345703125e+02
1.634313354492187500e+02
1.625980834960937500e+02
1.617732391357421875e+02
1.609493560791015625e+02
1.601264495849609375e+02
1.593119201660156250e+02
1.584909057617187500e+02
1.576782684326171875e+02
1.568740081787109375e+02
1.560632171630859375e+02
1.552608032226562500e+02
1.544667358398437500e+02
1.536735534667968750e+02
1.528812866210937500e+02
1.520973510742187500e+02
1.513143005371093750e+02
1.505395507812500000e+02
1.497657012939453125e+02
1.490001373291015625e+02
1.482428588867187500e+02
1.474864501953125000e+02
1.467383117675781250e+02
1.459910125732421875e+02
1.452519836425781250e+02
1.445212249755859375e+02
1.437912750244140625e+02
1.430695800781250000e+02
1.423561096191406250e+02
1.416434478759765625e+02
1.409464569091796875e+02
1.402502441406250000e+02
1.395622406005859375e+02
1.388824462890625000e+02
1.382034149169921875e+02
1.375400238037109375e+02
1.368773651123046875e+02
1.362229003906250000e+02
1.355766143798828125e+02
1.349384765625000000e+02
1.343085174560546875e+02
1.336866912841796875e+02
1.330655975341796875e+02
1.324600677490234375e+02
1.318626708984375000e+02
1.312659606933593750e+02
1.306847686767578125e+02
1.301042327880859375e+02
1.295391693115234375e+02
1.289821624755859375e+02
1.284257354736328125e+02
1.278847503662109375e+02
1.273517456054687500e+02
1.268267135620117188e+02
1.263096237182617188e+02
1.258004531860351562e+02
1.252992019653320312e+02
1.248058471679687500e+02
1.243203582763671875e+02
1.238427276611328125e+02
1.233803710937500000e+02
1.229183883666992188e+02
1.224716339111328125e+02
1.220326766967773438e+02
1.215940399169921875e+02
1.211705703735351562e+02
1.207622680664062500e+02
1.203542327880859375e+02
1.199538803100585938e+02
1.195686340332031250e+02
1.191836090087890625e+02
1.188136367797851562e+02
1.184512863159179688e+02
1.180965270996093750e+02
1.177493515014648438e+02
1.174097290039062500e+02
1.170776443481445312e+02
1.167605133056640625e+02
1.164434509277343750e+02
1.161413040161132812e+02
1.158466186523437500e+02
1.155593795776367188e+02
1.152795715332031250e+02
1.150071716308593750e+02
1.147421646118164062e+02
1.144919509887695312e+02
1.142416610717773438e+02
1.140061416625976562e+02
1.137705001831054688e+02
1.135495986938476562e+02
1.133359680175781250e+02
1.131296005249023438e+02
1.129304733276367188e+02
1.127385635375976562e+02
1.125464401245117188e+02
1.123689346313476562e+02
1.121985931396484375e+02
1.120354232788085938e+02
1.118794021606445312e+02
1.117305145263671875e+02
1.115887374877929688e+02
1.114540634155273438e+02
1.113264846801757812e+02
1.112059783935546875e+02
1.110925292968750000e+02
1.109861297607421875e+02
1.108793258666992188e+02
1.107869720458984375e+02
1.106941833496093750e+02
1.106083984375000000e+02
1.105370101928710938e+02
1.104651412963867188e+02
1.103927993774414062e+02
1.103348159790039062e+02
1.102837371826171875e+02
1.102321395874023438e+02
1.101874160766601562e+02
1.101495819091796875e+02
1.101111679077148438e+02
1.100870208740234375e+02
1.100622711181640625e+02
1.100369186401367188e+02
1.100257949829101562e+02
1.100140228271484375e+02
1.100090103149414062e+02
1.100033340454101562e+02
1.100044097900390625e+02
1.100121917724609375e+02
1.100192718505859375e+02
1.100330505371093750e+02
1.100460739135742188e+02
1.100732040405273438e+02
1.100921325683593750e+02
1.101176910400390625e+02
1.101498794555664062e+02
1.101812438964843750e+02
1.102117843627929688e+02
1.102489089965820312e+02
1.102925949096679688e+02
1.103279800415039062e+02
1.103773422241210938e+02
1.104183578491210938e+02
1.104658889770507812e+02
1.105199127197265625e+02
1.105655593872070312e+02
1.106176910400390625e+02
1.106763076782226562e+02
1.107265396118164062e+02
1.107832641601562500e+02
1.108390274047851562e+02
1.108938522338867188e+02
1.109551773071289062e+02
1.110155410766601562e+02
1.110749588012695312e+02
1.111334457397460938e+02
1.111909790039062500e+02
1.112475662231445312e+02
1.113106536865234375e+02
1.113727874755859375e+02
1.114265594482421875e+02
1.114868087768554688e+02
1.115461196899414062e+02
1.116044998168945312e+02
1.116619338989257812e+02
1.117184295654296875e+02
1.117739791870117188e+02
1.118211746215820312e+02
1.118748474121093750e+02
1.119275970458984375e+02
1.119793930053710938e+02
1.120302658081054688e+02
1.120727767944335938e+02
1.121217727661132812e+02
1.121623992919921875e+02
1.122021026611328125e+02
1.122408599853515625e+02
1.122786865234375000e+02
1.123155899047851562e+02
1.123441162109375000e+02
1.123791580200195312e+02
1.124058151245117188e+02
1.124315567016601562e+02
1.124489364624023438e+02
1.124653701782226562e+02
1.124883193969726562e+02
1.124954681396484375e+02
1.125091323852539062e+02
1.125144348144531250e+02
1.125188064575195312e+02
1.125222473144531250e+02
1.125173187255859375e+02
1.125114822387695312e+02
1.124972763061523438e+02
1.124821548461914062e+02
1.124661026000976562e+02
1.124417190551757812e+02
1.124164199829101562e+02
1.123902587890625000e+02
1.123557739257812500e+02
1.123204345703125000e+02
1.122768173217773438e+02
1.122323684692382812e+02
1.121796722412109375e+02
1.121261749267578125e+02
1.120718765258789062e+02
1.120093688964843750e+02
1.119386596679687500e+02
1.118672103881835938e+02
1.117950057983398438e+02
1.117146530151367188e+02
1.116335830688476562e+02
1.115443801879882812e+02
1.114470672607421875e+02
1.113490676879882812e+02
1.112504119873046875e+02
1.111436920166015625e+02
1.110289001464843750e+02
1.109134750366210938e+02
1.107900161743164062e+02
1.106659698486328125e+02
1.105339126586914062e+02
1.104012756347656250e+02
1.102606658935546875e+02
1.101195068359375000e+02
1.099703903198242188e+02
1.098207626342773438e+02
1.096557617187500000e+02
1.094977188110351562e+02
1.093317489624023438e+02
1.091578979492187500e+02
1.089836044311523438e+02
1.088014297485351562e+02
1.086188430786132812e+02
1.084284133911132812e+02
1.082301559448242188e+02
1.080315093994140625e+02
1.078325042724609375e+02
1.076182785034179688e+02
1.074111404418945312e+02
1.071962356567382812e+02
1.069735870361328125e+02
1.067432022094726562e+02
1.065199661254882812e+02
1.062815856933593750e+02
1.060429382324218750e+02
1.058040390014648438e+02
1.055574798583984375e+02
1.053032531738281250e+02
1.050488128662109375e+02
1.047941818237304688e+02
1.045319213867187500e+02
1.042620544433593750e+02
1.039920272827148438e+02
1.037218475341796875e+02
1.034440917968750000e+02
1.031587829589843750e+02
1.028733596801757812e+02
1.025803985595703125e+02
1.022873535156250000e+02
1.019942245483398438e+02
1.016936111450195312e+02
1.013929367065429688e+02
1.010847930908203125e+02
1.007766189575195312e+02
1.004609985351562500e+02
1.001453781127929688e+02
9.982234191894531250e+01
9.949932098388671875e+01
9.917633819580078125e+01
9.884597015380859375e+01
9.851566314697265625e+01
9.818542480468750000e+01
9.784783935546875000e+01
9.751035308837890625e+01
9.716555023193359375e+01
9.682829284667968750e+01
9.647630310058593750e+01
9.613190460205078125e+01
9.578022003173828125e+01
9.542871856689453125e+01
9.507740020751953125e+01
9.471884155273437500e+01
9.436048889160156250e+01
9.400236511230468750e+01
9.363703918457031250e+01
9.327938842773437500e+01
9.291456604003906250e+01
9.255001831054687500e+01
9.217832183837890625e+01
9.181434631347656250e+01
9.144326019287109375e+01
9.107248687744140625e+01
9.070204162597656250e+01
9.032451629638671875e+01
8.995478057861328125e+01
8.957797241210937500e+01
8.920896148681640625e+01
8.883289337158203125e+01
8.845720672607421875e+01
8.808190155029296875e+01
8.770697021484375000e+01
8.732500457763671875e+01
8.695086669921875000e+01
8.657712554931640625e+01
8.619635772705078125e+01
8.582343292236328125e+01
8.544348907470703125e+01
8.507139587402343750e+01
8.469229125976562500e+01
8.431361389160156250e+01
8.394280242919921875e+01
8.356499481201171875e+01
8.319506835937500000e+01
8.281814575195312500e+01
8.244911193847656250e+01
8.208052825927734375e+01
8.170497131347656250e+01
8.133731842041015625e+01
8.097013092041015625e+01
8.060341644287109375e+01
8.023717498779296875e+01
7.987142181396484375e+01
7.950615692138671875e+01
7.914882659912109375e+01
7.878454589843750000e+01
7.842820739746093750e+01
7.807237243652343750e+01
7.771704101562500000e+01
7.736520385742187500e+01
7.701464080810546875e+01
7.666533660888671875e+01
7.631878662109375000e+01
7.597351837158203125e+01
7.563101959228515625e+01
7.529129028320312500e+01
7.495285797119140625e+01
7.461720275878906250e+01
7.428433227539062500e+01
7.395351409912109375e+01
7.362548828125000000e+01
7.330027008056640625e+01
7.297711181640625000e+01
7.265750122070312500e+01
7.233996582031250000e+01
7.202597808837890625e+01
7.171399688720703125e+01
7.140543365478515625e+01
7.109946441650390625e+01
7.079676055908203125e+01
7.049575805664062500e+01
7.019788360595703125e+01
6.990305328369140625e+01
