# pp
7.962597172750910924e-09
4.843302124084834532e-09
3.347437081850212771e-09
2.487069654206981935e-09
1.935640194112741143e-09
1.556755612519736277e-09
1.283087945441796346e-09
1.077936241632724561e-09
9.194392651462433761e-10
7.942796530142848884e-10
6.933094692839430110e-10
6.105275587121553158e-10
5.417813379835403973e-10
4.839973450703304578e-10
4.349152185881464582e-10
3.928564589280680433e-10
3.565359083373895304e-10
3.249225591501741085e-10
2.972132233751415618e-10
2.727979039708672765e-10
2.511857861904711810e-10
2.319564872092687729e-10
2.147652128535109611e-10
1.993355289773384864e-10
1.854387339661240985e-10
1.728801437854901541e-10
1.614934965853695128e-10
1.511311371656876917e-10
1.416694165817953506e-10
1.330129385581304678e-10
1.250796749537185427e-10
1.177914864345135098e-10
1.110796091829505408e-10
1.048857752043597361e-10
9.915932967323664312e-11
9.385534670547601810e-11
8.893406597076241413e-11
8.435981761549137846e-11
8.010096699063649239e-11
7.612953976408235635e-11
7.242080096951532877e-11
6.895273266665838748e-11
6.570565293396419720e-11
6.266191929380075915e-11
5.980560868580327981e-11
5.712212263210084034e-11
5.459823678174047344e-11
5.222200359600632827e-11
4.998260499549794951e-11
4.787018297990875309e-11
4.587561641339064240e-11
4.399056922412355972e-11
4.220744591723711061e-11
4.051931308429067726e-11
3.891980535278996275e-11
3.740299634833157749e-11
3.596343185385389892e-11
3.459610708122982478e-11
3.329642259293899918e-11
3.206016322506754126e-11
3.088351274279950375e-11
2.976296146860165484e-11
2.869526096560646952e-11
2.767740072547687568e-11
2.670656578395772278e-11
2.578005862751551877e-11
2.489535496767471527e-11
2.405010978024633151e-11
2.324214215166413491e-11
2.246940803447583309e-11
2.172995019420762175e-11
2.102193259011979586e-11
2.034364373030544928e-11
1.969348668326068687e-11
1.906998005527558823e-11
1.847177779539352873e-11
1.789762818070183927e-11
1.734635695471892228e-11
1.681686160610430616e-11
1.630810271082348696e-11
1.581908953333102419e-11
1.534888699945268868e-11
1.489661509633127868e-11
1.446144501439834668e-11
1.404259229057161237e-11
1.363930422184366848e-11
1.325086779007042336e-11
1.287661021586816729e-11
1.251589626828344800e-11
1.216812423107928199e-11
1.183271922651081272e-11
1.150913618938349853e-11
1.119685946374424131e-11
1.089540092812507334e-11
1.060429825837596359e-11
1.032311331668543203e-11
1.005143065643843995e-11
9.788856133505385026e-12
9.535015615405715642e-12
9.289553780554945431e-12
9.052133000493937329e-12
8.822432298622162786e-12
8.600146379519444449e-12
8.384984723449752444e-12
8.176670741101465784e-12
7.974940984036113844e-12
7.779544406696666735e-12
7.590241676170175754e-12
7.406804526212455827e-12
7.229014223720370299e-12
7.056658348743845663e-12
6.889533269128526104e-12
6.727444579651606225e-12
6.570206610368041930e-12
6.417641965065117804e-12
6.269581087744234619e-12
6.125861855208926528e-12
5.986329193984530077e-12
5.850834719929243826e-12
5.719236399019261178e-12
5.591398227903641007e-12
5.467189932928235981e-12
5.346486686423118559e-12
5.229168839135728414e-12
5.115121667772304093e-12
5.004235136684496559e-12
4.896403672806368430e-12
4.791525953009933308e-12
4.689504703105603210e-12
4.590246241350087123e-12
4.493659531665064117e-12
4.399656866750367474e-12
4.308153976415803475e-12
4.219069869956629362e-12
4.132326686820458736e-12
4.047849555073621446e-12
3.965566457207493678e-12
3.885408102855450310e-12
3.807307808019014604e-12
3.731201380427731463e-12
3.657027010681417686e-12
3.584725168845775693e-12
3.514238506193267370e-12
3.445511761800444849e-12
3.378491673731020358e-12
3.313126894550723418e-12
3.249367910935661636e-12
3.187166967150471102e-12
3.126477992186171103e-12
3.067256533484568058e-12
3.009459699859079010e-12
2.953046088547299903e-12
2.897975721966324891e-12
2.844209990458240660e-12
2.791711597671493584e-12
2.740444508441272488e-12
2.690373899039957344e-12
2.641466109676086400e-12
2.593688599127243298e-12
2.547009901398743848e-12
2.501399584306125992e-12
2.456828209885138621e-12
2.413267296538300362e-12
2.370689282832143731e-12
2.329067492863963001e-12
2.288376103121356509e-12
2.248590110761997687e-12
2.209685303245026475e-12
2.171638229249109282e-12
2.134426170815713775e-12
2.098027116659397786e-12
2.062419736589998596e-12
2.027583356994489056e-12
1.993497937329025199e-12
1.960144014540082714e-12
1.927502585322091503e-12
1.895555189526276756e-12
1.864283923678910624e-12
1.833671421514323317e-12
1.803700835285937754e-12
1.774355817820280429e-12
1.745620505280717672e-12
1.717479500609284743e-12
1.689917857616567911e-12
1.662921065691076157e-12
1.636475035100926285e-12
1.610566082862014295e-12
1.585180919148066576e-12
1.560306634219197036e-12
1.535930685846669209e-12
1.512040887212670044e-12
1.488625395264880778e-12
1.465672699506607866e-12
1.443171611204124353e-12
1.421111252993743043e-12
1.399481048871957290e-12
1.378270714552750018e-12
1.357470248176912927e-12
1.337069921358910517e-12
1.317060305263842200e-12
1.297432363658733834e-12
1.278177336099064206e-12
1.259286695083369395e-12
1.240752138879935132e-12
1.222565584605858400e-12
1.204719161548483460e-12
1.187205204719647413e-12
1.170016248633594314e-12
1.153145021299811442e-12
1.136584438422430507e-12
1.120327597798190169e-12
1.104367773905303398e-12
1.088698412675902591e-12
1.073313126445056241e-12
1.058205689069623807e-12
1.043370031210534280e-12
1.028800235772321567e-12
1.014490533494005854e-12
1.000435298685680122e-12
9.866290451053688166e-13
9.730664219709689728e-13
9.597422101022857006e-13
9.466513181883940072e-13
9.337887791757306199e-13
9.211497467725325201e-13
9.087294920653962124e-13
8.965234002439126057e-13
8.845269674294898954e-13
8.727357976046398142e-13
8.611455996391371118e-13
8.497521844096208589e-13
8.385514620093291556e-13
8.275394390447950382e-13
8.167122160164547705e-13
8.060659847802356223e-13
7.955970260873083789e-13
7.853017071992991802e-13
7.751764795763490918e-13
7.652178766355289620e-13
7.554225115771917375e-13
7.457870752769525531e-13
7.363083342410661783e-13
7.269831286230546017e-13
7.178083702995280129e-13
7.087810410032042325e-13
6.998981905112222176e-13
6.911569348869045417e-13
6.825544547731939237e-13
6.740879937360624928e-13
6.657548754920782077e-13
6.575525576584792855e-13
6.494785716843678458e-13
6.415305023425741615e-13
6.337059864007973664e-13
6.260027113305387840e-13
6.184184504846074961e-13
6.109508797180084342e-13
6.035979057816922575e-13
5.963574745583442713e-13
5.892274378287351661e-13
5.822056974628745351e-13
5.752903304370053075e-13
5.684794492604353057e-13
5.617710806232451454e-13
5.551632965889945424e-13
5.486543285735593506e-13
5.422424403008486127e-13
5.359258171280722208e-13
5.297026855709471499e-13
5.235714173515651148e-13
5.175304136053549830e-13
5.115780038163610149e-13
5.057125548537737877e-13
4.999325660719418187e-13
4.942365636364318156e-13
4.886230081210700356e-13
4.830903941015926948e-13
4.776373371821128854e-13
4.722624774354209286e-13
4.669643948182008415e-13
4.617417002510544468e-13
4.565931153501470851e-13
4.515173840884691931e-13
4.465131952776092850e-13
4.415792659611156358e-13
4.367144145459538855e-13
4.319174798894091637e-13
4.271872501767418479e-13
4.225225393649471532e-13
4.179222543345269162e-13
4.133853206928728182e-13
4.089106174485015086e-13
4.044970471630934210e-13
4.001435976786562561e-13
3.958492740041303409e-13
3.916130382499131091e-13
3.874338740762369243e-13
3.833108434929547776e-13
3.792430242630778856e-13
3.752294622993922429e-13
3.712692535756198313e-13
3.673615726990975779e-13
3.635056075683520402e-13
3.597005084648941406e-13
3.559454426470353398e-13
3.522396426153014823e-13
3.485823531078394963e-13
3.449727841499242614e-13
3.414101613629766335e-13
3.378937705075824924e-13
3.344229086227944102e-13
3.309968406843783777e-13
3.276148460104006986e-13
3.242762594074250550e-13
3.209804260862793939e-13
3.177266616144395326e-13
3.145142947616644513e-13
3.113427055431399982e-13
3.082112835806573982e-13
3.051193910651713777e-13
3.020664023522166485e-13
2.990517391673731299e-13
2.960748321142207563e-13
2.931350863904756363e-13
2.902319184128103177e-13
2.873647884246423568e-13
2.845331648811557239e-13
2.817364926868877409e-13
2.789742271026850767e-13
2.762458639731021370e-13
2.735509067446332548e-13
2.708888370145265224e-13
2.682591459485537984e-13
2.656613623249585353e-13
2.630950219651696174e-13
2.605596404032499091e-13
2.580547420216236372e-13
2.555798860902564315e-13
2.531346384098391536e-13
2.507185459288969124e-13
2.483311637853087965e-13
2.459720795030076233e-13
2.436408866662019600e-13
2.413371613269985563e-13
2.390604871232190511e-13
2.368104777801652462e-13
2.345867526511315893e-13
2.323889147726264896e-13
2.302165742134195914e-13
2.280693723615725340e-13
2.259469690671743669e-13
2.238490119155061324e-13
2.217751545733817609e-13
2.197250763012949509e-13
2.176984607999343877e-13
2.156949771907569865e-13
2.137143002463755116e-13
2.117561285752258245e-13
2.098201649234610778e-13
2.079060984453505560e-13
2.060136235503778612e-13
2.041424568625141228e-13
2.022923188642957114e-13
2.004629173581638887e-13
1.986539650371947826e-13
1.968651953123121389e-13
1.950963451951629936e-13
1.933471398599701858e-13
1.916173090356006933e-13
1.899066017861263931e-13
1.882147705379896318e-13
1.865415566595985394e-13
1.848867057641034350e-13
1.832499815215227843e-13
1.816311507437333530e-13
1.800299699059855355e-13
1.784461994421977812e-13
1.768796166603421029e-13
1.753300018060832809e-13
1.737971254566968549e-13
1.722807618838366351e-13
1.707807011379469570e-13
1.692967360179889342e-13
1.678286502739772549e-13
1.663762311059481819e-13
1.649392804777773613e-13
1.635176029264401495e-13
1.621109945145939999e-13
1.607192545288166729e-13
1.593421960783058060e-13
1.579796346825808961e-13
1.566313779202820354e-13
1.552972363846035908e-13
1.539770336178826262e-13
1.526705954216208294e-13
1.513777401519935895e-13
1.500982889857171348e-13
1.488320752374626009e-13
1.475789343406020588e-13
1.463386962046245037e-13
1.451111991645577400e-13
1.438962942418557376e-13
1.426938342761508444e-13
1.415036653842281139e-13
1.403256359928576629e-13
1.391596050511782147e-13
1.380054332172157080e-13
1.368629748370663313e-13
1.357320864234995693e-13
1.346126421264789251e-13
1.335044866802612383e-13
1.324074979055997007e-13
1.313215547073081369e-13
1.302465079204956677e-13
1.291822399657545626e-13
1.281286201725623525e-13
1.270855197798434268e-13
1.260528256095070480e-13
1.250303984892902721e-13
1.240181284849194824e-13
1.230159066309585506e-13
1.220235991377063704e-13
1.210411001487245509e-13
1.200682922291076402e-13
1.191050596304409713e-13
1.181513004009615642e-13
1.172068895709549664e-13
1.162717280612928114e-13
1.153457176601805923e-13
1.144287381570757223e-13
1.135206940952688950e-13
1.126214797566757931e-13
1.117309909159591506e-13
1.108491355874264092e-13
1.099758013622332342e-13
1.091108988038390554e-13
1.082543392534333680e-13
1.074060145189641543e-13
1.065658383880359702e-13
1.057337155362821217e-13
1.049095519633112876e-13
1.040932645481881210e-13
1.032847520141280372e-13
1.024839335067617727e-13
1.016907288701937536e-13
1.009050405713991592e-13
1.001267906310509051e-13
9.935589296311743947e-14
9.859226265817653768e-14
9.783582470432268031e-14
9.708648874752727666e-14
9.634418281205835174e-14
9.560883552874448266e-14
9.488036001956236854e-14
9.415868681318331350e-14
9.344373919203881522e-14
9.273544146591798536e-14
9.203372656842712784e-14
9.133851298541810326e-14
9.064973541359178400e-14
8.996732909655459503e-14
8.929121543115516479e-14
8.862133135646092274e-14
8.795760734168675179e-14
8.729997477279249898e-14
8.664837274344414285e-14
8.600272743394693853e-14
8.536297951492874320e-14
8.472907015082427211e-14
8.410092812183940236e-14
8.347849610972256929e-14
8.286171100957148388e-14
8.225051053598024504e-14
8.164483930421912094e-14
8.104463036799171043e-14
8.044982975545700014e-14
7.986038394123705094e-14
7.927622830514467777e-14
7.869731068198031215e-14
7.812357372225565588e-14
7.755496081030440226e-14
7.699142151882848945e-14
7.643289505216325548e-14
7.587933225098321053e-14
7.533068436014354980e-14
7.478689266864326830e-14
7.424790964264092016e-14
7.371368309609663280e-14
7.318416150116541468e-14
7.265929888848381699e-14
7.213903997550292019e-14
7.162333993258970886e-14
7.111215429646885000e-14
7.060542965591960202e-14
7.010312264599992954e-14
6.960518572045525015e-14
6.911157192434020171e-14
6.862223930316411430e-14
6.813713752408586868e-14
6.765622597386002424e-14
6.717946562251784425e-14
6.670680967349778618e-14
6.623822034434964541e-14
6.577365605971302648e-14
6.531307574762749595e-14
6.485644281311802233e-14
6.440371308474965192e-14
6.395485083740469706e-14
6.350982062106084409e-14
6.306857969830549191e-14
6.263109345864232228e-14
6.219732387270410790e-14
6.176723700393501211e-14
6.134078480776538693e-14
6.091794860739853478e-14
6.049868123672578405e-14
6.008295033174478220e-14
5.967073060480834141e-14
5.926196969791792480e-14
5.885664315835682763e-14
5.845472643209273026e-14
5.805616890274278679e-14
5.766094682194489603e-14
5.726903001488236234e-14
5.688037603205663281e-14
5.649496798098038945e-14
5.611276417831478912e-14
5.573373582414661172e-14
5.535785433737236904e-14
5.498507960363440540e-14
5.461539552056670582e-14
5.424876269211385958e-14
5.388515382713081317e-14
5.352454743317648299e-14
5.316689985356517503e-14
5.281219027951048453e-14
5.246039783055527982e-14
5.211148026540237195e-14
5.176541736389063814e-14
5.142218364332067038e-14
5.108174354862539271e-14
5.074408249954905588e-14
5.040916556979027684e-14
5.007696840845031231e-14
4.974746684770286498e-14
4.942062723998761790e-14
4.909643567743766450e-14
4.877485910302985941e-14
4.845587441266624793e-14
4.813946334916126501e-14
4.782558968799214728e-14
4.751423607650374822e-14
4.720538510592596983e-14
4.689900176100600347e-14
4.659506916531631922e-14
4.629356610417318393e-14
4.599446304855682412e-14
4.569774776849352525e-14
4.540339124260562902e-14
4.511137317047937523e-14
4.482167340012890011e-14
4.453426394205798632e-14
4.424913311305328995e-14
4.396625340125933779e-14
4.368560551552810877e-14
4.340717411506309280e-14
4.313092875897070529e-14
4.285685456227491529e-14
4.258493660066886049e-14
4.231514536931837819e-14
4.204746638496380936e-14
4.178188157462860679e-14
4.151836597255717639e-14
4.125690895661981966e-14
4.099748598215002171e-14
4.074007973674606866e-14
4.048467303334244255e-14
4.023124217754267594e-14
3.997977701593269267e-14
3.973025425094449516e-14
3.948265741274626993e-14
3.923697331830341347e-14
3.899317623032318426e-14
3.875125334491056182e-14
3.851119183109296342e-14
3.827296672481668980e-14
3.803656556224084571e-14
3.780197289469088592e-14
3.756916753182355720e-14
3.733814023327922268e-14
3.710887015963147635e-14
3.688134249776629718e-14
3.665554254077295389e-14
3.643145015330471656e-14
3.620905649762626130e-14
3.598834176958288214e-14
3.576929186248061408e-14
3.555189541694388358e-14
3.533613058731946489e-14
3.512198639594812803e-14
3.490945210504480386e-14
3.469850689396933551e-14
3.448914038703624810e-14
3.428133971009225914e-14
3.407508717936179516e-14
3.387037510732578879e-14
3.366718609418910090e-14
3.346550777965735605e-14
3.326532788899841181e-14
3.306662959400812094e-14
3.286940553008539360e-14
3.267363913747277278e-14
3.247931862750294801e-14
3.228643451354598686e-14
3.209496850675674239e-14
3.190491137758550911e-14
3.171625388051765870e-14
3.152897824902713742e-14
3.134307548694041453e-14
3.115853450176093816e-14
3.097534015882043574e-14
3.079348572596138177e-14
3.061295630739097927e-14
3.043374124398538008e-14
3.025582994973721153e-14
3.007920800669336516e-14
2.990386896217569249e-14
2.972979862434235574e-14
2.955698681765427365e-14
2.938542530743426459e-14
2.921509844280222292e-14
2.904599820583188555e-14
2.887811656807292857e-14
2.871143831622869395e-14
2.854595563221136615e-14
2.838165893155062678e-14
2.821853521841345288e-14
2.805657858921101750e-14
2.789577624983816809e-14
2.773611898270855247e-14
2.757759763289852693e-14
2.742019980745843390e-14
2.726391984510621136e-14
2.710874554408311188e-14
2.695466809738877277e-14
2.680167875762469319e-14
2.664976883686991921e-14
2.649892660453028764e-14
2.634914665674224903e-14
2.620041444726396303e-14
2.605272793923840962e-14
2.590607303619309647e-14
2.576044478030500605e-14
2.561583522811086056e-14
2.547223071450769481e-14
2.532962643586141049e-14
2.518801752170872781e-14
2.504739063614697380e-14
2.490773826674018993e-14
2.476905569412421155e-14
2.463132998653208565e-14
2.449455923909373246e-14
2.435873072732454942e-14
2.422383989793408650e-14
2.408987691944889689e-14
2.395683469619525598e-14
2.382470617867441830e-14
2.369348436347681470e-14
2.356315978616154810e-14
2.343372809204274606e-14
2.330517995704180373e-14
2.317750863330208109e-14
2.305070741689071961e-14
2.292476726240523539e-14
2.279968398584139965e-14
2.267544867516497678e-14
2.255205486939913413e-14
2.242949614944482140e-14
2.230776613799344069e-14
2.218685625139160513e-14
2.206676248764635303e-14
2.194747418488490843e-14
2.182898962587338716e-14
2.171129831551140305e-14
2.159439638964913190e-14
2.147827781950093938e-14
2.136293241753301006e-14
2.124835643483872317e-14
2.113454607872608682e-14
2.102149139840979967e-14
2.090918667792874538e-14
2.079762823745330279e-14
2.068680641518343190e-14
2.057671958480719498e-14
2.046735823396059693e-14
2.035871880851100910e-14
2.025079390431000264e-14
2.014357811333525123e-14
2.003706606218826576e-14
1.993125244746747580e-14
1.982613030733418352e-14
1.972169645023570771e-14
1.961794404794029551e-14
1.951486815443791319e-14
1.941246385435760058e-14
1.931072451431011739e-14
1.920964706164947167e-14
1.910922495627352602e-14
1.900945345270240855e-14
1.891032783473411301e-14
1.881184341538816156e-14
1.871399388470143774e-14
1.861677629705369941e-14
1.852018280955474463e-14
1.842421215428867315e-14
1.832885660553692636e-14
1.823411331419556716e-14
1.813997783762192809e-14
1.804644266653725182e-14
1.795350503273392392e-14
1.786116213694260678e-14
1.776940663663002957e-14
1.767823430932908103e-14
1.758764243508508961e-14
1.749762387528705763e-14
1.740817742464534161e-14
1.731929605005421480e-14
1.723097711996707327e-14
1.714321515477144433e-14
1.705600614910285368e-14
1.696934612202134901e-14
1.688323111695822987e-14
1.679765584237507485e-14
1.671261777434736137e-14
1.662811169406135730e-14
1.654413377788052816e-14
1.646068022548506095e-14
1.637774596123128632e-14
1.629532855338530895e-14
1.621342299570197669e-14
1.613202561477637249e-14
1.605113275951897437e-14
1.597074080110308896e-14
1.589084490312787607e-14
1.581144273302541559e-14
1.573252831252567741e-14
1.565410055983803897e-14
1.557615358315160959e-14
1.549868512430004638e-14
1.542169176575646359e-14
1.534516791001389303e-14
1.526911152184501298e-14
1.519352054332373282e-14
1.511838952245876822e-14
1.504371533465443384e-14
1.496949597754491095e-14
1.489572614415879371e-14
1.482240496265714810e-14
1.474952720100053456e-14
1.467709091862134276e-14
1.460509204198427909e-14
1.453352759953759947e-14
1.446239463689849895e-14
1.439169021682060432e-14
1.432141039951352926e-14
1.425155331941936091e-14
1.418211508835991902e-14
1.411309286329051969e-14
1.404448381759509274e-14
1.397628416521289149e-14
1.390849210512743746e-14
1.384110390062927840e-14
1.377411681522188966e-14
1.370752812816378351e-14
1.364133513443605852e-14
1.357553421863829824e-14
1.351012364918567669e-14
1.344509894752804686e-14
1.338045932261984791e-14
1.331620035783565090e-14
1.325232037404517527e-14
1.318881679700662488e-14
1.312568532423050223e-14
1.306292432040059509e-14
1.300053213460689273e-14
1.293850455285579863e-14
1.287683911834996230e-14
1.281553422317591637e-14
1.275458576139014846e-14
1.269399298083506573e-14
1.263375183179408457e-14
1.257386075470490787e-14
1.251431657596431463e-14
1.245511695608834967e-14
1.239625956891857512e-14
1.233774210159187753e-14
1.227956148125160122e-14
1.222171620784488961e-14
1.216420324775174892e-14
1.210702037968876281e-14
1.205016547352261258e-14
1.199363568923999697e-14
1.193742969327573668e-14
1.188154468087995554e-14
1.182597860595982993e-14
1.177072943354691700e-14
1.171579513977835934e-14
1.166117300710810018e-14
1.160686175034680289e-14
1.155285799251832968e-14
1.149916116301418493e-14
1.144576792951009942e-14
1.139267704372297078e-14
1.133988657493379522e-14
1.128739327349033794e-14
1.123519658142446019e-14
1.118329329183127564e-14
1.113168154838731665e-14
1.108036079083660583e-14
1.102932787532700817e-14
1.097858097553023920e-14
1.092811702032035988e-14
1.087793672269542492e-14
1.082803578664862690e-14
1.077841367955923588e-14
1.072906862393372992e-14
1.067999764794983928e-14
1.063119902312183800e-14
1.058267221465314264e-14
1.053441430856638488e-14
1.048642360411574595e-14
1.043869840967717927e-14
1.039123704273087568e-14
1.034403782984298231e-14
1.029709797873241530e-14
1.025041698025886113e-14
1.020399318787777069e-14
1.015782386328760775e-14
1.011190740459248110e-14
1.006624330145094817e-14
1.002082779402885343e-14
9.975661463405771870e-15
9.930741658659833218e-15
9.886066820355412514e-15
9.841634357201771277e-15
9.797443783441831108e-15
9.753493564530175745e-15
9.709781158789259799e-15
9.666306080014447789e-15
9.623065832162772174e-15
9.580059002822136374e-15
9.537284199826432721e-15
9.494741013727579935e-15
9.452426107474561560e-15
9.410339093567030174e-15
9.368478608088906939e-15
9.326842349112962478e-15
9.285429926781308576e-15
9.244239998042478454e-15
9.203270304031831111e-15
9.162519537518068188e-15
9.121987306165539855e-15
9.081670492109808317e-15
9.041568723360949919e-15
9.001681606002230894e-15
8.962006084533577876e-15
8.922541785130422869e-15
8.883287446406724868e-15
8.844240953907505886e-15
8.805401079399219771e-15
8.766767446964546786e-15
8.728337981209622467e-15
8.690111472416565779e-15
8.652087543525625467e-15
8.614263337439231153e-15
8.576638495740274906e-15
8.539211833024567491e-15
8.501982169939511485e-15
8.464947538192259042e-15
8.428107577781742108e-15
8.391460344546883840e-15
8.355004701195697204e-15
8.318740286802319885e-15
8.282665192841893721e-15
8.246778299173230167e-15
8.211077738274567647e-15
8.175563913119746041e-15
8.140234220106396207e-15
8.105088314482972315e-15
8.070125104075694184e-15
8.035342777715538120e-15
8.000740271021271821e-15
7.966317238441565984e-15
7.932071901701080706e-15
7.898003212369878146e-15
7.864110127268315774e-15
7.830391608457275538e-15
7.796846623227995444e-15
7.763473462524567178e-15
7.730271804313846964e-15
7.697240672912915726e-15
7.664378439574357079e-15
7.631684161593175037e-15
7.599157556880076276e-15
7.566796374422179576e-15
7.534600992330584252e-15
7.502569829733083373e-15
7.470701966349391671e-15
7.438995854553725158e-15
7.407451224223477542e-15
7.376067168259014436e-15
7.344842166320469590e-15
7.313775947060676888e-15
7.282867008059002711e-15
7.252114473388119924e-15
7.221517471279424622e-15
7.191075729019948470e-15
7.160787188899150780e-15
7.130651590967116377e-15
7.100668080030911336e-15
7.070835227650316663e-15
7.041152772836422684e-15
7.011619872649798922e-15
6.982235123646753811e-15
6.952997703644398934e-15
6.923907350618867509e-15
6.894962133472927729e-15
6.866161802076637680e-15
6.837506093774262464e-15
6.808993113642621695e-15
6.780622610780504155e-15
6.752393790047245831e-15
6.724305331953430084e-15
6.696356460668860625e-15
6.668546924448510123e-15
6.640875426626359800e-15
6.613341202340600080e-15
6.585943999440138271e-15
6.558682038364004185e-15
6.531555077923857799e-15
6.504562367673915528e-15
6.477703160756887335e-15
6.450976223114311276e-15
6.424381312974931182e-15
6.397917210452202826e-15
6.371583193431546817e-15
6.345379019843780253e-15
6.319303490751594443e-15
6.293355894252680629e-15
6.267535060256181178e-15
6.241841243737453608e-15
6.216272842069469907e-15
6.190829651454007637e-15
6.165511004818936790e-15
6.140315788411457702e-15
6.115243351064270920e-15
6.090293487862686266e-15
6.065465103794064019e-15
6.040757556543114103e-15
6.016170206711512679e-15
5.991702417814028048e-15
5.967353556274421729e-15
5.943122566837203164e-15
5.919009252386800480e-15
5.895012987974134761e-15
5.871132735992376677e-15
5.847367886160311625e-15
5.823718240581509819e-15
5.800182372239900213e-15
5.776760495482733499e-15
5.753451601385153910e-15
5.730255093391654064e-15
5.707169982368352928e-15
5.684196078093590088e-15
5.661332792088741492e-15
5.638579151621604135e-15
5.615934966051304298e-15
5.593399273426678322e-15
5.570971504075454631e-15
5.548651090883949948e-15
5.526437842793613949e-15
5.504330448168336730e-15
5.482328723697045066e-15
5.460432112462351098e-15
5.438639696974570530e-15
5.416951293592950966e-15
5.395366352942780737e-15
5.373883972642494452e-15
5.352503615823358032e-15
5.331225098594179411e-15
5.310047185273821595e-15
5.288969699224133693e-15
5.267992456442173604e-15
5.247114243036708425e-15
5.226334882176962420e-15
5.205653853704235013e-15
5.185070305987061030e-15
5.164583730553632165e-15
5.144193950413785702e-15
5.123900130426907335e-15
5.103701781970652794e-15
5.083598743607921853e-15
5.063589886469669884e-15
5.043675055590655706e-15
5.023853773429664184e-15
5.004125564551288358e-15
4.984489644150622350e-15
4.964945856751607563e-15
4.945493425963442131e-15
4.926131891020309434e-15
4.906861096147150507e-15
4.887680277403351251e-15
4.868588980036689014e-15
4.849586454462092935e-15
4.830672845550469055e-15
4.811847112856311521e-15
4.793109106309246868e-15
4.774458380994338046e-15
4.755894207142730112e-15
4.737416149630254857e-15
4.719024058133826437e-15
4.700717214491556367e-15
4.682495189228327526e-15
4.664357554731676431e-15
4.646303885249021178e-15
4.628333756884784464e-15
4.610446747597395921e-15
4.592641897652679759e-15
4.574919335543021790e-15
4.557278644686691287e-15
4.539719410343898828e-15
4.522240694488266493e-15
4.504842618251203025e-15
4.487524772316859951e-15
4.470285720006476048e-15
4.453126609813835594e-15
4.436046012031170004e-15
4.419043534769013906e-15
4.402118787796893768e-15
4.385271880111343791e-15
4.368501426324725073e-15
4.351808033032353282e-15
4.335191306781670661e-15
4.318649887104322848e-15
4.302183884687166280e-15
4.285792920920377466e-15
4.269476618832871539e-15
4.253234603089456836e-15
4.237066499987919265e-15
4.220971473465208163e-15
4.204949631597527633e-15
4.189000613791986449e-15
4.173124061013850657e-15
4.157319162608617497e-15
4.141586021816821055e-15
4.125923836989101628e-15
4.110332708336070859e-15
4.094811843115261843e-15
4.079361338587001657e-15
4.063979975290913981e-15
4.048668288872739744e-15
4.033425933866278778e-15
4.018251712345923093e-15
4.003146147099159146e-15
3.988108054292369274e-15
3.973137948298156530e-15
3.958234659200644462e-15
3.943398693113839473e-15
3.928629304354629963e-15
3.913925759469786916e-15
3.899288147326012231e-15
3.884716144985053894e-15
3.870209031007316613e-15
3.855767287579096748e-15
3.841389798696754378e-15
3.827076254622704929e-15
3.812826736460120664e-15
3.798640542345212113e-15
3.784517750909613247e-15
3.770457667961670750e-15
3.756460369726632321e-15
3.742524792473791916e-15
3.728651392087658953e-15
3.714839861692631488e-15
3.701089156020034730e-15
3.687399720166265033e-15
3.673770520948007718e-15
3.660201633629427045e-15
3.646693125275632269e-15
3.633243980556518414e-15
3.619854627154685009e-15
3.606524061461232434e-15
3.593252001867517947e-15
3.580038865937650227e-15
3.566883667329115196e-15
3.553786472473426384e-15
3.540746655372977783e-15
3.527764280358480065e-15
3.514838728165617924e-15
3.501970061937789063e-15
3.489158007072846458e-15
3.476401627798046983e-15
3.463701324334866816e-15
3.451056498946396539e-15
3.438466888687939926e-15
3.425932554938220329e-15
3.413452909533784929e-15
3.401027373600296926e-15
3.388656328863268391e-15
3.376338881390301632e-15
3.364075406948279820e-15
3.351865021743154503e-15
3.339708095690472927e-15
3.327603755013313595e-15
3.315551753215743445e-15
3.303552451591484831e-15
3.291604991124435994e-15
3.279709427907439858e-15
3.267865216016503347e-15
3.256072409761208682e-15
3.244330468981530004e-15
3.232639446250313481e-15
3.220998807111542305e-15
3.209408313925689114e-15
3.197867730007718264e-15
3.186377104553803359e-15
3.174935914300407996e-15
3.163543925454624297e-15
3.152200905171670391e-15
3.140906621553287445e-15
3.129660843646097654e-15
3.118463615888450584e-15
3.107314158610544616e-15
3.096212248795575714e-15
3.085158203037367465e-15
3.074151254633125089e-15
3.063191449279406052e-15
3.052278562553116600e-15
3.041412370961891451e-15
3.030592129653474524e-15
3.019818405257898078e-15
3.009090456329730437e-15
2.998408067813367202e-15
2.987771280273580314e-15
2.977179622463044294e-15
2.966632881918964226e-15
2.956130847028956186e-15
2.945673555591469122e-15
2.935260546080306941e-15
2.924891610095688621e-15
2.914566542627042280e-15
2.904285140120633588e-15
2.894047199837475200e-15
2.883852519851884317e-15
2.873700899050009887e-15
2.863591900470402992e-15
2.853525564160910403e-15
2.843501691404328851e-15
2.833520084289379824e-15
2.823580314761472487e-15
2.813682420270294863e-15
2.803826205283654205e-15
2.794011021535589173e-15
2.784237359515091677e-15
2.774504573877776717e-15
2.764812476319111515e-15
2.755160879271838613e-15
2.745549815891175619e-15
2.735978658779689946e-15
2.726447661237167388e-15
2.716956634702000388e-15
2.707504961944579810e-15
2.698092677160678915e-15
2.688719597935977497e-15
2.679385542583117100e-15
2.670090330140312624e-15
2.660833780369951703e-15
2.651615506657622676e-15
2.642435539791729691e-15
2.633293701673348283e-15
2.624189814922096222e-15
2.615123500690056021e-15
2.606094787630098583e-15
2.597103300707406416e-15
2.588149067536347782e-15
2.579231716857410069e-15
2.570351275273530630e-15
2.561507180206681359e-15
2.552699654651707565e-15
2.543928527507618594e-15
2.535193245179656652e-15
2.526494025717821836e-15
2.517830321416938226e-15
2.509202347085713721e-15
2.500609560842738430e-15
2.492052174310927178e-15
2.483529836255589649e-15
2.475042200504102708e-15
2.466589291292139413e-15
2.458170948106699209e-15
2.449786832884442777e-15
2.441437151524752767e-15
2.433121388285228723e-15
2.424839391262385989e-15
2.416591185474621587e-15
2.408376441744701329e-15
2.400195184191254585e-15
2.392047086892649303e-15
2.383932173090774845e-15
2.375849948851221061e-15
2.367800609802603954e-15
2.359784005658335908e-15
2.351799650237802257e-15
2.343847734893261230e-15
2.335927778529032843e-15
2.328039804372242926e-15
2.320183832319976682e-15
2.312359388799398747e-15
2.304566658241296640e-15
2.296805172019150648e-15
2.289074790742197677e-15
2.281375694808482709e-15
2.273707422890930368e-15
2.266069994979238523e-15
2.258463114174807960e-15
2.250886799695629815e-15
2.243340757538147090e-15
2.235825006168510469e-15
2.228339407727035297e-15
2.220883520117523380e-15
2.213457514873194882e-15
2.206061105098308630e-15
2.198694157683204937e-15
2.191356688936161884e-15
2.184048416141116043e-15
2.176769060525932619e-15
2.169518786275056412e-15
2.162297169259211656e-15
2.155104371288885375e-15
2.147939972601430903e-15
2.140804132672824873e-15
2.133696436059767762e-15
2.126616757149804946e-15
2.119565251973777231e-15
2.112541511464345077e-15
2.105545550426173505e-15
2.098577104568352276e-15
2.091636188058740022e-15
2.084722539148888521e-15
2.077836171944814442e-15
2.070976830001341614e-15
2.064144395279289940e-15
2.057338750177596893e-15
2.050559910318262729e-15
2.043807624682345836e-15
2.037081776993104445e-15
2.030382251408800717e-15
2.023708932521923724e-15
2.017061705358397428e-15
2.010440583714971893e-15
2.003845196080750571e-15
1.997275430951668010e-15
1.990731429581010775e-15
1.984212826070029702e-15
1.977719634907436033e-15
1.971251744116530528e-15
1.964809042147385335e-15
1.958391172543721476e-15
1.951998394671746753e-15
1.945630353591457653e-15
1.939286941479034288e-15
1.932968170843203033e-15
1.926673813372998750e-15
1.920403762444997382e-15
1.914157911830220713e-15
1.907936272967268620e-15
1.901738621829848724e-15
1.895564853380391543e-15
1.889414862972801399e-15
1.883288546351709755e-15
1.877185799651726200e-15
1.871106519396672458e-15
1.865050602498805363e-15
1.859017834111934292e-15
1.853008225315113677e-15
1.847021674169508419e-15
1.841058079121626587e-15
1.835117229325621581e-15
1.829199134888536696e-15
1.823303695396582456e-15
1.817430595088179584e-15
1.811579952428711580e-15
1.805751668125852169e-15
1.799945643266956197e-15
1.794161568316178826e-15
1.788399558447006722e-15
1.782659307177211712e-15
1.776940928062977555e-15
1.771244324034052024e-15
1.765569193683183836e-15
1.759915446781482059e-15
1.754283196960639821e-15
1.748672351814780276e-15
1.743082618506738803e-15
1.737513908635181682e-15
1.731966332695822185e-15
1.726439602142776939e-15
1.720933825940874444e-15
1.715448718375028313e-15
1.709984192625151663e-15
1.704540162177895131e-15
1.699116732988836478e-15
1.693713433783318169e-15
1.688330752328327130e-15
1.682968030008030575e-15
1.677625372969113347e-15
1.672302883533164867e-15
1.667000102350969632e-15
1.661717318331580288e-15
1.656454260751316992e-15
1.651210846173721597e-15
1.645986809498648654e-15
1.640782432805986293e-15
1.635597450603655749e-15
1.630431780655377184e-15
1.625285162967408480e-15
1.620157872974628883e-15
1.615049474173459331e-15
1.609960238743578466e-15
1.604889734600990980e-15
1.599838057412232651e-15
1.594804954633690758e-15
1.589790692048911799e-15
1.584794846251433534e-15
1.579817510299036221e-15
1.574858605174070215e-15
1.569917884367739684e-15
1.564995439030243056e-15
1.560091025014481600e-15
1.555204732218266062e-15
1.550336483045881793e-15
1.545486036856490185e-15
1.540653481713709462e-15
1.535838579279609839e-15
1.531041416413471570e-15
1.526261757057221006e-15
1.521499686884487166e-15
1.516754972094222707e-15
1.512027539867529238e-15
1.507317474601148049e-15
1.502624548198246543e-15
1.497948691442484283e-15
1.493289989355759441e-15
1.488648217553308229e-15
1.484023307539221769e-15
1.479415342614157972e-15
1.474823950822815697e-15
1.470249366701481557e-15
1.465691371142237566e-15
1.461149896832177876e-15
1.456624876690972360e-15
1.452116243870484800e-15
1.447624077787931172e-15
1.443148019220049627e-15
1.438688148822299745e-15
1.434244544404740727e-15
1.429816852049807933e-15
1.425405150789737634e-15
1.421009375390554291e-15
1.416629460847222418e-15
1.412265342383216658e-15
1.407916955450082583e-15
1.403584235726994733e-15
1.399266981325613410e-15
1.394965267619499736e-15
1.390679030955316597e-15
1.386408072267009865e-15
1.382152600340169751e-15
1.377912281622546390e-15
1.373687055467783453e-15
1.369477127073355272e-15
1.365282167771721339e-15
1.361102117538490281e-15
1.356937047300465578e-15
1.352786895384620184e-15
1.348651470946915958e-15
1.344530714779404167e-15
1.340424695920356070e-15
1.336333353557807008e-15
1.332256500379429392e-15
1.328194077988158417e-15
1.324146153590247317e-15
1.320112542471545988e-15
1.316093186833693835e-15
1.312088152539267450e-15
1.308097257434680342e-15
1.304120444317098396e-15
1.300157656177803881e-15
1.296208957130982706e-15
1.292274168767011817e-15
1.288353236619340465e-15
1.284446106792993972e-15
1.280552725572097483e-15
1.276673157259059318e-15
1.272807112209160785e-15
1.268954772320733893e-15
1.265115850734629571e-15
1.261290411858438709e-15
1.257478517882397311e-15
1.253679886071653056e-15
1.249894693224342956e-15
1.246122659319512744e-15
1.242363846663888530e-15
1.238618203492882746e-15
1.234885678217488345e-15
1.231166219423957533e-15
1.227459665664103827e-15
1.223766077210624797e-15
1.220085403163963626e-15
1.216417592798587198e-15
1.212762487589198036e-15
1.209120146232851334e-15
1.205490518514638119e-15
1.201873448062780187e-15
1.198268992420537674e-15
1.194677101880888204e-15
1.191097622195024207e-15
1.187530505596842200e-15
1.183975808124461827e-15
1.180433480737630600e-15
1.176903371965471044e-15
1.173385434670228882e-15
1.169879723428765624e-15
1.166386189862690380e-15
1.162904584691032555e-15
1.159435062980914717e-15
1.155977576842685145e-15
1.152531880520332132e-15
1.149098126496291464e-15
1.145676169347946125e-15
1.142265963323346609e-15
1.138867559852262278e-15
1.135480815471684700e-15
1.132105684886880263e-15
1.128742122952240634e-15
1.125390084671039792e-15
1.122049525195187505e-15
1.118720399824977689e-15
1.115402757671747283e-15
1.112096366824310785e-15
1.108801278604163638e-15
1.105517542883207244e-15
1.102244932431173502e-15
1.098983497860298732e-15
1.095733197195615825e-15
1.092493988599093868e-15
1.089265830369406216e-15
1.086048591421020532e-15
1.082842409814235307e-15
1.079647065657678698e-15
1.076462607307771426e-15
1.073288993735832962e-15
1.070126096740976584e-15
1.066973963743074528e-15
1.063832554111457355e-15
1.060701741341280418e-15
1.057581571935951074e-15
1.054472005660828177e-15
1.051372917683704633e-15
1.048284353611143078e-15
1.045206189710857997e-15
1.042138470999875368e-15
1.039081074835728905e-15
1.036034045654347752e-15
1.032997261893073023e-15
1.029970685583003240e-15
1.026954360300588996e-15
1.023948166080980771e-15
1.020952145940096351e-15
1.017966180968308174e-15
1.014990233800621904e-15
1.012024346623826423e-15
1.009068323047556985e-15
1.006122284539755523e-15
1.003186114777019932e-15
1.000259854865923656e-15
9.973433120094726282e-16
9.944366050470412185e-16
9.915395429485853780e-16
9.886522432601702237e-16
9.857745926833701295e-16
9.829065551494542938e-16
9.800480194675397756e-16
9.771991006443744705e-16
9.743596873484572340e-16
9.715297439721302921e-16
9.687091612494259758e-16
9.658980517094082674e-16
9.630962328992629145e-16
9.603037436412369476e-16
9.575206222553530456e-16
9.547466180143619628e-16
9.519819143378822110e-16
9.492263341072395200e-16
9.464799159166301071e-16
9.437426264803142011e-16
9.410144326189492509e-16
9.382952313538300230e-16
9.355850603040133706e-16
9.328838173759121675e-16
9.301915397084805479e-16
9.275081946406204989e-16
9.248336813943053491e-16
9.221679685126265522e-16
9.195110921944207527e-16
9.168630201880292579e-16
9.142236534385246082e-16
9.115929608758096940e-16
9.089709777847151634e-16
9.063576063798548243e-16
9.037528814986032198e-16
9.011567061942127778e-16
8.985690498743313998e-16
8.959898820397002656e-16
8.934192366463451856e-16
8.908570183973347907e-16
8.883031970769213480e-16
8.857577425619143718e-16
8.832206879514212718e-16
8.806918767432188886e-16
8.781714050499642534e-16
8.756591799923426885e-16
8.731551719127615430e-16
8.706593512453436005e-16
8.681716885157867595e-16
8.656921543412198698e-16
8.632207194300600472e-16
8.607573545818650574e-16
8.583020306871858983e-16
8.558547187274171130e-16
8.534153301882223343e-16
8.509839556902777004e-16
8.485604475959432804e-16
8.461448368303751210e-16
8.437370948224124320e-16
8.413371930908372867e-16
8.389450453466081856e-16
8.365606817380997029e-16
8.341840740485803368e-16
8.318151942842818369e-16
8.294539582726202074e-16
8.271003962031812012e-16
8.247544247422774984e-16
8.224160736992438782e-16
8.200853161667404008e-16
8.177620698590338317e-16
8.154463088277132926e-16
8.131380621372002954e-16
8.108373032082401788e-16
8.085439511282911852e-16
8.062579802594385817e-16
8.039794189414677896e-16
8.017081872740162946e-16
7.994443132419692799e-16
7.971877176137426585e-16
7.949383751350340073e-16
7.926962606263499634e-16
7.904614013733194442e-16
7.882336673175469462e-16
7.860131899362498271e-16
7.837997879230420184e-16
7.815934886178197572e-16
7.793943184578451082e-16
7.772021502148792959e-16
7.750170614018911796e-16
7.728389763494373355e-16
7.706678706279824331e-16
7.685036699081356624e-16
7.663464500892707213e-16
7.641961367528402330e-16
7.620527057631109409e-16
7.599160840161110301e-16
7.577863458351228650e-16
7.556633694483729598e-16
7.535472284048605287e-16
7.514378019936107001e-16
7.493351150951519647e-16
7.472390964008219759e-16
7.451498179345038199e-16
7.430671610736757641e-16
7.409911500810478915e-16
7.389217616122357206e-16
7.368589258190120593e-16
7.348026665108252638e-16
7.327529144128485530e-16
7.307096930363559478e-16
7.286729793883013009e-16
7.266427050464514988e-16
7.246188930840342865e-16
7.226014757273070534e-16
7.205904761967800448e-16
7.185858277082189182e-16
7.165875532801294194e-16
7.145955866747766711e-16
7.126099065842666682e-16
7.106305355985695847e-16
7.086574082894041693e-16
7.066905035357688067e-16
7.047298435077235041e-16
7.027753635761410710e-16
7.008270428061108980e-16
6.988849029562208758e-16
6.969488377507283228e-16
6.950189115072405399e-16
6.930950609040070498e-16
6.911772653124244381e-16
6.892655041642825093e-16
6.873597569516780050e-16
6.854600445009740770e-16
6.835662636863661057e-16
6.816784356455166460e-16
6.797965808173239402e-16
6.779205973938794434e-16
6.760505061219363385e-16
6.741862869132238546e-16
6.723279197390492508e-16
6.704753846302028566e-16
6.686286616768602529e-16
6.667877310284857359e-16
6.649524944246231297e-16
6.631230894308750686e-16
6.612993397917738906e-16
6.594813817522301366e-16
6.576690406058239459e-16
6.558623746019235685e-16
6.540613642968817404e-16
6.522659143161710851e-16
6.504761576589844361e-16
6.486919234217516685e-16
6.469132683784161400e-16
6.451401733716517938e-16
6.433725450310537810e-16
6.416105131958909786e-16
6.398539106754563520e-16
6.381027195491338057e-16
6.363570677983505331e-16
6.346167904158749775e-16
6.328819418988964571e-16
6.311524316041916111e-16
6.294283851373731739e-16
6.277095693394891074e-16
6.259961808223258770e-16
6.242880591724488080e-16
6.225852575617345697e-16
6.208876879314778651e-16
6.191954029134968490e-16
6.175083151869069417e-16
6.158264768495669601e-16
6.141498700534489296e-16
6.124784085743286000e-16
6.108121437227349634e-16
6.091509899957726594e-16
6.074949981849170664e-16
6.058440835021305890e-16
6.041982962256756195e-16
6.025575522759604661e-16
6.009219014238039678e-16
5.992912602917072452e-16
5.976656781487437232e-16
5.960450723132127180e-16
5.944294264460037157e-16
5.928187890719074701e-16
5.912130785390818006e-16
5.896123428845322227e-16
5.880165011367734894e-16
5.864255371879826946e-16
5.848394983515598118e-16
5.832583046630395877e-16
5.816819401517246384e-16
5.801104514195239318e-16
5.785437594955639228e-16
5.769818485456742994e-16
5.754247027796849459e-16
5.738723678679354374e-16
5.723247661424233627e-16
5.707818819487047872e-16
5.692437602730565799e-16
5.677103244104872529e-16
5.661815588416355395e-16
5.646574480906988042e-16
5.631379767253761459e-16
5.616231886144135070e-16
5.601129496331772191e-16
5.586073627333709903e-16
5.571063534023572429e-16
5.556099064282762408e-16
5.541180066423801866e-16
5.526306966121935941e-16
5.511478456122690527e-16
5.496694965931638693e-16
5.481956916836242182e-16
5.467263020568296645e-16
5.452614266425486731e-16
5.438009938814817148e-16
5.423449332585968014e-16
5.408933423238817630e-16
5.394461503961897332e-16
5.380032878238568511e-16
5.365648507984084891e-16
5.351307148062421043e-16
5.337009751449027010e-16
5.322755083543816840e-16
5.308544088474539364e-16
5.294375542080080338e-16
5.280249844708382569e-16
5.266166854946412001e-16
5.252126431788095101e-16
5.238128434633615787e-16
5.224172723288714324e-16
5.210259157963973409e-16
5.196387078232925884e-16
5.182556870736865030e-16
5.168768396863332319e-16
5.155021518402069959e-16
5.141316097544284288e-16
5.127651487185593901e-16
5.114028064486586198e-16
5.100445692805992505e-16
5.086903732881337930e-16
5.073403057111845533e-16
5.059942526193039585e-16
5.046522508062139866e-16
5.033142373764968382e-16
5.019802487600904960e-16
5.006502715641328045e-16
4.993242436538615425e-16
4.980022494907294405e-16
4.966841300921224494e-16
4.953700179237354499e-16
4.940598032825291344e-16
4.927534736347838431e-16
4.914510639976853975e-16
4.901525612822166055e-16
4.888579053332367396e-16
4.875671306542760841e-16
4.862801775737306409e-16
4.849970802563609852e-16
4.837178258005178991e-16
4.824423552535625511e-16
4.811706564242660470e-16
4.799027629757908683e-16
4.786386168594784477e-16
4.773782514419596357e-16
4.761216091399040083e-16
4.748687229938575902e-16
4.736195358818210411e-16
4.723740805217823597e-16
4.711323002491112355e-16
4.698941833329117517e-16
4.686597620124837144e-16
4.674289803005444391e-16
4.662018265625674268e-16
4.649783325669043966e-16
4.637584429949608655e-16
4.625421463081549504e-16
4.613294738114953957e-16
4.601203708465283164e-16
4.589148259701816841e-16
4.577128700315903023e-16
4.565144490240076647e-16
4.553195515994234265e-16
4.541281664405571223e-16
4.529402822608179340e-16
4.517559291640891738e-16
4.505750542096881034e-16
4.493976462053512570e-16
4.482236939893184483e-16
4.470532270841049849e-16
4.458861529067611731e-16
4.447225415216210725e-16
4.435623412371311896e-16
4.424055410458198601e-16
4.412521299704360397e-16
4.401020970639031562e-16
4.389554314092736513e-16
4.378121614008230698e-16
4.366721974514586300e-16
4.355356071302221658e-16
4.344023015818478473e-16
4.332723477664294967e-16
4.321456575540529210e-16
4.310222590169093994e-16
4.299021795990623286e-16
4.287853322466235611e-16
4.276717824236772440e-16
4.265614437857603562e-16
4.254543812089293286e-16
4.243505090518804431e-16
4.232498544507337050e-16
4.221524069667132914e-16
4.210581563182926443e-16
4.199670922845024089e-16
4.188792046727628061e-16
4.177944469439992660e-16
4.167128818663322870e-16
4.156344267353500768e-16
4.145591078442281713e-16
4.134869151394629197e-16
4.124178385956566510e-16
4.113518327563370813e-16
4.102889234115874020e-16
4.092291006179297452e-16
4.081723544598025515e-16
4.071186750495076174e-16
4.060680178118335323e-16
4.050204079233738557e-16
4.039758355776686607e-16
4.029342567186672875e-16
4.018956961617942758e-16
4.008601441814243741e-16
3.998275572342143970e-16
3.987979597801197785e-16
3.977713421739385519e-16
3.967476613786647568e-16
3.957269415043856836e-16
3.947091729859046031e-16
3.936943132862636854e-16
3.926823861711863044e-16
3.916733494329872430e-16
3.906672266101875313e-16
3.896639758216567416e-16
3.886636203811017875e-16
3.876661187312523804e-16
3.866714939633615890e-16
3.856797367478158863e-16
3.846908060090557466e-16
3.837046928703736918e-16
3.827214199850916387e-16
3.817409467515712667e-16
3.807632956076006834e-16
3.797884262648502985e-16
3.788163299648860070e-16
3.778470288255179099e-16
3.768805137471381889e-16
3.759167144641844750e-16
3.749557141012852491e-16
3.739974122289719813e-16
3.730418610395638134e-16
3.720890214706483654e-16
3.711388849838755406e-16
3.701914730338160485e-16
3.692467472047638055e-16
3.683047287814346040e-16
3.673653501763430917e-16
3.664286621855488655e-16
3.654946269797593517e-16
3.645632363414052743e-16
3.636345110542992195e-16
3.627084137231032162e-16
3.617849361962481839e-16
3.608640703435500261e-16
3.599458080561791109e-16
3.590301696299467864e-16
3.581171183799252980e-16
3.572066462627623423e-16
3.562987452563268622e-16
3.553934073596778366e-16
3.544906245930325789e-16
3.535903889977350341e-16
3.526927202067508993e-16
3.517975550485006610e-16
3.509049406555770773e-16
3.500148143545148233e-16
3.491272228658181445e-16
3.482421040098982425e-16
3.473595040991234874e-16
3.464793882266664936e-16
3.456017219514202303e-16
3.447265509808733598e-16
3.438538408049871500e-16
3.429835573733597258e-16
3.421157457972637556e-16
3.412503458309904266e-16
3.403873761729556278e-16
3.395268551110763893e-16
3.386687231080225517e-16
3.378129985998230834e-16
3.369596740228643901e-16
3.361087418339770955e-16
3.352601691253902769e-16
3.344139992689353976e-16
3.335701741158060264e-16
3.327287115878676666e-16
3.318896042422464217e-16
3.310528446563032194e-16
3.302184254275967853e-16
3.293863145085167660e-16
3.285565294041988403e-16
3.277290627712172559e-16
3.269038829544943101e-16
3.260810073735042620e-16
3.252604289346436486e-16
3.244421405634567813e-16
3.236261112367769706e-16
3.228123580819122033e-16
3.220008740803295350e-16
3.211916285570146473e-16
3.203846384000761868e-16
3.195798966466281966e-16
3.187773729656515316e-16
3.179770840096936750e-16
3.171789996743593931e-16
3.163831364567242572e-16
3.155894874856026082e-16
3.147980229937905588e-16
3.140087592487369203e-16
3.132216667053817266e-16
3.124367614796143807e-16
3.116540142467567194e-16
3.108734409726750440e-16
3.100950125513251746e-16
3.093187448000699526e-16
3.085446088297658567e-16
3.077726203107749991e-16
3.070027505691353919e-16
3.062349932178136138e-16
3.054693637088606355e-16
3.047058336873096537e-16
3.039444184619001165e-16
3.031850898886201359e-16
3.024278631343430771e-16
3.016726888792839370e-16
3.009196250064482331e-16
3.001686011043202775e-16
2.994196534442322922e-16
2.986727545039437787e-16
2.979279190321150713e-16
2.971850988389011710e-16
2.964443295771145954e-16
2.957056048344720140e-16
2.949688769756242314e-16
2.942341811973281884e-16
2.935014906839760936e-16
2.927707993394785564e-16
2.920421213735353921e-16
2.913154100590401317e-16
2.905906998460296126e-16
2.898679644113586843e-16
2.891471977375734849e-16
2.884284137382614782e-16
2.877115667263009116e-16
2.869966906020390532e-16
2.862837400573837703e-16
2.855727487037423029e-16
2.848636910685028609e-16
2.841565614196654863e-16
2.834513540397723293e-16
2.827480632258860535e-16
2.820466832895681916e-16
2.813472085568572543e-16
2.806496333682468889e-16
2.799539520786638405e-16
2.792601779310350220e-16
2.785682674864166286e-16
2.778782340923087004e-16
2.771900721611453016e-16
2.765037761196810333e-16
2.758193404089687486e-16
2.751367594843357878e-16
2.744560278153616442e-16
2.737771216071083182e-16
2.731000719879944908e-16
2.724248369850077517e-16
2.717514474632522103e-16
2.710798617684130926e-16
2.704100925873901325e-16
2.697421344879430216e-16
2.690759820519005392e-16
2.684116121709600152e-16
2.677490373000576203e-16
2.670882696257822180e-16
2.664292510942559401e-16
2.657720290472198699e-16
2.651165632308716755e-16
2.644628658168376490e-16
2.638109314968449027e-16
2.631607549764800458e-16
2.625123138940841895e-16
2.618656201994701882e-16
2.612206686387771308e-16
2.605774370932159895e-16
2.599359373488872163e-16
2.592961641922833402e-16
2.586580957446908518e-16
2.580217436309145256e-16
2.573870861304732348e-16
2.567541347616822865e-16
2.561228843775588990e-16
2.554933134931214299e-16
2.548654334945360454e-16
2.542392231778437286e-16
2.536146939505745275e-16
2.529918247868484145e-16
2.523706269901296957e-16
2.517510956541240529e-16
2.511332099804089986e-16
2.505169652764466707e-16
2.499023726406218469e-16
2.492894114985606655e-16
2.486780928476115364e-16
2.480683962616098619e-16
2.474603326378562250e-16
2.468538816972633262e-16
2.462490388274678502e-16
2.456458147771396177e-16
2.450441894853190116e-16
2.444441736030562878e-16
2.438457472136843000e-16
2.432489057615058304e-16
2.426536447018038657e-16
2.420599744924784356e-16
2.414678904342189621e-16
2.408773580916934187e-16
2.402884027722477780e-16
2.397010050545196035e-16
2.391151604608487071e-16
2.385308791667947502e-16
2.379481273743749293e-16
2.373669298663251630e-16
2.367872820377651719e-16
2.362091504673371270e-16
2.356325596289583636e-16
2.350574763493774707e-16
2.344839248984721710e-16
2.339118865393425879e-16
2.333413710385564946e-16
2.327723457138853517e-16
2.322048204087588550e-16
2.316388047568941921e-16
2.310742803540010298e-16
2.305112290249781250e-16
2.299496742424455611e-16
2.293895977982622336e-16
2.288309954101864022e-16
2.282738628065607198e-16
2.277181957262961596e-16
2.271639899188554981e-16
2.266112411442372426e-16
2.260599451729589656e-16
2.255100978069513716e-16
2.249616949421100357e-16
2.244147325052629032e-16
2.238692064332037965e-16
2.233251126726776729e-16
2.227824471803652918e-16
2.222411797758813360e-16
2.217013588312207098e-16
2.211629540838545032e-16
2.206259356863443038e-16
2.200903514324917821e-16
2.195561457502610694e-16
2.190233660521386153e-16
2.184919571850531695e-16
2.179619408368144940e-16
2.174333130613843930e-16
2.169060699224963892e-16
2.163802074936403166e-16
2.158557218580458283e-16
2.153326091086664466e-16
2.148108405844424721e-16
2.142904373529307113e-16
2.137714201075914682e-16
2.132537357387106579e-16
2.127374050544071504e-16
2.122224242044563162e-16
2.117087651530425341e-16
2.111964725529466227e-16
2.106854942849309685e-16
2.101758507311815684e-16
2.096675380882331038e-16
2.091605525621595324e-16
2.086548667278364793e-16
2.081505006332385908e-16
2.076474739707610165e-16
2.071457126065122030e-16
2.066452831697080771e-16
2.061461584632436212e-16
2.056483116584944445e-16
2.051517623136887482e-16
2.046564837952086803e-16
2.041625183346436939e-16
2.036698164819216527e-16
2.031783974755729199e-16
2.026882576408880326e-16
2.021993708267973761e-16
2.017117560354825714e-16
2.012254096190603321e-16
2.007403057110788041e-16
2.002564852230901261e-16
1.997739001795250727e-16
1.992925473014673661e-16
1.988124671104656073e-16
1.983335904383389237e-16
1.978559794596679317e-16
1.973795871633777823e-16
1.969044318787852213e-16
1.964305101388344665e-16
1.959577970941451014e-16
1.954863108498312459e-16
1.950160479640515526e-16
1.945469838569715618e-16
1.940791364124463524e-16
1.936124812282722822e-16
1.931470360420814932e-16
1.926827974534561923e-16
1.922197413245702254e-16
1.917578851766117031e-16
1.912972050459814032e-16
1.908377388203969845e-16
1.903794216118189969e-16
1.899222912446783387e-16
1.894663443758063073e-16
1.890115574718066085e-16
1.885579475591456609e-16
1.881055113192653484e-16
1.876542254731171396e-16
1.872040869470122708e-16
1.867551124912006451e-16
1.863072988191180523e-16
1.858606229856792144e-16
1.854150819453754020e-16
1.849706921770388166e-16
1.845274504258937788e-16
1.840853340757173906e-16
1.836443401090381241e-16
1.832045039610393497e-16
1.827657647393473980e-16
1.823281578207604415e-16
1.818916799977940507e-16
1.814562902050168601e-16
1.810220422660724770e-16
1.805888952023262745e-16
1.801568460519374174e-16
1.797259105073926822e-16
1.792960668307647655e-16
1.788673120804895404e-16
1.784396617583846233e-16
1.780131127265784920e-16
1.775876435576078423e-16
1.771632513491958911e-16
1.767399514123095831e-16
1.763177226193386207e-16
1.758965621465532491e-16
1.754764851310190338e-16
1.750574706710563774e-16
1.746395159621642314e-16
1.742226359580804863e-16
1.738068099804862097e-16
1.733920528624927469e-16
1.729783440735438602e-16
1.725656808412911406e-16
1.721540778194519869e-16
1.717435146966070189e-16
1.713339887194353989e-16
1.709254971406792276e-16
1.705180543781988193e-16
1.701116404086311744e-16
1.697062695338245035e-16
1.693019218731987682e-16
1.688985947112588386e-16
1.684962853385274350e-16
1.680950078270418586e-16
1.676947425777760433e-16
1.672954869000249368e-16
1.668972381090709159e-16
1.665000100510802640e-16
1.661037669414610524e-16
1.657085555028067754e-16
1.653143236863831048e-16
1.649211015792336376e-16
1.645288539155165691e-16
1.641376105490357537e-16
1.637473686618248049e-16
1.633580933720160193e-16
1.629698141879010248e-16
1.625824964806297870e-16
1.621961695300502187e-16
1.618108147552152153e-16
1.614264452943727566e-16
1.610430270195653154e-16
1.606605887601176085e-16
1.602791121971003636e-16
1.598985947551660741e-16
1.595190338648057163e-16
1.591404269623409346e-16
1.587627868204927992e-16
1.583860801688280290e-16
1.580103350654846421e-16
1.576355184805971495e-16
1.572616582639994241e-16
1.568887367119180475e-16
1.565167513506712195e-16
1.561457146468220330e-16
1.557755942128829885e-16
1.554064025824561316e-16
1.550381520725031244e-16
1.546708106455400731e-16
1.543044053434125089e-16
1.539389043597297658e-16
1.535743345282875140e-16
1.532106642720129835e-16
1.528479202183597441e-16
1.524860854057074447e-16
1.521251574275813640e-16
1.517651338830013693e-16
1.514059981484044280e-16
1.510477763427691453e-16
1.506904518004200612e-16
1.503340221422786323e-16
1.499784849947217071e-16
1.496238240236854603e-16
1.492700648500244970e-16
1.489171910985267992e-16
1.485652004173123173e-16
1.482140767000584605e-16
1.478638451764218868e-16
1.475144896996866290e-16
1.471659943321204198e-16
1.468183840141665737e-16
1.464716292613834888e-16
1.461257413664988775e-16
1.457807314272059822e-16
1.454365702757352153e-16
1.450932690702788440e-16
1.447508255174928620e-16
1.444092373293611800e-16
1.440685022231868748e-16
1.437286048092225198e-16
1.433895690885486827e-16
1.430513666177144729e-16
1.427140212146096749e-16
1.423775046393568433e-16
1.420418276560971611e-16
1.417069880185675662e-16
1.413729834857588103e-16
1.410397990917881935e-16
1.407074581133026836e-16
1.403759329113346009e-16
1.400452339953694634e-16
1.397153591559974243e-16
1.393862937157485072e-16
1.390580605460516779e-16
1.387306325339850129e-16
1.384040200172611953e-16
1.380782208413755407e-16
1.377532328568602418e-16
1.374290416954625763e-16
1.371056575314779081e-16
1.367830782299674975e-16
1.364613016609983461e-16
1.361403136545751913e-16
1.358201362251180020e-16
1.355007312547174615e-16
1.351821326352775365e-16
1.348643262604408910e-16
1.345472982040882909e-16
1.342310582828820504e-16
1.339155926666972987e-16
1.336009110942646087e-16
1.332870114837165976e-16
1.329738917581041097e-16
1.326615382776955793e-16
1.323499606278149793e-16
1.320391567457165206e-16
1.317291131325138850e-16
1.314198392600334854e-16
1.311113330796675225e-16
1.308035925476695279e-16
1.304966043507131869e-16
1.301903665784784116e-16
1.298848885166190113e-16
1.295801681397818695e-16
1.292762034274357082e-16
1.289729812940533051e-16
1.286705108794225909e-16
1.283687791878807647e-16
1.280677952869587359e-16
1.277675571791603839e-16
1.274680520026292726e-16
1.271692778884106901e-16
1.268712545512747900e-16
1.265739583925814524e-16
1.262773875557726927e-16
1.259815508604276189e-16
1.256864357074873668e-16
1.253920614416056127e-16
1.250983943221307094e-16
1.248054536634671906e-16
1.245132375178830918e-16
1.242217335070604071e-16
1.239309502390639283e-16
1.236408754495190883e-16
1.233515176845425166e-16
1.230628647636741335e-16
1.227749251657706359e-16
1.224876867936784413e-16
1.222011580595529510e-16
1.219153269489436751e-16
1.216302018078581792e-16
1.213457707039503205e-16
1.210620419176283582e-16
1.207790035980562874e-16
1.204966540022936886e-16
1.202150013131573595e-16
1.199340338007644040e-16
1.196537595836836075e-16
1.193741670120797129e-16
1.190952641408056539e-16
1.188170393994948377e-16
1.185394910716361012e-16
1.182626271172907070e-16
1.179864457219623888e-16
1.177109258694727521e-16
1.174360850992592183e-16
1.171619216091424993e-16
1.168884146031102751e-16
1.166155814234032050e-16
1.163434202801006776e-16
1.160719199912658850e-16
1.158010788775971236e-16
1.155309045918434274e-16
1.152613767710182689e-16
1.149925216311736062e-16
1.147243096231469032e-16
1.144567575748417064e-16
1.141898545676872774e-16
1.139236080759111102e-16
1.136579981600036541e-16
1.133930413965893621e-16
1.131287360441884154e-16
1.128650623715198755e-16
1.126020367694492755e-16
1.123396575084571359e-16
1.120779050631860787e-16
1.118167956409446496e-16
1.115563186881291506e-16
1.112964725868353907e-16
1.110372557226179150e-16
1.107786752253125678e-16
1.105207206835832515e-16
1.102633904936210680e-16
1.100066830550428584e-16
1.097506053865398325e-16
1.094951472169584973e-16
1.092403069565641082e-16
1.089860830190430748e-16
1.087324738214984743e-16
1.084794862462646410e-16
1.082271017632127542e-16
1.079753356931252961e-16
1.077241780052543932e-16
1.074736354749212936e-16
1.072236898283087466e-16
1.069743561586422728e-16
1.067256163186795233e-16
1.064774852890386020e-16
1.062299532403505066e-16
1.059830186276746277e-16
1.057366799094293261e-16
1.054909436517796850e-16
1.052457920820076429e-16
1.050012318021391604e-16
1.047572693015369327e-16
1.045138949803359262e-16
1.042711073173367074e-16
1.040288968629615884e-16
1.037872779944618398e-16
1.035462412403859921e-16
1.033057850928045216e-16
1.030659080470933060e-16
1.028266163926958085e-16
1.025878930221821290e-16
1.023497442595560843e-16
1.021121686133665432e-16
1.018751722753686745e-16
1.016387383733693469e-16
1.014028731332246701e-16
1.011675826744662198e-16
1.009328502990843231e-16
1.006986821603711647e-16
1.004650767897402166e-16
1.002320402117926917e-16
9.999955595781511971e-17
9.976763008572087983e-17
9.953626854992488674e-17
9.930545505150134907e-17
9.907519557784489218e-17
9.884548868298973473e-17
9.861633292418148649e-17
9.838772688126516771e-17
9.815966921472923706e-17
9.793215860729675250e-17
9.770518654314118624e-17
9.747876613894808991e-17
9.725288885874683017e-17
9.702754627175526171e-17
9.680275134944813243e-17
9.657848856708420580e-17
9.635476375135923983e-17
9.613157560704491781e-17
9.590892284168814799e-17
9.568680416560683585e-17
9.546521134270963354e-17
9.524415701189664017e-17
9.502362601793754748e-17
9.480362403109282982e-17
9.458414977519901569e-17
9.436520197684060591e-17
9.414677936534614163e-17
9.392887389457843112e-17
9.371149112566610525e-17
9.349463652604940741e-17
9.327828864519517849e-17
9.306246641634819828e-17
9.284716185477141311e-17
9.263236707342857452e-17
9.241808750542588900e-17
9.220432190407323224e-17
9.199106902538560724e-17
9.177832108645995490e-17
9.156608343667611324e-17
9.135435483987793809e-17
9.114312759024572882e-17
9.093241342461870484e-17
9.072219819293512010e-17
9.051248714186644163e-17
9.030327266720476151e-17
9.009456633358690462e-17
8.988635418334595505e-17
8.967863506869145275e-17
8.947142042678788078e-17
8.926469644238806311e-17
8.905846197465947776e-17
8.885272833476805536e-17
8.864748184835351675e-17
8.844272756253730856e-17
8.823845812088293406e-17
8.803467853146124059e-17
8.783138760203688863e-17
8.762857799718345908e-17
8.742625440931485194e-17
8.722441534531647474e-17
8.702305328578252310e-17
8.682217281726406853e-17
8.662176646978308767e-17
8.642184476041609748e-17
8.622238831456031756e-17
8.602341355923359298e-17
8.582490715618747167e-17
8.562686770295303817e-17
8.542929966211432556e-17
8.523220157545282935e-17
8.503556616755119855e-17
8.483939784900140662e-17
8.464368939213499036e-17
8.444844517315684772e-17
8.425365801181990275e-17
8.405933225021996512e-17
8.386546645412216981e-17
8.367205351391388609e-17
8.347909772115434933e-17
8.328659201284246401e-17
8.309453502792653364e-17
8.290293100781850983e-17
8.271177853848756188e-17
8.252107064920247429e-17
8.233080599142954054e-17
8.214098874080233449e-17
8.195161749662913336e-17
8.176268537919197086e-17
8.157419105238517563e-17
8.138613862711670337e-17
8.119852671592956300e-17
8.101134312299847619e-17
8.082460274220387447e-17
8.063828803509597787e-17
8.045240843890581519e-17
8.026696258246946688e-17
8.008194378624991551e-17
7.989735074167251347e-17
7.971318741766052102e-17
7.952944719998251193e-17
7.934613402672224010e-17
7.916324132688415547e-17
7.898076780694952616e-17
7.879871735910276432e-17
7.861708347655363500e-17
7.843586487471138893e-17
7.825506540040870155e-17
7.807467881303189708e-17
7.789470994135292197e-17
7.771514852023720548e-17
7.753600971147651739e-17
7.735727822678351615e-17
7.717896409804346469e-17
7.700106220266825439e-17
7.682357247418930355e-17
7.664649981442042239e-17
7.646983915097985202e-17
7.629359041472512972e-17
7.611775845287466647e-17
7.594233824272952063e-17
7.576732971252647333e-17
7.559273278957781000e-17
7.541855224921065608e-17
7.524478313410072346e-17
7.507142536900982398e-17
7.489848367611083411e-17
7.472594836499644571e-17
7.455382893774141303e-17
7.438212526566029872e-17
7.421082775619624924e-17
7.403994580903061290e-17
7.386946989613143852e-17
7.369940934943643464e-17
7.352976403703128229e-17
7.336052452698260971e-17
7.319170005074932190e-17
7.302328123976498796e-17
7.285527725901342308e-17
7.268768338815777522e-17
7.252050410896421646e-17
7.235373017840708253e-17
7.218737063020231648e-17
7.202142080514988504e-17
7.185587610650886483e-17
7.169074547071399372e-17
7.152602875854221809e-17
7.136171691179237545e-17
7.119781432711836404e-17
7.103432533831640029e-17
7.087124097800154058e-17
7.070856999152904427e-17
7.054630785389457050e-17
7.038445446768984585e-17
7.022300973476183827e-17
7.006197355621809419e-17
6.990134583243184147e-17
6.974112646304740050e-17
6.958131463712273720e-17
6.942190670799747218e-17
6.926290259299786092e-17
6.910428942026225820e-17
6.894607137995749629e-17
6.878823568431308498e-17
6.863078648970540644e-17
6.847371109188417506e-17
6.831701361373319184e-17
6.816068143395875930e-17
6.800471449642584357e-17
6.784911269969512902e-17
6.769386354586649165e-17
6.753897107535650926e-17
6.738442287184279110e-17
6.723022294324525836e-17
6.707635895427988220e-17
6.692283488064124606e-17
6.676963846755110330e-17
6.661676964005742506e-17
6.646422427461496281e-17
6.631199825966778559e-17
6.616008749561661624e-17
6.600848789478622930e-17
6.585719538139293506e-17
6.570620589151200217e-17
6.555551537304532660e-17
6.540511587671341441e-17
6.525501120543137811e-17
6.510518953785215219e-17
6.495565464629447218e-17
6.480639478662091041e-17
6.465740601700183161e-17
6.450869206415972475e-17
6.436024892946689542e-17
6.421205741743139479e-17
6.406413644491599941e-17
6.391645931402068992e-17
6.376903728100607398e-17
6.362186640513627198e-17
6.347493528370418356e-17
6.332824007689522199e-17
6.318178437785688179e-17
6.303555689553725023e-17
6.288955382350401682e-17
6.274377871122538611e-17
6.259822769771750410e-17
6.245288234541992765e-17
6.230775350547324117e-17
6.216283735053011430e-17
