# te
2.968676805496215820e+00
3.602232456207275391e+00
3.620468616485595703e+00
3.291316986083984375e+00
2.813808441162109375e+00
2.311336040496826172e+00
1.856146454811096191e+00
1.482099056243896484e+00
1.204271912574768066e+00
1.024879336357116699e+00
9.369564652442932129e-01
9.168578386306762695e-01
9.379480481147766113e-01
9.847401976585388184e-01
1.045577764511108398e+00
1.109783053398132324e+00
1.169813513755798340e+00
1.222926735877990723e+00
1.266227960586547852e+00
1.305756568908691406e+00
1.347339034080505371e+00
1.391922235488891602e+00
1.439371943473815918e+00
1.490033745765686035e+00
1.544911861419677734e+00
1.599956274032592773e+00
1.651559114456176758e+00
1.697808504104614258e+00
1.736031889915466309e+00
1.765136837959289551e+00
1.784084439277648926e+00
1.790616989135742188e+00
1.784342765808105469e+00
1.770499944686889648e+00
1.752912521362304688e+00
1.727976441383361816e+00
1.693303585052490234e+00
1.649952888488769531e+00
1.599640011787414551e+00
1.543186783790588379e+00
1.478652119636535645e+00
1.403423905372619629e+00
1.315781116485595703e+00
1.214077591896057129e+00
1.095396995544433594e+00
9.616276621818542480e-01
8.185154795646667480e-01
6.712118387222290039e-01
5.180836319923400879e-01
3.556652963161468506e-01
1.787940263748168945e-01
-1.626616157591342926e-02
-2.252805680036544800e-01
-4.438986182212829590e-01
-6.739025115966796875e-01
-9.152910709381103516e-01
-1.168850064277648926e+00
-1.435387611389160156e+00
-1.714277267456054688e+00
-2.004695892333984375e+00
-2.307408332824707031e+00
-2.623206377029418945e+00
-2.953103780746459961e+00
-3.297519922256469727e+00
-3.654449462890625000e+00
-4.021253108978271484e+00
-4.396434307098388672e+00
-4.778420925140380859e+00
-5.169060230255126953e+00
-5.570894241333007812e+00
-5.985313415527343750e+00
-6.412915706634521484e+00
-6.852813720703125000e+00
-7.303525924682617188e+00
-7.764406204223632812e+00
-8.235252380371093750e+00
-8.717440605163574219e+00
-9.207145690917968750e+00
-9.705742835998535156e+00
-1.021370506286621094e+01
-1.073011016845703125e+01
-1.125461864471435547e+01
-1.178540515899658203e+01
-1.232361602783203125e+01
-1.286823463439941406e+01
-1.341850852966308594e+01
-1.397449493408203125e+01
-1.453774070739746094e+01
-1.510532665252685547e+01
-1.567805862426757812e+01
-1.625526428222656250e+01
-1.683701896667480469e+01
-1.742190742492675781e+01
-1.801074790954589844e+01
-1.860287284851074219e+01
-1.919760894775390625e+01
-1.979280471801757812e+01
-2.039150619506835938e+01
-2.098932647705078125e+01
-2.158931159973144531e+01
-2.218931198120117188e+01
-2.279013824462890625e+01
-2.338889694213867188e+01
-2.398714447021484375e+01
-2.458421516418457031e+01
-2.517869567871093750e+01
-2.577140426635742188e+01
-2.636092948913574219e+01
-2.694585609436035156e+01
-2.752773666381835938e+01
-2.810584640502929688e+01
-2.867869567871093750e+01
-2.924554634094238281e+01
-2.980640411376953125e+01
-3.036052703857421875e+01
-3.090717887878417969e+01
-3.144710350036621094e+01
-3.197807693481445312e+01
-3.250009918212890625e+01
-3.301318359375000000e+01
-3.351657867431640625e+01
-3.401029968261718750e+01
-3.449137115478515625e+01
-3.496202850341796875e+01
-3.542153167724609375e+01
-3.586914062500000000e+01
-3.630412673950195312e+01
-3.672573852539062500e+01
-3.713324356079101562e+01
-3.752814102172851562e+01
-3.790751647949218750e+01
-3.827365112304687500e+01
-3.862216567993164062e+01
-3.895608901977539062e+01
-3.927176284790039062e+01
-3.957149124145507812e+01
-3.985384368896484375e+01
-4.011814880371093750e+01
-4.036520767211914062e+01
-4.059285736083984375e+01
-4.080190658569335938e+01
-4.099241638183593750e+01
-4.116370773315429688e+01
-4.131510543823242188e+01
-4.144667434692382812e+01
-4.155699157714843750e+01
-4.164760589599609375e+01
-4.171709442138671875e+01
-4.176329803466796875e+01
-4.178924179077148438e+01
-4.179344177246093750e+01
-4.177367782592773438e+01
-4.173217010498046875e+01
-4.166817474365234375e+01
-4.158169174194335938e+01
-4.147123336791992188e+01
-4.133754348754882812e+01
-4.118061447143554688e+01
-4.099896240234375000e+01
-4.079407501220703125e+01
-4.056594467163085938e+01
-4.031308746337890625e+01
-4.003698730468750000e+01
-3.973540878295898438e+01
-3.940985107421875000e+01
-3.906104278564453125e+01
-3.868675613403320312e+01
-3.828699111938476562e+01
-3.786323547363281250e+01
-3.741325378417968750e+01
-3.693853378295898438e+01
-3.643907546997070312e+01
-3.591487884521484375e+01
-3.536519241333007812e+01
-3.479001998901367188e+01
-3.419083786010742188e+01
-3.356615829467773438e+01
-3.291596603393554688e+01
-3.224174880981445312e+01
-3.154348945617675781e+01
-3.081969642639160156e+01
-3.007184982299804688e+01
-2.929920196533203125e+01
-2.850396919250488281e+01
-2.768317222595214844e+01
-2.683829307556152344e+01
-2.597080612182617188e+01
-2.507921981811523438e+01
-2.416575431823730469e+01
-2.322742843627929688e+01
-2.226646614074707031e+01
-2.128434562683105469e+01
-2.027882575988769531e+01
-1.925213241577148438e+01
-1.820351028442382812e+01
-1.713443946838378906e+01
-1.604417037963867188e+01
-1.493343257904052734e+01
-1.380296707153320312e+01
-1.265201091766357422e+01
-1.148201274871826172e+01
-1.029218387603759766e+01
-9.085449218750000000e+00
-7.859533786773681641e+00
-6.615653514862060547e+00
-5.354208469390869141e+00
-4.075672149658203125e+00
-2.780369520187377930e+00
-1.469145059585571289e+00
-1.420113742351531982e-01
1.200142145156860352e+00
2.557407379150390625e+00
3.928627729415893555e+00
5.313107490539550781e+00
6.711414337158203125e+00
8.121589660644531250e+00
9.543903350830078125e+00
1.097937202453613281e+01
1.242358112335205078e+01
1.387881088256835938e+01
1.534362316131591797e+01
1.681880950927734375e+01
1.830070114135742188e+01
1.979232215881347656e+01
2.129000473022460938e+01
2.279528427124023438e+01
2.430672264099121094e+01
2.582288551330566406e+01
2.734456443786621094e+01
2.887106323242187500e+01
3.040094947814941406e+01
3.193278503417968750e+01
3.346736145019531250e+01
3.500325012207031250e+01
3.654049301147460938e+01
3.807765960693359375e+01
3.961479949951171875e+01
4.115122222900390625e+01
4.268474578857421875e+01
4.421616363525390625e+01
4.574479293823242188e+01
4.726919174194335938e+01
4.879015731811523438e+01
5.030476760864257812e+01
5.181456375122070312e+01
5.331736373901367188e+01
5.481322860717773438e+01
5.630145645141601562e+01
5.778062438964843750e+01
5.925152969360351562e+01
6.071271896362304688e+01
6.216277313232421875e+01
6.360172653198242188e+01
6.502963256835937500e+01
6.644654083251953125e+01
6.784432983398437500e+01
6.923567199707031250e+01
7.060577392578125000e+01
7.196952056884765625e+01
7.330468750000000000e+01
7.463361358642578125e+01
7.594890594482421875e+01
7.724320983886718750e+01
7.850911712646484375e+01
7.976898193359375000e+01
8.100056457519531250e+01
8.221876525878906250e+01
8.341622161865234375e+01
8.459297180175781250e+01
8.574907684326171875e+01
8.687714385986328125e+01
8.799208831787109375e+01
8.907167816162109375e+01
9.013825225830078125e+01
9.116955566406250000e+01
9.218795013427734375e+01
9.317119598388671875e+01
9.412675476074218750e+01
9.506955718994140625e+01
9.597736358642578125e+01
9.685765075683593750e+01
9.771047210693359375e+01
9.853587341308593750e+01
9.933390808105468750e+01
1.000972061157226562e+02
1.008406753540039062e+02
1.015494995117187500e+02
1.022311782836914062e+02
1.028857498168945312e+02
1.034984054565429688e+02
1.040914993286132812e+02
1.046427841186523438e+02
1.051746063232421875e+02
1.056647186279296875e+02
1.061280441284179688e+02
1.065646362304687500e+02
1.069596786499023438e+02
1.073206634521484375e+02
1.076476287841796875e+02
1.079480590820312500e+02
1.082219543457031250e+02
1.084544296264648438e+02
1.086454849243164062e+02
1.088099594116210938e+02
1.089404144287109375e+02
1.090294189453125000e+02
1.090992202758789062e+02
1.091201171875000000e+02
1.091143798828125000e+02
1.090671234130859375e+02
1.089932022094726562e+02
1.088777389526367188e+02
1.087356033325195312e+02
1.085518951416015625e+02
1.083340454101562500e+02
1.080820388793945312e+02
1.077958602905273438e+02
1.074754943847656250e+02
1.071283645629882812e+02
1.067395858764648438e+02
1.063165893554687500e+02
1.058593521118164062e+02
1.053604278564453125e+02
1.048421020507812500e+02
1.042746353149414062e+02
1.036802978515625000e+02
1.030590820312500000e+02
1.023961105346679688e+02
1.016988067626953125e+02
1.009745712280273438e+02
1.002233886718750000e+02
9.943782806396484375e+01
9.861785888671875000e+01
9.776347351074218750e+01
9.688208770751953125e+01
9.595881652832031250e+01
9.501593780517578125e+01
9.403857421875000000e+01
9.304157257080078125e+01
9.200261688232421875e+01
9.093654632568359375e+01
8.984336090087890625e+01
8.872303009033203125e+01
8.757554626464843750e+01
8.640829467773437500e+01
8.520642852783203125e+01
8.397734069824218750e+01
8.272100067138671875e+01
8.144484710693359375e+01
8.014140319824218750e+01
7.881062316894531250e+01
7.746731567382812500e+01
7.608912658691406250e+01
7.469084930419921875e+01
7.327986907958984375e+01
7.184125518798828125e+01
7.038981628417968750e+01
6.891062927246093750e+01
6.741477966308593750e+01
6.589775848388671875e+01
6.436245727539062500e+01
6.281105422973632812e+01
6.123978424072265625e+01
5.965451049804687500e+01
5.805221176147460938e+01
5.643505477905273438e+01
5.480445861816406250e+01
5.315813446044921875e+01
5.150122070312500000e+01
4.982993698120117188e+01
4.814868545532226562e+01
4.645441818237304688e+01
4.475079727172851562e+01
4.303775024414062500e+01
4.131521987915039062e+01
3.958610916137695312e+01
3.784738159179687500e+01
3.610343170166015625e+01
3.435196304321289062e+01
3.259588241577148438e+01
3.083586502075195312e+01
2.907036209106445312e+01
2.730302238464355469e+01
2.553228759765625000e+01
2.376032447814941406e+01
2.198706245422363281e+01
2.021392250061035156e+01
1.844083595275878906e+01
1.666996192932128906e+01
1.489974784851074219e+01
1.313309669494628906e+01
1.136919689178466797e+01
9.610206604003906250e+00
7.854572296142578125e+00
6.105790615081787109e+00
4.362453460693359375e+00
2.625828981399536133e+00
8.967158198356628418e-01
-8.240723609924316406e-01
-2.536000490188598633e+00
-4.238208770751953125e+00
-5.930151939392089844e+00
-7.610320568084716797e+00
-9.279582023620605469e+00
-1.093575763702392578e+01
-1.258038520812988281e+01
-1.420905590057373047e+01
-1.582405090332031250e+01
-1.742467880249023438e+01
-1.900876235961914062e+01
-2.057709312438964844e+01
-2.212824058532714844e+01
-2.366225433349609375e+01
-2.517695617675781250e+01
-2.667388534545898438e+01
-2.815234947204589844e+01
-2.960943412780761719e+01
-3.104592514038085938e+01
-3.246188354492187500e+01
-3.385587310791015625e+01
-3.522868728637695312e+01
-3.657814407348632812e+01
-3.790504837036132812e+01
-3.920722198486328125e+01
-4.048545837402343750e+01
-4.174054718017578125e+01
-4.296883773803710938e+01
-4.417185974121093750e+01
-4.534966659545898438e+01
-4.650082778930664062e+01
-4.762613677978515625e+01
-4.872267150878906250e+01
-4.979345703125000000e+01
-5.083632278442382812e+01
-5.185131072998046875e+01
-5.283699035644531250e+01
-5.379341506958007812e+01
-5.472212219238281250e+01
-5.562019348144531250e+01
-5.648990249633789062e+01
-5.732907485961914062e+01
-5.813850784301757812e+01
-5.891676330566406250e+01
-5.966463851928710938e+01
-6.038068771362304688e+01
-6.106719970703125000e+01
-6.172274017333984375e+01
-6.234585952758789062e+01
-6.293885421752929688e+01
-6.349952697753906250e+01
-6.403010559082031250e+01
-6.452835083007812500e+01
-6.499573516845703125e+01
-6.543225097656250000e+01
-6.583120727539062500e+01
-6.620669555664062500e+01
-6.654014587402343750e+01
-6.684713745117187500e+01
-6.712171936035156250e+01
-6.736461639404296875e+01
-6.756987762451171875e+01
-6.775607299804687500e+01
-6.789344787597656250e+01
-6.801172637939453125e+01
-6.808860015869140625e+01
-6.813890075683593750e+01
-6.815520477294921875e+01
-6.814492034912109375e+01
-6.810060119628906250e+01
-6.802223205566406250e+01
-6.791721343994140625e+01
-6.777812194824218750e+01
-6.761235809326171875e+01
-6.741247558593750000e+01
-6.718068695068359375e+01
-6.692662811279296875e+01
-6.663171386718750000e+01
-6.632044219970703125e+01
-6.597347259521484375e+01
-6.559450531005859375e+01
-6.518946075439453125e+01
-6.476054382324218750e+01
-6.430179595947265625e+01
-6.381468200683593750e+01
-6.330140686035156250e+01
-6.276194763183593750e+01
-6.219554138183593750e+01
-6.160364913940429688e+01
-6.098549652099609375e+01
-6.034404373168945312e+01
-5.967852783203125000e+01
-5.898741912841796875e+01
-5.827441787719726562e+01
-5.753801345825195312e+01
-5.677966690063476562e+01
-5.599860000610351562e+01
-5.519775772094726562e+01
-5.437415313720703125e+01
-5.353220367431640625e+01
-5.267039871215820312e+01
-5.178866958618164062e+01
-5.088919067382812500e+01
-4.997040176391601562e+01
-4.903595733642578125e+01
-4.808356475830078125e+01
-4.711538314819335938e+01
-4.613060760498046875e+01
-4.513213348388671875e+01
-4.411915969848632812e+01
-4.309161376953125000e+01
-4.205091094970703125e+01
-4.099847793579101562e+01
-3.993423461914062500e+01
-3.885811233520507812e+01
-3.777153396606445312e+01
-3.667516326904296875e+01
-3.556967926025390625e+01
-3.445426177978515625e+01
-3.333181381225585938e+01
-3.220225906372070312e+01
-3.106553077697753906e+01
-2.992303466796875000e+01
-2.877544784545898438e+01
-2.762194824218750000e+01
-2.646468925476074219e+01
-2.530434417724609375e+01
-2.414231872558593750e+01
-2.297705459594726562e+01
-2.181218910217285156e+01
-2.064467430114746094e+01
-1.947814750671386719e+01
-1.831253433227539062e+01
-1.714850044250488281e+01
-1.598671150207519531e+01
-1.482708644866943359e+01
-1.367103672027587891e+01
-1.251922512054443359e+01
-1.137231636047363281e+01
-1.023097515106201172e+01
-9.095122337341308594e+00
-7.966906070709228516e+00
-6.845803737640380859e+00
-5.732698440551757812e+00
-4.628107070922851562e+00
-3.532988548278808594e+00
-2.447559595108032227e+00
-1.372780442237854004e+00
-3.092685341835021973e-01
7.424771785736083984e-01
1.781924009323120117e+00
2.808044910430908203e+00
3.820670843124389648e+00
4.819037914276123047e+00
5.802382469177246094e+00
6.770610332489013672e+00
7.721992015838623047e+00
8.657174110412597656e+00
9.575470924377441406e+00
1.047544765472412109e+01
1.135715866088867188e+01
1.221991634368896484e+01
1.306525993347167969e+01
1.388804244995117188e+01
1.469202995300292969e+01
1.547430992126464844e+01
1.623567390441894531e+01
1.697469329833984375e+01
1.769364738464355469e+01
1.838739013671875000e+01
1.905820655822753906e+01
1.970614624023437500e+01
2.032903289794921875e+01
2.092840957641601562e+01
2.150209808349609375e+01
2.205163574218750000e+01
2.257558822631835938e+01
2.307326889038085938e+01
2.354546928405761719e+01
2.399001121520996094e+01
2.440917778015136719e+01
2.480079269409179688e+01
2.516416168212890625e+01
2.550082015991210938e+01
2.580933570861816406e+01
2.608975601196289062e+01
2.634213256835937500e+01
2.656502914428710938e+01
2.675997734069824219e+01
2.692628860473632812e+01
2.706326484680175781e+01
2.717021179199218750e+01
2.724940299987792969e+01
2.729792213439941406e+01
2.731803703308105469e+01
2.730757141113281250e+01
2.726805305480957031e+01
2.719878387451171875e+01
2.710055541992187500e+01
2.697192764282226562e+01
2.681367111206054688e+01
2.662504577636718750e+01
2.640826225280761719e+01
2.616107749938964844e+01
2.588421821594238281e+01
2.557766723632812500e+01
2.524140930175781250e+01
2.487542533874511719e+01
2.447970008850097656e+01
2.405421066284179688e+01
2.359968566894531250e+01
2.311684799194335938e+01
2.260344505310058594e+01
2.206094360351562500e+01
2.149006652832031250e+01
2.089079093933105469e+01
2.026309585571289062e+01
1.960621070861816406e+01
1.892308807373046875e+01
1.821147346496582031e+01
1.747208404541015625e+01
1.670489120483398438e+01
1.591210269927978516e+01
1.509220218658447266e+01
1.424516391754150391e+01
1.337244319915771484e+01
1.247401237487792969e+01
1.154984188079833984e+01
1.060064220428466797e+01
9.625641822814941406e+00
8.627779960632324219e+00
7.604794979095458984e+00
6.558882236480712891e+00
5.490008831024169922e+00
4.398510932922363281e+00
3.285022735595703125e+00
2.148912906646728516e+00
9.923005700111389160e-01
-1.858182251453399658e-01
-1.383885741233825684e+00
-2.601971864700317383e+00
-3.839341640472412109e+00
-5.095550537109375000e+00
-6.369970321655273438e+00
-7.662344932556152344e+00
-8.972047805786132812e+00
-1.029897403717041016e+01
-1.164123439788818359e+01
-1.299961471557617188e+01
-1.437267589569091797e+01
-1.576046657562255859e+01
-1.716231346130371094e+01
-1.857680320739746094e+01
-2.000326919555664062e+01
-2.144252777099609375e+01
-2.289316940307617188e+01
-2.435378456115722656e+01
-2.582519340515136719e+01
-2.730598831176757812e+01
-2.879550361633300781e+01
-3.029232978820800781e+01
-3.179803657531738281e+01
-3.331121444702148438e+01
-3.482971572875976562e+01
-3.635436630249023438e+01
-3.788375854492187500e+01
-3.941797637939453125e+01
-4.095635986328125000e+01
-4.249750518798828125e+01
-4.404000854492187500e+01
-4.558544158935546875e+01
-4.713240051269531250e+01
-4.867874145507812500e+01
-5.022529983520507812e+01
-5.177140808105468750e+01
-5.331492614746093750e+01
-5.485668945312500000e+01
-5.639603042602539062e+01
-5.793156433105468750e+01
-5.946337127685546875e+01
-6.098931121826171875e+01
-6.251095581054687500e+01
-6.402765655517578125e+01
-6.553726196289062500e+01
-6.703987884521484375e+01
-6.852666473388671875e+01
-7.000885772705078125e+01
-7.148432159423828125e+01
-7.294572448730468750e+01
-7.440057373046875000e+01
-7.584153747558593750e+01
-7.726869964599609375e+01
-7.868958282470703125e+01
-8.008943176269531250e+01
-8.147575378417968750e+01
-8.286350250244140625e+01
-8.422305297851562500e+01
-8.556935119628906250e+01
-8.689505767822265625e+01
-8.820771026611328125e+01
-8.950737762451171875e+01
-9.077927398681640625e+01
-9.205319213867187500e+01
-9.329203033447265625e+01
-9.451072692871093750e+01
-9.571677398681640625e+01
-9.690279388427734375e+01
-9.805400085449218750e+01
-9.920018005371093750e+01
-1.003190994262695312e+02
-1.014108200073242188e+02
-1.024902725219726562e+02
-1.035352325439453125e+02
-1.045606079101562500e+02
-1.055664901733398438e+02
-1.065454711914062500e+02
-1.074902267456054688e+02
-1.084230804443359375e+02
-1.093143692016601562e+02
-1.101939010620117188e+02
-1.110320053100585938e+02
-1.118436050415039062e+02
-1.126361846923828125e+02
-1.134023742675781250e+02
-1.141348190307617188e+02
-1.148335571289062500e+02
-1.155135269165039062e+02
-1.161599197387695312e+02
-1.167802124023437500e+02
-1.173670425415039062e+02
-1.179204940795898438e+02
-1.184405746459960938e+02
-1.189422378540039062e+02
-1.193958053588867188e+02
-1.198384933471679688e+02
-1.202332000732421875e+02
-1.206096878051757812e+02
-1.209383010864257812e+02
-1.212413940429687500e+02
-1.215190124511718750e+02
-1.217637710571289062e+02
-1.219682998657226562e+02
-1.221475067138671875e+02
-1.222865753173828125e+02
-1.224078674316406250e+02
-1.224742507934570312e+02
-1.225229568481445312e+02
-1.225391464233398438e+02
-1.225303039550781250e+02
-1.224816284179687500e+02
-1.224005737304687500e+02
-1.222797012329101562e+02
-1.221338577270507812e+02
-1.219481658935546875e+02
-1.217374496459960938e+02
-1.214942855834960938e+02
-1.212112045288085938e+02
-1.208956222534179688e+02
-1.205549392700195312e+02
-1.201817092895507812e+02
-1.197759017944335938e+02
-1.193375015258789062e+02
-1.188664627075195312e+02
-1.183702163696289062e+02
-1.178338546752929688e+02
-1.172722244262695312e+02
-1.166778335571289062e+02
-1.160432662963867188e+02
-1.153907394409179688e+02
-1.147053985595703125e+02
-1.139871902465820312e+02
-1.132286529541015625e+02
-1.124520568847656250e+02
-1.116499023437500000e+02
-1.108147583007812500e+02
-1.099540023803710938e+02
-1.090601577758789062e+02
-1.081332015991210938e+02
-1.071879501342773438e+02
-1.062094955444335938e+02
-1.052126617431640625e+02
-1.041974182128906250e+02
-1.031414031982421875e+02
-1.020594558715820312e+02
-1.009589462280273438e+02
-9.981011199951171875e+01
-9.865007019042968750e+01
-9.747132110595703125e+01
-9.627382659912109375e+01
-9.504268646240234375e+01
-9.378525543212890625e+01
-9.251637268066406250e+01
-9.121366882324218750e+01
-8.989939117431640625e+01
-8.855863189697265625e+01
-8.720617675781250000e+01
-8.582714080810546875e+01
-8.443630218505859375e+01
-8.302617645263671875e+01
-8.159671783447265625e+01
-8.015528106689453125e+01
-7.867950439453125000e+01
-7.720648193359375000e+01
-7.570639801025390625e+01
-7.419406127929687500e+01
-7.266936492919921875e+01
-7.113226318359375000e+01
-6.957522583007812500e+01
-6.801304626464843750e+01
-6.643078613281250000e+01
-6.483653259277343750e+01
-6.323466110229492188e+01
-6.162436294555664062e+01
-6.000331497192382812e+01
-5.837365722656250000e+01
-5.673531341552734375e+01
-5.508895111083984375e+01
-5.343521881103515625e+01
-5.177477645874023438e+01
-5.010753631591796875e+01
-4.843638992309570312e+01
-4.675975799560546875e+01
-4.507830429077148438e+01
-4.339267349243164062e+01
-4.170500946044921875e+01
-4.001448822021484375e+01
-3.832323837280273438e+01
-3.663043212890625000e+01
-3.493746566772460938e+01
-3.324647903442382812e+01
-3.155589103698730469e+01
-2.986709403991699219e+01
-2.818074607849121094e+01
-2.649674987792968750e+01
-2.481650352478027344e+01
-2.313991165161132812e+01
-2.146836471557617188e+01
-1.980177688598632812e+01
-1.814004707336425781e+01
-1.648531341552734375e+01
-1.483897018432617188e+01
-1.319794940948486328e+01
-1.156810283660888672e+01
-9.945619583129882812e+00
-8.333378791809082031e+00
-6.731806755065917969e+00
-5.140510559082031250e+00
-3.561329126358032227e+00
-1.993550777435302734e+00
-4.381892085075378418e-01
1.104245305061340332e+00
2.633438348770141602e+00
4.148723125457763672e+00
5.648763656616210938e+00
7.134602546691894531e+00
8.604456901550292969e+00
1.005766105651855469e+01
1.149428939819335938e+01
1.291516017913818359e+01
1.431737709045410156e+01
1.570101261138916016e+01
1.706688690185546875e+01
1.841284370422363281e+01
1.973970031738281250e+01
2.104529953002929688e+01
2.233045768737792969e+01
2.359450721740722656e+01
2.483751678466796875e+01
2.605881881713867188e+01
2.725773811340332031e+01
2.843360710144042969e+01
2.958723258972167969e+01
3.071720504760742188e+01
3.182284736633300781e+01
3.290571594238281250e+01
3.396439361572265625e+01
3.499746322631835938e+01
3.600572967529296875e+01
3.698926544189453125e+01
3.794739151000976562e+01
3.887868881225585938e+01
3.978396606445312500e+01
4.066180038452148438e+01
4.151447677612304688e+01
4.233909988403320312e+01
4.313646697998046875e+01
4.390663528442382812e+01
4.464893341064453125e+01
4.536341476440429688e+01
4.604865264892578125e+01
4.670693588256835938e+01
4.733758163452148438e+01
4.793915939331054688e+01
4.851171875000000000e+01
4.905755615234375000e+01
4.957374572753906250e+01
5.006182861328125000e+01
5.052111434936523438e+01
5.095091629028320312e+01
5.135276412963867188e+01
5.172521591186523438e+01
5.206903076171875000e+01
5.238345718383789062e+01
5.266850280761718750e+01
5.292416000366210938e+01
5.315043258666992188e+01
5.334730911254882812e+01
5.351553344726562500e+01
5.365361785888671875e+01
5.376377868652343750e+01
5.384378051757812500e+01
5.389510726928710938e+01
5.391700363159179688e+01
5.391093826293945312e+01
5.387616729736328125e+01
5.381192398071289062e+01
5.372043991088867188e+01
5.359945297241210938e+01
5.345044708251953125e+01
5.327265930175781250e+01
5.306681442260742188e+01
5.283363342285156250e+01
5.257310104370117188e+01
5.228445434570312500e+01
5.196841049194335938e+01
5.162643051147460938e+01
5.125700759887695312e+01
5.086086654663085938e+01
5.043945312500000000e+01
4.999126052856445312e+01
4.951774978637695312e+01
4.901888656616210938e+01
4.849538803100585938e+01
4.794796371459960938e+01
4.737434768676757812e+01
4.677748489379882812e+01
4.615658950805664062e+01
4.551238250732421875e+01
4.484481430053710938e+01
4.415459442138671875e+01
4.344168472290039062e+01
4.270679473876953125e+01
4.195061492919921875e+01
4.117237091064453125e+01
4.037350082397460938e+01
3.955396270751953125e+01
3.871519851684570312e+01
3.785641860961914062e+01
3.697906494140625000e+01
3.608234786987304688e+01
3.516769790649414062e+01
3.423578643798828125e+01
3.328579711914062500e+01
3.231912994384765625e+01
3.133571052551269531e+01
3.033545684814453125e+01
2.932051658630371094e+01
2.828931999206542969e+01
2.724327468872070312e+01
2.618452072143554688e+01
2.511074638366699219e+01
2.402409744262695312e+01
2.292448997497558594e+01
2.181332015991210938e+01
2.068975639343261719e+01
1.955520248413085938e+01
1.840956497192382812e+01
1.725350189208984375e+01
1.608840751647949219e+01
1.491270732879638672e+01
1.372853755950927734e+01
1.253655147552490234e+01
1.133591365814208984e+01
1.012727451324462891e+01
8.912772178649902344e+00
7.691568374633789062e+00
6.465056419372558594e+00
5.232992172241210938e+00
3.996619939804077148e+00
2.755695104598999023e+00
1.510865569114685059e+00
2.630755305290222168e-01
-9.876708984375000000e-01
-2.240731000900268555e+00
-3.495752334594726562e+00
-4.751817703247070312e+00
-6.009099006652832031e+00
-7.266505241394042969e+00
-8.522797584533691406e+00
-9.779484748840332031e+00
-1.103466033935546875e+01
-1.228842258453369141e+01
-1.354012775421142578e+01
-1.478838825225830078e+01
-1.603404617309570312e+01
-1.727571678161621094e+01
-1.851423835754394531e+01
-1.974674415588378906e+01
-2.097481346130371094e+01
-2.219780731201171875e+01
-2.341358757019042969e+01
-2.462298202514648438e+01
-2.582605934143066406e+01
-2.702141189575195312e+01
-2.820762634277343750e+01
-2.938626098632812500e+01
-3.055590820312500000e+01
-3.171589279174804688e+01
-3.286629104614257812e+01
-3.400643920898437500e+01
-3.513565826416015625e+01
-3.625551223754882812e+01
-3.736235427856445312e+01
-3.845849609375000000e+01
-3.954176712036132812e+01
-4.061299133300781250e+01
-4.167149353027343750e+01
-4.271660232543945312e+01
-4.374839019775390625e+01
-4.476617813110351562e+01
-4.577004241943359375e+01
-4.675930404663085938e+01
-4.773106002807617188e+01
-4.868909454345703125e+01
-4.962827682495117188e+01
-5.055312728881835938e+01
-5.146148300170898438e+01
-5.235192871093750000e+01
-5.322674942016601562e+01
-5.408378601074218750e+01
-5.492161560058593750e+01
-5.574549865722656250e+01
-5.655030441284179688e+01
-5.733609008789062500e+01
-5.810439300537109375e+01
-5.885454177856445312e+01
-5.958584594726562500e+01
-6.029836654663085938e+01
-6.098844146728515625e+01
-6.166134262084960938e+01
-6.231190109252929688e+01
-6.294464492797851562e+01
-6.355516433715820312e+01
-6.414723205566406250e+01
-6.472089385986328125e+01
-6.526877593994140625e+01
-6.580578613281250000e+01
-6.631710815429687500e+01
-6.680280303955078125e+01
-6.727032470703125000e+01
-6.771974182128906250e+01
-6.814362335205078125e+01
-6.854940795898437500e+01
-6.893711090087890625e+01
-6.929929351806640625e+01
-6.964340209960937500e+01
-6.996200561523437500e+01
-7.026253509521484375e+01
-7.053757476806640625e+01
-7.079454803466796875e+01
-7.102601623535156250e+01
-7.123941802978515625e+01
-7.142732238769531250e+01
-7.160457611083984375e+01
-7.175633239746093750e+01
-7.188256072998046875e+01
-7.198326873779296875e+01
-7.206587982177734375e+01
-7.213780975341796875e+01
-7.218419647216796875e+01
-7.220501708984375000e+01
-7.220027160644531250e+01
-7.217736816406250000e+01
-7.213629150390625000e+01
-7.207702636718750000e+01
-7.199213409423828125e+01
-7.189646148681640625e+01
-7.176024627685546875e+01
-7.162063598632812500e+01
-7.146274566650390625e+01
-7.127912139892578125e+01
-7.107717895507812500e+01
-7.085688018798828125e+01
-7.061820220947265625e+01
-7.035370635986328125e+01
-7.008562469482421875e+01
-6.977680206298828125e+01
-6.946435546875000000e+01
-6.912594604492187500e+01
-6.878385925292968750e+01
-6.840832519531250000e+01
-6.802160644531250000e+01
-6.761622619628906250e+01
-6.719959259033203125e+01
-6.677166748046875000e+01
-6.631754302978515625e+01
-6.584461212158203125e+01
-6.536027526855468750e+01
-6.486447906494140625e+01
-6.434976196289062500e+01
-6.382126235961914062e+01
-6.327671432495117188e+01
-6.271902084350585938e+01
-6.214662551879882812e+01
-6.156169891357421875e+01
-6.096269226074218750e+01
-6.035103225708007812e+01
-5.972738265991210938e+01
-5.909094619750976562e+01
-5.844313430786132812e+01
-5.778313827514648438e+01
-5.711311340332031250e+01
-5.643077468872070312e+01
-5.573900222778320312e+01
-5.503773880004882812e+01
-5.432616424560546875e+01
-5.360569381713867188e+01
-5.287476730346679688e+01
-5.213628005981445312e+01
-5.138941955566406250e+01
-5.063336181640625000e+01
-4.987100601196289062e+01
-4.910153198242187500e+01
-4.832485580444335938e+01
-4.754091262817382812e+01
-4.675184249877929688e+01
-4.595682907104492188e+01
-4.515727233886718750e+01
-4.435161209106445312e+01
-4.354199981689453125e+01
-4.272909164428710938e+01
-4.191132736206054688e+01
-4.109084701538085938e+01
-4.026682662963867188e+01
-3.943993377685546875e+01
-3.861231231689453125e+01
-3.778090286254882812e+01
-3.694934463500976562e+01
-3.611532211303710938e+01
-3.528172683715820312e+01
-3.444698333740234375e+01
-3.361250305175781250e+01
-3.277893447875976562e+01
-3.194620323181152344e+01
-3.111422538757324219e+01
-3.028365135192871094e+01
-2.945515060424804688e+01
-2.862863349914550781e+01
-2.780550384521484375e+01
-2.698493576049804688e+01
-2.616758728027343750e+01
-2.535412979125976562e+01
-2.454523277282714844e+01
-2.373933410644531250e+01
-2.293859481811523438e+01
-2.214368247985839844e+01
-2.135304069519042969e+01
-2.056882095336914062e+01
-1.979021644592285156e+01
-1.901937866210937500e+01
-1.825401115417480469e+01
-1.749626922607421875e+01
-1.674608039855957031e+01
-1.600338172912597656e+01
-1.526809406280517578e+01
-1.454163932800292969e+01
-1.382394981384277344e+01
-1.311420917510986328e+01
-1.241532421112060547e+01
-1.172425365447998047e+01
-1.104390335083007812e+01
-1.037346267700195312e+01
-9.712865829467773438e+00
-9.063161849975585938e+00
-8.424210548400878906e+00
-7.796692371368408203e+00
-7.180095195770263672e+00
-6.575025558471679688e+00
-5.981644153594970703e+00
-5.400185585021972656e+00
-4.830885887145996094e+00
-4.273981571197509766e+00
-3.729562282562255859e+00
-3.197962045669555664e+00
-2.679204225540161133e+00
-2.173669815063476562e+00
-1.681428194046020508e+00
-1.202795028686523438e+00
-7.376409173011779785e-01
-2.863572537899017334e-01
1.511836498975753784e-01
5.745885372161865234e-01
9.839091897010803223e-01
1.379122138023376465e+00
1.759979963302612305e+00
2.126085758209228516e+00
2.477784872055053711e+00
2.813712835311889648e+00
3.136144161224365234e+00
3.443564653396606445e+00
3.735270023345947266e+00
4.012767314910888672e+00
4.274584770202636719e+00
4.521480083465576172e+00
4.752722263336181641e+00
4.969066619873046875e+00
5.169037342071533203e+00
5.354874134063720703e+00
5.525098800659179688e+00
5.678976058959960938e+00
5.817255496978759766e+00
5.940685749053955078e+00
6.049271106719970703e+00
6.141528606414794922e+00
6.218203067779541016e+00
6.279296398162841797e+00
6.325551509857177734e+00
6.355480194091796875e+00
6.371310710906982422e+00
6.370809555053710938e+00
6.355459213256835938e+00
6.323766708374023438e+00
6.278698921203613281e+00
6.216532707214355469e+00
6.139487266540527344e+00
6.048296928405761719e+00
5.941463947296142578e+00
5.820462226867675781e+00
5.683792591094970703e+00
5.533669471740722656e+00
5.368592262268066406e+00
5.190029621124267578e+00
4.995735168457031250e+00
4.788661956787109375e+00
4.567305088043212891e+00
4.332386016845703125e+00
4.083140373229980469e+00
3.820287942886352539e+00
3.543805122375488281e+00
3.255153179168701172e+00
2.952819585800170898e+00
2.639006853103637695e+00
2.310491561889648438e+00
1.971034765243530273e+00
1.618971467018127441e+00
1.255980014801025391e+00
8.804680109024047852e-01
4.930712580680847168e-01
9.464780986309051514e-02
-3.149857223033905029e-01
-7.357191443443298340e-01
-1.167379856109619141e+00
-1.609353184700012207e+00
-2.061619997024536133e+00
-2.524087190628051758e+00
-2.996195077896118164e+00
-3.477956056594848633e+00
-3.969012737274169922e+00
-4.469156742095947266e+00
-4.978068828582763672e+00
-5.495601654052734375e+00
-6.021296501159667969e+00
-6.555215835571289062e+00
-7.097125530242919922e+00
-7.646568775177001953e+00
-8.203164100646972656e+00
-8.766976356506347656e+00
-9.337700843811035156e+00
-9.914585113525390625e+00
-1.049858856201171875e+01
-1.108814334869384766e+01
-1.168331909179687500e+01
-1.228418254852294922e+01
-1.289006137847900391e+01
-1.350028228759765625e+01
-1.411565876007080078e+01
-1.473477458953857422e+01
-1.535844421386718750e+01
-1.598525333404541016e+01
-1.661676216125488281e+01
-1.725007057189941406e+01
-1.788673400878906250e+01
-1.852608680725097656e+01
-1.916820335388183594e+01
-1.981166648864746094e+01
-2.045730018615722656e+01
-2.110368728637695312e+01
-2.175239181518554688e+01
-2.240051841735839844e+01
-2.305036544799804688e+01
-2.370052909851074219e+01
-2.435108184814453125e+01
-2.500209999084472656e+01
-2.564994621276855469e+01
-2.629915046691894531e+01
-2.694533538818359375e+01
-2.759154701232910156e+01
-2.823563194274902344e+01
-2.887841033935546875e+01
-2.951847648620605469e+01
-3.015589904785156250e+01
-3.079000663757324219e+01
-3.142235565185546875e+01
-3.205078506469726562e+01
-3.267684936523437500e+01
-3.329764175415039062e+01
-3.391397857666015625e+01
-3.452815246582031250e+01
-3.513577270507812500e+01
-3.573988342285156250e+01
-3.633831787109375000e+01
-3.693114471435546875e+01
-3.751917648315429688e+01
-3.810024261474609375e+01
-3.867590332031250000e+01
-3.924473571777343750e+01
-3.980754470825195312e+01
-4.036291122436523438e+01
-4.091238403320312500e+01
-4.145380401611328125e+01
-4.198871231079101562e+01
-4.251494598388671875e+01
-4.303331375122070312e+01
-4.354461669921875000e+01
-4.404668807983398438e+01
-4.454107284545898438e+01
-4.502709197998046875e+01
-4.550257873535156250e+01
-4.597055435180664062e+01
-4.642885589599609375e+01
-4.687754058837890625e+01
-4.731740570068359375e+01
-4.774627685546875000e+01
-4.816644668579101562e+01
-4.857647705078125000e+01
-4.897493743896484375e+01
-4.936411285400390625e+01
-4.974256515502929688e+01
-5.011109924316406250e+01
-5.046975708007812500e+01
-5.081636428833007812e+01
-5.115245056152343750e+01
-5.147732925415039062e+01
-5.179104614257812500e+01
-5.209290695190429688e+01
-5.238518142700195312e+01
-5.266494750976562500e+01
-5.293299484252929688e+01
-5.318935775756835938e+01
-5.343408966064453125e+01
-5.366722488403320312e+01
-5.388803863525390625e+01
-5.409730148315429688e+01
-5.429502868652343750e+01
-5.448048400878906250e+01
-5.465518188476562500e+01
-5.481615447998046875e+01
-5.496342849731445312e+01
-5.510071563720703125e+01
-5.522432708740234375e+01
-5.533649826049804688e+01
-5.543500137329101562e+01
-5.552357101440429688e+01
-5.559775161743164062e+01
-5.565903854370117188e+01
-5.570966339111328125e+01
-5.574740600585937500e+01
-5.577226638793945312e+01
-5.578425598144531250e+01
-5.578484725952148438e+01
-5.577256393432617188e+01
-5.574814987182617188e+01
-5.571160125732421875e+01
-5.566217422485351562e+01
-5.560134506225585938e+01
-5.552762985229492188e+01
-5.544251251220703125e+01
-5.534523010253906250e+01
-5.523578643798828125e+01
-5.511491394042968750e+01
-5.498111343383789062e+01
-5.483511734008789062e+01
-5.467840194702148438e+01
-5.450946807861328125e+01
-5.432904815673828125e+01
-5.413711929321289062e+01
-5.393367004394531250e+01
-5.371942520141601562e+01
-5.349288940429687500e+01
-5.325700378417968750e+01
-5.300952529907226562e+01
-5.275117492675781250e+01
-5.248193359375000000e+01
-5.220325469970703125e+01
-5.191289901733398438e+01
-5.161380767822265625e+01
-5.130372238159179688e+01
-5.098336410522460938e+01
-5.065345001220703125e+01
-5.031394577026367188e+01
-4.996482467651367188e+01
-4.960678863525390625e+01
-4.923904800415039062e+01
-4.886230087280273438e+01
-4.847650146484375000e+01
-4.808309173583984375e+01
-4.768053817749023438e+01
-4.726953125000000000e+01
-4.685002517700195312e+01
-4.642345428466796875e+01
-4.598828887939453125e+01
-4.554520797729492188e+01
-4.509491348266601562e+01
-4.463660049438476562e+01
-4.417170715332031250e+01
-4.370018005371093750e+01
-4.322270965576171875e+01
-4.273700332641601562e+01
-4.224597930908203125e+01
-4.174884033203125000e+01
-4.124552917480468750e+01
-4.073672485351562500e+01
-4.022237777709960938e+01
-3.970242309570312500e+01
-3.917754364013671875e+01
-3.864768218994140625e+01
-3.811277389526367188e+01
-3.757424926757812500e+01
-3.702981185913085938e+01
-3.648311996459960938e+01
-3.593113327026367188e+01
-3.537602233886718750e+01
-3.481697845458984375e+01
-3.425468444824218750e+01
-3.368981552124023438e+01
-3.312305068969726562e+01
-3.255209732055664062e+01
-3.198060417175292969e+01
-3.140478897094726562e+01
-3.082830810546875000e+01
-3.025109291076660156e+01
-2.967158508300781250e+01
-2.908972740173339844e+01
-2.850767898559570312e+01
-2.792537307739257812e+01
-2.734125709533691406e+01
-2.675526237487792969e+01
-2.617178535461425781e+01
-2.558703994750976562e+01
-2.500244712829589844e+01
-2.441942405700683594e+01
-2.383791351318359375e+01
-2.325561714172363281e+01
-2.267396354675292969e+01
-2.209437751770019531e+01
-2.151753997802734375e+01
-2.094115447998046875e+01
-2.036665153503417969e+01
-1.979322433471679688e+01
-1.922304153442382812e+01
-1.865603828430175781e+01
-1.809141540527343750e+01
-1.752910804748535156e+01
-1.696980285644531250e+01
-1.641417694091796875e+01
-1.586143112182617188e+01
-1.531299114227294922e+01
-1.476805400848388672e+01
-1.422730350494384766e+01
-1.368993663787841797e+01
-1.315812397003173828e+01
-1.263032150268554688e+01
-1.210795974731445312e+01
-1.158949279785156250e+01
-1.107635116577148438e+01
-1.056921958923339844e+01
-1.006655788421630859e+01
-9.569794654846191406e+00
-9.079100608825683594e+00
-8.593972206115722656e+00
-8.114803314208984375e+00
-7.641762256622314453e+00
-7.175094604492187500e+00
-6.714820861816406250e+00
-6.261187553405761719e+00
-5.814068794250488281e+00
-5.373860836029052734e+00
-4.940512180328369141e+00
-4.514346599578857422e+00
-4.095285892486572266e+00
-3.683615922927856445e+00
-3.279304742813110352e+00
-2.882558584213256836e+00
-2.493450880050659180e+00
-2.112062931060791016e+00
-1.738424897193908691e+00
-1.372716188430786133e+00
-1.015043020248413086e+00
-6.653634309768676758e-01
-3.238594830036163330e-01
9.581102989614009857e-03
3.344657719135284424e-01
6.509677171707153320e-01
9.591848254203796387e-01
1.258768558502197266e+00
1.549814939498901367e+00
1.832270860671997070e+00
2.105785131454467773e+00
2.370525598526000977e+00
2.626213073730468750e+00
2.873608827590942383e+00
3.110500097274780273e+00
3.339874505996704102e+00
3.559517860412597656e+00
3.770930767059326172e+00
3.971896409988403320e+00
4.164656162261962891e+00
4.349220752716064453e+00
4.522628784179687500e+00
4.687861442565917969e+00
4.844183921813964844e+00
4.990860462188720703e+00
5.128641605377197266e+00
5.256788253784179688e+00
5.376049041748046875e+00
5.486426830291748047e+00
5.586439132690429688e+00
5.678316593170166016e+00
5.761316299438476562e+00
5.834695816040039062e+00
5.898454189300537109e+00
5.954075336456298828e+00
6.001556396484375000e+00
6.037920951843261719e+00
6.066880226135253906e+00
6.086198806762695312e+00
6.096613407135009766e+00
6.098859786987304688e+00
6.092186927795410156e+00
6.077327728271484375e+00
6.052786827087402344e+00
6.020781993865966797e+00
5.979071617126464844e+00
5.929872989654541016e+00
5.872429370880126953e+00
5.805983066558837891e+00
5.732004642486572266e+00
5.649734973907470703e+00
5.559900283813476562e+00
5.461740016937255859e+00
5.355232715606689453e+00
5.241836547851562500e+00
5.121518611907958984e+00
4.992761611938476562e+00
4.857017517089843750e+00
4.713508605957031250e+00
4.562944889068603516e+00
4.406031608581542969e+00
4.241247653961181641e+00
4.069299221038818359e+00
3.890890836715698242e+00
3.705240726470947266e+00
3.513797283172607422e+00
3.315775871276855469e+00
3.111136913299560547e+00
2.901325464248657227e+00
2.684069871902465820e+00
2.461408853530883789e+00
2.232853174209594727e+00
1.998730778694152832e+00
1.759591579437255859e+00
1.514202237129211426e+00
1.263705968856811523e+00
1.007982373237609863e+00
7.472823858261108398e-01
4.816331863403320312e-01
2.112101167440414429e-01
-6.373760849237442017e-02
-3.431842327117919922e-01
-6.269558072090148926e-01
-9.148789048194885254e-01
-1.206854581832885742e+00
-1.502710461616516113e+00
-1.802422761917114258e+00
-2.105671167373657227e+00
-2.412321329116821289e+00
-2.722476720809936523e+00
-3.035810947418212891e+00
-3.352138280868530273e+00
-3.671340942382812500e+00
-3.993256092071533203e+00
-4.317662239074707031e+00
-4.644687175750732422e+00
-4.973938465118408203e+00
-5.305099010467529297e+00
-5.638297080993652344e+00
-5.973289489746093750e+00
-6.309760093688964844e+00
-6.647836685180664062e+00
-6.987277030944824219e+00
-7.327839374542236328e+00
-7.669353485107421875e+00
-8.012020111083984375e+00
-8.355745315551757812e+00
-8.699319839477539062e+00
-9.044132232666015625e+00
-9.389493942260742188e+00
-9.733972549438476562e+00
-1.007910633087158203e+01
-1.042420578002929688e+01
-1.076858043670654297e+01
-1.111302757263183594e+01
-1.145685577392578125e+01
-1.180011749267578125e+01
-1.214212417602539062e+01
-1.248292541503906250e+01
-1.282257461547851562e+01
-1.316112518310546875e+01
-1.349862575531005859e+01
-1.383438682556152344e+01
-1.416845989227294922e+01
-1.450089454650878906e+01
-1.483174324035644531e+01
-1.515956974029541016e+01
-1.548590850830078125e+01
-1.581006908416748047e+01
-1.613135337829589844e+01
-1.645055961608886719e+01
-1.676624488830566406e+01
-1.707994651794433594e+01
-1.739022636413574219e+01
-1.769787216186523438e+01
-1.800219154357910156e+01
-1.830323028564453125e+01
-1.860103225708007812e+01
-1.889490127563476562e+01
-1.918636894226074219e+01
-1.947325134277343750e+01
-1.975633430480957031e+01
-2.003640556335449219e+01
-2.031202125549316406e+01
-2.058248329162597656e+01
-2.085006141662597656e+01
-2.111479568481445312e+01
-2.137375640869140625e+01
-2.162846946716308594e+01
-2.187748908996582031e+01
-2.212382698059082031e+01
-2.236529159545898438e+01
-2.260117721557617188e+01
-2.283374977111816406e+01
-2.306006622314453125e+01
-2.328089141845703125e+01
-2.349922752380371094e+01
-2.370989227294921875e+01
-2.391662597656250000e+01
-2.411796760559082031e+01
-2.431468009948730469e+01
-2.450529861450195312e+01
-2.469058799743652344e+01
-2.487131118774414062e+01
-2.504674530029296875e+01
-2.521541976928710938e+01
-2.537883949279785156e+01
-2.553702354431152344e+01
-2.569073295593261719e+01
-2.583700561523437500e+01
-2.597883033752441406e+01
-2.611399459838867188e+01
-2.624325370788574219e+01
-2.636810493469238281e+01
-2.648633384704589844e+01
-2.659869003295898438e+01
-2.670518684387207031e+01
-2.680583190917968750e+01
-2.690063667297363281e+01
-2.698960685729980469e+01
-2.707275009155273438e+01
-2.715007019042968750e+01
-2.722083091735839844e+01
-2.728578186035156250e+01
-2.734641456604003906e+01
-2.739975357055664062e+01
-2.744803237915039062e+01
-2.749051475524902344e+01
-2.752571105957031250e+01
-2.755584526062011719e+01
-2.758092498779296875e+01
-2.759871482849121094e+01
-2.761144447326660156e+01
-2.761910820007324219e+01
-2.762021446228027344e+01
-2.761550140380859375e+01
-2.760645675659179688e+01
-2.759009170532226562e+01
-2.756937599182128906e+01
-2.754281616210937500e+01
-2.751114463806152344e+01
-2.747286796569824219e+01
-2.743020439147949219e+01
-2.738165473937988281e+01
-2.732794380187988281e+01
-2.726979446411132812e+01
-2.720569992065429688e+01
-2.713638496398925781e+01
-2.706182098388671875e+01
-2.698347663879394531e+01
-2.689909744262695312e+01
-2.681014251708984375e+01
-2.671584510803222656e+01
-2.661618232727050781e+01
-2.651261329650878906e+01
-2.640436553955078125e+01
-2.629066848754882812e+01
-2.617372512817382812e+01
-2.605127716064453125e+01
-2.592478179931640625e+01
-2.579420661926269531e+01
-2.565878295898437500e+01
-2.551996231079101562e+01
-2.537622833251953125e+01
-2.522903251647949219e+01
-2.507760429382324219e+01
-2.492264938354492188e+01
-2.476339530944824219e+01
-2.460128784179687500e+01
-2.443481254577636719e+01
-2.426541709899902344e+01
-2.409232711791992188e+01
-2.391475677490234375e+01
-2.373564720153808594e+01
-2.355199050903320312e+01
-2.336597633361816406e+01
-2.317682456970214844e+01
-2.298375320434570312e+01
-2.278969955444335938e+01
-2.259165191650390625e+01
-2.239105415344238281e+01
-2.218861389160156250e+01
-2.198354911804199219e+01
-2.177507209777832031e+01
-2.156612205505371094e+01
-2.135368156433105469e+01
-2.113994026184082031e+01
-2.092411422729492188e+01
-2.070616531372070312e+01
-2.048678970336914062e+01
-2.026595115661621094e+01
-2.004211997985839844e+01
-1.981822776794433594e+01
-1.959348869323730469e+01
-1.936562919616699219e+01
-1.913832664489746094e+01
-1.890930747985839844e+01
-1.867927360534667969e+01
-1.844818305969238281e+01
-1.821673583984375000e+01
-1.798488998413085938e+01
-1.775260353088378906e+01
-1.751909065246582031e+01
-1.728579521179199219e+01
-1.705193138122558594e+01
-1.681745719909667969e+01
-1.658381462097167969e+01
-1.634947776794433594e+01
-1.611589050292968750e+01
-1.588152027130126953e+01
-1.564781665802001953e+01
-1.541547584533691406e+01
-1.518223094940185547e+01
-1.495026683807373047e+01
-1.471954250335693359e+01
-1.448778820037841797e+01
-1.425867652893066406e+01
-1.402993869781494141e+01
-1.380153083801269531e+01
-1.357564735412597656e+01
-1.335001277923583984e+01
-1.312607574462890625e+01
-1.290305328369140625e+01
-1.268164920806884766e+01
-1.246182346343994141e+01
-1.224353694915771484e+01
-1.202600955963134766e+01
-1.181142997741699219e+01
-1.159827709197998047e+01
-1.138650989532470703e+01
-1.117832374572753906e+01
-1.097070693969726562e+01
-1.076585292816162109e+01
-1.056372737884521484e+01
-1.036280727386474609e+01
-1.016454315185546875e+01
-9.968901634216308594e+00
-9.775847434997558594e+00
-9.584605216979980469e+00
-9.396626472473144531e+00
-9.210391998291015625e+00
-9.027358055114746094e+00
-8.847489356994628906e+00
-8.669717788696289062e+00
-8.495205879211425781e+00
-8.324079513549804688e+00
-8.154900550842285156e+00
-7.989209175109863281e+00
-7.826536178588867188e+00
-7.667082309722900391e+00
-7.510603427886962891e+00
-7.357450008392333984e+00
-7.207602977752685547e+00
-7.060967445373535156e+00
-6.917820930480957031e+00
-6.777997493743896484e+00
-6.641627788543701172e+00
-6.508693695068359375e+00
-6.379401683807373047e+00
-6.253438949584960938e+00
-6.131085872650146484e+00
-6.012403011322021484e+00
-5.897301197052001953e+00
-5.785840511322021484e+00
-5.678082942962646484e+00
-5.574014663696289062e+00
-5.473550796508789062e+00
-5.376976013183593750e+00
-5.284057140350341797e+00
-5.194858551025390625e+00
-5.109519481658935547e+00
-5.027881622314453125e+00
-4.950011253356933594e+00
-4.875975131988525391e+00
-4.805766105651855469e+00
-4.739229202270507812e+00
-4.676730632781982422e+00
-4.617744445800781250e+00
-4.562786102294921875e+00
-4.511555194854736328e+00
-4.464195728302001953e+00
-4.420557975769042969e+00
-4.380788326263427734e+00
-4.344735622406005859e+00
-4.312474250793457031e+00
-4.284004211425781250e+00
-4.259176731109619141e+00
-4.238142490386962891e+00
-4.220679283142089844e+00
-4.207087039947509766e+00
-4.196997642517089844e+00
-4.190563678741455078e+00
-4.187714099884033203e+00
-4.188455581665039062e+00
-4.192798137664794922e+00
-4.200605869293212891e+00
-4.212040424346923828e+00
-4.226891994476318359e+00
-4.245100498199462891e+00
-4.266829013824462891e+00
-4.291944503784179688e+00
-4.320537090301513672e+00
-4.352326393127441406e+00
-4.387551307678222656e+00
-4.425933361053466797e+00
-4.467490196228027344e+00
-4.512314796447753906e+00
-4.560278415679931641e+00
-4.611400127410888672e+00
-4.665403366088867188e+00
-4.722606658935546875e+00
-4.782659053802490234e+00
-4.845806121826171875e+00
-4.911698341369628906e+00
-4.980582237243652344e+00
-5.052183151245117188e+00
-5.126598834991455078e+00
-5.203706741333007812e+00
-5.283381462097167969e+00
-5.365722656250000000e+00
-5.450608253479003906e+00
-5.537840366363525391e+00
-5.627668380737304688e+00
-5.719747543334960938e+00
-5.814105987548828125e+00
-5.910770416259765625e+00
-6.009619712829589844e+00
-6.110682964324951172e+00
-6.213690280914306641e+00
-6.318894863128662109e+00
-6.425953388214111328e+00
-6.534969806671142578e+00
-6.645899295806884766e+00
-6.758474349975585938e+00
-6.872949600219726562e+00
-6.988907337188720703e+00
-7.106379508972167969e+00
-7.225471496582031250e+00
-7.346065044403076172e+00
-7.468043327331542969e+00
-7.591511726379394531e+00
-7.716130733489990234e+00
-7.842080116271972656e+00
-7.969318389892578125e+00
-8.097579956054687500e+00
-8.226599693298339844e+00
-8.356114387512207031e+00
-8.487345695495605469e+00
-8.619582176208496094e+00
-8.751371383666992188e+00
-8.884977340698242188e+00
-9.018199920654296875e+00
-9.152562141418457031e+00
-9.288096427917480469e+00
-9.422605514526367188e+00
-9.557610511779785156e+00
-9.693142890930175781e+00
-9.829238891601562500e+00
-9.965185165405273438e+00
-1.010176181793212891e+01
-1.023825645446777344e+01
-1.037470340728759766e+01
-1.051113605499267578e+01
-1.064684486389160156e+01
-1.078260612487792969e+01
-1.091770839691162109e+01
-1.105292987823486328e+01
-1.118830204010009766e+01
-1.132237243652343750e+01
-1.145740318298339844e+01
-1.158896827697753906e+01
-1.172230339050292969e+01
-1.185372257232666016e+01
-1.198474693298339844e+01
-1.211466503143310547e+01
-1.224425125122070312e+01
-1.237279415130615234e+01
-1.250032711029052734e+01
-1.262688064575195312e+01
-1.275174236297607422e+01
-1.287568759918212891e+01
-1.299874687194824219e+01
-1.312095069885253906e+01
-1.324084281921386719e+01
-1.335994052886962891e+01
-1.347827339172363281e+01
-1.359438419342041016e+01
-1.370830249786376953e+01
-1.382228565216064453e+01
-1.393339252471923828e+01
-1.404387855529785156e+01
-1.415154361724853516e+01
-1.425864219665527344e+01
-1.436297512054443359e+01
-1.446604728698730469e+01
-1.456714248657226562e+01
-1.466628074645996094e+01
-1.476422405242919922e+01
-1.485950851440429688e+01
-1.495289707183837891e+01
-1.504441070556640625e+01
-1.513406848907470703e+01
-1.522188949584960938e+01
-1.530714797973632812e+01
-1.538986301422119141e+01
-1.547005271911621094e+01
-1.554847526550292969e+01
-1.562440776824951172e+01
-1.569860649108886719e+01
-1.577034473419189453e+01
-1.583963584899902344e+01
-1.590649795532226562e+01
-1.597094440460205078e+01
-1.603298759460449219e+01
-1.609189605712890625e+01
-1.614917182922363281e+01
-1.620408248901367188e+01
-1.625664138793945312e+01
-1.630611228942871094e+01
-1.635325241088867188e+01
-1.639732742309570312e+01
-1.643909072875976562e+01
-1.647854995727539062e+01
-1.651497077941894531e+01
-1.654910659790039062e+01
-1.658096122741699219e+01
-1.660980224609375000e+01
-1.663637542724609375e+01
-1.665994644165039062e+01
-1.668126296997070312e+01
-1.669958496093750000e+01
-1.671417808532714844e+01
-1.672801589965820312e+01
-1.673812866210937500e+01
-1.674600791931152344e+01
-1.675091171264648438e+01
-1.675358581542968750e+01
-1.675403213500976562e+01
-1.675150680541992188e+01
-1.674526786804199219e+01
-1.673680496215820312e+01
-1.672685623168945312e+01
-1.671319389343261719e+01
-1.669730377197265625e+01
-1.667917823791503906e+01
-1.665806961059570312e+01
-1.663471412658691406e+01
-1.660836029052734375e+01
-1.658049011230468750e+01
-1.654886436462402344e+01
-1.651570320129394531e+01
-1.647877120971679688e+01
-1.644028282165527344e+01
-1.639949226379394531e+01
-1.635638618469238281e+01
-1.631095123291015625e+01
-1.626169586181640625e+01
-1.621232032775878906e+01
-1.615909767150878906e+01
-1.610424613952636719e+01
-1.604700851440429688e+01
-1.598588657379150391e+01
-1.592458057403564453e+01
-1.586010551452636719e+01
-1.579393100738525391e+01
-1.572530174255371094e+01
-1.565494346618652344e+01
-1.558209800720214844e+01
-1.550749206542968750e+01
-1.543036651611328125e+01
-1.535144615173339844e+01
-1.527071380615234375e+01
-1.518815040588378906e+01
-1.510374164581298828e+01
-1.501746368408203125e+01
-1.492930030822753906e+01
-1.483923244476318359e+01
-1.474723815917968750e+01
-1.465404224395751953e+01
-1.455887985229492188e+01
-1.446247196197509766e+01
-1.436331462860107422e+01
-1.426361179351806641e+01
-1.416185760498046875e+01
-1.405951499938964844e+01
-1.395433330535888672e+01
-1.384851646423339844e+01
-1.374130153656005859e+01
-1.363340473175048828e+01
-1.352406215667724609e+01
-1.341250514984130859e+01
-1.330094051361083984e+01
-1.318711185455322266e+01
-1.307322692871093750e+01
-1.295777225494384766e+01
-1.284072303771972656e+01
-1.272354030609130859e+01
-1.260545349121093750e+01
-1.248643779754638672e+01
-1.236572360992431641e+01
-1.224551486968994141e+01
-1.212355422973632812e+01
-1.200055980682373047e+01
-1.187724876403808594e+01
-1.175359344482421875e+01
-1.162882614135742188e+01
-1.150366115570068359e+01
-1.137807273864746094e+01
-1.125277900695800781e+01
-1.112626552581787109e+01
-1.099999332427978516e+01
-1.087244892120361328e+01
-1.074583530426025391e+01
-1.061864185333251953e+01
-1.049083900451660156e+01
-1.036314773559570312e+01
-1.023553943634033203e+01
-1.010724544525146484e+01
-9.978983879089355469e+00
-9.851470947265625000e+00
-9.723196029663085938e+00
-9.595619201660156250e+00
-9.467227935791015625e+00
-9.340229034423828125e+00
-9.212365150451660156e+00
-9.086585044860839844e+00
-8.959891319274902344e+00
-8.833002090454101562e+00
-8.706636428833007812e+00
-8.581513404846191406e+00
-8.456862449645996094e+00
-8.331919670104980469e+00
-8.208146095275878906e+00
-8.084775924682617188e+00
-7.962525844573974609e+00
-7.839145183563232422e+00
-7.717581748962402344e+00
-7.597069263458251953e+00
-7.477733612060546875e+00
-7.358585357666015625e+00
-7.240790367126464844e+00
-7.122766971588134766e+00
-7.006793975830078125e+00
-6.891365528106689453e+00
-6.776831626892089844e+00
-6.663395881652832031e+00
-6.550964832305908203e+00
-6.439593791961669922e+00
-6.329337596893310547e+00
-6.220252513885498047e+00
-6.112319469451904297e+00
-6.005519866943359375e+00
-5.899984836578369141e+00
-5.795696735382080078e+00
-5.692636966705322266e+00
-5.591012001037597656e+00
-5.490655899047851562e+00
-5.391625881195068359e+00
-5.293979644775390625e+00
-5.197924613952636719e+00
-5.103073120117187500e+00
-5.009780883789062500e+00
-4.917883872985839844e+00
-4.827590465545654297e+00
-4.738737583160400391e+00
-4.651459217071533203e+00
-4.565667629241943359e+00
-4.481422901153564453e+00
-4.398787975311279297e+00
-4.317822933197021484e+00
-4.238367557525634766e+00
-4.160558700561523438e+00
-4.084385395050048828e+00
-4.009910583496093750e+00
-3.936975240707397461e+00
-3.865867137908935547e+00
-3.796427488327026367e+00
-3.728498697280883789e+00
-3.662518739700317383e+00
-3.598107814788818359e+00
-3.535480499267578125e+00
-3.474555969238281250e+00
-3.415328025817871094e+00
-3.357938289642333984e+00
-3.302232980728149414e+00
-3.248355388641357422e+00
-3.196078062057495117e+00
-3.145768404006958008e+00
-3.097080469131469727e+00
-3.050204753875732422e+00
-3.005115747451782227e+00
-2.961759090423583984e+00
-2.920177936553955078e+00
-2.880370855331420898e+00
-2.842309951782226562e+00
-2.806042671203613281e+00
-2.771542072296142578e+00
-2.738803625106811523e+00
-2.707817077636718750e+00
-2.678601026535034180e+00
-2.651137590408325195e+00
-2.625424623489379883e+00
-2.601459503173828125e+00
-2.579235076904296875e+00
-2.558755159378051758e+00
-2.540005445480346680e+00
-2.522982835769653320e+00
-2.507681608200073242e+00
-2.494099855422973633e+00
-2.482228755950927734e+00
-2.472057342529296875e+00
-2.463568210601806641e+00
-2.456748247146606445e+00
-2.451582193374633789e+00
-2.448059558868408203e+00
-2.446164846420288086e+00
-2.445881605148315430e+00
-2.447199344635009766e+00
-2.450099706649780273e+00
-2.454564571380615234e+00
-2.460582971572875977e+00
-2.468139648437500000e+00
-2.477214813232421875e+00
-2.487796783447265625e+00
-2.499866724014282227e+00
-2.513376235961914062e+00
-2.528336524963378906e+00
-2.544707298278808594e+00
-2.562463521957397461e+00
-2.581594228744506836e+00
-2.602059602737426758e+00
-2.623850584030151367e+00
-2.646934747695922852e+00
-2.671302795410156250e+00
-2.696931123733520508e+00
-2.723788022994995117e+00
-2.751858234405517578e+00
-2.781170129776000977e+00
-2.811589479446411133e+00
-2.843108892440795898e+00
-2.875742673873901367e+00
-2.909506082534790039e+00
-2.944340229034423828e+00
-2.980112791061401367e+00
-3.017136812210083008e+00
-3.054835557937622070e+00
-3.093597650527954102e+00
-3.133217573165893555e+00
-3.173787832260131836e+00
-3.215103626251220703e+00
-3.257183313369750977e+00
-3.300194501876831055e+00
-3.344081640243530273e+00
-3.388640642166137695e+00
-3.434040307998657227e+00
-3.480076551437377930e+00
-3.526695728302001953e+00
-3.574140787124633789e+00
-3.622134447097778320e+00
-3.670696735382080078e+00
-3.719923496246337891e+00
-3.769686460494995117e+00
-3.820006370544433594e+00
-3.870904684066772461e+00
-3.922104835510253906e+00
-3.973776340484619141e+00
-4.025941371917724609e+00
-4.078397274017333984e+00
-4.131240367889404297e+00
-4.184491634368896484e+00
-4.238097667694091797e+00
-4.291782379150390625e+00
-4.345939159393310547e+00
-4.400217056274414062e+00
-4.454785823822021484e+00
-4.509443283081054688e+00
-4.564284324645996094e+00
-4.619329929351806641e+00
-4.674376964569091797e+00
-4.729594230651855469e+00
-4.785076141357421875e+00
-4.840322971343994141e+00
-4.895502567291259766e+00
-4.950782299041748047e+00
-5.006033420562744141e+00
-5.060977458953857422e+00
-5.116004467010498047e+00
-5.170909881591796875e+00
-5.225711345672607422e+00
-5.280353546142578125e+00
-5.334778785705566406e+00
-5.388855934143066406e+00
-5.442899703979492188e+00
-5.496480464935302734e+00
-5.549911022186279297e+00
-5.602982521057128906e+00
-5.655709266662597656e+00
-5.708031654357910156e+00
-5.760037899017333984e+00
-5.811593055725097656e+00
-5.862636089324951172e+00
-5.913477420806884766e+00
-5.963685035705566406e+00
-6.013271331787109375e+00
-6.062323570251464844e+00
-6.110928058624267578e+00
-6.158652305603027344e+00
-6.205879211425781250e+00
-6.252548217773437500e+00
-6.298223972320556641e+00
-6.343810081481933594e+00
-6.389021873474121094e+00
-6.433277130126953125e+00
-6.476585865020751953e+00
-6.518960952758789062e+00
-6.560412883758544922e+00
-6.601696968078613281e+00
-6.642081260681152344e+00
-6.680833339691162109e+00
-6.719450950622558594e+00
-6.757945060729980469e+00
-6.794840335845947266e+00
-6.831633090972900391e+00
-6.866849422454833984e+00
-6.901241779327392578e+00
-6.934821605682373047e+00
-6.966855525970458984e+00
-6.998840332031250000e+00
-7.030042648315429688e+00
-7.059729576110839844e+00
-7.088654518127441406e+00
-7.116826057434082031e+00
-7.143510341644287109e+00
-7.170203208923339844e+00
-7.195427417755126953e+00
-7.219934463500976562e+00
-7.242989063262939453e+00
-7.265343666076660156e+00
-7.286260604858398438e+00
-7.307235717773437500e+00
-7.326788902282714844e+00
-7.344925880432128906e+00
-7.362396717071533203e+00
-7.379207611083984375e+00
-7.395360469818115234e+00
-7.409373760223388672e+00
-7.422736167907714844e+00
-7.435448646545410156e+00
-7.446771144866943359e+00
-7.458190917968750000e+00
-7.467478752136230469e+00
-7.476121425628662109e+00
-7.483374595642089844e+00
-7.489982128143310547e+00
-7.495942592620849609e+00
-7.500510215759277344e+00
-7.503682613372802734e+00
-7.506200313568115234e+00
-7.508060932159423828e+00
-7.508516788482666016e+00
-7.509049415588378906e+00
-7.508168697357177734e+00
-7.505870342254638672e+00
-7.502147197723388672e+00
-7.497736930847167969e+00
-7.492632865905761719e+00
-7.486829757690429688e+00
-7.479576110839843750e+00
-7.472350597381591797e+00
-7.462917804718017578e+00
-7.452754974365234375e+00
-7.441853046417236328e+00
-7.430205345153808594e+00
-7.417058944702148438e+00
-7.403892040252685547e+00
-7.389209270477294922e+00
-7.373744010925292969e+00
-7.357487678527832031e+00
-7.340430736541748047e+00
-7.321078300476074219e+00
-7.302392005920410156e+00
-7.282135009765625000e+00
-7.259552478790283203e+00
-7.239838123321533203e+00
-7.217038154602050781e+00
-7.193371295928955078e+00
-7.168828487396240234e+00
-7.144144058227539062e+00
-7.118566036224365234e+00
-7.091340541839599609e+00
-7.064689636230468750e+00
-7.036373138427734375e+00
-7.007868766784667969e+00
-6.977682590484619141e+00
-6.946547031402587891e+00
-6.915938377380371094e+00
-6.884361267089843750e+00
-6.852548599243164062e+00
-6.819005966186523438e+00
-6.785208225250244141e+00
-6.751890182495117188e+00
-6.716812610626220703e+00
-6.681450843811035156e+00
-6.645796775817871094e+00
-6.609097003936767578e+00
-6.572083950042724609e+00
-6.534748077392578125e+00
-6.497078895568847656e+00
-6.458323001861572266e+00
-6.419213294982910156e+00
-6.379738807678222656e+00
-6.340631484985351562e+00
-6.301136493682861328e+00
-6.259756565093994141e+00
-6.218709468841552734e+00
-6.177982807159423828e+00
-6.135632038116455078e+00
-6.093948364257812500e+00
-6.052547931671142578e+00
-6.009930133819580078e+00
-5.967493057250976562e+00
-5.924778461456298828e+00
-5.881993293762207031e+00
-5.838752746582031250e+00
-5.795487403869628906e+00
-5.751736164093017578e+00
-5.708077907562255859e+00
-5.664274215698242188e+00
-5.620308876037597656e+00
-5.576165676116943359e+00
-5.531977176666259766e+00
-5.487651824951171875e+00
-5.443396091461181641e+00
-5.398970603942871094e+00
-5.354580402374267578e+00
-5.310133934020996094e+00
-5.265614986419677734e+00
-5.221228122711181641e+00
-5.176733970642089844e+00
-5.132338047027587891e+00
-5.087948322296142578e+00
-5.043623447418212891e+00
-4.999270915985107422e+00
-4.955023288726806641e+00
-4.910864830017089844e+00
-4.866705894470214844e+00
-4.822753906250000000e+00
-4.778920173645019531e+00
-4.735189914703369141e+00
-4.691548824310302734e+00
-4.648057460784912109e+00
-4.604851722717285156e+00
-4.561694622039794922e+00
-4.518871307373046875e+00
-4.476073265075683594e+00
-4.433659076690673828e+00
-4.391395092010498047e+00
-4.349419593811035156e+00
-4.307722091674804688e+00
-4.266144275665283203e+00
-4.225048065185546875e+00
-4.184202194213867188e+00
-4.143672466278076172e+00
-4.103451251983642578e+00
-4.063530445098876953e+00
-4.024052143096923828e+00
-3.984860658645629883e+00
-3.946098804473876953e+00
-3.907760143280029297e+00
-3.869765043258666992e+00
-3.832256793975830078e+00
-3.795230627059936523e+00
-3.758606672286987305e+00
-3.722455263137817383e+00
-3.686771631240844727e+00
-3.651626348495483398e+00
-3.616940021514892578e+00
-3.582783937454223633e+00
-3.549153327941894531e+00
-3.516118764877319336e+00
-3.483527660369873047e+00
-3.451598882675170898e+00
-3.420179367065429688e+00
-3.389414548873901367e+00
-3.359224319458007812e+00
-3.329531431198120117e+00
-3.300478935241699219e+00
-3.272136926651000977e+00
-3.244277477264404297e+00
-3.217044353485107422e+00
-3.190580844879150391e+00
-3.164658308029174805e+00
-3.139271736145019531e+00
-3.114637851715087891e+00
-3.090603828430175781e+00
-3.067164182662963867e+00
-3.044388771057128906e+00
-3.022272348403930664e+00
-3.000735282897949219e+00
-2.979921102523803711e+00
-2.959750413894653320e+00
-2.940291643142700195e+00
-2.921316623687744141e+00
-2.903043031692504883e+00
-2.885391473770141602e+00
-2.868282079696655273e+00
-2.851933479309082031e+00
-2.836117029190063477e+00
-2.820903301239013672e+00
-2.806287288665771484e+00
-2.792339563369750977e+00
-2.778982162475585938e+00
-2.766285657882690430e+00
-2.754098892211914062e+00
-2.742493391036987305e+00
-2.731393098831176758e+00
-2.720944643020629883e+00
-2.711073160171508789e+00
-2.701852321624755859e+00
-2.693133592605590820e+00
-2.684917926788330078e+00
-2.677355051040649414e+00
-2.670149803161621094e+00
-2.663676500320434570e+00
-2.657640933990478516e+00
-2.652195692062377930e+00
-2.647345781326293945e+00
-2.642872810363769531e+00
-2.639005899429321289e+00
-2.635751485824584961e+00
-2.632893562316894531e+00
-2.630588293075561523e+00
-2.628844022750854492e+00
-2.627520799636840820e+00
-2.626850605010986328e+00
-2.626545906066894531e+00
-2.626839399337768555e+00
-2.627593278884887695e+00
-2.628892421722412109e+00
-2.630673408508300781e+00
-2.632947683334350586e+00
-2.635800838470458984e+00
-2.639095783233642578e+00
0.000000000000000000e+00
0.000000000000000000e+00
0.000000000000000000e+00
0.000000000000000000e+00
0.000000000000000000e+00
0.000000000000000000e+00
0.000000000000000000e+00
0.000000000000000000e+00
0.000000000000000000e+00
0.000000000000000000e+00
0.000000000000000000e+00
0.000000000000000000e+00
0.000000000000000000e+00
0.000000000000000000e+00
0.000000000000000000e+00
0.000000000000000000e+00
0.000000000000000000e+00
0.000000000000000000e+00
0.000000000000000000e+00
0.000000000000000000e+00
0.000000000000000000e+00
0.000000000000000000e+00
0.000000000000000000e+00
0.000000000000000000e+00
0.000000000000000000e+00
0.000000000000000000e+00
0.000000000000000000e+00
0.000000000000000000e+00
0.000000000000000000e+00
0.000000000000000000e+00
0.000000000000000000e+00
0.000000000000000000e+00
0.000000000000000000e+00
0.000000000000000000e+00
0.000000000000000000e+00
0.000000000000000000e+00
0.000000000000000000e+00
0.000000000000000000e+00
0.000000000000000000e+00
0.000000000000000000e+00
0.000000000000000000e+00
0.000000000000000000e+00
0.000000000000000000e+00
0.000000000000000000e+00
0.000000000000000000e+00
0.000000000000000000e+00
0.000000000000000000e+00
0.000000000000000000e+00
0.000000000000000000e+00
0.000000000000000000e+00
0.000000000000000000e+00
0.000000000000000000e+00
0.000000000000000000e+00
0.000000000000000000e+00
0.000000000000000000e+00
0.000000000000000000e+00
0.000000000000000000e+00
0.000000000000000000e+00
0.000000000000000000e+00
0.000000000000000000e+00
0.000000000000000000e+00
0.000000000000000000e+00
0.000000000000000000e+00
0.000000000000000000e+00
0.000000000000000000e+00
0.000000000000000000e+00
0.000000000000000000e+00
0.000000000000000000e+00
0.000000000000000000e+00
0.000000000000000000e+00
0.000000000000000000e+00
0.000000000000000000e+00
0.000000000000000000e+00
0.000000000000000000e+00
0.000000000000000000e+00
0.000000000000000000e+00
0.000000000000000000e+00
0.000000000000000000e+00
0.000000000000000000e+00
0.000000000000000000e+00
0.000000000000000000e+00
0.000000000000000000e+00
0.000000000000000000e+00
0.000000000000000000e+00
0.000000000000000000e+00
0.000000000000000000e+00
0.000000000000000000e+00
0.000000000000000000e+00
0.000000000000000000e+00
0.000000000000000000e+00
0.000000000000000000e+00
0.000000000000000000e+00
0.000000000000000000e+00
0.000000000000000000e+00
0.000000000000000000e+00
0.000000000000000000e+00
0.000000000000000000e+00
0.000000000000000000e+00
0.000000000000000000e+00
0.000000000000000000e+00
