# pp
8.719014506966068287e-09
5.299995754473345385e-09
3.661177545277383944e-09
2.718931865413920944e-09
2.115253681459570495e-09
1.700579504860509743e-09
1.401138887120658734e-09
1.176723415337237667e-09
1.003385289843789520e-09
8.665328426136973207e-10
7.561580909340863384e-10
6.656886208005917792e-10
5.905754910695459912e-10
5.274531894172579968e-10
4.738474075294636080e-10
4.279216959775424638e-10
3.882701277109513155e-10
3.537645046383760081e-10
3.235259538118794285e-10
2.968870060192269204e-10
2.733107649247289487e-10
2.523377046979084101e-10
2.335909330435863246e-10
2.167680277785563737e-10
2.016188402631228700e-10
1.879306959147234484e-10
1.755220095524124563e-10
1.642314431582009778e-10
1.539238542705113363e-10
1.444948742674835781e-10
1.358548236221508182e-10
1.279185378200294146e-10
1.206110482228738850e-10
1.138685709236428921e-10
1.076356596488622741e-10
1.018633283331207218e-10
9.650824786745121643e-11
9.153148429334954554e-11
8.689849755132741682e-11
8.257875047262273863e-11
7.854525364936612889e-11
7.477398679489266854e-11
7.124348015836143745e-11
6.793449051789471721e-11
6.482965046721881861e-11
6.191303415157078161e-11
5.917021534822798286e-11
5.658816225658745229e-11
5.415507643965136618e-11
5.186020861931380782e-11
4.969361719078304233e-11
4.764621774711936374e-11
4.570973360697952808e-11
4.387661015680176811e-11
4.213991244125481606e-11
4.049318496085998859e-11
3.893048709736393209e-11
3.744636810378164784e-11
3.603581903477048783e-11
3.469424901847739467e-11
3.341749920079069750e-11
3.220174455363738767e-11
3.104344519291969769e-11
2.993932090554694497e-11
2.888630553275480105e-11
2.788146355909442256e-11
2.692204871362804216e-11
2.600550988822765465e-11
2.512947463214163608e-11
2.429171941211464640e-11
2.349011491306934338e-11
2.272266370744528442e-11
2.198750397648129068e-11
2.128289862885134176e-11
2.060723635333963152e-11
1.995905316015769316e-11
1.933698774226892028e-11
1.873976312004085139e-11
1.816618040919605997e-11
1.761510912859128496e-11
1.708547078231920379e-11
1.657624732402229861e-11
1.608648076609298497e-11
1.561526896617499440e-11
1.516175863000158859e-11
1.472513294886829128e-11
1.430461863443557463e-11
1.389948603177861578e-11
1.350904620238798875e-11
1.313264632109986046e-11
1.276966178879527331e-11
1.241950021094123575e-11
1.208160119098092224e-11
1.175543428909772659e-11
1.144049713086152292e-11
1.113631365333254864e-11
1.084243247734368953e-11
1.055842539571147974e-11
1.028388596805205506e-11
1.001842821371268387e-11
9.761685395081452357e-12
9.513308884216665437e-12
9.272967106350844912e-12
9.040344554379025127e-12
8.815140868943291910e-12
8.597069979180716851e-12
8.385859299614679615e-12
8.181248979044458322e-12
7.982991197628719542e-12
7.790848550275813075e-12
7.604590691638462966e-12
7.423996860405758098e-12
7.248856304659081630e-12
7.078967748312780146e-12
6.914138890238440816e-12
6.754185933813120299e-12
6.598933144805869426e-12
6.448212435675856965e-12
6.301862974501224297e-12
6.159730816891375565e-12
6.021668559357995344e-12
5.887535012732695561e-12
5.757194894322542498e-12
5.630518537589845312e-12
5.507381618230046536e-12
5.387664895602103319e-12
5.271253968539986042e-12
5.158039044642254599e-12
5.047914722199915620e-12
4.940779485213180016e-12
4.836534648213924853e-12
4.735085128547432098e-12
4.636339573751377903e-12
4.540210190376293797e-12
4.446612581814570810e-12
4.355465594603283553e-12
4.266691172701467571e-12
4.180214219275249822e-12
4.095962465554520372e-12
4.013866346353158643e-12
3.933858881870935488e-12
3.855875565419573743e-12
3.779854256738134433e-12
3.705735080583895149e-12
3.633460330304538758e-12
3.562974376115696823e-12
3.494223577824913146e-12
3.427156201758952657e-12
3.361722341666161469e-12
3.297873858626037502e-12
3.235564353406226047e-12
3.174749049611442646e-12
3.115384713035435357e-12
3.057429589684344480e-12
3.000843346653991293e-12
2.945587015712896388e-12
2.891622939451386345e-12
2.838914719865170898e-12
2.787427169249279583e-12
2.737126263285298065e-12
2.687979096211437173e-12
2.639953837971159803e-12
2.593019693241907355e-12
2.547146862250909091e-12
2.502306503290195368e-12
2.458470696847719017e-12
2.415612411276044741e-12
2.373705469924288296e-12
2.332724519662987438e-12
2.292645000735370301e-12
2.253443117871987484e-12
2.215095812609038933e-12
2.177580736753849280e-12
2.140876226943899384e-12
2.104961242970703835e-12
2.069815235912105077e-12
2.035418243216461458e-12
2.001750904879257869e-12
1.968794442360316856e-12
1.936530638343897086e-12
1.904941817303739523e-12
1.874010826836998585e-12
1.843721019732791265e-12
1.814056236742815807e-12
1.785000790023076783e-12
1.756539447217276563e-12
1.728657416153881482e-12
1.701340330130208777e-12
1.674574233758186122e-12
1.648345569347646682e-12
1.622641163804169491e-12
1.597448216019578182e-12
1.572754284734250929e-12
1.548547276851346071e-12
1.524815436184032134e-12
1.501547332617636386e-12
1.478731851669503274e-12
1.456358184430135676e-12
1.434415817869944321e-12
1.412894564877363790e-12
1.391784670275590673e-12
1.371076678693957132e-12
1.350761386354880710e-12
1.330829833323147460e-12
1.311273296027963731e-12
1.292083280046946739e-12
1.273251513141734551e-12
1.254769938535317590e-12
1.236630708421655823e-12
1.218826177698528499e-12
1.201348897914978878e-12
1.184191611425071067e-12
1.167347245740046196e-12
1.150808908071290549e-12
1.134569880056853574e-12
1.118623612664574811e-12
1.102963721265149588e-12
1.087583980868756144e-12
1.072478321519133240e-12
1.057640823839249108e-12
1.043065714722941132e-12
1.028747363167145121e-12
1.014680276239547951e-12
1.000859095176712195e-12
9.872785916079162491e-13
9.739336639001598633e-13
9.608193336199517774e-13
9.479307421076791460e-13
9.352631471605401770e-13
9.228119198201484383e-13
9.105725412611109575e-13
8.985405997769977506e-13
8.867117878602769275e-13
8.750818993729177597e-13
8.636468268044971774e-13
8.524025586147610850e-13
8.413451766577211275e-13
8.304708536844622565e-13
8.197758509219709407e-13
8.092565157253628324e-13
7.989092793010259241e-13
7.887306544982546033e-13
7.787172336670687584e-13
7.688656865799821658e-13
7.591727584155728398e-13
7.496352678017944625e-13
7.402501049170317259e-13
7.310142296469900617e-13
7.219246697955702152e-13
7.129785401902575414e-13
7.041731021993181420e-13
6.955056973044916943e-13
6.869737244473640655e-13
6.785746385969732199e-13
6.703059493581510444e-13
6.621652586284941192e-13
6.541500642383224103e-13
6.462581115686687814e-13
6.384871882024828633e-13
6.308349812758761490e-13
6.232992318604806382e-13
6.158778687917454373e-13
6.085688592248652535e-13
6.013700787220695441e-13
5.942794517013320519e-13
5.872950734345610099e-13
5.804150740343767463e-13
5.736374999857147141e-13
5.669604420890667615e-13
5.603821468164267962e-13
5.539008923578822957e-13
5.475148804521244691e-13
5.412223530890282814e-13
5.350216942779807866e-13
5.289113169395137546e-13
5.228895640174355266e-13
5.169548150626920572e-13
5.111055793518873730e-13
5.053403925458833914e-13
4.996577261786484763e-13
4.940560851192055503e-13
4.885340928755272946e-13
4.830903970618503678e-13
4.777235864580729799e-13
4.724322802367778057e-13
4.672152061974097729e-13
4.620711141892269133e-13
4.569987000219924104e-13
4.519966872485273991e-13
4.470638989945165725e-13
4.421991785765232361e-13
4.374013196213239442e-13
4.326691411094627028e-13
4.280015533958047980e-13
4.233974853435214193e-13
4.188558200770555947e-13
4.143754639172037404e-13
4.099554071254547860e-13
4.055946569467399283e-13
4.012921867365579856e-13
3.970470236816981236e-13
3.928582792284612795e-13
3.887250791558492378e-13
3.846465091343353614e-13
3.806216731087130281e-13
3.766497449053582794e-13
3.727299115466107486e-13
3.688613230468389768e-13
3.650431462077987903e-13
3.612746122411659991e-13
3.575549645197410615e-13
3.538834122368056124e-13
3.502591800227162508e-13
3.466815519315741458e-13
3.431498232354515994e-13
3.396632576099051221e-13
3.362211329398861201e-13
3.328227819853005865e-13
3.294675478634798790e-13
3.261547444565862627e-13
3.228836987387179895e-13
3.196537884046648999e-13
3.164644007206177090e-13
3.133148958785547822e-13
3.102046461441266949e-13
3.071330707056975377e-13
3.040995976043189526e-13
3.011036297864264639e-13
2.981445813432486086e-13
2.952219098128690163e-13
2.923350809282175352e-13
2.894835371428933127e-13
2.866667312070506364e-13
2.838841561333994659e-13
2.811353125267681299e-13
2.784196793789207430e-13
2.757367452027795543e-13
2.730860358537108392e-13
2.704670842264275686e-13
2.678794031335580421e-13
2.653225141993632641e-13
2.627959737100795379e-13
2.602993444838515632e-13
2.578321706647746990e-13
2.553940045586888589e-13
2.529844306705480980e-13
2.506030395709591478e-13
2.482494044526783350e-13
2.459231060743714938e-13
2.436237590681566098e-13
2.413509992815341119e-13
2.391044498306380564e-13
2.368837403293663204e-13
2.346885277302780260e-13
2.325184737285750631e-13
2.303732244485114564e-13
2.282524320524553154e-13
2.261557741620795470e-13
2.240829328189194265e-13
2.220335755501283539e-13
2.200073754980912819e-13
2.180040295311949324e-13
2.160232386397838218e-13
2.140646902754111329e-13
2.121280771154649143e-13
2.102131139634328030e-13
2.083195194695849225e-13
2.064469996469186610e-13
2.045952653753954481e-13
2.027640481831293912e-13
2.009530831906289305e-13
1.991620937148345787e-13
1.973908076086367254e-13
1.956389720067189196e-13
1.939063374007996783e-13
1.921926432506018205e-13
1.904976332462269518e-13
1.888210690953991079e-13
1.871627156449547323e-13
1.855223274243315550e-13
1.838996629110372606e-13
1.822944974296919703e-13
1.807066092420949674e-13
1.791357669549611850e-13
1.775817428620518123e-13
1.760443250196455372e-13
1.745233042339442704e-13
1.730184622703636001e-13
1.715295843398368364e-13
1.700564704100933692e-13
1.685989230250132589e-13
1.671567362578582569e-13
1.657297074037505982e-13
1.643176475813528757e-13
1.629203703241029329e-13
1.615376812244008055e-13
1.601693888892453585e-13
1.588153148825506932e-13
1.574752830330396644e-13
1.561491108790427693e-13
1.548366233688683886e-13
1.535376586352174330e-13
1.522520568013984833e-13
1.509796508674753285e-13
1.497202763477311421e-13
1.484737800318142413e-13
1.472400105799174729e-13
1.460188099645805164e-13
1.448100225162213620e-13
1.436135114272555847e-13
1.424291085516924504e-13
1.412566810862777868e-13
1.400960974264854870e-13
1.389471960645593199e-13
1.378098492304269683e-13
1.366839152289727846e-13
1.355692544424002057e-13
1.344657439156395080e-13
1.333732330031788530e-13
1.322916022872274732e-13
1.312207334204024126e-13
1.301604816120771569e-13
1.291107319044405571e-13
1.280713570246217805e-13
1.270422315339497710e-13
1.260232447443470356e-13
1.250142614499765329e-13
1.240151740941234841e-13
1.230258760775097033e-13
1.220462373695011703e-13
1.210761543734327659e-13
1.201155125792461964e-13
1.191641990998704739e-13
1.182221141324024756e-13
1.172891361219669353e-13
1.163651680433654631e-13
1.154501137291729643e-13
1.145438562085088085e-13
1.136463019791595164e-13
1.127573478486399091e-13
1.118768920635095285e-13
1.110048444988576054e-13
1.101410956943780468e-13
1.092855579940033811e-13
1.084381445113411623e-13
1.075987498545911892e-13
1.067672895076891924e-13
1.059436703340218287e-13
1.051278004754480020e-13
1.043195989897646310e-13
1.035189699427275429e-13
1.027258373253476752e-13
1.019401257620060876e-13
1.011617433283780214e-13
1.003906166471673170e-13
9.962666460269692135e-14
9.886980716273055926e-14
9.811997347748232295e-14
9.737707728221495097e-14
9.664104958379046647e-14
9.591182196048971087e-14
9.518931121778317817e-14
9.447345071961384697e-14
9.376416692193660643e-14
9.306138724768604794e-14
9.236504732593815719e-14
9.167506901024623494e-14
9.099138959073640135e-14
9.031394687378728962e-14
8.964266545558886030e-14
8.897748474095319476e-14
8.831833795739851232e-14
8.766515919701584110e-14
8.701788989799047077e-14
8.637645916723904869e-14
8.574080993154939245e-14
8.511088558475289131e-14
8.448661768806553305e-14
8.386795106857672274e-14
8.325482502026347095e-14
8.264717961144216526e-14
8.204496149745718224e-14
8.144810627708116689e-14
8.085656194192052231e-14
8.027027690665730979e-14
7.968918897004940012e-14
7.911324783402967253e-14
7.854239823637845591e-14
7.797658560955133420e-14
7.741576130185188184e-14
7.685986673211503439e-14
7.630885445006912458e-14
7.576267738916982446e-14
7.522127894349522852e-14
7.468461320444226463e-14
7.415262980268524914e-14
7.362527899310602041e-14
7.310251635189435357e-14
7.258428852415310281e-14
7.207055234967653466e-14
7.156126573791400182e-14
7.105637817910594397e-14
7.055584877482672344e-14
7.005963259539902555e-14
6.956768525638852286e-14
6.907996715082048038e-14
6.859643061050823129e-14
6.811703697229438571e-14
6.764174787426910567e-14
6.717051720132402498e-14
6.670330750234798773e-14
6.624007769307873535e-14
6.578079105615807497e-14
6.532539585752265175e-14
6.487387164679001856e-14
6.442616764116333501e-14
6.398224882918345611e-14
6.354208774219412458e-14
6.310562809215245926e-14
6.267284331444725106e-14
6.224370674310208512e-14
6.181816396743338380e-14
6.139618919374024395e-14
6.097774979196715298e-14
6.056280006943918173e-14
6.015132155217748793e-14
5.974326937692978600e-14
5.933861240463072711e-14
5.893731973555077936e-14
5.853934819749314488e-14
5.814468018908934878e-14
5.775327331568980679e-14
5.736509807630036699e-14
5.698013114898109840e-14
5.659832562251551494e-14
5.621965891493671592e-14
5.584410837328851702e-14
5.547162861168284021e-14
5.510219769178237158e-14
5.473578807870066077e-14
5.437236152181665553e-14
5.401190210232189210e-14
5.365437225002666723e-14
5.329974565686602203e-14
5.294799621483084891e-14
5.259908773163875731e-14
5.225300502973377675e-14
5.190971255583909744e-14
5.156918535485965903e-14
5.123140373675353712e-14
5.089632929976170502e-14
5.056394382514033864e-14
5.023422903003416239e-14
4.990714789148963406e-14
4.958268268573711242e-14
4.926081106847313493e-14
4.894150184457613661e-14
4.862474222306981134e-14
4.831050154203212395e-14
4.799875841587769382e-14
4.768949161340869785e-14
4.738267156115060193e-14
4.707828603179642005e-14
4.677630595360900211e-14
4.647671099819453725e-14
4.617948503652891402e-14
4.588459587185373174e-14
4.559202785401160759e-14
4.530176528751338675e-14
4.501377696305068023e-14
4.472804764853150581e-14
4.444455829004238002e-14
4.416328249884542039e-14
4.388420914101185075e-14
4.360731227027776993e-14
4.333257363070935213e-14
4.305997509690798999e-14
4.278949161962466624e-14
4.252111254926393119e-14
4.225481325360065089e-14
4.199057635984480573e-14
4.172838798813366631e-14
4.146822090466416279e-14
4.121006162805072336e-14
4.095389664536808225e-14
4.069969953861387667e-14
4.044745718076163657e-14
4.019715326820994663e-14
3.994876538971638808e-14
3.970228383891527486e-14
3.945768657345840550e-14
3.921495795693007649e-14
3.897408246366837083e-14
3.873503879420178816e-14
3.849781765916369867e-14
3.826239810727805578e-14
3.802876524305572345e-14
3.779690708980606053e-14
3.756680052040613052e-14
3.733843381444082431e-14
3.711179492490163240e-14
3.688686094870084691e-14
3.666362009642113996e-14
3.644205793195969530e-14
3.622215491588953554e-14
3.600390214432946347e-14
3.578728039827653015e-14
3.557227582487346023e-14
3.535887467112341618e-14
3.514705835288082687e-14
3.493681835389478998e-14
3.472813639283025324e-14
3.452099926820073370e-14
3.431539623362214293e-14
3.411130719564217204e-14
3.390872169777653933e-14
3.370762927451446317e-14
3.350801041233436314e-14
3.330985492680652519e-14
3.311315041333547706e-14
3.291788017939273480e-14
3.272403646969964495e-14
3.253160286092818617e-14
3.234056743964639756e-14
3.215091837749286999e-14
3.196263978150917757e-14
3.177572423012046180e-14
3.159015608510938707e-14
3.140592398315231403e-14
3.122301863010964468e-14
3.104142285874234638e-14
3.086112761903013915e-14
3.068212385632083575e-14
3.050439488891208998e-14
3.032793189899874481e-14
3.015272419848172501e-14
2.997875748150753064e-14
2.980602498336044708e-14
2.963451262524143239e-14
2.946421013422648240e-14
2.929510731006640094e-14
2.912719051894726728e-14
2.896045328393029205e-14
2.879488218633105469e-14
2.863046741947032215e-14
2.846719924573721194e-14
2.830506799638837648e-14
2.814406077673817837e-14
2.798417141736500050e-14
2.782538441915381823e-14
2.766769906319866184e-14
2.751110217785390203e-14
2.735559027498356566e-14
2.720115667405979242e-14
2.704778859768486001e-14
2.689548265746417829e-14
2.674423537279660118e-14
2.659403425391055507e-14
2.644487297432795004e-14
2.629674815277523074e-14
2.614964766905191506e-14
2.600357109029043218e-14
2.585850647761379085e-14
2.571445054769976391e-14
2.557139439505145342e-14
2.542933199971328912e-14
2.528825737216535231e-14
2.514816455344611635e-14
2.500904495440174180e-14
2.487089539140599344e-14
2.473370738876526447e-14
2.459747518763212589e-14
2.446219305843746875e-14
2.432785276970247537e-14
2.419445123208641788e-14
2.406198032209230574e-14
2.393043450080184181e-14
2.379980825736442519e-14
2.367009610909487530e-14
2.354129021628545076e-14
2.341338758487918403e-14
2.328637813883428119e-14
2.316026127714447769e-14
2.303502707015757620e-14
2.291067260854869859e-14
2.278719267138142376e-14
2.266457761083420385e-14
2.254282459554376627e-14
2.242193073317983691e-14
2.230188658393845258e-14
2.218268718674859980e-14
2.206432972673055117e-14
2.194680502891129293e-14
2.183011242959885516e-14
2.171424288524679540e-14
2.159919366014300231e-14
2.148495792084354862e-14
2.137153093859602976e-14
2.125890800850991918e-14
2.114708383176161453e-14
2.103604873033362284e-14
2.092579639944483599e-14
2.081631670755766336e-14
2.070760155169672187e-14
2.059964289259509823e-14
2.049243089870934212e-14
2.038595954755127371e-14
2.028021916722057775e-14
2.017520202010831827e-14
2.007090042928523870e-14
1.996730677813759211e-14
1.986441175629404600e-14
1.976220965306659321e-14
1.966068958766414072e-14
1.955984768690931055e-14
1.945967324994536383e-14
1.936016078045201895e-14
1.926130311767334336e-14
1.916308987141051601e-14
1.906551571208527709e-14
1.896857530390811586e-14
1.887225851234796066e-14
1.877655854184912568e-14
1.868147021838980491e-14
1.858698369988788065e-14
1.849309547163848452e-14
1.839979585308362857e-14
1.830707986387796300e-14
1.821493952220373599e-14
1.812336843639841962e-14
1.803236026452467992e-14
1.794190871406566519e-14
1.785200609701541050e-14
1.776264768956438119e-14
1.767382592666179568e-14
1.758553474848834523e-14
1.749776814233576575e-14
1.741051876184041227e-14
1.732378209299103048e-14
1.723755090655952679e-14
1.715181941155511662e-14
1.706658186190616266e-14
1.698183255618121154e-14
1.689756452961805955e-14
1.681377350033853693e-14
1.673045133003093684e-14
1.664759510737517210e-14
1.656519682584338543e-14
1.648325236277811660e-14
1.640175697603091642e-14
1.632070598719696661e-14
1.624009908492106887e-14
1.615993591531522290e-14
1.608021249624030685e-14
1.600092730279418472e-14
1.592207998576674773e-14
1.584366666327360665e-14
1.576568815316840652e-14
1.568814061818145557e-14
1.561102370469321862e-14
1.553433477326534620e-14
1.545807233962199158e-14
1.538223492095730301e-14
1.530682103605829035e-14
1.523182812095922724e-14
1.515725580150418465e-14
1.508310153617799476e-14
1.500936387905160134e-14
1.493604138581494003e-14
1.486313157613025890e-14
1.479063406516433348e-14
1.471854639416141874e-14
1.464686715281784293e-14
1.457559493247360487e-14
1.450472832622068142e-14
1.443426494435919515e-14
1.436420438555391385e-14
1.429454331327165461e-14
1.422528229719682721e-14
1.415641803811007953e-14
1.408795013307300732e-14
1.401987721348831596e-14
1.395219605982624443e-14
1.388490627414377917e-14
1.381800742817271765e-14
1.375149635588993704e-14
1.368537174577693711e-14
1.361963317525091478e-14
1.355427755383963164e-14
1.348930534232807677e-14
1.342471348435376095e-14
1.336050155708595785e-14
1.329666741000969948e-14
1.323320976651421966e-14
1.317012735179352080e-14
1.310741889293268637e-14
1.304508229752872493e-14
1.298311713209793215e-14
1.292152132209654216e-14
1.286029337735843689e-14
1.279943083078075738e-14
1.273893019743868033e-14
1.267878959684662591e-14
1.261900559019638054e-14
1.255957554875227574e-14
1.250049685980128521e-14
1.244176692659675859e-14
1.238338241988406588e-14
1.232534153562040256e-14
1.226764025253075083e-14
1.221027753345259306e-14
1.215324941262745520e-14
1.209655414121366462e-14
1.204018924963277642e-14
1.198415087184619044e-14
1.192843800357832177e-14
1.187304683191700744e-14
1.181797498171736174e-14
1.176322145752443852e-14
1.170878252472089357e-14
1.165465585115745212e-14
1.160083778691135533e-14
1.154732870277762980e-14
1.149412365578547514e-14
1.144122170154874917e-14
1.138862057770252461e-14
1.133631675765482004e-14
1.128430803809449002e-14
1.123259348613968542e-14
1.118116964696976939e-14
1.113003435692383920e-14
1.107918546536523560e-14
1.102862083463376775e-14
1.097833833999729453e-14
1.092833467254473490e-14
1.087860894973546464e-14
1.082915908505697666e-14
1.077998183654238100e-14
1.073107517143564728e-14
1.068243821846780613e-14
1.063406666103085608e-14
1.058596079221562511e-14
1.053811747831991856e-14
1.049053474694825493e-14
1.044320953375788608e-14
1.039614101163306905e-14
1.034932724345257221e-14
1.030276522635947481e-14
1.025645414141391927e-14
1.021039110356654314e-14
1.016457463370652545e-14
1.011900333735527118e-14
1.007367686190988965e-14
1.002859174788004874e-14
9.983747664462295246e-15
9.939143244138363746e-15
9.894776123524893348e-15
9.850645967048168452e-15
9.806751427135383355e-15
9.763090183976483560e-15
9.719660926630585434e-15
9.676463313959403774e-15
9.633494112907371640e-15
9.590753002548060311e-15
9.548239637929319784e-15
9.505950850211538201e-15
9.463886314421163758e-15
9.422044763444616650e-15
9.380424024720483262e-15
9.339022865040401828e-15
9.297840954493165012e-15
9.256876160055164013e-15
9.216127266220820461e-15
9.175593939890501126e-15
9.135273217221139690e-15
9.095164783653806487e-15
9.055267446967780972e-15
9.015580020748821140e-15
8.976100481397414997e-15
8.936828510161056192e-15
8.897762107872854775e-15
8.858900130386550147e-15
8.820242256140997676e-15
8.781786522060113503e-15
8.743531800444066346e-15
8.705476170642798878e-15
8.667620118665668795e-15
8.629960942356912212e-15
8.592498333846731306e-15
8.555231192290887335e-15
8.518157654104660998e-15
8.481276646878101353e-15
8.444587859652027749e-15
8.408089462161736660e-15
8.371780397315714259e-15
8.335659613066939262e-15
8.299726062407176306e-15
8.263978703360843348e-15
8.228415776593460053e-15
8.193036977548731547e-15
8.157841249236766641e-15
8.122826827926569115e-15
8.087992677306000780e-15
8.053338461450711563e-15
8.018861758106830053e-15
7.984562931565407677e-15
7.950440270349752349e-15
7.916492763337616528e-15
7.882718734920428248e-15
7.849117863500403445e-15
7.815689152753053517e-15
7.782430956851790581e-15
7.749342953675101085e-15
7.716423516952102795e-15
7.683671684511020789e-15
7.651086498850854571e-15
7.618667637409847828e-15
7.586412886737458671e-15
7.554321938327870176e-15
7.522393853281608160e-15
7.490627085674311725e-15
7.459021326624050844e-15
7.427575650973505518e-15
7.396288540073199581e-15
7.365159091290811639e-15
7.334186995591408935e-15
7.303370176196477323e-15
7.272708337168977105e-15
7.242201169494755701e-15
7.211846635509256698e-15
7.181644439137530158e-15
7.151593708076263324e-15
7.121693014920191941e-15
7.091941508320095801e-15
7.062338892190323281e-15
7.032883764024511287e-15
7.003575284775248956e-15
6.974413158573209257e-15
6.945395472257911248e-15
6.916521942026818223e-15
6.887791744990578960e-15
6.859204062278923674e-15
6.830757559355676785e-15
6.802451952627863279e-15
6.774285923017679933e-15
6.746258678747364155e-15
6.718369936513253297e-15
6.690618400085360404e-15
6.663003289127111798e-15
6.635523342313521154e-15
6.608178822787824423e-15
6.580968030944070555e-15
6.553890748132357163e-15
6.526946265236454714e-15
6.500133400292755310e-15
6.473451461069462711e-15
6.446900227724820088e-15
6.420478538188618398e-15
6.394185709623563324e-15
6.368021062288167863e-15
6.341983919532729134e-15
6.316073607795039343e-15
6.290289007209955255e-15
6.264629906208588759e-15
6.239095640385532051e-15
6.213685108610051829e-15
6.188397662047268944e-15
6.163233088297040999e-15
6.138189874182634078e-15
6.113268243588732138e-15
6.088467125831061644e-15
6.063785886643970962e-15
6.039223476351573249e-15
6.014779690699885624e-15
5.990453903997048785e-15
5.966245083977496997e-15
5.942153025942955394e-15
5.918176709071923345e-15
5.894315527635650466e-15
5.870568878621525978e-15
5.846936556890130584e-15
5.823417171738531883e-15
5.800010526251533403e-15
5.776716028241280017e-15
5.753532704080406442e-15
5.730460356506488825e-15
5.707498401339741452e-15
5.684645880989703056e-15
5.661902224550767730e-15
5.639267234499605344e-15
5.616739600750945791e-15
5.594319133480959889e-15
5.572005635052193790e-15
5.549797818506233473e-15
5.527695493819466788e-15
5.505698107828688612e-15
5.483804756810431457e-15
5.462014900005599815e-15
5.440328347228662312e-15
5.418744211377531200e-15
5.397261968365353301e-15
5.375881439277737727e-15
5.354601422189239308e-15
5.333421745139408562e-15
5.312341895088198900e-15
5.291361361272886049e-15
5.270479305861278859e-15
5.249695556523263686e-15
5.229009284437880864e-15
5.208419994574912379e-15
5.187927514413765440e-15
5.167531028466646477e-15
5.147230048207634475e-15
5.127023773459290307e-15
5.106912349725658199e-15
5.086894669431816680e-15
5.066970566355283814e-15
5.047139562608629190e-15
5.027400879235839360e-15
5.007754048813880805e-15
4.988198905012193699e-15
4.968734681304150101e-15
4.949360916376215434e-15
4.930077150929246152e-15
4.910882927675318521e-15
4.891777791334421711e-15
4.872761288631060173e-15
4.853832398062558987e-15
4.834991248312393684e-15
4.816237392008641831e-15
4.797570383770162995e-15
4.778989225263848058e-15
4.760494037516776543e-15
4.742084381010551267e-15
4.723758730654032248e-15
4.705518293192938477e-15
4.687361551000201695e-15
4.669288083180143784e-15
4.651297470631723885e-15
4.633389821768632630e-15
4.615563666097620801e-15
4.597819637855866889e-15
4.580157314667436309e-15
4.562575252563462819e-15
4.545073561924438470e-15
4.527651836214093798e-15
4.510309670667624599e-15
4.493046662288459966e-15
4.475862409844971951e-15
4.458756024377670615e-15
4.441727616865814732e-15
4.424776803846786203e-15
4.407903203514112556e-15
4.391105957055063529e-15
4.374385170977529369e-15
4.357739996022820175e-15
4.341170535495990178e-15
4.324675949588052730e-15
4.308256338485859774e-15
4.291910411772509598e-15
4.275638732627043707e-15
4.259440933665376993e-15
4.243315747308003946e-15
4.227263723119543453e-15
4.211283608464463522e-15
4.195375943998230158e-15
4.179539491844211807e-15
4.163774783914757878e-15
4.148081030326135568e-15
4.132457454159522118e-15
4.116904146760221177e-15
4.101420764664865219e-15
4.086006543698954721e-15
4.070661990446529391e-15
4.055385924198657499e-15
4.040178015498413040e-15
4.025038347492222153e-15
4.009966176771518760e-15
3.994961583873356198e-15
3.980023833527562360e-15
3.965153003731038745e-15
3.950347969193676434e-15
3.935609208673586606e-15
3.920936395783931340e-15
3.906328424808497706e-15
3.891785763090327938e-15
3.877307317725999161e-15
3.862893165727272329e-15
3.848543375424976132e-15
3.834256872843008041e-15
3.820034106900958278e-15
3.805874016048784776e-15
3.791776300709589980e-15
3.777741399099209468e-15
3.763768267971716671e-15
3.749856975020868043e-15
3.736006857300036296e-15
3.722217980287540919e-15
3.708489688178150681e-15
3.694822044615816832e-15
3.681214754558994063e-15
3.667666824869260185e-15
3.654178671975365285e-15
3.640749659459092185e-15
3.627379504156790007e-15
3.614068265072555768e-15
3.600815316015906178e-15
3.587620040662600266e-15
3.574482836031983830e-15
3.561402753531482714e-15
3.548380183928781570e-15
3.535414189424488921e-15
3.522505154647893321e-15
3.509652152463437236e-15
3.496854917414897603e-15
3.484113825087499100e-15
3.471427964059042826e-15
3.458797388081092094e-15
3.446221516031428870e-15
3.433700399828809384e-15
3.421233464508342389e-15
3.408820760204738891e-15
3.396461718046179345e-15
3.384156082200299580e-15
3.371903597871915148e-15
3.359704311728548620e-15
3.347557666853941391e-15
3.335463411593968150e-15
3.323421295324335071e-15
3.311431068448728356e-15
3.299492482396932408e-15
3.287605578957197469e-15
3.275769531133389658e-15
3.263984098832835217e-15
3.252249610827589257e-15
3.240565253922475351e-15
3.228931071364353469e-15
3.217346821672608257e-15
3.205812264376554459e-15
3.194326609506747167e-15
3.182890449481107269e-15
3.171502997984661758e-15
3.160164023573470605e-15
3.148873564234957149e-15
3.137631118561358964e-15
3.126436457924539126e-15
3.115289354619986671e-15
3.104189843802951783e-15
3.093137434447621130e-15
3.082131903130687889e-15
3.071173033271966279e-15
3.060260610636248310e-15
3.049394421839910805e-15
3.038574254349478489e-15
3.027799896480148427e-15
3.017070888052281297e-15
3.006387271467945136e-15
2.995748837547671287e-15
2.985155377954748946e-15
2.974606441893170210e-15
2.964102068976285152e-15
2.953642053355118549e-15
2.943225712262669901e-15
2.932853562515055084e-15
2.922524924417102698e-15
2.912239599728201761e-15
2.901997390978348744e-15
2.891798333171471774e-15
2.881641765561036002e-15
2.871527955004647490e-15
2.861456702944207141e-15
2.851427359361876956e-15
2.841439960317448561e-15
2.831494313728909802e-15
2.821590228274541227e-15
2.811727513391526902e-15
2.801905979274539984e-15
2.792125218800510119e-15
2.782385264373986709e-15
2.772685928426684806e-15
2.763027024142137034e-15
2.753408152578320324e-15
2.743829343848774632e-15
2.734290203028025691e-15
2.724790759115594341e-15
2.715330621162753141e-15
2.705909817084008655e-15
2.696527754529879593e-15
2.687184668149931023e-15
2.677880377698454893e-15
2.668614300302314183e-15
2.659386665360319928e-15
2.650196896211939353e-15
2.641045218814460649e-15
2.631931062650401813e-15
2.622854650294683687e-15
2.613815611891343661e-15
2.604813582929137142e-15
2.595848588732821986e-15
2.586920459374741504e-15
2.578028834878075254e-15
2.569173926932122284e-15
2.560355187835916433e-15
2.551572452811671170e-15
2.542825743273012613e-15
2.534114707953758328e-15
2.525439367366251382e-15
2.516799373734856344e-15
2.508194746694526247e-15
2.499624961768394297e-15
2.491090220013188153e-15
2.482590358557067609e-15
2.474124861190236461e-15
2.465693924522189830e-15
2.457297037764510243e-15
2.448934220704762186e-15
2.440605489635105738e-15
2.432310341787377189e-15
2.424048966574682925e-15
2.415820866502000354e-15
2.407625890423401357e-15
2.399464223560026096e-15
2.391335376198394856e-15
2.383239364890049518e-15
2.375175872929427109e-15
2.367144916097748017e-15
2.359146180792895912e-15
2.351179682046343581e-15
2.343245270509925238e-15
2.335342476944093415e-15
2.327471477405356080e-15
2.319631965910581579e-15
2.311823798216876037e-15
2.304046987207106781e-15
2.296301231378041823e-15
2.288586233413774532e-15
2.280902161736775942e-15
2.273248566258524897e-15
2.265625612936024424e-15
2.258032856334832337e-15
2.250470459987819178e-15
2.242937983064087696e-15
2.235435289449863347e-15
2.227962539100971863e-15
2.220519297981837984e-15
2.213105577636986279e-15
2.205721096272478469e-15
2.198365864800405391e-15
2.191039604151741689e-15
2.183742325899999807e-15
2.176473760042589572e-15
2.169233782732865880e-15
2.162022270580158248e-15
2.154839240187424145e-15
2.147684427944924468e-15
2.140557711840781123e-15
2.133458970316000668e-15
2.126388082263698468e-15
2.119344927028312199e-15
2.112329519247159902e-15
2.105341468714847117e-15
2.098380658420854957e-15
2.091447236895507129e-15
2.084540819840336522e-15
2.077661422592621403e-15
2.070808927618591841e-15
2.063983217829128031e-15
2.057183918870639627e-15
2.050411303284906626e-15
2.043664998307405495e-15
2.036944890759314741e-15
2.030250993846857352e-15
2.023583067825924074e-15
2.016941000767859269e-15
2.010324681154797151e-15
2.003734121041138592e-15
1.997169085183381994e-15
1.990629463304849009e-15
1.984115145536683048e-15
1.977626022417104994e-15
1.971161984890658262e-15
1.964722924307443994e-15
1.958308732422341669e-15
1.951919183643807413e-15
1.945554289599401688e-15
1.939213943241228192e-15
1.932898037923064003e-15
1.926606352254753230e-15
1.920338896818227123e-15
1.914095566155240343e-15
1.907876028740150950e-15
1.901680408893892464e-15
1.895508602327255007e-15
1.889360505146996643e-15
1.883235792377392258e-15
1.877134584847439978e-15
1.871056560793855090e-15
1.865001839330250580e-15
1.858970318484487221e-15
1.852961681354494815e-15
1.846975830786039396e-15
1.841012883101232494e-15
1.835072738395187481e-15
1.829155086449705881e-15
1.823259831610213414e-15
1.817387086943447061e-15
1.811536546796631184e-15
1.805708322647736900e-15
1.799902111855461922e-15
1.794117820497397756e-15
1.788355354987316085e-15
1.782614823680533805e-15
1.776895729344416081e-15
1.771198580920266521e-15
1.765522684679094195e-15
1.759868149227784135e-15
1.754235079152048859e-15
1.748622989856939145e-15
1.743032181679678579e-15
1.737462367925728315e-15
1.731913458377419557e-15
1.726385172293765250e-15
1.720877802859931663e-15
1.715391068945721970e-15
1.709924881646880747e-15
1.704478965653795128e-15
1.699053607193560088e-15
1.693648345878127539e-15
1.688263464526442767e-15
1.682898507432889103e-15
1.677553572334142549e-15
1.672228391844281709e-15
1.666923242086186135e-15
1.661637676547413718e-15
1.656371790260559580e-15
1.651125497841964589e-15
1.645898538323564129e-15
1.640691004761142640e-15
1.635502638698146565e-15
1.630333531892671335e-15
1.625183600515671723e-15
1.620052589839082526e-15
1.614940589721013484e-15
1.609847347882198970e-15
1.604772952933351769e-15
1.599717155019418609e-15
1.594680041523263491e-15
1.589661364989697901e-15
1.584661046710253802e-15
1.579679173015088517e-15
1.574715503792466057e-15
1.569769965714943329e-15
1.564842647086405078e-15
1.559933311971802091e-15
1.555041887806543042e-15
1.550168461084882325e-15
1.545312641270490442e-15
1.540474673326805223e-15
1.535654326884721454e-15
1.530851530632340585e-15
1.526066213504046834e-15
1.521298304680108816e-15
1.516547886572712689e-15
1.511814582067341713e-15
1.507098474883113744e-15
1.502399645743207733e-15
1.497717723125795294e-15
1.493052789044002311e-15
1.488404774387435520e-15
1.483773610288145240e-15
1.479159228120170002e-15
1.474561559499073284e-15
1.469980536281476120e-15
1.465415946255779980e-15
1.460867867590681534e-15
1.456336232849696125e-15
1.451820832797325265e-15
1.447321885299587357e-15
1.442839040298949260e-15
1.438372233530701138e-15
1.433921679086419131e-15
1.429487032056229280e-15
1.425068228834197713e-15
1.420665342918128149e-15
1.416278308968805481e-15
1.411906926420220664e-15
1.407551132531230567e-15
1.403210998816498997e-15
1.398886460848765015e-15
1.394577321785619360e-15
1.390283519744834400e-15
1.386005124317668354e-15
1.381741941400923183e-15
1.377493909746558428e-15
1.373261097535339936e-15
1.369043313363524471e-15
1.364840496613897805e-15
1.360652586874880842e-15
1.356479650492215253e-15
1.352321499912999074e-15
1.348178076929615009e-15
1.344049323844975443e-15
1.339935183155058377e-15
1.335835720848868184e-15
1.331750632567896154e-15
1.327680107354224708e-15
1.323623843789871690e-15
1.319581907992577064e-15
1.315554363751174468e-15
1.311540914001214374e-15
1.307541742440071839e-15
1.303556554867916142e-15
1.299585415213911782e-15
1.295628268076646503e-15
1.291685058243840410e-15
1.287755730691985063e-15
1.283840115314408946e-15
1.279938273921884472e-15
1.276050152044882744e-15
1.272175695401273902e-15
1.268314736976633811e-15
1.264467336941212450e-15
1.260633441562887387e-15
1.256812886105418833e-15
1.253005729538000457e-15
1.249211918675475609e-15
1.245431291027373956e-15
1.241663795458478318e-15
1.237909489371468690e-15
1.234168320299248668e-15
1.230440128689816923e-15
1.226724864085308734e-15
1.223022582367977847e-15
1.219333231783343972e-15
1.215656550566134456e-15
1.211992699659217123e-15
1.208341627834319578e-15
1.204703077045210122e-15
1.201077205528699011e-15
1.197463860129995828e-15
1.193862991884804743e-15
1.190274653402114966e-15
1.186698693599618631e-15
1.183135064005613055e-15
1.179583716309099932e-15
1.176044602359514557e-15
1.172517674166446766e-15
1.169002883899365820e-15
1.165500281757049867e-15
1.162009624302679097e-15
1.158530964092261639e-15
1.155064352166771431e-15
1.151609550047481216e-15
1.148166609560893098e-15
1.144735485798256203e-15
1.141316133998366823e-15
1.137908509547307296e-15
1.134512474462734169e-15
1.131128171925842811e-15
1.127755371197286789e-15
1.124394121757319763e-15
1.121044379716770901e-15
1.117706010142822775e-15
1.114379061541893274e-15
1.111063490453611701e-15
1.107759163738044055e-15
1.104466128948848844e-15
1.101184343052239203e-15
1.097913674676349358e-15
1.094654170442659621e-15
1.091405700141941226e-15
1.088168309782978447e-15
1.084941870308469555e-15
1.081726427123354199e-15
1.078521852311642580e-15
1.075328105247416567e-15
1.072145230442588388e-15
1.068973101669932479e-15
1.065811762859083701e-15
1.062661088898063075e-15
1.059521039811913983e-15
1.056391658669069272e-15
1.053272739502965914e-15
1.050164408144370464e-15
1.047066542214524751e-15
1.043979183660092738e-15
1.040902130302140653e-15
1.037835505223114850e-15
1.034779108106457910e-15
1.031733060682505638e-15
1.028697243769162846e-15
1.025671618788386429e-15
1.022656068777939337e-15
1.019650712813673167e-15
1.016655433791913236e-15
1.013670193631362939e-15
1.010694877403809230e-15
1.007729601595423239e-15
1.004774174929231479e-15
1.001828637070380040e-15
9.988930274541748666e-16
9.959670840564040505e-16
9.930509977597084442e-16
9.901445833389728166e-16
9.872478805941919304e-16
9.843608543434935158e-16
9.814834695174217290e-16
9.786156182491870340e-16
9.757573393176747492e-16
9.729085257867575414e-16
9.700692159326370637e-16
9.672393752334543417e-16
9.644188981363005327e-16
9.616077513848726048e-16
9.588059722711834292e-16
9.560135267060153287e-16
9.532303109480838542e-16
9.504562921498709339e-16
9.476915066467279585e-16
9.449358520320686994e-16
9.421893641729765168e-16
9.394519415445245288e-16
9.367235518040918723e-16
9.340041627074477691e-16
9.312938091994380165e-16
9.285923914895012587e-16
9.258998776330373883e-16
9.232162357832713613e-16
9.205414999885612127e-16
9.178755066834517117e-16
9.152183555930904876e-16
9.125699494682613700e-16
9.099302569542738449e-16
9.072992467933742042e-16
9.046768878245962534e-16
9.020631489836116256e-16
8.994579993025753620e-16
8.968614079099740557e-16
8.942733440304670939e-16
8.916937769847310552e-16
8.891226141097533720e-16
8.865599493760495426e-16
8.840056285283133613e-16
8.814596833444682896e-16
8.789220836181282042e-16
8.763927992379748773e-16
8.738717398796029843e-16
8.713589365089024897e-16
8.688543592941182015e-16
8.663579785431895722e-16
8.638697056810056999e-16
8.613895711538314057e-16
8.589174871785334823e-16
8.564534838097918180e-16
8.539975320365476925e-16
8.515495451855047692e-16
8.491094952583975017e-16
8.466774115429911808e-16
8.442532653865693216e-16
8.418369715700453475e-16
8.394285024348490509e-16
8.370278865229700332e-16
8.346350396871664553e-16
8.322499901042702207e-16
8.298726543352053482e-16
8.275030051409582888e-16
8.251410153643713496e-16
8.227867124629004680e-16
8.204399601176241734e-16
8.181008942408285237e-16
8.157693251851585367e-16
8.134452804784951157e-16
8.111287867058408583e-16
8.088197105320094209e-16
8.065181317033474954e-16
8.042239705523808726e-16
8.019372007417218141e-16
7.996577440151072320e-16
7.973856784407179264e-16
7.951209256753839757e-16
7.928634597027464604e-16
7.906132035639179256e-16
7.883702336881905656e-16
7.861344224922059645e-16
7.839058456002219878e-16
7.816843765469866204e-16
7.794700403315061889e-16
7.772627618954963103e-16
7.750626152776774004e-16
7.728694762139709175e-16
7.706833690685450083e-16
7.685042686893219872e-16
7.663321015639790516e-16
7.641668915910556487e-16
7.620085658651876283e-16
7.598571479786449104e-16
7.577126131628984192e-16
7.555748894150322023e-16
7.534439998775139039e-16
7.513198733531297701e-16
7.492025337447419101e-16
7.470919114945487820e-16
7.449880304131639883e-16
7.428908215141041999e-16
7.408002625246154969e-16
7.387163768046605890e-16
7.366390962139375589e-16
7.345683986737273220e-16
7.325043071024570812e-16
7.304467541952135308e-16
7.283957180665107414e-16
7.263512212021601579e-16
7.243131530202303518e-16
7.222815802364618312e-16
7.202564369125239869e-16
7.182377014810316536e-16
7.162253524373203203e-16
7.142193683393603419e-16
7.122197706930159880e-16
7.102264522114456790e-16
7.082394347254799057e-16
7.062587393337603166e-16
7.042842601279452515e-16
7.023160185280444867e-16
7.003539935279435455e-16
6.983981641834302607e-16
6.964485096120987309e-16
6.945050089932512062e-16
6.925676415678006634e-16
6.906363051381887008e-16
6.887111424446979855e-16
6.867919702851844622e-16
6.848789300164862003e-16
6.829718400571556316e-16
6.810707607589108173e-16
6.791756717854999973e-16
6.772864739571943668e-16
6.754033052312268522e-16
6.735259880045526282e-16
6.716545810823987516e-16
6.697890644261226774e-16
6.679293409514683196e-16
6.660755453064332963e-16
6.642275037717955400e-16
6.623851976015484652e-16
6.605487594982970678e-16
6.587180180266091705e-16
6.568930296058366335e-16
6.550737000028605449e-16
6.532601593320036884e-16
6.514521649508178455e-16
6.496499201623139787e-16
6.478532577375669122e-16
6.460622321119258757e-16
6.442767511620101412e-16
6.424968687632035193e-16
6.407224935690287322e-16
6.389536789012839849e-16
6.371904055039721041e-16
6.354325831853077077e-16
6.336802644509540188e-16
6.319333598685895605e-16
6.301919214058758975e-16
6.284558603831125825e-16
6.267252282360664889e-16
6.249999370308781366e-16
6.232800376774493658e-16
6.215654429810465841e-16
6.198562033316623009e-16
6.181522322670318114e-16
6.164535121385998901e-16
6.147600925651919953e-16
6.130718881686316757e-16
6.113889480624240554e-16
6.097111875845394469e-16
6.080385893400434762e-16
6.063712016928791447e-16
6.047089410409635079e-16
6.030517901397002462e-16
6.013997966161245531e-16
5.997528779139087179e-16
5.981110169380863746e-16
5.964741966419663873e-16
5.948424636878771726e-16
5.932157368906748456e-16
5.915939993523554366e-16
5.899772970269835865e-16
5.883655497428539715e-16
5.867587407498977074e-16
5.851568533457976327e-16
5.835598708759206637e-16
5.819678381374422720e-16
5.803806154866377056e-16
5.787983089467622887e-16
5.772208406530658827e-16
5.756481941922916553e-16
5.740803531984082282e-16
5.725173611218751487e-16
5.709590818843990611e-16
5.694055594255018181e-16
5.678568371652865142e-16
5.663127815198445832e-16
5.647734948305618151e-16
5.632389028375636964e-16
5.617089323718363377e-16
5.601836843324085028e-16
5.586630853762499962e-16
5.571470632356735635e-16
5.556357173897599171e-16
5.541289187592329176e-16
5.526267658887999769e-16
5.511291307994168530e-16
5.496361111110996432e-16
5.481475799348622609e-16
5.466635785847226346e-16
5.451840922798139021e-16
5.437091062815800514e-16
5.422386058937045291e-16
5.407725764620390457e-16
5.393110033745316907e-16
5.378538181306069827e-16
5.364010606112472017e-16
5.349527163267549329e-16
5.335087708292602374e-16
5.320692097126450204e-16
5.306339658666495741e-16
5.292030781812556813e-16
5.277765323717434464e-16
5.263542621461742745e-16
5.249363576301970269e-16
5.235227007937866336e-16
5.221133295630049891e-16
5.207081787215413175e-16
5.193072858153137260e-16
5.179106368417252083e-16
5.165181673781157582e-16
5.151299646482449079e-16
5.137458640531821930e-16
5.123660024662817293e-16
5.109902662695150362e-16
5.096186423562480799e-16
5.082511667964193094e-16
5.068878259035027435e-16
5.055285573200918060e-16
5.041733965796030921e-16
5.028222818290242371e-16
5.014752482479511541e-16
5.001322823448068881e-16
4.987933230165289224e-16
4.974583574561519569e-16
4.961274200372942953e-16
4.948004502627209456e-16
4.934774821428473111e-16
4.921584556688269190e-16
4.908434045136772929e-16
4.895322691527236237e-16
4.882250829252705213e-16
4.869217867866359484e-16
4.856223681391387126e-16
4.843268598268842737e-16
4.830352035160061373e-16
4.817473867135024882e-16
4.804634417763649670e-16
4.791833110724108676e-16
4.779069822128320102e-16
4.766344870754479754e-16
4.753657687207469117e-16
4.741008148636170959e-16
4.728396569105061072e-16
4.715822386056806134e-16
4.703285477672157431e-16
4.690785722465685562e-16
4.678322999285317967e-16
4.665897614491007009e-16
4.653509016709743341e-16
4.641157085812961983e-16
4.628841702003312055e-16
4.616563165631998322e-16
4.604320516108369045e-16
4.592114472460053829e-16
4.579944496417453878e-16
4.567810469857310327e-16
4.555712274984363802e-16
4.543649794330840672e-16
4.531622910755921557e-16
4.519631912953135204e-16
4.507675871667209272e-16
4.495755480016502708e-16
4.483869816399402821e-16
4.472019567612559132e-16
4.460203819639942861e-16
4.448422857894266459e-16
4.436676961254450160e-16
4.424965226956667188e-16
4.413288326269013202e-16
4.401645363845812078e-16
4.390037004852265764e-16
4.378462361294980873e-16
4.366921708918629232e-16
4.355414936077264710e-16
4.343941934062765191e-16
4.332502595124878970e-16
4.321096811812853763e-16
4.309724101753303905e-16
4.298385110144637559e-16
4.287078981581753998e-16
4.275805985005783817e-16
4.264566014433290037e-16
4.253358964177321163e-16
4.242184363164395459e-16
4.231042475109324650e-16
4.219933195189485512e-16
4.208856418876744482e-16
4.197812041936900531e-16
4.186799602493754870e-16
4.175819357890299383e-16
4.164871204749438795e-16
4.153954686612714227e-16
4.143070057072552839e-16
4.132217213604697867e-16
4.121395705100750514e-16
4.110605781462272729e-16
4.099847341013497663e-16
4.089119937929278465e-16
4.078423818478976007e-16
4.067758881830891789e-16
4.057124687377164386e-16
4.046521477812614888e-16
4.035948815964664035e-16
4.025406942169946638e-16
4.014895422662664062e-16
4.004414495446288493e-16
3.993963730133536046e-16
3.983543362419430309e-16
3.973153293957758038e-16
3.962793099386239377e-16
3.952462685079954648e-16
3.942162282190073343e-16
3.931891470297647386e-16
3.921650478317858492e-16
3.911438889099636578e-16
3.901256610266584727e-16
3.891103867414684352e-16
3.880980564624393941e-16
3.870885976145282076e-16
3.860820955762778516e-16
3.850784467176756171e-16
3.840777045627623458e-16
3.830798286749413008e-16
3.820848100378220446e-16
3.810926704710108589e-16
3.801033701487440016e-16
3.791169307046010409e-16
3.781332822904850949e-16
3.771524769180644816e-16
3.761744753741099773e-16
3.751992689272661630e-16
3.742268786931968761e-16
3.732572659119235755e-16
3.722904219225919329e-16
3.713263380872013646e-16
3.703650057905700742e-16
3.694064456439222787e-16
3.684506196292077037e-16
3.674975192011757409e-16
3.665471358372496661e-16
3.655994610374927179e-16
3.646544863245729441e-16
3.637122032437286891e-16
3.627726317212233457e-16
3.618357065118046059e-16
3.609014758277250625e-16
3.599698749427974600e-16
3.590409516420570550e-16
3.581146417139392232e-16
3.571909925203945303e-16
3.562699678999798177e-16
3.553515321759458166e-16
3.544357320832748354e-16
3.535225318747546261e-16
3.526118962814928837e-16
3.517038714205610646e-16
3.507983950952386286e-16
3.498954862686669143e-16
3.489951634779737750e-16
3.480973652643645036e-16
3.472021103200523237e-16
3.463093906121674636e-16
3.454191981296669470e-16
3.445314987962842697e-16
3.436463369267933942e-16
3.427636525086574579e-16
3.418834637033008281e-16
3.410057626067749535e-16
3.401305413367298017e-16
3.392577920323739717e-16
3.383874815150722743e-16
3.375196275161740920e-16
3.366542222379029725e-16
3.357912329027626030e-16
3.349306771134202690e-16
3.340725472837962586e-16
3.332168358484747757e-16
3.323635106477474451e-16
3.315125889756094505e-16
3.306640633270320514e-16
3.298179019061517583e-16
3.289741217608470903e-16
3.281327154461687564e-16
3.272936515257280601e-16
3.264569468050741280e-16
3.256225700846267640e-16
3.247905380100123310e-16
3.239608432352753970e-16
3.231334549131610635e-16
3.223083894531410108e-16
3.214856162400606229e-16
3.206651515275399798e-16
3.198469649306731927e-16
3.190310725488264801e-16
3.182174442255065577e-16
3.174060959074067584e-16
3.165969976646253662e-16
3.157901652927453153e-16
3.149855690866502131e-16
3.141832022117632657e-16
3.133830802392759721e-16
3.125851737972855043e-16
3.117894983097097847e-16
3.109960246249908105e-16
3.102047680212760038e-16
3.094156776316532391e-16
3.086288125475713346e-16
3.078441002739321369e-16
3.070615777345367938e-16
3.062812164272168599e-16
3.055030312004774135e-16
3.047269723639218157e-16
3.039530762024907308e-16
3.031813358653758616e-16
3.024117022394635069e-16
3.016442111387156266e-16
3.008788347988763947e-16
3.001155666998909174e-16
2.993544211367940382e-16
2.985953499419367407e-16
2.978383881582514420e-16
2.970835085356748213e-16
2.963307046391235453e-16
2.955799904834999137e-16
2.948313191004553124e-16
2.940847251067063801e-16
2.933401619506875261e-16
2.925976639497177280e-16
2.918572048791261309e-16
2.911187787426678912e-16
2.903823795592742222e-16
2.896480013630298621e-16
2.889156382031511339e-16
2.881852841439626247e-16
2.874569332648753932e-16
2.867305796603636001e-16
2.860062367694586685e-16
2.852838599794159746e-16
2.845634628378631609e-16
2.838450394992947714e-16
2.831285841331527356e-16
2.824140909238026539e-16
2.817015540705095398e-16
2.809909677874144497e-16
2.802823075904449926e-16
2.795756052251021018e-16
2.788708175987727160e-16
2.781679761843380398e-16
2.774670382196148836e-16
2.767680165688093302e-16
2.760709055485464133e-16
2.753756994901377844e-16
2.746823746217669076e-16
2.739909435677520473e-16
2.733014186745458633e-16
2.726137404144529981e-16
2.719279571074542209e-16
2.712440274431881707e-16
2.705619637530579640e-16
2.698817604831037806e-16
2.692034120938355797e-16
2.685268955877717940e-16
2.678522230670361750e-16
2.671793890344768960e-16
2.665083707444494300e-16
2.658391801298851064e-16
2.651718117357644694e-16
2.645062430653637611e-16
2.638424858849473288e-16
2.631805178618406112e-16
2.625203506522851802e-16
2.618619788707223602e-16
2.612053804286222500e-16
2.605505668133277518e-16
2.598975160654900652e-16
2.592462395335648963e-16
2.585967154118050659e-16
2.579489549427322694e-16
2.573029527994043379e-16
2.566586874141449674e-16
2.560161536829944694e-16
2.553753626397598410e-16
2.547362929512525481e-16
2.540989555484754809e-16
2.534633292533446547e-16
2.528294248950796885e-16
2.521972214495088328e-16
2.515667139016971766e-16
2.509379129296731807e-16
2.503107977375171174e-16
2.496853789039815706e-16
2.490616357841264576e-16
2.484395634258989915e-16
2.478191568894468098e-16
2.472004265571180218e-16
2.465833673308479487e-16
2.459679437491360067e-16
2.453541813597898345e-16
2.447420600360774520e-16
2.441315749125203027e-16
2.435227360844851603e-16
2.429155087537539732e-16
2.423099179297508635e-16
2.417059586187509249e-16
2.411035964144434361e-16
2.405028560093930276e-16
2.399037032554441531e-16
2.393061626358271437e-16
2.387102147397825438e-16
2.381158692471704310e-16
2.375230925207055254e-16
2.369318943213098708e-16
2.363422841939235302e-16
2.357542430756487732e-16
2.351677521412809292e-16
2.345828350563129244e-16
2.339994729629737408e-16
2.334176612123629842e-16
2.328373951673051495e-16
2.322586702023304905e-16
2.316814817036555452e-16
2.311058250691636113e-16
2.305316957083854684e-16
2.299590891009726081e-16
2.293880009716997147e-16
2.288184271141711149e-16
2.282503633321979110e-16
2.276838054397841261e-16
2.271187492611107795e-16
2.265551639759879028e-16
2.259930988428395453e-16
2.254325229564454572e-16
2.248734058402937704e-16
2.243157961552771147e-16
2.237596372064950089e-16
2.232049772608085474e-16
2.226517600558976559e-16
2.221000076401567184e-16
2.215497159374166990e-16
2.210008808815232249e-16
2.204534984163208833e-16
2.199075644956369262e-16
2.193630750832651731e-16
2.188200009270470987e-16
2.182783634342742174e-16
2.177381836258983950e-16
2.171994073489436308e-16
2.166620557426033877e-16
2.161261248289021154e-16
2.155915860007669445e-16
2.150584846742281939e-16
2.145267677185109183e-16
2.139964558327242573e-16
2.134675450868202257e-16
2.129400315605334775e-16
2.124138872767445486e-16
2.118891325893138072e-16
2.113657874850559327e-16
2.108437764444392750e-16
2.103231672317380924e-16
2.098039321048458013e-16
2.092860437018398861e-16
2.087695218707783375e-16
2.082543394508236481e-16
2.077405393583197835e-16
2.072280712162491473e-16
2.067169545425638831e-16
2.062071855392414430e-16
2.056987375429938317e-16
2.051916298277670516e-16
2.046858586230504241e-16
2.041813975589779199e-16
2.036782881896971708e-16
2.031764816288175371e-16
2.026759743363774755e-16
2.021768072849604582e-16
2.016789098983434685e-16
2.011823451664329558e-16
2.006870650501555535e-16
2.001930879524881660e-16
1.997004101131486576e-16
1.992090060355237015e-16
1.987188938932777540e-16
1.982300699539976807e-16
1.977425090008263381e-16
1.972562289811638930e-16
1.967712048624975955e-16
1.962874544427113289e-16
1.958049740351793441e-16
1.953237388817379262e-16
1.948437665589922699e-16
1.943650324895627766e-16
1.938875749411723978e-16
1.934113277605699805e-16
1.929363291514549195e-16
1.924625754904540339e-16
1.919900426465347904e-16
1.915187476906558801e-16
1.910486870266040116e-16
1.905798367872081257e-16
1.901121936297335660e-16
1.896457743429026369e-16
1.891805753658380357e-16
1.887165731777854083e-16
1.882537644673659631e-16
1.877921657460292786e-16
1.873317734879925511e-16
1.868725645135870830e-16
1.864145355426145498e-16
1.859577223260673961e-16
1.855020628371762645e-16
1.850475927679495083e-16
1.845943086447881135e-16
1.841421685764829189e-16
1.836912269693374440e-16
1.832414420226570193e-16
1.827928105180641062e-16
1.823453481640423229e-16
1.818990326916635034e-16
1.814538609050986872e-16
1.810098483182023743e-16
1.805669915341613975e-16
1.801252686059111726e-16
1.796846764027227949e-16
1.792452303562447281e-16
1.788069089637609231e-16
1.783697092881250218e-16
1.779336466046263539e-16
1.774986996432480955e-16
1.770648654867788967e-16
1.766321592219854917e-16
1.762005598088818119e-16
1.757700822102067246e-16
1.753407055381398338e-16
1.749124269088069528e-16
1.744852611005119102e-16
1.740591874510802313e-16
1.736342030963669926e-16
1.732103051785136541e-16
1.727875082333761747e-16
1.723657918953572181e-16
1.719451705810798686e-16
1.715256240719428352e-16
1.711071495430253801e-16
1.706897441756468773e-16
1.702734221502644380e-16
1.698581635381041692e-16
1.694439655399533240e-16
1.690308253628086248e-16
1.686187569550548556e-16
1.682077240019364035e-16
1.677977737440364745e-16
1.673888533996669742e-16
1.669809933605668059e-16
1.665741578456095066e-16
1.661683770068286587e-16
1.657636479146734266e-16
1.653599351829561718e-16
1.649572686086673312e-16
1.645556130658335405e-16
1.641549981167211044e-16
1.637554048802228474e-16
1.633568465776696539e-16
1.629592885981778953e-16
1.625627600411750819e-16
1.621672422951024112e-16
1.617727326803992163e-16
1.613792285235614335e-16
1.609867271571337130e-16
1.605952414272248800e-16
1.602047376045941848e-16
1.598152439965951038e-16
1.594267271212768840e-16
1.590392150605279267e-16
1.586526897776868270e-16
1.582671486290963690e-16
1.578826040779322771e-16
1.574990232338920162e-16
1.571164186296319359e-16
1.567348025755978056e-16
1.563541425419125103e-16
1.559744657249678143e-16
1.555957398328387540e-16
1.552179918488655337e-16
1.548411897172299739e-16
1.544653602099903560e-16
1.540904860448839782e-16
1.537165646509648078e-16
1.533435934632311013e-16
1.529715555474270569e-16
1.526004771550518263e-16
1.522303413092182087e-16
1.518611454686150874e-16
1.514928870978312609e-16
1.511255495612874715e-16
1.507591586006451492e-16
1.503936975386868867e-16
1.500291638635127426e-16
1.496655411744692687e-16
1.493028548129089002e-16
1.489410883373168705e-16
1.485802255209284889e-16
1.482202914091974233e-16
1.478612561000537591e-16
1.475031308600027819e-16
1.471459267557367578e-16
1.467896142109715705e-16
1.464342043550518547e-16
1.460796947393704444e-16
1.457260829210759245e-16
1.453733664630637564e-16
1.450215297036514670e-16
1.446705967275122558e-16
1.443205387033839883e-16
1.439713795286293041e-16
1.436230905813445513e-16
1.432756825892617526e-16
1.429291531546520409e-16
1.425834998854596670e-16
1.422387075569613099e-16
1.418947995132046321e-16
1.415517477501760279e-16
1.412095627361737245e-16
1.408682421174742771e-16
1.405277709890161125e-16
1.401881723078153395e-16
1.398494186374603644e-16
1.395115202983571739e-16
1.391744750166614910e-16
1.388382805238762340e-16
1.385029222375110438e-16
1.381684103111985768e-16
1.378347424918785758e-16
1.375019165318040327e-16
1.371699180523781142e-16
1.368387691340993042e-16
1.365084312721314039e-16
1.361789385117829835e-16
1.358502765403882073e-16
1.355224312301216294e-16
1.351954123697725694e-16
1.348692059302101911e-16
1.345438216207410241e-16
1.342192572446694158e-16
1.338955106105184230e-16
1.335725678848894021e-16
1.332504386206639528e-16
1.329291206414484728e-16
1.326086002586209282e-16
1.322888869093531956e-16
1.319699784322639669e-16
1.316518726711295067e-16
1.313345561280454560e-16
1.310180267837539306e-16
1.307022938856661192e-16
1.303873552970950429e-16
1.300732088864684998e-16
1.297598413899738187e-16
1.294472619063884679e-16
1.291354572642346632e-16
1.288244364886705629e-16
1.285141974725804032e-16
1.282047271819611162e-16
1.278960236415991408e-16
1.275881065821922502e-16
1.272809521737522208e-16
1.269745584542587711e-16
1.266689341963132822e-16
1.263640666358693188e-16
1.260599751257616608e-16
1.257566256489327210e-16
1.254540375276082434e-16
1.251522087075013455e-16
1.248511266529399117e-16
1.245507999297295538e-16
1.242512161274789317e-16
1.239523837505839418e-16
1.236542904747513966e-16
1.233569447358507440e-16
1.230603342950571424e-16
1.227644675202903961e-16
1.224693322575689854e-16
1.221749368074349212e-16
1.218812691001295169e-16
1.215883373693836143e-16
1.212961296290459744e-16
1.210046440463224064e-16
1.207138887555604913e-16
1.204238518946612626e-16
1.201345415325567258e-16
1.198459458892402313e-16
1.195580729687776753e-16
1.192709110726552402e-16
1.189844583959997520e-16
1.186987228463853419e-16
1.184137025190605649e-16
1.181293762395485766e-16
1.178457615288071896e-16
1.175628564950705953e-16
1.172806401892213416e-16
1.169991299311059539e-16
1.167183238418819650e-16
1.164382106212679991e-16
1.161587885036950140e-16
1.158800650840396051e-16
1.156020198563427850e-16
1.153246790334167830e-16
1.150480128982415420e-16
1.147720382462696810e-16
1.144967440471452478e-16
1.142221377141809816e-16
1.139481991746964193e-16
1.136749449680310206e-16
1.134023732664026225e-16
1.131304642101385888e-16
1.128592341492830947e-16
1.125886812686591608e-16
1.123187859192178187e-16
1.120495642639819492e-16
1.117810056465346015e-16
1.115131083661546743e-16
1.112458707257759820e-16
1.109792997886391626e-16
1.107133850439195822e-16
1.104481248051174772e-16
1.101835173892217968e-16
1.099195697457571909e-16
1.096562715068087959e-16
1.093936210006158390e-16
1.091316165590344751e-16
1.088702565175331265e-16
1.086095476871518376e-16
1.083494714356142595e-16
1.080900430223387899e-16
1.078312523255874048e-16
1.075731060477500647e-16
1.073155858185153627e-16
1.070587066656940449e-16
1.068024503483227728e-16
1.065468317796172668e-16
1.062918410440017678e-16
1.060374765170503254e-16
1.057837365778869123e-16
1.055306277166219529e-16
1.052781320749593756e-16
1.050262561798218727e-16
1.047750064433962870e-16
1.045243731850030377e-16
1.042743548052983272e-16
1.040249417770503928e-16
1.037761483996858518e-16
1.035279651239257091e-16
1.032803903644483668e-16
1.030334225394248102e-16
1.027870678582838478e-16
1.025413091422282210e-16
1.022961526361517058e-16
1.020515967721432468e-16
1.018076476605931242e-16
1.015642883628843681e-16
1.013215250243961858e-16
1.010793636823141801e-16
1.008377875758377783e-16
1.005968027767889512e-16
1.003564077414112559e-16
1.001166084106930467e-16
9.987738825787590076e-17
9.963875325812016003e-17
9.940070928130822877e-17
9.916323997395638728e-17
9.892635123977471439e-17
9.869004155889981110e-17
9.845430941486010914e-17
9.821915329384704975e-17
9.798457168254407689e-17
9.775056307029991199e-17
9.751711876235452920e-17
9.728425165591005398e-17
9.705195303675533224e-17
9.682021429826515716e-17
9.658904819141901313e-17
9.635843903244309237e-17
9.612839244344571329e-17
9.589890694040343697e-17
9.566998104263447622e-17
9.544161327279266826e-17
9.521379522598715786e-17
9.498653931840438050e-17
9.475983024585986965e-17
9.453367347488373277e-17
9.430806754444030748e-17
9.408301099679731107e-17
9.385850237752017062e-17
9.363453347850144213e-17
9.341110965778730322e-17
9.318823617864288541e-17
9.296589147513203775e-17
9.274409423330593245e-17
9.252283631000288521e-17
9.230210966190496991e-17
9.208191951985316271e-17
9.186226445829340888e-17
9.164314305491510461e-17
9.142454737424221944e-17
9.120648256395303915e-17
9.098894721116468590e-17
9.077193346022273484e-17
9.055545281996012600e-17
9.033949101827202043e-17
9.012405310085691992e-17
8.990913131727153042e-17
8.969473700325454091e-17
8.948085608416621043e-17
8.926748724078721184e-17
8.905464168074633247e-17
8.884230547556100931e-17
8.863047731449978741e-17
8.841916827858312448e-17
8.820836458389924853e-17
8.799807107811249885e-17
8.778828026728492769e-17
8.757899696034029739e-17
8.737021979713132815e-17
8.716194141244662895e-17
8.695416682517592933e-17
8.674689500423627818e-17
8.654011892416959212e-17
8.633384359767201954e-17
8.612806204629090042e-17
8.592278517504704207e-17
8.571799416703291437e-17
8.551370579871674269e-17
8.530990725302254446e-17
8.510659757822013193e-17
8.490378165005078448e-17
8.470145845705352925e-17
8.449962120575626687e-17
8.429827471445028570e-17
8.409741223503988732e-17
8.389703854782379583e-17
8.369714694976432208e-17
8.349774218347419699e-17
8.329882325106809059e-17
8.310038351661793120e-17
8.290242766689197554e-17
8.270494911023185497e-17
8.250794691695715338e-17
8.231142571843807459e-17
8.211538452825205389e-17
8.191981684235107241e-17
8.172472173776909134e-17
8.153010377320276243e-17
8.133596196983336355e-17
8.114228990999718790e-17
8.094908667742498477e-17
8.075635675930837875e-17
8.056409918440105912e-17
8.037230225697475023e-17
8.018098115715707332e-17
7.999011888719644281e-17
7.979972520964938523e-17
7.960979916258177238e-17
7.942033451819257034e-17
7.923133037510438573e-17
7.904279106369191103e-17
7.885471041804534093e-17
7.866709273448510546e-17
7.847993188807117394e-17
7.829322698561162026e-17
7.810698227275593492e-17
7.792119168537568578e-17
7.773585433513471840e-17
7.755097441762494780e-17
7.736654213284137533e-17
7.718254268743292176e-17
7.699894240382817924e-17
7.681573287322442991e-17
7.663287559219333312e-17
7.645035721761826522e-17
7.626814946745074384e-17
7.608622914296273592e-17
