# te
2.689300298690795898e+00
3.306274890899658203e+00
3.353268146514892578e+00
3.069912672042846680e+00
2.639928340911865234e+00
2.179595232009887695e+00
1.758452773094177246e+00
1.410097122192382812e+00
1.150493025779724121e+00
9.831905961036682129e-01
9.026226401329040527e-01
8.865989446640014648e-01
9.098289608955383301e-01
9.576647877693176270e-01
1.019082665443420410e+00
1.083715677261352539e+00
1.144214272499084473e+00
1.197877764701843262e+00
1.241810560226440430e+00
1.282029986381530762e+00
1.324336409568786621e+00
1.369651556015014648e+00
1.417821645736694336e+00
1.469194054603576660e+00
1.524784922599792480e+00
1.580580711364746094e+00
1.633006572723388672e+00
1.680144071578979492e+00
1.719303011894226074e+00
1.749364614486694336e+00
1.769260168075561523e+00
1.776698827743530273e+00
1.771263122558593750e+00
1.758203983306884766e+00
1.741355180740356445e+00
1.717072367668151855e+00
1.682925105094909668e+00
1.639968276023864746e+00
1.589923739433288574e+00
1.533611536026000977e+00
1.469061374664306641e+00
1.393623471260070801e+00
1.305540084838867188e+00
1.203127980232238770e+00
1.083439946174621582e+00
9.483579397201538086e-01
8.036278486251831055e-01
6.544008851051330566e-01
4.990439713001251221e-01
3.340871334075927734e-01
1.543465107679367065e-01
-4.393921047449111938e-02
-2.565606832504272461e-01
-4.791925847530364990e-01
-7.136402726173400879e-01
-9.599166512489318848e-01
-1.218819379806518555e+00
-1.491168379783630371e+00
-1.776349186897277832e+00
-2.073549032211303711e+00
-2.383539676666259766e+00
-2.707117795944213867e+00
-3.045302152633666992e+00
-3.398517370223999023e+00
-3.764763355255126953e+00
-4.141401767730712891e+00
-4.526936054229736328e+00
-4.919795989990234375e+00
-5.321828842163085938e+00
-5.735581398010253906e+00
-6.162453651428222656e+00
-6.603060245513916016e+00
-7.056527137756347656e+00
-7.521388530731201172e+00
-7.997006416320800781e+00
-8.483174324035644531e+00
-8.981258392333984375e+00
-9.487421989440917969e+00
-1.000303173065185547e+01
-1.052854919433593750e+01
-1.106304264068603516e+01
-1.160616302490234375e+01
-1.215607166290283203e+01
-1.271390724182128906e+01
-1.327864265441894531e+01
-1.384952068328857422e+01
-1.442659950256347656e+01
-1.501141643524169922e+01
-1.560105609893798828e+01
-1.619631385803222656e+01
-1.679650497436523438e+01
-1.740168190002441406e+01
-1.801041603088378906e+01
-1.862350273132324219e+01
-1.924025535583496094e+01
-1.985998725891113281e+01
-2.048052215576171875e+01
-2.110489082336425781e+01
-2.172868919372558594e+01
-2.235494422912597656e+01
-2.298147964477539062e+01
-2.360910034179687500e+01
-2.423488426208496094e+01
-2.486037635803222656e+01
-2.548488616943359375e+01
-2.610698699951171875e+01
-2.672747421264648438e+01
-2.734492111206054688e+01
-2.795789337158203125e+01
-2.856792449951171875e+01
-2.917425346374511719e+01
-2.977537345886230469e+01
-3.037051010131835938e+01
-3.095964050292968750e+01
-3.154199981689453125e+01
-3.211681365966796875e+01
-3.268479919433593750e+01
-3.324370574951171875e+01
-3.379350662231445312e+01
-3.433417129516601562e+01
-3.486494445800781250e+01
-3.538578414916992188e+01
-3.589370346069335938e+01
-3.639090728759765625e+01
-3.687662506103515625e+01
-3.735008621215820312e+01
-3.781052780151367188e+01
-3.825717926025390625e+01
-3.868926620483398438e+01
-3.910827636718750000e+01
-3.951124954223632812e+01
-3.990044784545898438e+01
-4.027145385742187500e+01
-4.062726593017578125e+01
-4.096420669555664062e+01
-4.128453826904296875e+01
-4.158680725097656250e+01
-4.187030792236328125e+01
-4.213581466674804688e+01
-4.238113403320312500e+01
-4.260704040527343750e+01
-4.281357192993164062e+01
-4.300001525878906250e+01
-4.316566467285156250e+01
-4.331055831909179688e+01
-4.343323898315429688e+01
-4.353523254394531250e+01
-4.361508560180664062e+01
-4.367060089111328125e+01
-4.370477676391601562e+01
-4.371612548828125000e+01
-4.370238494873046875e+01
-4.366577529907226562e+01
-4.360552978515625000e+01
-4.352163314819335938e+01
-4.341257095336914062e+01
-4.327907943725585938e+01
-4.312113189697265625e+01
-4.293722534179687500e+01
-4.272882461547851562e+01
-4.249591445922851562e+01
-4.223698806762695312e+01
-4.195351028442382812e+01
-4.164323806762695312e+01
-4.130763244628906250e+01
-4.094742584228515625e+01
-4.056036376953125000e+01
-4.014643478393554688e+01
-3.970709609985351562e+01
-3.924010467529296875e+01
-3.874692916870117188e+01
-3.822755050659179688e+01
-3.768195343017578125e+01
-3.710936737060546875e+01
-3.650978469848632812e+01
-3.588467407226562500e+01
-3.523253631591796875e+01
-3.455336761474609375e+01
-3.384863662719726562e+01
-3.311833953857421875e+01
-3.236096954345703125e+01
-3.157800865173339844e+01
-3.076870155334472656e+01
-2.993526458740234375e+01
-2.907471656799316406e+01
-2.818853569030761719e+01
-2.727818870544433594e+01
-2.634218406677246094e+01
-2.538274002075195312e+01
-2.439687156677246094e+01
-2.338679504394531250e+01
-2.235398864746093750e+01
-2.129620933532714844e+01
-2.021567726135253906e+01
-1.911163520812988281e+01
-1.798556137084960938e+01
-1.683669662475585938e+01
-1.566577529907226562e+01
-1.447352790832519531e+01
-1.325919914245605469e+01
-1.202426719665527344e+01
-1.076797866821289062e+01
-9.493294715881347656e+00
-8.197978019714355469e+00
-6.883282184600830078e+00
-5.549641609191894531e+00
-4.197567462921142578e+00
-2.827420473098754883e+00
-1.440082550048828125e+00
-3.560262545943260193e-02
1.385093688964843750e+00
2.822061538696289062e+00
4.274108409881591797e+00
5.740501403808593750e+00
7.221771717071533203e+00
8.715925216674804688e+00
1.022319507598876953e+01
1.174456024169921875e+01
1.327557277679443359e+01
1.481847381591796875e+01
1.637178802490234375e+01
1.793627357482910156e+01
1.950822448730468750e+01
2.109062767028808594e+01
2.267977905273437500e+01
2.427717781066894531e+01
2.588135337829589844e+01
2.749082756042480469e+01
2.910636138916015625e+01
3.072722434997558594e+01
3.235194396972656250e+01
3.397904205322265625e+01
3.560928344726562500e+01
3.724119567871093750e+01
3.887478637695312500e+01
4.050859451293945312e+01
4.214262390136718750e+01
4.377615737915039062e+01
4.540697097778320312e+01
4.703582763671875000e+01
4.866200256347656250e+01
5.028401947021484375e+01
5.190264511108398438e+01
5.351491165161132812e+01
5.512233352661132812e+01
5.672268676757812500e+01
5.831600189208984375e+01
5.990153884887695312e+01
6.147784042358398438e+01
6.304565811157226562e+01
6.460350036621093750e+01
6.614990234375000000e+01
6.768486022949218750e+01
6.920837402343750000e+01
7.072044372558593750e+01
7.221289825439453125e+01
7.369837951660156250e+01
7.516202545166015625e+01
7.661871337890625000e+01
7.804613494873046875e+01
7.946659851074218750e+01
8.087266540527343750e+01
8.225692749023437500e+01
8.361194610595703125e+01
8.496001434326171875e+01
8.627885437011718750e+01
8.758332824707031250e+01
8.886601257324218750e+01
9.012690734863281250e+01
9.136602020263671875e+01
9.257592773437500000e+01
9.377149963378906250e+01
9.493043518066406250e+01
9.607504272460937500e+01
9.718303680419921875e+01
9.827671051025390625e+01
9.933377838134765625e+01
1.003616790771484375e+02
1.013752899169921875e+02
1.023523025512695312e+02
1.033001708984375000e+02
1.042188949584960938e+02
1.051084899902343750e+02
1.059689483642578125e+02
1.067928543090820312e+02
1.075950698852539062e+02
1.083607559204101562e+02
1.090973281860351562e+02
1.098048171997070312e+02
1.104683380126953125e+02
1.111102294921875000e+02
1.117081604003906250e+02
1.122844696044921875e+02
1.128168563842773438e+02
1.133201828002929688e+02
1.137944641113281250e+02
1.142248382568359375e+02
1.146187591552734375e+02
1.149762115478515625e+02
1.153046417236328125e+02
1.156040573120117188e+02
1.158595809936523438e+02
1.160711898803710938e+02
1.162537612915039062e+02
1.163998260498046875e+02
1.165019912719726562e+02
1.165824966430664062e+02
1.166116409301757812e+02
1.166116943359375000e+02
1.165677871704101562e+02
1.164947814941406250e+02
1.163778076171875000e+02
1.162317047119140625e+02
1.160416183471679688e+02
1.158149719238281250e+02
1.155517349243164062e+02
1.152519302368164062e+02
1.149155197143554688e+02
1.145499420166015625e+02
1.141403350830078125e+02
1.136940917968750000e+02
1.132112350463867188e+02
1.126842956542968750e+02
1.121355819702148438e+02
1.115353469848632812e+02
1.109058532714843750e+02
1.102471313476562500e+02
1.095442886352539062e+02
1.088047409057617188e+02
1.080359115600585938e+02
1.072378005981445312e+02
1.064029464721679688e+02
1.055313491821289062e+02
1.046229934692382812e+02
1.036853027343750000e+02
1.027033996582031250e+02
1.016995620727539062e+02
1.006589126586914062e+02
9.959631347656250000e+01
9.848944091796875000e+01
9.735314941406250000e+01
9.618743133544921875e+01
9.499227142333984375e+01
9.376764678955078125e+01
9.252098083496093750e+01
9.123738861083984375e+01
8.992429351806640625e+01
8.858167266845703125e+01
8.721694183349609375e+01
8.582266998291015625e+01
8.439884185791015625e+01
8.296031188964843750e+01
8.148479461669921875e+01
7.998713684082031250e+01
7.847479248046875000e+01
7.693287658691406250e+01
7.537625885009765625e+01
7.379006195068359375e+01
7.218544006347656250e+01
7.055792999267578125e+01
6.891049194335937500e+01
6.724536132812500000e+01
6.555880737304687500e+01
6.385677719116210938e+01
6.213628768920898438e+01
6.039956665039062500e+01
5.864808654785156250e+01
5.687962341308593750e+01
5.509936141967773438e+01
5.330358123779296875e+01
5.149673461914062500e+01
4.967584228515625000e+01
4.784460830688476562e+01
4.600303268432617188e+01
4.415109252929687500e+01
4.229175949096679688e+01
4.042205429077148438e+01
3.854641723632812500e+01
3.666261672973632812e+01
3.477361297607421875e+01
3.288013458251953125e+01
3.098068428039550781e+01
2.907896995544433594e+01
2.717349243164062500e+01
2.526646804809570312e+01
2.335788536071777344e+01
2.144921493530273438e+01
1.954044914245605469e+01
1.763380050659179688e+01
1.572777080535888672e+01
1.382531452178955078e+01
1.192568016052246094e+01
1.003107929229736328e+01
8.140012741088867188e+00
6.256030082702636719e+00
4.377780914306640625e+00
2.506586551666259766e+00
6.433005332946777344e-01
-1.211208581924438477e+00
-3.056352853775024414e+00
-4.891223907470703125e+00
-6.715230941772460938e+00
-8.526817321777343750e+00
-1.032680416107177734e+01
-1.211296653747558594e+01
-1.388679504394531250e+01
-1.564383602142333984e+01
-1.738632392883300781e+01
-1.911351966857910156e+01
-2.082320022583007812e+01
-2.251611137390136719e+01
-2.419077682495117188e+01
-2.584719848632812500e+01
-2.748315429687500000e+01
-2.910013389587402344e+01
-3.069740486145019531e+01
-3.227199554443359375e+01
-3.382466125488281250e+01
-3.535540008544921875e+01
-3.686273956298828125e+01
-3.834742736816406250e+01
-3.980723571777343750e+01
-4.124291610717773438e+01
-4.265225219726562500e+01
-4.403598785400390625e+01
-4.539486694335937500e+01
-4.672518920898437500e+01
-4.802844619750976562e+01
-4.930464172363281250e+01
-5.055229949951171875e+01
-5.177216339111328125e+01
-5.296126937866210938e+01
-5.412260055541992188e+01
-5.525392532348632812e+01
-5.635525131225585938e+01
-5.742510604858398438e+01
-5.846348953247070312e+01
-5.947188568115234375e+01
-6.044734191894531250e+01
-6.139208984375000000e+01
-6.230389404296875000e+01
-6.318351745605468750e+01
-6.402946472167968750e+01
-6.484249114990234375e+01
-6.562112426757812500e+01
-6.636757659912109375e+01
-6.708038330078125000e+01
-6.775804901123046875e+01
-6.840280914306640625e+01
-6.901245117187500000e+01
-6.958919525146484375e+01
-7.013082885742187500e+01
-7.063884735107421875e+01
-7.111325073242187500e+01
-7.154736328125000000e+01
-7.195530700683593750e+01
-7.231851196289062500e+01
-7.265259552001953125e+01
-7.295161437988281250e+01
-7.321630859375000000e+01
-7.344075012207031250e+01
-7.364351654052734375e+01
-7.379488372802734375e+01
-7.392459106445312500e+01
-7.401033782958984375e+01
-7.406699371337890625e+01
-7.408712768554687500e+01
-7.407817840576171875e+01
-7.403270721435546875e+01
-7.395072937011718750e+01
-7.383966827392578125e+01
-7.369209289550781250e+01
-7.351543426513671875e+01
-7.330226135253906250e+01
-7.305480957031250000e+01
-7.278273010253906250e+01
-7.246744537353515625e+01
-7.213347625732421875e+01
-7.176149749755859375e+01
-7.135523223876953125e+01
-7.092060089111328125e+01
-7.045984649658203125e+01
-6.996701812744140625e+01
-6.944358062744140625e+01
-6.889177703857421875e+01
-6.831159210205078125e+01
-6.770227050781250000e+01
-6.706530761718750000e+01
-6.639993286132812500e+01
-6.570912933349609375e+01
-6.499213409423828125e+01
-6.424745178222656250e+01
-6.347878265380859375e+01
-6.268464660644531250e+01
-6.186650466918945312e+01
-6.102360916137695312e+01
-6.015892028808593750e+01
-5.926943969726562500e+01
-5.835963439941406250e+01
-5.742799377441406250e+01
-5.647451400756835938e+01
-5.550143051147460938e+01
-5.450725173950195312e+01
-5.349569320678710938e+01
-5.246452331542968750e+01
-5.141596603393554688e+01
-5.034927749633789062e+01
-4.926742553710937500e+01
-4.816965866088867188e+01
-4.705597686767578125e+01
-4.592786026000976562e+01
-4.478678894042968750e+01
-4.363275146484375000e+01
-4.246574783325195312e+01
-4.128725051879882812e+01
-4.009800338745117188e+01
-3.889872741699218750e+01
-3.768867874145507812e+01
-3.647082138061523438e+01
-3.524514389038085938e+01
-3.401163101196289062e+01
-3.277176284790039062e+01
-3.152626609802246094e+01
-3.027439308166503906e+01
-2.901835441589355469e+01
-2.775888442993164062e+01
-2.649744987487792969e+01
-2.523255729675292969e+01
-2.396790313720703125e+01
-2.270050430297851562e+01
-2.143405914306640625e+01
-2.016855239868164062e+01
-1.890471267700195312e+01
-1.764326477050781250e+01
-1.638419532775878906e+01
-1.512896823883056641e+01
-1.387831592559814453e+01
-1.263296031951904297e+01
-1.139362812042236328e+01
-1.016030025482177734e+01
-8.935188293457031250e+00
-7.717828750610351562e+00
-6.509166717529296875e+00
-5.309779644012451172e+00
-4.120687007904052734e+00
-2.942167520523071289e+00
-1.775241374969482422e+00
-6.205872893333435059e-01
5.212351679801940918e-01
1.649636149406433105e+00
2.763546705245971680e+00
3.862759113311767578e+00
4.946472167968750000e+00
6.013883590698242188e+00
7.064860343933105469e+00
8.097635269165039062e+00
9.112818717956542969e+00
1.010968399047851562e+01
1.108675861358642578e+01
1.204406070709228516e+01
1.298086261749267578e+01
1.389866542816162109e+01
1.479228591918945312e+01
1.566545295715332031e+01
1.651520919799804688e+01
1.734231758117675781e+01
1.814530372619628906e+01
1.892641258239746094e+01
1.968046188354492188e+01
2.040969085693359375e+01
2.111411666870117188e+01
2.179152679443359375e+01
2.244342041015625000e+01
2.306758308410644531e+01
2.366551399230957031e+01
2.423574638366699219e+01
2.477754402160644531e+01
2.529166603088378906e+01
2.577589988708496094e+01
2.623248672485351562e+01
2.665920639038085938e+01
2.705533027648925781e+01
2.742236137390136719e+01
2.775881958007812500e+01
2.806471824645996094e+01
2.834006690979003906e+01
2.858339309692382812e+01
2.879619216918945312e+01
2.897773170471191406e+01
2.912727546691894531e+01
2.924409294128417969e+01
2.933042144775390625e+01
2.938329696655273438e+01
2.940495300292968750e+01
2.939317131042480469e+01
2.934944152832031250e+01
2.927303123474121094e+01
2.916468620300292969e+01
2.902292823791503906e+01
2.884850120544433594e+01
2.864068412780761719e+01
2.840171813964843750e+01
2.812939071655273438e+01
2.782446289062500000e+01
2.748694419860839844e+01
2.711685371398925781e+01
2.671420097351074219e+01
2.627899932861328125e+01
2.581126213073730469e+01
2.531174278259277344e+01
2.478119468688964844e+01
2.421740150451660156e+01
2.362185478210449219e+01
2.299530792236328125e+01
2.233777046203613281e+01
2.164924621582031250e+01
2.092900085449218750e+01
2.018001365661621094e+01
1.940005683898925781e+01
1.858987998962402344e+01
1.774948501586914062e+01
1.688110542297363281e+01
1.598325538635253906e+01
1.505593872070312500e+01
1.410063838958740234e+01
1.311735630035400391e+01
1.210608959197998047e+01
1.106758117675781250e+01
1.000108432769775391e+01
8.909565925598144531e+00
7.790795326232910156e+00
6.646995067596435547e+00
5.478158950805664062e+00
4.284651279449462891e+00
3.067133903503417969e+00
1.825003027915954590e+00
5.604049563407897949e-01
-7.276368141174316406e-01
-2.037537574768066406e+00
-3.369340181350708008e+00
-4.722282886505126953e+00
-6.095894813537597656e+00
-7.489520549774169922e+00
-8.902877807617187500e+00
-1.033531379699707031e+01
-1.178669738769531250e+01
-1.325511264801025391e+01
-1.474132156372070312e+01
-1.624385452270507812e+01
-1.776273345947265625e+01
-1.929721832275390625e+01
-2.084582901000976562e+01
-2.240782546997070312e+01
-2.398396301269531250e+01
-2.557275581359863281e+01
-2.717273139953613281e+01
-2.878463935852050781e+01
-3.040700149536132812e+01
-3.203908538818359375e+01
-3.367941665649414062e+01
-3.532949447631835938e+01
-3.698783874511718750e+01
-3.865224075317382812e+01
-4.032344818115234375e+01
-4.199999237060546875e+01
-4.368189239501953125e+01
-4.536841201782226562e+01
-4.705808639526367188e+01
-4.874944686889648438e+01
-5.044399261474609375e+01
-5.214025497436523438e+01
-5.383602523803710938e+01
-5.553206634521484375e+01
-5.722764205932617188e+01
-5.892055511474609375e+01
-6.061156845092773438e+01
-6.229994964599609375e+01
-6.398424911499023438e+01
-6.566446685791015625e+01
-6.733841705322265625e+01
-6.900759124755859375e+01
-7.067127990722656250e+01
-7.232726287841796875e+01
-7.397557830810546875e+01
-7.560732269287109375e+01
-7.723367309570312500e+01
-7.885242462158203125e+01
-8.045616149902343750e+01
-8.205234527587890625e+01
-8.363356781005859375e+01
-8.519985961914062500e+01
-8.675867462158203125e+01
-8.829517364501953125e+01
-8.981681060791015625e+01
-9.133847808837890625e+01
-9.283048248291015625e+01
-9.430770111083984375e+01
-9.576273345947265625e+01
-9.720304107666015625e+01
-9.862865447998046875e+01
-1.000247268676757812e+02
-1.014210205078125000e+02
-1.027804031372070312e+02
-1.041177673339843750e+02
-1.054405746459960938e+02
-1.067414321899414062e+02
-1.080054855346679688e+02
-1.092624969482421875e+02
-1.104902114868164062e+02
-1.116886520385742188e+02
-1.128726959228515625e+02
-1.140200881958007812e+02
-1.151457214355468750e+02
-1.162496337890625000e+02
-1.173243865966796875e+02
-1.183626098632812500e+02
-1.193866119384765625e+02
-1.203666915893554688e+02
-1.213326110839843750e+02
-1.222546463012695312e+02
-1.231477127075195312e+02
-1.240192565917968750e+02
-1.248618698120117188e+02
-1.256681442260742188e+02
-1.264381027221679688e+02
-1.271866302490234375e+02
-1.278989028930664062e+02
-1.285823516845703125e+02
-1.292295837402343750e+02
-1.298406219482421875e+02
-1.304154663085937500e+02
-1.309690246582031250e+02
-1.314715728759765625e+02
-1.319602966308593750e+02
-1.323980560302734375e+02
-1.328145904541015625e+02
-1.331802062988281250e+02
-1.335171966552734375e+02
-1.338255767822265625e+02
-1.340979461669921875e+02
-1.343268585205078125e+02
-1.345272216796875000e+02
-1.346841888427734375e+02
-1.348200225830078125e+02
-1.348976287841796875e+02
-1.349541473388671875e+02
-1.349747314453125000e+02
-1.349668121337890625e+02
-1.349155426025390625e+02
-1.348283691406250000e+02
-1.346978607177734375e+02
-1.345389099121093750e+02
-1.343366546630859375e+02
-1.341060028076171875e+02
-1.338394927978515625e+02
-1.335297546386718750e+02
-1.331841888427734375e+02
-1.328102569580078125e+02
-1.324005432128906250e+02
-1.319550476074218750e+02
-1.314737854003906250e+02
-1.309567565917968750e+02
-1.304113922119140625e+02
-1.298228607177734375e+02
-1.292059936523437500e+02
-1.285533905029296875e+02
-1.278576126098632812e+02
-1.271409530639648438e+02
-1.263885498046875000e+02
-1.256004180908203125e+02
-1.247690963745117188e+02
-1.239168853759765625e+02
-1.230363464355468750e+02
-1.221200790405273438e+02
-1.211754608154296875e+02
-1.201950683593750000e+02
-1.191789016723632812e+02
-1.181417999267578125e+02
-1.170689163208007812e+02
-1.159750747680664062e+02
-1.148602676391601562e+02
-1.137022018432617188e+02
-1.125157089233398438e+02
-1.113082199096679688e+02
-1.100499725341796875e+02
-1.087781372070312500e+02
-1.074852294921875000e+02
-1.061712417602539062e+02
-1.048212890625000000e+02
-1.034427871704101562e+02
-1.020505752563476562e+02
-1.006223297119140625e+02
-9.918032073974609375e+01
-9.770965576171875000e+01
-9.622518157958984375e+01
-9.471199035644531250e+01
-9.318492126464843750e+01
-9.163652801513671875e+01
-9.006675720214843750e+01
-8.848302459716796875e+01
-8.686302947998046875e+01
-8.524391174316406250e+01
-8.359597015380859375e+01
-8.193402862548828125e+01
-8.025810241699218750e+01
-7.856817626953125000e+01
-7.685681915283203125e+01
-7.513887786865234375e+01
-7.339947509765625000e+01
-7.164678955078125000e+01
-6.988525390625000000e+01
-6.811412048339843750e+01
-6.633114624023437500e+01
-6.453854370117187500e+01
-6.273630142211914062e+01
-6.092514038085937500e+01
-5.910580444335937500e+01
-5.727899551391601562e+01
-5.544470977783203125e+01
-5.360590362548828125e+01
-5.176106643676757812e+01
-4.991092300415039062e+01
-4.805619049072265625e+01
-4.619908523559570312e+01
-4.433884048461914062e+01
-4.247766113281250000e+01
-4.061478042602539062e+01
-3.875167083740234375e+01
-3.689052200317382812e+01
-3.502983856201171875e+01
-3.317107391357421875e+01
-3.131494712829589844e+01
-2.946143150329589844e+01
-2.761199188232421875e+01
-2.576659965515136719e+01
-2.392671585083007812e+01
-2.209230995178222656e+01
-2.026336097717285156e+01
-1.844206809997558594e+01
-1.662988853454589844e+01
-1.482382488250732422e+01
-1.302979469299316406e+01
-1.124405288696289062e+01
-9.469543457031250000e+00
-7.706761360168457031e+00
-5.955379962921142578e+00
-4.217303276062011719e+00
-2.491886615753173828e+00
-7.802099585533142090e-01
9.171552062034606934e-01
2.599853038787841797e+00
4.267180442810058594e+00
5.917765140533447266e+00
7.552613258361816406e+00
9.169906616210937500e+00
1.076894187927246094e+01
1.234975719451904297e+01
1.391313457489013672e+01
1.545614147186279297e+01
1.697881317138671875e+01
1.848193359375000000e+01
1.996331024169921875e+01
2.142372322082519531e+01
2.286097908020019531e+01
2.427585983276367188e+01
2.566765403747558594e+01
2.703639984130859375e+01
2.838138961791992188e+01
2.970191383361816406e+01
3.099726295471191406e+01
3.226821136474609375e+01
3.351331329345703125e+01
3.473184967041015625e+01
3.592533874511718750e+01
3.709233093261718750e+01
3.823136520385742188e+01
3.934321212768554688e+01
4.042790985107421875e+01
4.148473739624023438e+01
4.251223754882812500e+01
4.351117706298828125e+01
4.448009872436523438e+01
4.542125701904296875e+01
4.633170318603515625e+01
4.721220779418945312e+01
4.806278610229492188e+01
4.888272094726562500e+01
4.967203521728515625e+01
5.042926025390625000e+01
5.115663909912109375e+01
5.185346221923828125e+01
5.251824569702148438e+01
5.315101242065429688e+01
5.375400924682617188e+01
5.432427215576171875e+01
5.486330413818359375e+01
5.537037277221679688e+01
5.584475326538085938e+01
5.628793716430664062e+01
5.669844818115234375e+01
5.707705307006835938e+01
5.742304992675781250e+01
5.773645401000976562e+01
5.801729583740234375e+01
5.826559829711914062e+01
5.848139190673828125e+01
5.866543579101562500e+01
5.881626892089843750e+01
5.893613815307617188e+01
5.902283859252929688e+01
5.907786941528320312e+01
5.910050582885742188e+01
5.909224700927734375e+01
5.905237197875976562e+01
5.898014450073242188e+01
5.887779998779296875e+01
5.874312973022460938e+01
5.857762908935546875e+01
5.838056182861328125e+01
5.815266799926757812e+01
5.789471435546875000e+01
5.760668945312500000e+01
5.728785705566406250e+01
5.693896484375000000e+01
5.656150054931640625e+01
5.615397262573242188e+01
5.571712112426757812e+01
5.525243377685546875e+01
5.475841522216796875e+01
5.423655319213867188e+01
5.368683242797851562e+01
5.310999298095703125e+01
5.250676345825195312e+01
5.187490463256835938e+01
5.121738052368164062e+01
5.053342819213867188e+01
4.982378387451171875e+01
4.908842849731445312e+01
4.832808685302734375e+01
4.754273986816406250e+01
4.673311614990234375e+01
4.589992904663085938e+01
4.504242706298828125e+01
4.416206359863281250e+01
4.325881576538085938e+01
4.233415222167968750e+01
4.138729476928710938e+01
4.041970825195312500e+01
3.943061447143554688e+01
3.842148208618164062e+01
3.739302825927734375e+01
3.634449386596679688e+01
3.527734375000000000e+01
3.419155502319335938e+01
3.308710861206054688e+01
3.196620750427246094e+01
3.082734870910644531e+01
2.967199134826660156e+01
2.850233459472656250e+01
2.731612777709960938e+01
2.611557197570800781e+01
2.490063858032226562e+01
2.367278480529785156e+01
2.243123817443847656e+01
2.117745399475097656e+01
1.991140365600585938e+01
1.863379669189453125e+01
1.734608268737792969e+01
1.604674911499023438e+01
1.473798751831054688e+01
1.342050552368164062e+01
1.209352684020996094e+01
1.075775718688964844e+01
9.415390014648437500e+00
8.065645217895507812e+00
6.709969997406005859e+00
5.348178386688232422e+00
3.981569051742553711e+00
2.609953641891479492e+00
1.234035849571228027e+00
-1.451844722032546997e-01
-1.527647852897644043e+00
-2.912655830383300781e+00
-4.299800872802734375e+00
-5.688110351562500000e+00
-7.077700614929199219e+00
-8.467425346374511719e+00
-9.855990409851074219e+00
-1.124485206604003906e+01
-1.263204383850097656e+01
-1.401761341094970703e+01
-1.540086078643798828e+01
-1.678034210205078125e+01
-1.815684509277343750e+01
-1.952893066406250000e+01
-2.089738273620605469e+01
-2.225927734375000000e+01
-2.361614227294921875e+01
-2.496728134155273438e+01
-2.631050872802734375e+01
-2.764660835266113281e+01
-2.897562408447265625e+01
-3.029610443115234375e+01
-3.160660934448242188e+01
-3.290866470336914062e+01
-3.420082473754882812e+01
-3.548238372802734375e+01
-3.675338363647460938e+01
-3.801312255859375000e+01
-3.926089096069335938e+01
-4.049822616577148438e+01
-4.172143554687500000e+01
-4.293280029296875000e+01
-4.413012695312500000e+01
-4.531418991088867188e+01
-4.648428726196289062e+01
-4.763971328735351562e+01
-4.878049850463867188e+01
-4.990594482421875000e+01
-5.101608276367187500e+01
-5.211019897460937500e+01
-5.318536376953125000e+01
-5.424531936645507812e+01
-5.528490066528320312e+01
-5.630859375000000000e+01
-5.731420516967773438e+01
-5.830027770996093750e+01
-5.926906585693359375e+01
-6.021837234497070312e+01
-6.114674377441406250e+01
-6.205939865112304688e+01
-6.295116424560546875e+01
-6.382207489013671875e+01
-6.467363739013671875e+01
-6.550512695312500000e+01
-6.631581878662109375e+01
-6.710575103759765625e+01
-6.787121582031250000e+01
-6.861743164062500000e+01
-6.933923339843750000e+01
-7.004106903076171875e+01
-7.071852874755859375e+01
-7.137532043457031250e+01
-7.201145935058593750e+01
-7.261953735351562500e+01
-7.321441650390625000e+01
-7.378125762939453125e+01
-7.432006835937500000e+01
-7.483827972412109375e+01
-7.533590698242187500e+01
-7.580554962158203125e+01
-7.625466156005859375e+01
-7.668326568603515625e+01
-7.708396148681640625e+01
-7.746419525146484375e+01
-7.781657409667968750e+01
-7.814853668212890625e+01
-7.845266723632812500e+01
-7.873643493652343750e+01
-7.899241638183593750e+01
-7.922805786132812500e+01
-7.943593597412109375e+01
-7.963094329833984375e+01
-7.979821777343750000e+01
-7.993777465820312500e+01
-8.004961395263671875e+01
-8.014118957519531250e+01
-8.021993255615234375e+01
-8.027098846435546875e+01
-8.029436492919921875e+01
-8.029005432128906250e+01
-8.026549530029296875e+01
-8.022069549560546875e+01
-8.015564727783203125e+01
-8.006291961669921875e+01
-7.995735931396484375e+01
-7.980925750732421875e+01
-7.965575408935546875e+01
-7.948197174072265625e+01
-7.928047943115234375e+01
-7.905870056152343750e+01
-7.881661224365234375e+01
-7.855422210693359375e+01
-7.826406097412109375e+01
-7.796841430664062500e+01
-7.763011932373046875e+01
-7.728631591796875000e+01
-7.691467285156250000e+01
-7.653747558593750000e+01
-7.612497711181640625e+01
-7.569944763183593750e+01
-7.525344085693359375e+01
-7.479434204101562500e+01
-7.432214355468750000e+01
-7.382194519042968750e+01
-7.330113983154296875e+01
-7.276715087890625000e+01
-7.221994018554687500e+01
-7.165203094482421875e+01
-7.106860351562500000e+01
-7.046741485595703125e+01
-6.985141754150390625e+01
-6.921910858154296875e+01
-6.857270050048828125e+01
-6.791069793701171875e+01
-6.723455810546875000e+01
-6.654499816894531250e+01
-6.584126281738281250e+01
-6.512480926513671875e+01
-6.439488220214843750e+01
-6.365367507934570312e+01
-6.289894485473632812e+01
-6.213362503051757812e+01
-6.135768890380859375e+01
-6.057037734985351562e+01
-5.977313995361328125e+01
-5.896445465087890625e+01
-5.814727401733398438e+01
-5.732081985473632812e+01
-5.648432159423828125e+01
-5.564070892333984375e+01
-5.478921508789062500e+01
-5.392979431152343750e+01
-5.306241989135742188e+01
-5.218928527832031250e+01
-5.130961227416992188e+01
-5.042485046386718750e+01
-4.953347396850585938e+01
-4.863767242431640625e+01
-4.773815536499023438e+01
-4.683339691162109375e+01
-4.592558670043945312e+01
-4.501394271850585938e+01
-4.409916687011718750e+01
-4.318344879150390625e+01
-4.226377868652343750e+01
-4.134382629394531250e+01
-4.042132949829101562e+01
-3.949920654296875000e+01
-3.857593917846679688e+01
-3.765297317504882812e+01
-3.673100280761718750e+01
-3.580998992919921875e+01
-3.488989639282226562e+01
-3.397141647338867188e+01
-3.305525588989257812e+01
-3.214136886596679688e+01
-3.123120307922363281e+01
-3.032397079467773438e+01
-2.942037582397460938e+01
-2.852111053466796875e+01
-2.762687492370605469e+01
-2.673613357543945312e+01
-2.585106849670410156e+01
-2.497237968444824219e+01
-2.409853363037109375e+01
-2.323171424865722656e+01
-2.237113189697265625e+01
-2.151897048950195312e+01
-2.067295837402343750e+01
-1.983527565002441406e+01
-1.900588226318359375e+01
-1.818473434448242188e+01
-1.737178611755371094e+01
-1.656848335266113281e+01
-1.577478313446044922e+01
-1.498989963531494141e+01
-1.421676445007324219e+01
-1.345236682891845703e+01
-1.269963550567626953e+01
-1.195778942108154297e+01
-1.122679042816162109e+01
-1.050771427154541016e+01
-9.800449371337890625e+00
-9.105701446533203125e+00
-8.422989845275878906e+00
-7.752945899963378906e+00
-7.095760822296142578e+00
-6.451696395874023438e+00
-5.821017265319824219e+00
-5.203988552093505859e+00
-4.600727558135986328e+00
-4.011598110198974609e+00
-3.436652421951293945e+00
-2.876300334930419922e+00
-2.330640554428100586e+00
-1.800018310546875000e+00
-1.284333229064941406e+00
-7.840068936347961426e-01
-2.989413440227508545e-01
1.704401671886444092e-01
6.241591572761535645e-01
1.062161803245544434e+00
1.484170079231262207e+00
1.889756441116333008e+00
2.279235363006591797e+00
2.651210546493530273e+00
3.007926702499389648e+00
3.347836732864379883e+00
3.670212984085083008e+00
3.976570129394531250e+00
4.265450954437255859e+00
4.537627220153808594e+00
4.792383670806884766e+00
5.030489444732666016e+00
5.250482559204101562e+00
5.454616546630859375e+00
5.641427040100097656e+00
5.810192108154296875e+00
5.961675167083740234e+00
6.096637248992919922e+00
6.215095520019531250e+00
6.315580368041992188e+00
6.398848056793212891e+00
6.464913368225097656e+00
6.514530181884765625e+00
6.546223640441894531e+00
6.562232017517089844e+00
6.560334205627441406e+00
6.542022705078125000e+00
6.505816936492919922e+00
6.454693317413330078e+00
6.384938716888427734e+00
6.298784255981445312e+00
6.196972846984863281e+00
6.078016757965087891e+00
5.943399906158447266e+00
5.791632175445556641e+00
5.624937534332275391e+00
5.441823482513427734e+00
5.243768692016601562e+00
5.028533458709716797e+00
4.799080848693847656e+00
4.553913593292236328e+00
4.293760299682617188e+00
4.017864704132080078e+00
3.726954221725463867e+00
3.421012401580810547e+00
3.101506948471069336e+00
2.766932964324951172e+00
2.419499158859252930e+00
2.055988788604736328e+00
1.680169105529785156e+00
1.290380835533142090e+00
8.883084058761596680e-01
4.723647832870483398e-01
4.319156706333160400e-02
-3.983481824398040771e-01
-8.524327278137207031e-01
-1.318941593170166016e+00
-1.797671556472778320e+00
-2.287971973419189453e+00
-2.789787530899047852e+00
-3.302989721298217773e+00
-3.826983690261840820e+00
-4.361746311187744141e+00
-4.906885147094726562e+00
-5.462156772613525391e+00
-6.027207374572753906e+00
-6.601854801177978516e+00
-7.185606002807617188e+00
-7.778490066528320312e+00
-8.380236625671386719e+00
-8.990356445312500000e+00
-9.608433723449707031e+00
-1.023449993133544922e+01
-1.086821460723876953e+01
-1.150879573822021484e+01
-1.215716552734375000e+01
-1.281172657012939453e+01
-1.347251224517822266e+01
-1.413955974578857422e+01
-1.481216049194335938e+01
-1.548960781097412109e+01
-1.617268753051757812e+01
-1.685994720458984375e+01
-1.755216789245605469e+01
-1.824790573120117188e+01
-1.894868850708007812e+01
-1.965158081054687500e+01
-2.035811233520507812e+01
-2.106757736206054688e+01
-2.178002166748046875e+01
-2.249400138854980469e+01
-2.321030044555664062e+01
-2.392747497558593750e+01
-2.464705657958984375e+01
-2.536611747741699219e+01
-2.608692550659179688e+01
-2.680804443359375000e+01
-2.752951622009277344e+01
-2.825138473510742188e+01
-2.896997833251953125e+01
-2.968980216979980469e+01
-3.040644454956054688e+01
-3.112291717529296875e+01
-3.183703994750976562e+01
-3.254959869384765625e+01
-3.325915527343750000e+01
-3.396575546264648438e+01
-3.466869735717773438e+01
-3.536952209472656250e+01
-3.606604003906250000e+01
-3.675979232788085938e+01
-3.744785308837890625e+01
-3.813100814819335938e+01
-3.881153488159179688e+01
-3.948501968383789062e+01
-4.015448760986328125e+01
-4.081774902343750000e+01
-4.147485351562500000e+01
-4.212658691406250000e+01
-4.277076339721679688e+01
-4.340891647338867188e+01
-4.403960037231445312e+01
-4.466361236572265625e+01
-4.527949523925781250e+01
-4.588878631591796875e+01
-4.648929595947265625e+01
-4.708255004882812500e+01
-4.766636657714843750e+01
-4.824151992797851562e+01
-4.880879974365234375e+01
-4.936601638793945312e+01
-4.991468811035156250e+01
-5.045411682128906250e+01
-5.098210525512695312e+01
-5.150166320800781250e+01
-5.201059722900390625e+01
-5.250894165039062500e+01
-5.299747848510742188e+01
-5.347400283813476562e+01
-5.394078063964843750e+01
-5.439635848999023438e+01
-5.483928298950195312e+01
-5.527180480957031250e+01
-5.569247436523437500e+01
-5.610205459594726562e+01
-5.650058364868164062e+01
-5.688585281372070312e+01
-5.725936889648437500e+01
-5.762042236328125000e+01
-5.796902465820312500e+01
-5.830446624755859375e+01
-5.862899398803710938e+01
-5.893965148925781250e+01
-5.923720550537109375e+01
-5.952167129516601562e+01
-5.979306411743164062e+01
-6.005140304565429688e+01
-6.029597473144531250e+01
-6.052755355834960938e+01
-6.074616241455078125e+01
-6.095109176635742188e+01
-6.114384078979492188e+01
-6.132147979736328125e+01
-6.148401260375976562e+01
-6.163519287109375000e+01
-6.177132034301757812e+01
-6.189464187622070312e+01
-6.200294494628906250e+01
-6.209996795654296875e+01
-6.218127059936523438e+01
-6.224834060668945312e+01
-6.230343627929687500e+01
-6.234434127807617188e+01
-6.237104797363281250e+01
-6.238358688354492188e+01
-6.238344573974609375e+01
-6.236914062500000000e+01
-6.234143447875976562e+01
-6.230031585693359375e+01
-6.224505996704101562e+01
-6.217714309692382812e+01
-6.209509277343750000e+01
-6.200038528442382812e+01
-6.189228057861328125e+01
-6.177077865600585938e+01
-6.163660812377929688e+01
-6.148830032348632812e+01
-6.132656478881835938e+01
-6.115290451049804688e+01
-6.096580505371093750e+01
-6.076601028442382812e+01
-6.055350875854492188e+01
-6.032829284667968750e+01
-6.009107971191406250e+01
-5.984037780761718750e+01
-5.957913970947265625e+01
-5.930512237548828125e+01
-5.901904678344726562e+01
-5.872089385986328125e+01
-5.841213226318359375e+01
-5.809050750732421875e+01
-5.775897598266601562e+01
-5.741527557373046875e+01
-5.706013107299804688e+01
-5.669425582885742188e+01
-5.631762313842773438e+01
-5.593020629882812500e+01
-5.553273391723632812e+01
-5.512444305419921875e+01
-5.470606231689453125e+01
-5.427756881713867188e+01
-5.384043121337890625e+01
-5.339314651489257812e+01
-5.293642807006835938e+01
-5.247026443481445312e+01
-5.199611663818359375e+01
-5.151246643066406250e+01
-5.102003860473632812e+01
-5.051954650878906250e+01
-5.001022338867187500e+01
-4.949352264404296875e+01
-4.896942520141601562e+01
-4.843863677978515625e+01
-4.789889526367187500e+01
-4.735314941406250000e+01
-4.680062484741210938e+01
-4.624128341674804688e+01
-4.567583847045898438e+01
-4.510425567626953125e+01
-4.452650070190429688e+01
-4.394328308105468750e+01
-4.335456085205078125e+01
-4.276030349731445312e+01
-4.216195678710937500e+01
-4.155725860595703125e+01
-4.094988250732421875e+01
-4.033681488037109375e+01
-3.972025299072265625e+01
-3.909941101074218750e+01
-3.847499084472656250e+01
-3.784769439697265625e+01
-3.721822738647460938e+01
-3.658432006835937500e+01
-3.594963836669921875e+01
-3.531043243408203125e+01
-3.467037582397460938e+01
-3.402942276000976562e+01
-3.338604354858398438e+01
-3.274020004272460938e+01
-3.209407424926757812e+01
-3.144762229919433594e+01
-3.079931640625000000e+01
-3.014911270141601562e+01
-2.950142860412597656e+01
-2.885250091552734375e+01
-2.820377159118652344e+01
-2.755668449401855469e+01
-2.691119575500488281e+01
-2.626503372192382812e+01
-2.561963653564453125e+01
-2.497644805908203125e+01
-2.433616447448730469e+01
-2.369651794433593750e+01
-2.305894660949707031e+01
-2.242266464233398438e+01
-2.178985786437988281e+01
-2.116048431396484375e+01
-2.053375625610351562e+01
-1.990962982177734375e+01
-1.928880882263183594e+01
-1.867198944091796875e+01
-1.805838966369628906e+01
-1.744945335388183594e+01
-1.684439659118652344e+01
-1.624392318725585938e+01
-1.564724254608154297e+01
-1.505655288696289062e+01
-1.447032070159912109e+01
-1.388999843597412109e+01
-1.331405830383300781e+01
-1.274394893646240234e+01
-1.218037605285644531e+01
-1.162181663513183594e+01
-1.106971931457519531e+01
-1.052427196502685547e+01
-9.984992980957031250e+00
-9.452293395996093750e+00
-8.926362991333007812e+00
-8.407464981079101562e+00
-7.895640373229980469e+00
-7.391156673431396484e+00
-6.893906116485595703e+00
-6.404304504394531250e+00
-5.922323226928710938e+00
-5.448304176330566406e+00
-4.982189655303955078e+00
-4.524287700653076172e+00
-4.074585914611816406e+00
-3.633310794830322266e+00
-3.200558185577392578e+00
-2.776429414749145508e+00
-2.360976696014404297e+00
-1.954400300979614258e+00
-1.556828618049621582e+00
-1.168241262435913086e+00
-7.888420224189758301e-01
-4.185361862182617188e-01
-5.781509727239608765e-02
2.935001850128173828e-01
6.355132460594177246e-01
9.678807258605957031e-01
1.290704131126403809e+00
1.603935360908508301e+00
1.907227873802185059e+00
2.200754404067993164e+00
2.484240293502807617e+00
2.758451461791992188e+00
3.021178483963012695e+00
3.275413990020751953e+00
3.518947124481201172e+00
3.753281593322753906e+00
3.976204395294189453e+00
4.189960479736328125e+00
4.394563674926757812e+00
4.587054729461669922e+00
4.770418167114257812e+00
4.943921566009521484e+00
5.106831550598144531e+00
5.259899616241455078e+00
5.402390480041503906e+00
5.535053253173828125e+00
5.657893180847167969e+00
5.769428253173828125e+00
5.871890068054199219e+00
5.964538574218750000e+00
6.046629905700683594e+00
6.118164539337158203e+00
6.180626869201660156e+00
6.234014034271240234e+00
6.275350570678710938e+00
6.308345794677734375e+00
6.330766201019287109e+00
6.343346118927001953e+00
6.346821308135986328e+00
6.340439319610595703e+00
6.324933052062988281e+00
6.298804759979248047e+00
6.264271259307861328e+00
6.219089508056640625e+00
6.165474414825439453e+00
6.102667808532714844e+00
6.029909133911132812e+00
5.948667526245117188e+00
5.858180999755859375e+00
5.759173393249511719e+00
5.650880336761474609e+00
5.533281803131103516e+00
5.407852172851562500e+00
5.274578094482421875e+00
5.131960868835449219e+00
4.981472492218017578e+00
4.822354316711425781e+00
4.655333995819091797e+00
4.481137752532958984e+00
4.298261642456054688e+00
4.107430458068847656e+00
3.909367322921752930e+00
3.703309059143066406e+00
3.490720748901367188e+00
3.270837545394897461e+00
3.043636322021484375e+00
2.810579776763916016e+00
2.569414138793945312e+00
2.322195529937744141e+00
2.068451404571533203e+00
1.808527469635009766e+00
1.542990207672119141e+00
1.270623207092285156e+00
9.925864338874816895e-01
7.087762355804443359e-01
4.194599092006683350e-01
1.246809810400009155e-01
-1.753688156604766846e-01
-4.804241359233856201e-01
-7.904431223869323730e-01
-1.105235815048217773e+00
-1.424612879753112793e+00
-1.748459935188293457e+00
-2.076588153839111328e+00
-2.408958673477172852e+00
-2.745235681533813477e+00
-3.085268974304199219e+00
-3.429147005081176758e+00
-3.776527404785156250e+00
-4.127210617065429688e+00
-4.481061458587646484e+00
-4.837904453277587891e+00
-5.197501182556152344e+00
-5.559965133666992188e+00
-5.924889087677001953e+00
-6.291940689086914062e+00
-6.661233425140380859e+00
-7.032508850097656250e+00
-7.405436992645263672e+00
-7.780129909515380859e+00
-8.156331062316894531e+00
-8.533783912658691406e+00
-8.912304878234863281e+00
-9.292080879211425781e+00
-9.673002243041992188e+00
-1.005384731292724609e+01
-1.043599224090576172e+01
-1.081873226165771484e+01
-1.120062255859375000e+01
-1.158318710327148438e+01
-1.196572208404541016e+01
-1.234752464294433594e+01
-1.272937774658203125e+01
-1.311057472229003906e+01
-1.349115562438964844e+01
-1.387041664123535156e+01
-1.424839591979980469e+01
-1.462513065338134766e+01
-1.500065898895263672e+01
-1.537502098083496094e+01
-1.574750614166259766e+01
-1.611815643310546875e+01
-1.648700523376464844e+01
-1.685409164428710938e+01
-1.721796417236328125e+01
-1.758014488220214844e+01
-1.793992614746093750e+01
-1.829659843444824219e+01
-1.865093994140625000e+01
-1.900150108337402344e+01
-1.934979820251464844e+01
-1.969437980651855469e+01
-2.003602218627929688e+01
-2.037401199340820312e+01
-2.070838165283203125e+01
-2.103916358947753906e+01
-2.136564636230468750e+01
-2.168934059143066406e+01
-2.200805091857910156e+01
-2.232254791259765625e+01
-2.263360214233398438e+01
-2.293975639343261719e+01
-2.324029159545898438e+01
-2.353746223449707031e+01
-2.383130073547363281e+01
-2.411885261535644531e+01
-2.440163230895996094e+01
-2.467817306518554688e+01
-2.495147323608398438e+01
-2.521932411193847656e+01
-2.548100280761718750e+01
-2.573875999450683594e+01
-2.598965454101562500e+01
-2.623445510864257812e+01
-2.647615814208984375e+01
-2.670959472656250000e+01
-2.693849945068359375e+01
-2.716141319274902344e+01
-2.737910461425781250e+01
-2.759011077880859375e+01
-2.779519462585449219e+01
-2.799511909484863281e+01
-2.818916702270507812e+01
-2.837586784362792969e+01
-2.855672836303710938e+01
-2.873176002502441406e+01
-2.890173339843750000e+01
-2.906368446350097656e+01
-2.922060585021972656e+01
-2.937027549743652344e+01
-2.951345825195312500e+01
-2.965164566040039062e+01
-2.978262329101562500e+01
-2.990714454650878906e+01
-3.002521514892578125e+01
-3.013685035705566406e+01
-3.024205207824707031e+01
-3.034082984924316406e+01
-3.043318939208984375e+01
-3.051913261413574219e+01
-3.059792137145996094e+01
-3.067030525207519531e+01
-3.073776817321777344e+01
-3.079734039306640625e+01
-3.085125160217285156e+01
-3.089875411987304688e+01
-3.093836402893066406e+01
-3.097230529785156250e+01
-3.100057601928710938e+01
-3.102093696594238281e+01
-3.103561592102050781e+01
-3.104460716247558594e+01
-3.104641532897949219e+01
-3.104177474975585938e+01
-3.103216171264648438e+01
-3.101459121704101562e+01
-3.099202919006347656e+01
-3.096297264099121094e+01
-3.092815208435058594e+01
-3.088606834411621094e+01
-3.083893775939941406e+01
-3.078525352478027344e+01
-3.072575759887695312e+01
-3.066118049621582031e+01
-3.059002876281738281e+01
-3.051304244995117188e+01
-3.043020439147949219e+01
-3.034299468994140625e+01
-3.024916839599609375e+01
-3.015020561218261719e+01
-3.004534339904785156e+01
-2.993457221984863281e+01
-2.981936264038085938e+01
-2.969895553588867188e+01
-2.957259559631347656e+01
-2.944248771667480469e+01
-2.930639266967773438e+01
-2.916577529907226562e+01
-2.902061653137207031e+01
-2.887015151977539062e+01
-2.871585083007812500e+01
-2.855620193481445312e+01
-2.839267921447753906e+01
-2.822450447082519531e+01
-2.805240631103515625e+01
-2.787561798095703125e+01
-2.769559669494628906e+01
-2.751083755493164062e+01
-2.732279777526855469e+01
-2.713071060180664062e+01
-2.693380928039550781e+01
-2.673503303527832031e+01
-2.653138923645019531e+01
-2.632507324218750000e+01
-2.611531829833984375e+01
-2.590135002136230469e+01
-2.568611526489257812e+01
-2.546660995483398438e+01
-2.524428939819335938e+01
-2.501987075805664062e+01
-2.479257583618164062e+01
-2.456163215637207031e+01
-2.432998275756835938e+01
-2.409462165832519531e+01
-2.385774803161621094e+01
-2.361858367919921875e+01
-2.337709808349609375e+01
-2.313400268554687500e+01
-2.288926315307617188e+01
-2.264135932922363281e+01
-2.239323234558105469e+01
-2.214410400390625000e+01
-2.189171600341796875e+01
-2.163974571228027344e+01
-2.138593673706054688e+01
-2.113099861145019531e+01
-2.087490081787109375e+01
-2.061834907531738281e+01
-2.036131477355957031e+01
-2.010376548767089844e+01
-1.984492111206054688e+01
-1.958624076843261719e+01
-1.932694435119628906e+01
-1.906700134277343750e+01
-1.880786514282226562e+01
-1.854801559448242188e+01
-1.828890800476074219e+01
-1.802902412414550781e+01
-1.776981544494628906e+01
-1.751199340820312500e+01
-1.725329780578613281e+01
-1.699592590332031250e+01
-1.673984718322753906e+01
-1.648279762268066406e+01
-1.622846221923828125e+01
-1.597458267211914062e+01
-1.572112655639648438e+01
-1.547029399871826172e+01
-1.521982383728027344e+01
-1.497117233276367188e+01
-1.472356796264648438e+01
-1.447772312164306641e+01
-1.423361015319824219e+01
-1.399119949340820312e+01
-1.374972057342529297e+01
-1.351137638092041016e+01
-1.327465057373046875e+01
-1.303951740264892578e+01
-1.280817985534667969e+01
-1.257763957977294922e+01
-1.235009956359863281e+01
-1.212553691864013672e+01
-1.190243911743164062e+01
-1.168226909637451172e+01
-1.146500301361083984e+01
-1.125061798095703125e+01
-1.103834915161132812e+01
-1.082966041564941406e+01
-1.062304496765136719e+01
-1.041996765136718750e+01
-1.022040939331054688e+01
-1.002330780029296875e+01
-9.829829216003417969e+00
-9.640095710754394531e+00
-9.452670097351074219e+00
-9.269091606140136719e+00
-9.088889122009277344e+00
-8.912263870239257812e+00
-8.738970756530761719e+00
-8.569358825683593750e+00
-8.403409004211425781e+00
-8.241025924682617188e+00
-8.082489967346191406e+00
-7.927631378173828125e+00
-7.776582241058349609e+00
-7.629324913024902344e+00
-7.486065864562988281e+00
-7.346492767333984375e+00
-7.210886955261230469e+00
-7.079309463500976562e+00
-6.951671123504638672e+00
-6.828034877777099609e+00
-6.708461761474609375e+00
-6.592941761016845703e+00
-6.481388092041015625e+00
-6.374089717864990234e+00
-6.270813941955566406e+00
-6.171626091003417969e+00
-6.076667785644531250e+00
-5.985783100128173828e+00
-5.899040699005126953e+00
-5.816508293151855469e+00
-5.738183021545410156e+00
-5.663910388946533203e+00
-5.594060420989990234e+00
-5.528109073638916016e+00
-5.466576099395751953e+00
-5.409162521362304688e+00
-5.356016635894775391e+00
-5.306991577148437500e+00
-5.262236118316650391e+00
-5.221604824066162109e+00
-5.185174465179443359e+00
-5.152947902679443359e+00
-5.124782562255859375e+00
-5.100831031799316406e+00
-5.080876350402832031e+00
-5.065223217010498047e+00
-5.053506851196289062e+00
-5.045884132385253906e+00
-5.042290210723876953e+00
-5.042733192443847656e+00
-5.047217369079589844e+00
-5.055597305297851562e+00
-5.068025588989257812e+00
-5.084285259246826172e+00
-5.104306697845458984e+00
-5.128245830535888672e+00
-5.155960559844970703e+00
-5.187533378601074219e+00
-5.222675800323486328e+00
-5.261619091033935547e+00
-5.304077148437500000e+00
-5.350060462951660156e+00
-5.399653911590576172e+00
-5.452721595764160156e+00
-5.509275436401367188e+00
-5.569032669067382812e+00
-5.632303237915039062e+00
-5.698730945587158203e+00
-5.768553256988525391e+00
-5.841414451599121094e+00
-5.917554855346679688e+00
-5.996693134307861328e+00
-6.078921318054199219e+00
-6.164108753204345703e+00
-6.252125740051269531e+00
-6.343065738677978516e+00
-6.436799526214599609e+00
-6.533123970031738281e+00
-6.632283210754394531e+00
-6.733926296234130859e+00
-6.838074684143066406e+00
-6.944750785827636719e+00
-7.053828239440917969e+00
-7.165330410003662109e+00
-7.278981685638427734e+00
-7.395029544830322266e+00
-7.513126373291015625e+00
-7.633370876312255859e+00
-7.755712985992431641e+00
-7.879880428314208984e+00
-8.006120681762695312e+00
-8.134016036987304688e+00
-8.263588905334472656e+00
-8.394941329956054688e+00
-8.527950286865234375e+00
-8.662495613098144531e+00
-8.798675537109375000e+00
-8.936147689819335938e+00
-9.075087547302246094e+00
-9.215445518493652344e+00
-9.356953620910644531e+00
-9.499336242675781250e+00
-9.642325401306152344e+00
-9.787134170532226562e+00
-9.933045387268066406e+00
-1.007859897613525391e+01
-1.022604942321777344e+01
-1.037319660186767578e+01
-1.052154922485351562e+01
-1.067113590240478516e+01
-1.081975269317626953e+01
-1.096891307830810547e+01
-1.111864280700683594e+01
-1.126896858215332031e+01
-1.141917419433593750e+01
-1.157002830505371094e+01
-1.172081565856933594e+01
-1.187156105041503906e+01
-1.202229118347167969e+01
-1.217229080200195312e+01
-1.232232761383056641e+01
-1.247168540954589844e+01
-1.262113380432128906e+01
-1.277069759368896484e+01
-1.291891765594482422e+01
-1.306804943084716797e+01
-1.321365833282470703e+01
-1.336097335815429688e+01
-1.350630283355712891e+01
-1.365116024017333984e+01
-1.379482460021972656e+01
-1.393806648254394531e+01
-1.408016777038574219e+01
-1.422115135192871094e+01
-1.436104011535644531e+01
-1.449911785125732422e+01
-1.463614940643310547e+01
-1.477215957641601562e+01
-1.490717124938964844e+01
-1.503972148895263672e+01
-1.517131710052490234e+01
-1.530198097229003906e+01
-1.543025016784667969e+01
-1.555614566802978516e+01
-1.568191719055175781e+01
-1.580461502075195312e+01
-1.592648506164550781e+01
-1.604532241821289062e+01
-1.616337394714355469e+01
-1.627842712402343750e+01
-1.639199638366699219e+01
-1.650335693359375000e+01
-1.661253166198730469e+01
-1.672028541564941406e+01
-1.682515144348144531e+01
-1.692789649963378906e+01
-1.702853584289550781e+01
-1.712709236145019531e+01
-1.722358322143554688e+01
-1.731728744506835938e+01
-1.740821647644042969e+01
-1.749639320373535156e+01
-1.758257293701171875e+01
-1.766603088378906250e+01
-1.774752426147460938e+01
-1.782632637023925781e+01
-1.790245056152343750e+01
-1.797591018676757812e+01
-1.804671859741210938e+01
-1.811488723754882812e+01
-1.817968559265136719e+01
-1.824261283874511719e+01
-1.830293273925781250e+01
-1.836065864562988281e+01
-1.841505241394042969e+01
-1.846687126159667969e+01
-1.851537704467773438e+01
-1.856131744384765625e+01
-1.860470581054687500e+01
-1.864480018615722656e+01
-1.868235015869140625e+01
-1.871736335754394531e+01
-1.874909591674804688e+01
-1.877830123901367188e+01
-1.880423355102539062e+01
-1.882763862609863281e+01
-1.884778022766113281e+01
-1.886391067504882812e+01
-1.887900733947753906e+01
-1.889009666442871094e+01
-1.889866447448730469e+01
-1.890396499633789062e+01
-1.890674209594726562e+01
-1.890699195861816406e+01
-1.890396881103515625e+01
-1.889692687988281250e+01
-1.888734626770019531e+01
-1.887596893310546875e+01
-1.886055755615234375e+01
-1.884259796142578125e+01
-1.882208442687988281e+01
-1.879827499389648438e+01
-1.877191352844238281e+01
-1.874225616455078125e+01
-1.871078491210937500e+01
-1.867527008056640625e+01
-1.863793754577636719e+01
-1.859655189514160156e+01
-1.855334281921386719e+01
-1.850756072998046875e+01
-1.845919990539550781e+01
-1.840825462341308594e+01
-1.835323524475097656e+01
-1.829784584045410156e+01
-1.823836898803710938e+01
-1.817702102661132812e+01
-1.811305427551269531e+01
-1.804497528076171875e+01
-1.797648429870605469e+01
-1.790460395812988281e+01
-1.783080673217773438e+01
-1.775434303283691406e+01
-1.767593955993652344e+01
-1.759484481811523438e+01
-1.751178932189941406e+01
-1.742601394653320312e+01
-1.733825111389160156e+01
-1.724848747253417969e+01
-1.715670585632324219e+01
-1.706289482116699219e+01
-1.696703529357910156e+01
-1.686911392211914062e+01
-1.676911163330078125e+01
-1.666701698303222656e+01
-1.656354904174804688e+01
-1.645795059204101562e+01
-1.635094833374023438e+01
-1.624103546142578125e+01
-1.613042259216308594e+01
-1.601760482788085938e+01
-1.590404510498046875e+01
-1.578750038146972656e+01
-1.567017555236816406e+01
-1.555130672454833984e+01
-1.543161678314208984e+01
-1.531034183502197266e+01
-1.518671703338623047e+01
-1.506294822692871094e+01
-1.493678474426269531e+01
-1.481043624877929688e+01
-1.468239212036132812e+01
-1.455263423919677734e+01
-1.442262649536132812e+01
-1.429160594940185547e+01
-1.415955352783203125e+01
-1.402570056915283203e+01
-1.389225864410400391e+01
-1.375697708129882812e+01
-1.362057495117187500e+01
-1.348377609252929688e+01
-1.334655857086181641e+01
-1.320815753936767578e+01
-1.306929397583007812e+01
-1.292994689941406250e+01
-1.279083633422851562e+01
-1.265045642852783203e+01
-1.251027107238769531e+01
-1.236877346038818359e+01
-1.222816944122314453e+01
-1.208695220947265625e+01
-1.194510078430175781e+01
-1.180333709716796875e+01
-1.166164016723632812e+01
-1.151924610137939453e+01
-1.137687587738037109e+01
-1.123525238037109375e+01
-1.109286880493164062e+01
-1.095119094848632812e+01
-1.080871295928955078e+01
-1.066764259338378906e+01
-1.052573108673095703e+01
-1.038593101501464844e+01
-1.024524974822998047e+01
-1.010441112518310547e+01
-9.964139938354492188e+00
-9.825158119201660156e+00
-9.686703681945800781e+00
-9.548015594482421875e+00
-9.410561561584472656e+00
-9.273578643798828125e+00
-9.137793540954589844e+00
-9.000956535339355469e+00
-8.866022109985351562e+00
-8.732232093811035156e+00
-8.599714279174804688e+00
-8.467486381530761719e+00
-8.336721420288085938e+00
-8.205839157104492188e+00
-8.077129364013671875e+00
-7.949086189270019531e+00
-7.822062969207763672e+00
-7.696264743804931641e+00
-7.571597576141357422e+00
-7.448116779327392578e+00
-7.325877666473388672e+00
-7.204937934875488281e+00
-7.085278034210205078e+00
-6.966880798339843750e+00
-6.849877357482910156e+00
-6.734251499176025391e+00
-6.619985103607177734e+00
-6.507285118103027344e+00
-6.395987033843994141e+00
-6.286149501800537109e+00
-6.177830219268798828e+00
-6.071238040924072266e+00
-5.965985774993896484e+00
-5.862430572509765625e+00
-5.760410785675048828e+00
-5.660134792327880859e+00
-5.561441421508789062e+00
-5.464466094970703125e+00
-5.369122028350830078e+00
-5.275472640991210938e+00
-5.183579444885253906e+00
-5.093507289886474609e+00
-5.005096435546875000e+00
-4.918485641479492188e+00
-4.833665370941162109e+00
-4.750701904296875000e+00
-4.669437408447265625e+00
-4.590162277221679688e+00
-4.512720108032226562e+00
-4.436955928802490234e+00
-4.363309860229492188e+00
-4.291403770446777344e+00
-4.221457004547119141e+00
-4.153390407562255859e+00
-4.087200641632080078e+00
-4.023032188415527344e+00
-3.960735321044921875e+00
-3.900455474853515625e+00
-3.841969013214111328e+00
-3.785646200180053711e+00
-3.731145381927490234e+00
-3.678660154342651367e+00
-3.628168821334838867e+00
-3.579621315002441406e+00
-3.533063888549804688e+00
-3.488498449325561523e+00
-3.445894241333007812e+00
-3.405295610427856445e+00
-3.366672039031982422e+00
-3.330015897750854492e+00
-3.295313596725463867e+00
-3.262580156326293945e+00
-3.231795787811279297e+00
-3.202954292297363281e+00
-3.176050662994384766e+00
-3.151074647903442383e+00
-3.128027915954589844e+00
-3.106893062591552734e+00
-3.087663888931274414e+00
-3.070333480834960938e+00
-3.054896831512451172e+00
-3.041342258453369141e+00
-3.029656887054443359e+00
-3.019821405410766602e+00
-3.011819839477539062e+00
-3.005635738372802734e+00
-3.001255512237548828e+00
-2.998662471771240234e+00
-2.997837543487548828e+00
-2.998768568038940430e+00
-3.001435279846191406e+00
-3.005818128585815430e+00
-3.011903762817382812e+00
-3.019675731658935547e+00
-3.029112339019775391e+00
-3.040199995040893555e+00
-3.052918672561645508e+00
-3.067218065261840820e+00
-3.083107948303222656e+00
-3.100547075271606445e+00
-3.119508028030395508e+00
-3.139979362487792969e+00
-3.161919593811035156e+00
-3.185318231582641602e+00
-3.210141420364379883e+00
-3.236379384994506836e+00
-3.264006614685058594e+00
-3.292990922927856445e+00
-3.323315382003784180e+00
-3.355007410049438477e+00
-3.387932300567626953e+00
-3.422081232070922852e+00
-3.457468032836914062e+00
-3.494106769561767578e+00
-3.531937837600708008e+00
-3.570827722549438477e+00
-3.611086368560791016e+00
-3.652132987976074219e+00
-3.694352865219116211e+00
-3.737536430358886719e+00
-3.781772375106811523e+00
-3.826853036880493164e+00
-3.872792720794677734e+00
-3.919754981994628906e+00
-3.967682361602783203e+00
-4.016366481781005859e+00
-4.065972328186035156e+00
-4.116293907165527344e+00
-4.167273521423339844e+00
-4.219150543212890625e+00
-4.271645069122314453e+00
-4.324774742126464844e+00
-4.378631114959716797e+00
-4.433083534240722656e+00
-4.488149642944335938e+00
-4.543848037719726562e+00
-4.599898815155029297e+00
-4.656469821929931641e+00
-4.713578701019287109e+00
-4.771021366119384766e+00
-4.828889846801757812e+00
-4.887203693389892578e+00
-4.945906162261962891e+00
-5.004718303680419922e+00
-5.064030647277832031e+00
-5.123488903045654297e+00
-5.183260917663574219e+00
-5.243141174316406250e+00
-5.303221702575683594e+00
-5.363520622253417969e+00
-5.423831939697265625e+00
-5.484321594238281250e+00
-5.545081138610839844e+00
-5.605607032775878906e+00
-5.666064739227294922e+00
-5.726619243621826172e+00
-5.787137508392333984e+00
-5.847337722778320312e+00
-5.907607555389404297e+00
-5.967739105224609375e+00
-6.027746677398681641e+00
-6.087570667266845703e+00
-6.147151470184326172e+00
-6.206353187561035156e+00
-6.265486717224121094e+00
-6.324120998382568359e+00
-6.382565975189208984e+00
-6.440612792968750000e+00
-6.498275279998779297e+00
-6.555492401123046875e+00
-6.612350940704345703e+00
-6.668715953826904297e+00
-6.724524974822998047e+00
-6.780087471008300781e+00
-6.834969520568847656e+00
-6.889183998107910156e+00
-6.942813873291015625e+00
-6.995947837829589844e+00
-7.048150539398193359e+00
-7.099802494049072266e+00
-7.150842666625976562e+00
-7.200833797454833984e+00
-7.250679492950439453e+00
-7.300091743469238281e+00
-7.348486900329589844e+00
-7.395874500274658203e+00
-7.442265033721923828e+00
-7.487668037414550781e+00
-7.532836437225341797e+00
-7.577036857604980469e+00
-7.619534969329833984e+00
-7.661827564239501953e+00
-7.703922748565673828e+00
-7.744343757629394531e+00
-7.784586906433105469e+00
-7.823173522949218750e+00
-7.860856056213378906e+00
-7.897643089294433594e+00
-7.932800769805908203e+00
-7.967823028564453125e+00
-8.001974105834960938e+00
-8.034520149230957031e+00
-8.066212654113769531e+00
-8.097057342529296875e+00
-8.126318931579589844e+00
-8.155490875244140625e+00
-8.183094978332519531e+00
-8.209877967834472656e+00
-8.235105514526367188e+00
-8.259524345397949219e+00
-8.282398223876953125e+00
-8.305217742919921875e+00
-8.326500892639160156e+00
-8.346252441406250000e+00
-8.365219116210937500e+00
-8.383403778076171875e+00
-8.400812149047851562e+00
-8.415965080261230469e+00
-8.430352210998535156e+00
-8.443979263305664062e+00
-8.456106185913085938e+00
-8.468223571777343750e+00
-8.478103637695312500e+00
-8.487236022949218750e+00
-8.494878768920898438e+00
-8.501776695251464844e+00
-8.507928848266601562e+00
-8.512592315673828125e+00
-8.515767097473144531e+00
-8.518194198608398438e+00
-8.519872665405273438e+00
-8.520056724548339844e+00
-8.520228385925292969e+00
-8.518897056579589844e+00
-8.516060829162597656e+00
-8.511713981628417969e+00
-8.506594657897949219e+00
-8.500697135925292969e+00
-8.494014739990234375e+00
-8.485796928405761719e+00
-8.477525711059570312e+00
-8.466961860656738281e+00
-8.455584526062011719e+00
-8.443387031555175781e+00
-8.430358886718750000e+00
-8.415750503540039062e+00
-8.401037216186523438e+00
-8.384725570678710938e+00
-8.367547035217285156e+00
-8.349494934082031250e+00
-8.330559730529785156e+00
-8.309243202209472656e+00
-8.288510322570800781e+00
-8.266119956970214844e+00
-8.241321563720703125e+00
-8.219305992126464844e+00
-8.194118499755859375e+00
-8.167979240417480469e+00
-8.140877723693847656e+00
-8.113548278808593750e+00
-8.085238456726074219e+00
-8.055193901062011719e+00
-8.025636672973632812e+00
-7.994325637817382812e+00
-7.962740898132324219e+00
-7.929385662078857422e+00
-7.894995212554931641e+00
-7.861048221588134766e+00
-7.826053619384765625e+00
-7.790745258331298828e+00
-7.753631114959716797e+00
-7.716190338134765625e+00
-7.679157733917236328e+00
-7.640298843383789062e+00
-7.601091861724853516e+00
-7.561530590057373047e+00
-7.520863056182861328e+00
-7.479826450347900391e+00
-7.438413143157958984e+00
-7.396614074707031250e+00
-7.353680133819580078e+00
-7.310345649719238281e+00
-7.266602993011474609e+00
-7.223185539245605469e+00
-7.179341793060302734e+00
-7.133577823638916016e+00
-7.088112354278564453e+00
-7.042936325073242188e+00
-6.996106624603271484e+00
-6.949916839599609375e+00
-6.903985977172851562e+00
-6.856814861297607422e+00
-6.809804916381835938e+00
-6.762498378753662109e+00
-6.715106487274169922e+00
-6.667243480682373047e+00
-6.619343757629394531e+00
-6.570947170257568359e+00
-6.522634983062744141e+00
-6.474170207977294922e+00
-6.425538063049316406e+00
-6.376724243164062500e+00
-6.327861785888671875e+00
-6.278862476348876953e+00
-6.229933261871337891e+00
-6.180834770202636719e+00
-6.131775379180908203e+00
-6.082664012908935547e+00
-6.033485412597656250e+00
-5.984446048736572266e+00
-5.935307025909423828e+00
-5.886275768280029297e+00
-5.837261199951171875e+00
-5.788321971893310547e+00
-5.739368915557861328e+00
-5.690534114837646484e+00
-5.641802310943603516e+00
-5.593082904815673828e+00
-5.544583797454833984e+00
-5.496215820312500000e+00
-5.447963714599609375e+00
-5.399813652038574219e+00
-5.351826190948486328e+00
-5.304135799407958984e+00
-5.256507396697998047e+00
-5.209226131439208984e+00
-5.161981582641601562e+00
-5.115135669708251953e+00
-5.068453311920166016e+00
-5.022073745727539062e+00
-4.975987911224365234e+00
-4.930036544799804688e+00
-4.884583950042724609e+00
-4.839398860931396484e+00
-4.794548988342285156e+00
-4.750026702880859375e+00
-4.705826282501220703e+00
-4.662090778350830078e+00
-4.618665695190429688e+00
-4.575695514678955078e+00
-4.533175945281982422e+00
-4.491028785705566406e+00
-4.449398994445800781e+00
-4.408283233642578125e+00
-4.367604732513427734e+00
-4.327435493469238281e+00
-4.287773132324218750e+00
-4.248689651489257812e+00
-4.210108757019042969e+00
-4.172102928161621094e+00
-4.134670734405517578e+00
-4.097884654998779297e+00
-4.061594963073730469e+00
-4.026022434234619141e+00
-3.991016864776611328e+00
-3.956724882125854492e+00
-3.923070907592773438e+00
-3.889977931976318359e+00
-3.857593059539794922e+00
-3.825987815856933594e+00
-3.794936895370483398e+00
-3.764585971832275391e+00
-3.735080718994140625e+00
-3.706195592880249023e+00
-3.677926540374755859e+00
-3.650492668151855469e+00
-3.623739719390869141e+00
-3.597662210464477539e+00
-3.572327136993408203e+00
-3.547729253768920898e+00
-3.523786783218383789e+00
-3.500642061233520508e+00
-3.478213548660278320e+00
-3.456568717956542969e+00
-3.435477972030639648e+00
-3.415157556533813477e+00
-3.395525455474853516e+00
-3.376501083374023438e+00
-3.358300685882568359e+00
-3.340694665908813477e+00
-3.323750972747802734e+00
-3.307463645935058594e+00
-3.291901350021362305e+00
-3.276984453201293945e+00
-3.262781858444213867e+00
-3.249140977859497070e+00
-3.236131429672241211e+00
-3.223676204681396484e+00
-3.211920499801635742e+00
-3.200787544250488281e+00
-3.190350294113159180e+00
-3.180459022521972656e+00
-3.171113252639770508e+00
-3.162462472915649414e+00
-3.154210090637207031e+00
-3.146729946136474609e+00
-3.139727592468261719e+00
-3.133354902267456055e+00
-3.127616167068481445e+00
-3.122293472290039062e+00
-3.117616176605224609e+00
-3.113590478897094727e+00
-3.110000610351562500e+00
-3.107003927230834961e+00
-3.104608774185180664e+00
-3.102676153182983398e+00
-3.101439237594604492e+00
-3.100610971450805664e+00
-3.100426673889160156e+00
-3.100748777389526367e+00
-3.101663827896118164e+00
-3.103110790252685547e+00
-3.105102300643920898e+00
-3.107726335525512695e+00
-3.110847473144531250e+00
0.000000000000000000e+00
0.000000000000000000e+00
0.000000000000000000e+00
0.000000000000000000e+00
0.000000000000000000e+00
0.000000000000000000e+00
0.000000000000000000e+00
0.000000000000000000e+00
0.000000000000000000e+00
0.000000000000000000e+00
0.000000000000000000e+00
0.000000000000000000e+00
0.000000000000000000e+00
0.000000000000000000e+00
0.000000000000000000e+00
0.000000000000000000e+00
0.000000000000000000e+00
0.000000000000000000e+00
0.000000000000000000e+00
0.000000000000000000e+00
0.000000000000000000e+00
0.000000000000000000e+00
0.000000000000000000e+00
0.000000000000000000e+00
0.000000000000000000e+00
0.000000000000000000e+00
0.000000000000000000e+00
0.000000000000000000e+00
0.000000000000000000e+00
0.000000000000000000e+00
0.000000000000000000e+00
0.000000000000000000e+00
0.000000000000000000e+00
0.000000000000000000e+00
0.000000000000000000e+00
0.000000000000000000e+00
0.000000000000000000e+00
0.000000000000000000e+00
0.000000000000000000e+00
0.000000000000000000e+00
0.000000000000000000e+00
0.000000000000000000e+00
0.000000000000000000e+00
0.000000000000000000e+00
0.000000000000000000e+00
0.000000000000000000e+00
0.000000000000000000e+00
0.000000000000000000e+00
0.000000000000000000e+00
0.000000000000000000e+00
0.000000000000000000e+00
0.000000000000000000e+00
0.000000000000000000e+00
0.000000000000000000e+00
0.000000000000000000e+00
0.000000000000000000e+00
0.000000000000000000e+00
0.000000000000000000e+00
0.000000000000000000e+00
0.000000000000000000e+00
0.000000000000000000e+00
0.000000000000000000e+00
0.000000000000000000e+00
0.000000000000000000e+00
0.000000000000000000e+00
0.000000000000000000e+00
0.000000000000000000e+00
0.000000000000000000e+00
0.000000000000000000e+00
0.000000000000000000e+00
0.000000000000000000e+00
0.000000000000000000e+00
0.000000000000000000e+00
0.000000000000000000e+00
0.000000000000000000e+00
0.000000000000000000e+00
0.000000000000000000e+00
0.000000000000000000e+00
0.000000000000000000e+00
0.000000000000000000e+00
0.000000000000000000e+00
0.000000000000000000e+00
0.000000000000000000e+00
0.000000000000000000e+00
0.000000000000000000e+00
0.000000000000000000e+00
0.000000000000000000e+00
0.000000000000000000e+00
0.000000000000000000e+00
0.000000000000000000e+00
0.000000000000000000e+00
0.000000000000000000e+00
0.000000000000000000e+00
0.000000000000000000e+00
0.000000000000000000e+00
0.000000000000000000e+00
0.000000000000000000e+00
0.000000000000000000e+00
0.000000000000000000e+00
0.000000000000000000e+00
