# bb
3.273648417234653607e-06
6.548190867761150002e-06
1.091562171495752409e-05
1.637713467061985284e-05
2.293416946486104280e-05
3.058845322811976075e-05
3.934194683097302914e-05
4.919686762150377035e-05
6.015565304551273584e-05
7.222093699965626001e-05
8.539553527953103185e-05
9.968243830371648073e-05
1.150847747339867055e-04
1.316058041993528605e-04
1.492488663643598557e-04
1.680173736531287432e-04
1.879147894214838743e-04
2.089445915771648288e-04
2.311103016836568713e-04
2.544153248891234398e-04
2.788631245493888855e-04
3.044569748453795910e-04
3.312001936137676239e-04
3.590958367567509413e-04
3.881469310726970434e-04
4.183562996331602335e-04
4.497265326790511608e-04
4.822601913474500179e-04
5.159594584256410599e-04
5.508264293894171715e-04
5.868629086762666702e-04
6.240704678930342197e-04
6.624504458159208298e-04
7.020038901828229427e-04
7.427317905239760876e-04
7.846346707083284855e-04
8.277127635665237904e-04
8.719664765521883965e-04
9.173955186270177364e-04
9.639994241297245026e-04
1.011777902022004128e-03
1.060729962773621082e-03
1.110854907892644405e-03
1.162151456810534000e-03
1.214618445374071598e-03
1.268254243768751621e-03
1.323057571426033974e-03
1.379026798531413078e-03
1.436160178855061531e-03
1.494455849751830101e-03
1.553912297822535038e-03
1.614527544006705284e-03
1.676299958489835262e-03
1.739227678626775742e-03
1.803309191018342972e-03
1.868542865850031376e-03
1.934927189722657204e-03
2.002461114898324013e-03
2.071143127977848053e-03
2.140972064808011055e-03
2.211947925388813019e-03
2.284069312736392021e-03
2.357335994020104408e-03
2.431747969239950180e-03
2.507305471226572990e-03
2.584008732810616493e-03
2.661857986822724342e-03
2.740854630246758461e-03
2.820999827235937119e-03
2.902294741943478584e-03
2.984741469845175743e-03
3.068342106416821480e-03
3.153098747134208679e-03
3.239014185965061188e-03
3.326091449707746506e-03
3.414333565160632133e-03
3.503744490444660187e-03
3.594327950850129128e-03
3.686087904497981071e-03
3.779028309509158134e-03
3.873154288157820702e-03
3.968470729887485504e-03
4.064982291311025620e-03
4.162694793194532394e-03
4.261612892150878906e-03
4.361743573099374771e-03
4.463091492652893066e-03
4.565663635730743408e-03
4.669465590268373489e-03
4.774504341185092926e-03
4.880786407738924026e-03
4.988318309187889099e-03
5.097106564790010452e-03
5.207159090787172318e-03
5.318481940776109695e-03
5.431082565337419510e-03
5.544968880712985992e-03
5.660148337483406067e-03
5.776627454906702042e-03
5.894415080547332764e-03
6.013518664985895157e-03
6.133945658802986145e-03
6.255704443901777267e-03
6.378802936524152756e-03
6.503249984234571457e-03
6.629053503274917603e-03
6.756221409887075424e-03
6.884763017296791077e-03
7.014686707407236099e-03
7.146001793444156647e-03
7.278717588633298874e-03
7.412842009216547012e-03
7.548386231064796448e-03
7.685359101742506027e-03
7.823769934475421906e-03
7.963628508150577545e-03
8.104945532977581024e-03
8.247732184827327728e-03
8.391996845602989197e-03
8.537751622498035431e-03
8.685007691383361816e-03
8.833775296807289124e-03
8.984066545963287354e-03
9.135892614722251892e-03
9.289264678955078125e-03
9.444195777177810669e-03
9.600697085261344910e-03
9.758781641721725464e-03
9.918460622429847717e-03
1.007974706590175629e-02
1.024265401065349579e-02
1.040719449520111084e-02
1.057338062673807144e-02
1.074122451245784760e-02
1.091074012219905853e-02
1.108194049447774887e-02
1.125483866780996323e-02
1.142944674938917160e-02
1.160577777773141861e-02
1.178384386003017426e-02
1.196365803480148315e-02
1.214523334056138992e-02
1.232858095318078995e-02
1.251371204853057861e-02
1.270063966512680054e-02
1.288937404751777649e-02
1.307992730289697647e-02
1.327230967581272125e-02
1.346652954816818237e-02
1.366259809583425522e-02
1.386052370071411133e-02
1.406031660735607147e-02
1.426198240369558334e-02
1.446553040295839310e-02
1.467096712440252304e-02
1.487829908728599548e-02
1.508752908557653427e-02
1.529866643249988556e-02
1.551171299070119858e-02
1.572667062282562256e-02
1.594354398548603058e-02
1.616233587265014648e-02
1.638304442167282104e-02
1.660567149519920349e-02
1.683021895587444305e-02
1.705668121576309204e-02
1.728505641222000122e-02
1.751534640789031982e-02
1.774754375219345093e-02
1.798164471983909607e-02
1.821764372289180756e-02
1.845553331077098846e-02
1.869531162083148956e-02
1.893696561455726624e-02
1.918048784136772156e-02
1.942587271332740784e-02
1.967310532927513123e-02
1.992217823863029480e-02
2.017307840287685394e-02
2.042579464614391327e-02
2.068031579256057739e-02
2.093662694096565247e-02
2.119471505284309387e-02
2.145456522703170776e-02
2.171616069972515106e-02
2.197948843240737915e-02
2.224453166127204895e-02
2.251127362251281738e-02
2.277969382703304291e-02
2.304977923631668091e-02
2.332150936126708984e-02
2.359486743807792664e-02
2.386983111500740051e-02
2.414638549089431763e-02
2.442450448870658875e-02
2.470417134463787079e-02
2.498536556959152222e-02
2.526806481182575226e-02
2.555224671959877014e-02
2.583788894116878510e-02
2.612497098743915558e-02
2.641347050666809082e-02
2.670336142182350159e-02
2.699461765587329865e-02
2.728722244501113892e-02
2.758114226162433624e-02
2.787636034190654755e-02
2.817284502089023590e-02
2.847057394683361053e-02
2.876951545476913452e-02
2.906964719295501709e-02
2.937094122171401978e-02
2.967336773872375488e-02
2.997690252959728241e-02
3.028150647878646851e-02
3.058716095983982086e-02
3.089382685720920563e-02
3.120147995650768280e-02
3.151008859276771545e-02
3.181961551308631897e-02
3.213003277778625488e-02
3.244130313396453857e-02
3.275340422987937927e-02
3.306628391146659851e-02
3.337992355227470398e-02
3.369427844882011414e-02
3.400931507349014282e-02
3.432499989867210388e-02
3.464129567146301270e-02
3.495816141366958618e-02
3.527556359767913818e-02
3.559346124529838562e-02
3.591181710362434387e-02
3.623059019446372986e-02
3.654973953962326050e-02
3.686923161149024963e-02
3.718902170658111572e-02
3.750907257199287415e-02
3.782934322953224182e-02
3.814979270100593567e-02
3.847037628293037415e-02
3.879105672240257263e-02
3.911179304122924805e-02
3.943254426121711731e-02
3.975326567888259888e-02
4.007392376661300659e-02
4.039447754621505737e-02
4.071487486362457275e-02
4.103508591651916504e-02
4.135507345199584961e-02
4.167478531599044800e-02
4.199419543147087097e-02
4.231325536966323853e-02
4.263192787766456604e-02
4.295017942786216736e-02
4.326796904206275940e-02
4.358526319265365601e-02
4.390202462673187256e-02
4.421821609139442444e-02
4.453380033373832703e-02
4.484874755144119263e-02
4.516302049160003662e-02
4.547659307718276978e-02
4.578942432999610901e-02
4.610148444771766663e-02
4.641275107860565186e-02
4.672318324446678162e-02
4.703275859355926514e-02
4.734144732356071472e-02
4.764922708272933960e-02
4.795606434345245361e-02
4.826193675398826599e-02
4.856682196259498596e-02
4.887069016695022583e-02
4.917352274060249329e-02
4.947529733180999756e-02
4.977598786354064941e-02
5.007557943463325500e-02
5.037404969334602356e-02
5.067137628793716431e-02
5.096755176782608032e-02
5.126254633069038391e-02
5.155634880065917969e-02
5.184894427657127380e-02
5.214031413197517395e-02
5.243044719099998474e-02
5.271932855248451233e-02
5.300693958997726440e-02
5.329328030347824097e-02
5.357832089066505432e-02
5.386206507682800293e-02
5.414450168609619141e-02
5.442560836672782898e-02
5.470539256930351257e-02
5.498383194208145142e-02
5.526092275977134705e-02
5.553666129708290100e-02
5.581104010343551636e-02
5.608405172824859619e-02
5.635569244623184204e-02
5.662595480680465698e-02
5.689483880996704102e-02
5.716233700513839722e-02
5.742844566702842712e-02
5.769317597150802612e-02
5.795651301741600037e-02
5.821846053004264832e-02
5.847902223467826843e-02
5.873819813132286072e-02
5.899599194526672363e-02
5.925240740180015564e-02
5.950744450092315674e-02
5.976111441850662231e-02
6.001341715455055237e-02
6.026436388492584229e-02
6.051395833492279053e-02
6.076222285628318787e-02
6.100914999842643738e-02
6.125476583838462830e-02
6.149907037615776062e-02
6.174208223819732666e-02
6.198382005095481873e-02
6.222428753972053528e-02
6.246351823210716248e-02
6.270151585340499878e-02
6.293831020593643188e-02
6.317391991615295410e-02
6.340835243463516235e-02
6.364163756370544434e-02
6.387381255626678467e-02
6.410488486289978027e-02
6.433488428592681885e-02
6.456384062767028809e-02
6.479179114103317261e-02
6.501873582601547241e-02
6.524473428726196289e-02
6.546980142593383789e-02
6.569396704435348511e-02
6.591727584600448608e-02
6.613975763320922852e-02
6.636143475770950317e-02
6.658235937356948853e-02
6.680255383253097534e-02
6.702206283807754517e-02
6.724093109369277954e-02
6.745917350053787231e-02
6.767684221267700195e-02
6.789398193359375000e-02
6.811062246561050415e-02
6.832680106163024902e-02
6.854256987571716309e-02
6.875796616077423096e-02
6.897301971912384033e-02
6.918777525424957275e-02
6.940228492021560669e-02
6.961657851934432983e-02
6.983070820569992065e-02
7.004470378160476685e-02
7.025861740112304688e-02
7.047248631715774536e-02
7.068634033203125000e-02
7.090023905038833618e-02
7.111421972513198853e-02
7.132830470800399780e-02
7.154256105422973633e-02
7.175701856613159180e-02
7.197171449661254883e-02
7.218669354915618896e-02
7.240199297666549683e-02
7.261765003204345703e-02
7.283370941877365112e-02
7.305020838975906372e-02
7.326718419790267944e-02
7.348467409610748291e-02
7.370272278785705566e-02
7.392136752605438232e-02
7.414063066244125366e-02
7.436057180166244507e-02
7.458120584487915039e-02
7.480259239673614502e-02
7.502474635839462280e-02
7.524771988391876221e-02
7.547153532505035400e-02
7.569622993469238281e-02
7.592184841632843018e-02
7.614842057228088379e-02
7.637598365545272827e-02
7.660456001758575439e-02
7.683418691158294678e-02
7.706490904092788696e-02
7.729675620794296265e-02
7.752975076436996460e-02
7.776392996311187744e-02
7.799933105707168579e-02
7.823598384857177734e-02
7.847391813993453979e-02
7.871316373348236084e-02
7.895375043153762817e-02
7.919570803642272949e-02
7.943907380104064941e-02
7.968387752771377563e-02
7.993014156818389893e-02
8.017789572477340698e-02
8.042716234922409058e-02
8.067797869443893433e-02
8.093035966157913208e-02
8.118434995412826538e-02
8.143996447324752808e-02
8.169721812009811401e-02
8.195614814758300781e-02
8.221678435802459717e-02
8.247913420200347900e-02
8.274322003126144409e-02
8.300907164812088013e-02
8.327670395374298096e-02
8.354613184928894043e-02
8.381738513708114624e-02
8.409046381711959839e-02
8.436539769172668457e-02
8.464219421148300171e-02
8.492086827754974365e-02
8.520144224166870117e-02
8.548390865325927734e-02
8.576828986406326294e-02
8.605459332466125488e-02
8.634281903505325317e-02
8.663297444581985474e-02
8.692507445812225342e-02
8.721911162137985229e-02
8.751508593559265137e-02
8.781300485134124756e-02
8.811286836862564087e-02
8.841466158628463745e-02
8.871839940547943115e-02
8.902406692504882812e-02
8.933165669441223145e-02
8.964115381240844727e-02
8.995256572961807251e-02
9.026587009429931641e-02
9.058105200529098511e-02
9.089810401201248169e-02
9.121701121330261230e-02
9.153775870800018311e-02
9.186031669378280640e-02
9.218468517065048218e-02
9.251083433628082275e-02
9.283874183893203735e-02
9.316839277744293213e-02
9.349975734949111938e-02
9.383280575275421143e-02
9.416753053665161133e-02
9.450389444828033447e-02
9.484186023473739624e-02
9.518142044544219971e-02
9.552253037691116333e-02
9.586516767740249634e-02
9.620929509401321411e-02
9.655488282442092896e-02
9.690190106630325317e-02
9.725031256675720215e-02
9.760009497404098511e-02
9.795119613409042358e-02
9.830359369516372681e-02
9.865725040435791016e-02
9.901212155818939209e-02
9.936817735433578491e-02
9.972538053989410400e-02
1.000836864113807678e-01
1.004430651664733887e-01
1.008034795522689819e-01
1.011648699641227722e-01
1.015272215008735657e-01
1.018904745578765869e-01
1.022545993328094482e-01
1.026195436716079712e-01
1.029852777719497681e-01
1.033517494797706604e-01
1.037189140915870667e-01
1.040867418050765991e-01
1.044551804661750793e-01
1.048241704702377319e-01
1.051936894655227661e-01
1.055636852979660034e-01
1.059341058135032654e-01
1.063049063086509705e-01
1.066760495305061340e-01
1.070474833250045776e-01
1.074191406369209290e-01
1.077909991145133972e-01
1.081629991531372070e-01
1.085350885987281799e-01
1.089072227478027344e-01
1.092793494462966919e-01
1.096514090895652771e-01
1.100233569741249084e-01
1.103951558470726013e-01
1.107667237520217896e-01
1.111380308866500854e-01
1.115090101957321167e-01
1.118796169757843018e-01
1.122497916221618652e-01
1.126194894313812256e-01
1.129886507987976074e-01
1.133572161197662354e-01
1.137251332402229309e-01
1.140923500061035156e-01
1.144588068127632141e-01
1.148244515061378479e-01
1.151892244815826416e-01
1.155530735850334167e-01
1.159159317612648010e-01
1.162777692079544067e-01
1.166385039687156677e-01
1.169980987906455994e-01
1.173564940690994263e-01
1.177136376500129700e-01
1.180694550275802612e-01
1.184239163994789124e-01
1.187769696116447449e-01
1.191285401582717896e-01
1.194785907864570618e-01
1.198270618915557861e-01
1.201739236712455750e-01
1.205190941691398621e-01
1.208625286817550659e-01
1.212041974067687988e-01
1.215440481901168823e-01
1.218820065259933472e-01
1.222180649638175964e-01
1.225521415472030640e-01
1.228842213749885559e-01
1.232142522931098938e-01
1.235421746969223022e-01
1.238679736852645874e-01
1.241915822029113770e-01
1.245129853487014771e-01
1.248321235179901123e-01
1.251489669084548950e-01
1.254634857177734375e-01
1.257756352424621582e-01
1.260854005813598633e-01
1.263927221298217773e-01
1.266975849866867065e-01
1.269999593496322632e-01
1.272998154163360596e-01
1.275971084833145142e-01
1.278918236494064331e-01
1.281839460134506226e-01
1.284734308719635010e-01
1.287602782249450684e-01
1.290444433689117432e-01
1.293259263038635254e-01
1.296046823263168335e-01
1.298807114362716675e-01
1.301539838314056396e-01
1.304244995117187500e-01
1.306922137737274170e-01
1.309571266174316406e-01
1.312192380428314209e-01
1.314785182476043701e-01
1.317349523305892944e-01
1.319885402917861938e-01
1.322392672300338745e-01
1.324871331453323364e-01
1.327321231365203857e-01
1.329742074012756348e-01
1.332134157419204712e-01
1.334497332572937012e-01
1.336831301450729370e-01
1.339136362075805664e-01
1.341412216424942017e-01
1.343659162521362305e-01
1.345877051353454590e-01
1.348065733909606934e-01
1.350225359201431274e-01
1.352355927228927612e-01
1.354457587003707886e-01
1.356530040502548218e-01
1.358573734760284424e-01
1.360588669776916504e-01
1.362574696540832520e-01
1.364532113075256348e-01
1.366460770368576050e-01
1.368361115455627441e-01
1.370232999324798584e-01
1.372076719999313354e-01
1.373892426490783691e-01
1.375680118799209595e-01
1.377440094947814941e-01
1.379172503948211670e-01
1.380877494812011719e-01
1.382555216550827026e-01
1.384206116199493408e-01
1.385830193758010864e-01
1.387427747249603271e-01
1.388999074697494507e-01
1.390544474124908447e-01
1.392064243555068970e-01
1.393558681011199951e-01
1.395027935504913330e-01
1.396472305059432983e-01
1.397892385721206665e-01
1.399288326501846313e-01
1.400660425424575806e-01
1.402009278535842896e-01
1.403335034847259521e-01
1.404638290405273438e-01
1.405919343233108521e-01
1.407178491353988647e-01
1.408416330814361572e-01
1.409633308649063110e-01
1.410829871892929077e-01
1.412006318569183350e-01
1.413163095712661743e-01
1.414300948381423950e-01
1.415420025587081909e-01
1.416521072387695312e-01
1.417604386806488037e-01
1.418670564889907837e-01
1.419720053672790527e-01
1.420753598213195801e-01
1.421771347522735596e-01
1.422774195671081543e-01
1.423762291669845581e-01
1.424736529588699341e-01
1.425697207450866699e-01
1.426644772291183472e-01
1.427580118179321289e-01
1.428503692150115967e-01
1.429415792226791382e-01
1.430317163467407227e-01
1.431208252906799316e-01
1.432089656591415405e-01
1.432961821556091309e-01
1.433825641870498657e-01
1.434681266546249390e-01
1.435529440641403198e-01
1.436370611190795898e-01
1.437205374240875244e-01
1.438034325838088989e-01
1.438857913017272949e-01
1.439676731824874878e-01
1.440491378307342529e-01
1.441302150487899780e-01
1.442109793424606323e-01
1.442914605140686035e-01
1.443717628717422485e-01
1.444518715143203735e-01
1.445318907499313354e-01
1.446118503808975220e-01
1.446917951107025146e-01
1.447717994451522827e-01
1.448518633842468262e-01
1.449321061372756958e-01
1.450125426054000854e-01
1.450932025909423828e-01
1.451741755008697510e-01
1.452554911375045776e-01
1.453372091054916382e-01
1.454193443059921265e-01
1.455019861459732056e-01
1.455851644277572632e-01
1.456689238548278809e-01
1.457533091306686401e-01
1.458383798599243164e-01
1.459241658449172974e-01
1.460107415914535522e-01
1.460981220006942749e-01
1.461863517761230469e-01
1.462754905223846436e-01
1.463655978441238403e-01
1.464566886425018311e-01
1.465488076210021973e-01
1.466419994831085205e-01
1.467363387346267700e-01
1.468318253755569458e-01
1.469285190105438232e-01
1.470264345407485962e-01
1.471256613731384277e-01
1.472262144088745117e-01
1.473281085491180420e-01
1.474314033985137939e-01
1.475361436605453491e-01
1.476423591375350952e-01
1.477500647306442261e-01
1.478593200445175171e-01
1.479701548814773560e-01
1.480825841426849365e-01
1.481966674327850342e-01
1.483124047517776489e-01
1.484298408031463623e-01
1.485490053892135620e-01
1.486699134111404419e-01
1.487926095724105835e-01
1.489170938730239868e-01
1.490434110164642334e-01
1.491715759038925171e-01
1.493016183376312256e-01
1.494335383176803589e-01
1.495673656463623047e-01
1.497031152248382568e-01
1.498408019542694092e-01
1.499804407358169556e-01
1.501220464706420898e-01
1.502656191587448120e-01
1.504111886024475098e-01
1.505587548017501831e-01
1.507083028554916382e-01
1.508598774671554565e-01
1.510134637355804443e-01
1.511690467596054077e-01
1.513266414403915405e-01
1.514862626791000366e-01
1.516478955745697021e-01
1.518115401268005371e-01
1.519771963357925415e-01
1.521448343992233276e-01
1.523144692182540894e-01
1.524861007928848267e-01
1.526596993207931519e-01
1.528352648019790649e-01
1.530127823352813721e-01
1.531922519207000732e-01
1.533736288547515869e-01
1.535569131374359131e-01
1.537421047687530518e-01
1.539291739463806152e-01
1.541180908679962158e-01
1.543088257312774658e-01
1.545014083385467529e-01
1.546957641839981079e-01
1.548918932676315308e-01
1.550897806882858276e-01
1.552893817424774170e-01
1.554906815290451050e-01
1.556936502456665039e-01
1.558982580900192261e-01
1.561044752597808838e-01
1.563122868537902832e-01
1.565216332674026489e-01
1.567325294017791748e-01
1.569449156522750854e-01
1.571587473154067993e-01
1.573740094900131226e-01
1.575906723737716675e-01
1.578087061643600464e-01
1.580280512571334839e-01
1.582486778497695923e-01
1.584705710411071777e-01
1.586936712265014648e-01
1.589179337024688721e-01
1.591433584690093994e-01
1.593698710203170776e-01
1.595974415540695190e-01
1.598260402679443359e-01
1.600556075572967529e-01
1.602861136198043823e-01
1.605174988508224487e-01
1.607497334480285645e-01
1.609828025102615356e-01
1.612165868282318115e-01
1.614511162042617798e-01
1.616863012313842773e-01
1.619221121072769165e-01
1.621585041284561157e-01
1.623953878879547119e-01
1.626327782869338989e-01
1.628706008195877075e-01
1.631087809801101685e-01
1.633472889661788940e-01
1.635860651731491089e-01
1.638250797986984253e-01
1.640642583370208740e-01
1.643035560846328735e-01
1.645429134368896484e-01
1.647822707891464233e-01
1.650215983390808105e-01
1.652608215808868408e-01
1.654998958110809326e-01
1.657387614250183105e-01
1.659773439168930054e-01
1.662156134843826294e-01
1.664534956216812134e-01
1.666909456253051758e-01
1.669279038906097412e-01
1.671643108129501343e-01
1.674001067876815796e-01
1.676352471113204956e-01
1.678696423768997192e-01
1.681032627820968628e-01
1.683360636234283447e-01
1.685679405927658081e-01
1.687988936901092529e-01
1.690288186073303223e-01
1.692576706409454346e-01
1.694854199886322021e-01
1.697119623422622681e-01
1.699372977018356323e-01
1.701613217592239380e-01
1.703840047121047974e-01
1.706052869558334351e-01
1.708251088857650757e-01
1.710434406995773315e-01
1.712601929903030396e-01
1.714753359556198120e-01
1.716888099908828735e-01
1.719005852937698364e-01
1.721105724573135376e-01
1.723187565803527832e-01
1.725250780582427979e-01
1.727294772863388062e-01
1.729319244623184204e-01
1.731323599815368652e-01
1.733307391405105591e-01
1.735270172357559204e-01
1.737211793661117554e-01
1.739131212234497070e-01
1.741028577089309692e-01
1.742903441190719604e-01
1.744754910469055176e-01
1.746583133935928345e-01
1.748387366533279419e-01
1.750167459249496460e-01
1.751922816038131714e-01
1.753653287887573242e-01
1.755358576774597168e-01
1.757038086652755737e-01
1.758691519498825073e-01
1.760318875312805176e-01
1.761919409036636353e-01
1.763493120670318604e-01
1.765039712190628052e-01
1.766558736562728882e-01
1.768049895763397217e-01
1.769513189792633057e-01
1.770948022603988647e-01
1.772354245185852051e-01
1.773731857538223267e-01
1.775080412626266479e-01
1.776399612426757812e-01
1.777689307928085327e-01
1.778949499130249023e-01
1.780179589986801147e-01
1.781379878520965576e-01
1.782549619674682617e-01
1.783689260482788086e-01
1.784798204898834229e-01
1.785876452922821045e-01
1.786923855543136597e-01
1.787940114736557007e-01
1.788925379514694214e-01
1.789879351854324341e-01
1.790802180767059326e-01
1.791693419218063354e-01
1.792553216218948364e-01
1.793381422758102417e-01
1.794178038835525513e-01
1.794942915439605713e-01
1.795676201581954956e-01
1.796377748250961304e-01
1.797047406435012817e-01
1.797685474157333374e-01
1.798291653394699097e-01
1.798866242170333862e-01
1.799409091472625732e-01
1.799920350313186646e-01
1.800399869680404663e-01
1.800847947597503662e-01
1.801264733076095581e-01
1.801650077104568481e-01
1.802003979682922363e-01
1.802327036857604980e-01
1.802618950605392456e-01
1.802880167961120605e-01
1.803110539913177490e-01
1.803310662508010864e-01
1.803480237722396851e-01
1.803619712591171265e-01
1.803729236125946045e-01
1.803809106349945068e-01
1.803859472274780273e-01
1.803880631923675537e-01
1.803872734308242798e-01
1.803836226463317871e-01
1.803771257400512695e-01
1.803678125143051147e-01
1.803557127714157104e-01
1.803408712148666382e-01
1.803232878446578979e-01
1.803030371665954590e-01
1.802801191806793213e-01
1.802545934915542603e-01
1.802264899015426636e-01
1.801958233118057251e-01
1.801626533269882202e-01
1.801270246505737305e-01
1.800889670848846436e-01
1.800485104322433472e-01
1.800057142972946167e-01
1.799606084823608398e-01
1.799132376909255981e-01
1.798636466264724731e-01
1.798118799924850464e-01
1.797579675912857056e-01
1.797019839286804199e-01
1.796439588069915771e-01
1.795839220285415649e-01
1.795219331979751587e-01
1.794580221176147461e-01
1.793922781944274902e-01
1.793247163295745850e-01
1.792553812265396118e-01
1.791843473911285400e-01
1.791116297245025635e-01
1.790373027324676514e-01
1.789613813161849976e-01
1.788839548826217651e-01
1.788050532341003418e-01
1.787247210741043091e-01
1.786430180072784424e-01
1.785599887371063232e-01
1.784756779670715332e-01
1.783901304006576538e-01
1.783034205436706543e-01
1.782155781984329224e-01
1.781266480684280396e-01
1.780367046594619751e-01
1.779457926750183105e-01
1.778539419174194336e-01
1.777612119913101196e-01
1.776676476001739502e-01
1.775733232498168945e-01
1.774782687425613403e-01
1.773825436830520630e-01
1.772861927747726440e-01
1.771892607212066650e-01
1.770918071269989014e-01
1.769938766956329346e-01
1.768955290317535400e-01
1.767968088388442993e-01
1.766977608203887939e-01
1.765984445810317993e-01
1.764989048242568970e-01
1.763992011547088623e-01
1.762993782758712769e-01
1.761994808912277222e-01
1.760995686054229736e-01
1.759996712207794189e-01
1.758998781442642212e-01
1.758001893758773804e-01
1.757006794214248657e-01
1.756013929843902588e-01
1.755023896694183350e-01
1.754036992788314819e-01
1.753053814172744751e-01
1.752074956893920898e-01
1.751100569963455200e-01
1.750131398439407349e-01
1.749167740345001221e-01
1.748210191726684570e-01
1.747258901596069336e-01
1.746314913034439087e-01
1.745378077030181885e-01
1.744449138641357422e-01
1.743528544902801514e-01
1.742616444826126099e-01
1.741713583469390869e-01
1.740820109844207764e-01
1.739936769008636475e-01
1.739063560962677002e-01
1.738201081752777100e-01
1.737349778413772583e-01
1.736509799957275391e-01
1.735681593418121338e-01
1.734865754842758179e-01
1.734062135219573975e-01
1.733271628618240356e-01
1.732494235038757324e-01
1.731730252504348755e-01
1.730980128049850464e-01
1.730244159698486328e-01
1.729522347450256348e-01
1.728815436363220215e-01
1.728123426437377930e-01
1.727446466684341431e-01
1.726785153150558472e-01
1.726139336824417114e-01
1.725509464740753174e-01
1.724895685911178589e-01
1.724298149347305298e-01
1.723717153072357178e-01
1.723152995109558105e-01
1.722605675458908081e-01
1.722075194120407104e-01
1.721562147140502930e-01
1.721066236495971680e-01
1.720587909221649170e-01
1.720127165317535400e-01
1.719684153795242310e-01
1.719258874654769897e-01
1.718851476907730103e-01
1.718462109565734863e-01
1.718090921640396118e-01
1.717737764120101929e-01
1.717402935028076172e-01
1.717086136341094971e-01
1.716787815093994141e-01
1.716507822275161743e-01
1.716246157884597778e-01
1.716002821922302246e-01
1.715777963399887085e-01
1.715571433305740356e-01
1.715383231639862061e-01
1.715213358402252197e-01
1.715061962604522705e-01
1.714928746223449707e-01
1.714813858270645142e-01
1.714717149734497070e-01
1.714638620615005493e-01
1.714578121900558472e-01
1.714535653591156006e-01
1.714511215686798096e-01
1.714504659175872803e-01
1.714515835046768188e-01
1.714544594287872314e-01
1.714590936899185181e-01
1.714654862880706787e-01
1.714735925197601318e-01
1.714834123849868774e-01
1.714949458837509155e-01
1.715081781148910522e-01
1.715230792760848999e-01
1.715396344661712646e-01
1.715578138828277588e-01
1.715776324272155762e-01
1.715990453958511353e-01
1.716220527887344360e-01
1.716466099023818970e-01
1.716727018356323242e-01
1.717003285884857178e-01
1.717294454574584961e-01
1.717600226402282715e-01
1.717920452356338501e-01
1.718254983425140381e-01
1.718603372573852539e-01
1.718965619802474976e-01
1.719341129064559937e-01
1.719729751348495483e-01
1.720131039619445801e-01
1.720544993877410889e-01
1.720971018075942993e-01
1.721409112215042114e-01
1.721858531236648560e-01
1.722319275140762329e-01
1.722790896892547607e-01
1.723272949457168579e-01
1.723765283823013306e-01
1.724267303943634033e-01
1.724778860807418823e-01
1.725299507379531860e-01
1.725828796625137329e-01
1.726366430521011353e-01
1.726911962032318115e-01
1.727465093135833740e-01
1.728025376796722412e-01
1.728592216968536377e-01
1.729165464639663696e-01
1.729744672775268555e-01
1.730329394340515137e-01
1.730919182300567627e-01
1.731513738632202148e-01
1.732112467288970947e-01
1.732714921236038208e-01
1.733320951461791992e-01
1.733929812908172607e-01
1.734541207551956177e-01
1.735154986381530762e-01
1.735770255327224731e-01
1.736386865377426147e-01
1.737004369497299194e-01
1.737622320652008057e-01
1.738240122795104980e-01
1.738857626914978027e-01
1.739474236965179443e-01
1.740089505910873413e-01
1.740703135728836060e-01
1.741314679384231567e-01
1.741923540830612183e-01
1.742529720067977905e-01
1.743132323026657104e-01
1.743731349706649780e-01
1.744326055049896240e-01
1.744916141033172607e-01
1.745501309633255005e-01
1.746081113815307617e-01
1.746655255556106567e-01
1.747222989797592163e-01
1.747784316539764404e-01
1.748338639736175537e-01
1.748885661363601685e-01
1.749424934387207031e-01
1.749956160783767700e-01
1.750478893518447876e-01
1.750992834568023682e-01
1.751497536897659302e-01
1.751992851495742798e-01
1.752478182315826416e-01
1.752953082323074341e-01
1.753417551517486572e-01
1.753870993852615356e-01
1.754313260316848755e-01
1.754743754863739014e-01
1.755162328481674194e-01
1.755568534135818481e-01
1.755962222814559937e-01
1.756342947483062744e-01
1.756710410118103027e-01
1.757064163684844971e-01
1.757404208183288574e-01
1.757730096578598022e-01
1.758041381835937500e-01
1.758337914943695068e-01
1.758619397878646851e-01
1.758885681629180908e-01
1.759136170148849487e-01
1.759370863437652588e-01
1.759589314460754395e-01
1.759791374206542969e-01
1.759976744651794434e-01
1.760145276784896851e-01
1.760296374559402466e-01
1.760430186986923218e-01
1.760546416044235229e-01
1.760644763708114624e-01
1.760724931955337524e-01
1.760786920785903931e-01
1.760830283164978027e-01
1.760855019092559814e-01
1.760860681533813477e-01
1.760847568511962891e-01
1.760814934968948364e-01
1.760762929916381836e-01
1.760691404342651367e-01
1.760600060224533081e-01
1.760488897562026978e-01
1.760357767343521118e-01
1.760206371545791626e-01
1.760034859180450439e-01
1.759842783212661743e-01
1.759630441665649414e-01
1.759397387504577637e-01
1.759143769741058350e-01
1.758869290351867676e-01
1.758574247360229492e-01
1.758258342742919922e-01
1.757921427488327026e-01
1.757563501596450806e-01
1.757184863090515137e-01
1.756785064935684204e-01
1.756364256143569946e-01
1.755922585725784302e-01
1.755459904670715332e-01
1.754976212978363037e-01
1.754471510648727417e-01
1.753946095705032349e-01
1.753399819135665894e-01
1.752832531929016113e-01
1.752244532108306885e-01
1.751635968685150146e-01
1.751006692647933960e-01
1.750356853008270264e-01
1.749686598777770996e-01
1.748995929956436157e-01
1.748284995555877686e-01
1.747554093599319458e-01
1.746802926063537598e-01
1.746032238006591797e-01
1.745241433382034302e-01
1.744431257247924805e-01
1.743601560592651367e-01
1.742752492427825928e-01
1.741884350776672363e-01
1.740997135639190674e-01
1.740091145038604736e-01
1.739166527986526489e-01
1.738223433494567871e-01
1.737262159585952759e-01
1.736282855272293091e-01
1.735285520553588867e-01
1.734270453453063965e-01
1.733238101005554199e-01
1.732188463211059570e-01
1.731121838092803955e-01
1.730038225650787354e-01
1.728938221931457520e-01
1.727821826934814453e-01
1.726689338684082031e-01
1.725541055202484131e-01
1.724377125501632690e-01
1.723197847604751587e-01
1.722003370523452759e-01
1.720794141292572021e-01
1.719570159912109375e-01
1.718332022428512573e-01
1.717079728841781616e-01
1.715813726186752319e-01
1.714534163475036621e-01
1.713241487741470337e-01
1.711935698986053467e-01
1.710617393255233765e-01
1.709286719560623169e-01
1.707943975925445557e-01
1.706589609384536743e-01
1.705223470926284790e-01
1.703846454620361328e-01
1.702458411455154419e-01
1.701059937477111816e-01
1.699651181697845459e-01
1.698232591152191162e-01
1.696804463863372803e-01
1.695367097854614258e-01
1.693920642137527466e-01
1.692465692758560181e-01
1.691002398729324341e-01
1.689531207084655762e-01
1.688052415847778320e-01
1.686566472053527832e-01
1.685073375701904297e-01
1.683573871850967407e-01
1.682068109512329102e-01
1.680556535720825195e-01
1.679039150476455688e-01
1.677516847848892212e-01
1.675989329814910889e-01
1.674457639455795288e-01
1.672921627759933472e-01
1.671381741762161255e-01
1.669838577508926392e-01
1.668292135000228882e-01
1.666742861270904541e-01
1.665191352367401123e-01
1.663637608289718628e-01
1.662082225084304810e-01
1.660525500774383545e-01
1.658967584371566772e-01
1.657409071922302246e-01
1.655850112438201904e-01
1.654291301965713501e-01
1.652732640504837036e-01
1.651174575090408325e-01
1.649617552757263184e-01
1.648062020540237427e-01
1.646507829427719116e-01
1.644955724477767944e-01
1.643405854701995850e-01
1.641858518123626709e-01
1.640314161777496338e-01
1.638772934675216675e-01
1.637235283851623535e-01
1.635701507329940796e-01
1.634171754121780396e-01
1.632646322250366211e-01
1.631125807762145996e-01
1.629610061645507812e-01
1.628099679946899414e-01
1.626594662666320801e-01
1.625095605850219727e-01
1.623602509498596191e-01
1.622115671634674072e-01
1.620635539293289185e-01
1.619162261486053467e-01
1.617695987224578857e-01
1.616236865520477295e-01
1.614785492420196533e-01
1.613341867923736572e-01
1.611906141042709351e-01
1.610478609800338745e-01
1.609059721231460571e-01
1.607649177312850952e-01
1.606247574090957642e-01
1.604855060577392578e-01
1.603471785783767700e-01
1.602097749710083008e-01
1.600733399391174316e-01
1.599378883838653564e-01
1.598034352064132690e-01
1.596699804067611694e-01
1.595375388860702515e-01
1.594061702489852905e-01
1.592758297920227051e-01
1.591465771198272705e-01
1.590184122323989868e-01
1.588913202285766602e-01
1.587653607130050659e-01
1.586405336856842041e-01
1.585168242454528809e-01
1.583942472934722900e-01
1.582728475332260132e-01
1.581526100635528564e-01
1.580335497856140137e-01
1.579156666994094849e-01
1.577989757061004639e-01
1.576834917068481445e-01
1.575692147016525269e-01
1.574561446905136108e-01
1.573443114757537842e-01
1.572337001562118530e-01
1.571243107318878174e-01
1.570161581039428711e-01
1.569092571735382080e-01
1.568035930395126343e-01
1.566991657018661499e-01
1.565960049629211426e-01
1.564940661191940308e-01
1.563933938741683960e-01
1.562939733266830444e-01
1.561958044767379761e-01
1.560988873243331909e-01
1.560032069683074951e-01
1.559087783098220825e-01
1.558156013488769531e-01
1.557236611843109131e-01
1.556329429149627686e-01
1.555434763431549072e-01
1.554552316665649414e-01
1.553682088851928711e-01
1.552823930978775024e-01
1.551977992057800293e-01
1.551144123077392578e-01
1.550322026014328003e-01
1.549511998891830444e-01
1.548713594675064087e-01
1.547926962375640869e-01
1.547151803970336914e-01
1.546388119459152222e-01
1.545635759830474854e-01
1.544894874095916748e-01
1.544164717197418213e-01
1.543445885181427002e-01
1.542737782001495361e-01
1.542040258646011353e-01
1.541353464126586914e-01
1.540676951408386230e-01
1.540010720491409302e-01
1.539354771375656128e-01
1.538708508014678955e-01
1.538072228431701660e-01
1.537445336580276489e-01
1.536827981472015381e-01
1.536219716072082520e-01
1.535620689392089844e-01
1.535030305385589600e-01
1.534448862075805664e-01
1.533875763416290283e-01
1.533310860395431519e-01
1.532754004001617432e-01
1.532205045223236084e-01
1.531663835048675537e-01
1.531129926443099976e-01
1.530603170394897461e-01
1.530083417892456055e-01
1.529570519924163818e-01
1.529064029455184937e-01
1.528563946485519409e-01
1.528069972991943359e-01
1.527581661939620972e-01
1.527099162340164185e-01
1.526622027158737183e-01
1.526149958372116089e-01
1.525682806968688965e-01
1.525220274925231934e-01
1.524762362241744995e-01
1.524308472871780396e-01
1.523858606815338135e-01
1.523412317037582397e-01
1.522969603538513184e-01
1.522530168294906616e-01
1.522093564271926880e-01
1.521659642457962036e-01
1.521228253841400146e-01
1.520798951387405396e-01
1.520371884107589722e-01
1.519946455955505371e-01
1.519522517919540405e-01
1.519099771976470947e-01
1.518678069114685059e-01
1.518257111310958862e-01
1.517836600542068481e-01
1.517416387796401978e-01
1.516996324062347412e-01
1.516575813293457031e-01
1.516155004501342773e-01
1.515733599662780762e-01
1.515311002731323242e-01
1.514887362718582153e-01
1.514462232589721680e-01
1.514035463333129883e-01
1.513606756925582886e-01
1.513175964355468750e-01
1.512742787599563599e-01
1.512307077646255493e-01
1.511868387460708618e-01
1.511426866054534912e-01
1.510981768369674683e-01
1.510533392429351807e-01
1.510081142187118530e-01
1.509625017642974854e-01
1.509164571762084961e-01
1.508699804544448853e-01
1.508230417966842651e-01
1.507756114006042480e-01
1.507276743650436401e-01
1.506792306900024414e-01
1.506302207708358765e-01
1.505806297063827515e-01
1.505304574966430664e-01
1.504796743392944336e-01
1.504282653331756592e-01
1.503762006759643555e-01
1.503234654664993286e-01
1.502700448036193848e-01
1.502158939838409424e-01
1.501610279083251953e-01
1.501054167747497559e-01
1.500490307807922363e-01
1.499918699264526367e-01
1.499338895082473755e-01
1.498751044273376465e-01
1.498154699802398682e-01
1.497550010681152344e-01
1.496936380863189697e-01
1.496313959360122681e-01
1.495682597160339355e-01
1.495042145252227783e-01
1.494392156600952148e-01
1.493732780218124390e-01
1.493063867092132568e-01
1.492385119199752808e-01
1.491696685552597046e-01
1.490997970104217529e-01
1.490289419889450073e-01
1.489570438861846924e-01
1.488841176033020020e-01
1.488101482391357422e-01
1.487351208925247192e-01
1.486590206623077393e-01
1.485818475484848022e-01
1.485036015510559082e-01
1.484242528676986694e-01
1.483438014984130859e-01
1.482622474431991577e-01
1.481795907020568848e-01
1.480958014726638794e-01
1.480108797550201416e-01
1.479248404502868652e-01
1.478376686573028564e-01
1.477493345737457275e-01
1.476598829030990601e-01
1.475692838430404663e-01
1.474775224924087524e-01
1.473846286535263062e-01
1.472905725240707397e-01
1.471953541040420532e-01
1.470990031957626343e-01
1.470014899969100952e-01
1.469028145074844360e-01
1.468030065298080444e-01
1.467020362615585327e-01
1.465999186038970947e-01
1.464966684579849243e-01
1.463922560214996338e-01
1.462867110967636108e-01
1.461800336837768555e-01
1.460722237825393677e-01
1.459632813930511475e-01
1.458532214164733887e-01
1.457420438528060913e-01
1.456297487020492554e-01
1.455163359642028809e-01
1.454018503427505493e-01
1.452862620353698730e-01
1.451695710420608521e-01
1.450518220663070679e-01
1.449329853057861328e-01
1.448130905628204346e-01
1.446921378374099731e-01
1.445701271295547485e-01
1.444470882415771484e-01
1.443230211734771729e-01
1.441979259252548218e-01
1.440718322992324829e-01
1.439447253942489624e-01
1.438166350126266479e-01
1.436875611543655396e-01
1.435575187206268311e-01
1.434265226125717163e-01
1.432945579290390015e-01
1.431616693735122681e-01
1.430278569459915161e-01
1.428931355476379395e-01
1.427575051784515381e-01
1.426209807395935059e-01
1.424835920333862305e-01
1.423453390598297119e-01
1.422062367200851440e-01
1.420662999153137207e-01
1.419255286455154419e-01
1.417839676141738892e-01
1.416415870189666748e-01
1.414984613656997681e-01
1.413545459508895874e-01
1.412098854780197144e-01
1.410644948482513428e-01
1.409183889627456665e-01
1.407715827226638794e-01
1.406240910291671753e-01
1.404759287834167480e-01
1.403271108865737915e-01
1.401776522397994995e-01
1.400275826454162598e-01
1.398769319057464600e-01
1.397256702184677124e-01
1.395738571882247925e-01
1.394215077161788940e-01
1.392686069011688232e-01
1.391152143478393555e-01
1.389613300561904907e-01
1.388069689273834229e-01
1.386521607637405396e-01
1.384969353675842285e-01
1.383412778377532959e-01
1.381852328777313232e-01
1.380288302898406982e-01
1.378720551729202271e-01
1.377149671316146851e-01
1.375575661659240723e-01
1.373998671770095825e-01
1.372418999671936035e-01
1.370836943387985229e-01
1.369252502918243408e-01
1.367665976285934448e-01
1.366077512502670288e-01
1.364487409591674805e-01
1.362895816564559937e-01
1.361302882432937622e-01
1.359709054231643677e-01
1.358114182949066162e-01
1.356518864631652832e-01
1.354922801256179810e-01
1.353326737880706787e-01
1.351730376482009888e-01
1.350134164094924927e-01
1.348538249731063843e-01
1.346942931413650513e-01
1.345348358154296875e-01
1.343754380941390991e-01
1.342161595821380615e-01
1.340570151805877686e-01
1.338979899883270264e-01
1.337391287088394165e-01
1.335804462432861328e-01
1.334219574928283691e-01
1.332636624574661255e-01
1.331056058406829834e-01
1.329478025436401367e-01
1.327902227640151978e-01
1.326329410076141357e-01
1.324759423732757568e-01
1.323192417621612549e-01
1.321628689765930176e-01
1.320068091154098511e-01
1.318511068820953369e-01
1.316957622766494751e-01
1.315407902002334595e-01
1.313862055540084839e-01
1.312320232391357422e-01
1.310782581567764282e-01
1.309249103069305420e-01
1.307720094919204712e-01
1.306195408105850220e-01
1.304675638675689697e-01
1.303160488605499268e-01
1.301650106906890869e-01
1.300144791603088379e-01
1.298644542694091797e-01
1.297149658203125000e-01
1.295659989118576050e-01
1.294175684452056885e-01
1.292697042226791382e-01
1.291224062442779541e-01
1.289756745100021362e-01
1.288295239210128784e-01
1.286839842796325684e-01
1.285390406847000122e-01
1.283947080373764038e-01
1.282510012388229370e-01
1.281079351902008057e-01
1.279655098915100098e-01
1.278237402439117432e-01
1.276826411485671997e-01
1.275421977043151855e-01
1.274024397134780884e-01
1.272633522748947144e-01
1.271249800920486450e-01
1.269872933626174927e-01
1.268503218889236450e-01
1.267140805721282959e-01
1.265785545110702515e-01
1.264437437057495117e-01
1.263096928596496582e-01
1.261763721704483032e-01
1.260437965393066406e-01
1.259119808673858643e-01
1.257809251546859741e-01
1.256506294012069702e-01
1.255211085081100464e-01
1.253923624753952026e-01
1.252643615007400513e-01
1.251371651887893677e-01
1.250107437372207642e-01
1.248850971460342407e-01
1.247602403163909912e-01
1.246361657977104187e-01
1.245128810405731201e-01
1.243903711438179016e-01
1.242686584591865540e-01
1.241477206349372864e-01
1.240275725722312927e-01
1.239082068204879761e-01
1.237896159291267395e-01
1.236717998981475830e-01
1.235547736287117004e-01
1.234385073184967041e-01
1.233230158686637878e-01
1.232082843780517578e-01
1.230943053960800171e-01
1.229810789227485657e-01
1.228686124086380005e-01
1.227568835020065308e-01
1.226459071040153503e-01
1.225356385111808777e-01
1.224261075258255005e-01
1.223172843456268311e-01
1.222091764211654663e-01
1.221017688512802124e-01
1.219950541853904724e-01
1.218890324234962463e-01
1.217836886644363403e-01
1.216790005564689636e-01
1.215749755501747131e-01
1.214716136455535889e-01
1.213688850402832031e-01
1.212668046355247498e-01
1.211653351783752441e-01
1.210644915699958801e-01
1.209642440080642700e-01
1.208645924925804138e-01
1.207655295729637146e-01
1.206670477986335754e-01
1.205691322684288025e-01
1.204717755317687988e-01
1.203749626874923706e-01
1.202787011861801147e-01
1.201829463243484497e-01
1.200877279043197632e-01
1.199930086731910706e-01
1.198987960815429688e-01
1.198050677776336670e-01
1.197118237614631653e-01
1.196190491318702698e-01
1.195267364382743835e-01
1.194348707795143127e-01
1.193434521555900574e-01
1.192524582147598267e-01
1.191618889570236206e-01
1.190717220306396484e-01
1.189819648861885071e-01
1.188926026225090027e-01
1.188036054372787476e-01
1.187149956822395325e-01
1.186267361044883728e-01
1.185388267040252686e-01
1.184512600302696228e-01
1.183640211820602417e-01
1.182770952582359314e-01
1.181904822587966919e-01
1.181041747331619263e-01
1.180181354284286499e-01
1.179323792457580566e-01
1.178468838334083557e-01
1.177616342902183533e-01
1.176766380667686462e-01
1.175918504595756531e-01
1.175072789192199707e-01
1.174229234457015991e-01
1.173387542366981506e-01
1.172547489404678345e-01
1.171709224581718445e-01
1.170872449874877930e-01
1.170037016272544861e-01
1.169202774763107300e-01
1.168369799852371216e-01
1.167537644505500793e-01
1.166706532239913940e-01
1.165875941514968872e-01
1.165046095848083496e-01
1.164216473698616028e-01
1.163387298583984375e-01
1.162558272480964661e-01
1.161729171872138977e-01
1.160900145769119263e-01
1.160070672631263733e-01
1.159240752458572388e-01
1.158410459756851196e-01
1.157579347491264343e-01
1.156747415661811829e-01
1.155914738774299622e-01
1.155080795288085938e-01
1.154245659708976746e-01
1.153409257531166077e-01
1.152571216225624084e-01
1.151731833815574646e-01
1.150890514254570007e-01
1.150047481060028076e-01
1.149202510714530945e-01
1.148355305194854736e-01
1.147506013512611389e-01
1.146654412150382996e-01
1.145800501108169556e-01
1.144943982362747192e-01
1.144084930419921875e-01
1.143223047256469727e-01
1.142358481884002686e-01
1.141491010785102844e-01
1.140620633959770203e-01
1.139747053384780884e-01
1.138870418071746826e-01
1.137990653514862061e-01
1.137107610702514648e-01
1.136221066117286682e-01
1.135331317782402039e-01
1.134437993168830872e-01
1.133541092276573181e-01
1.132640689611434937e-01
1.131736561655998230e-01
1.130828931927680969e-01
1.129917353391647339e-01
1.129002049565315247e-01
1.128083094954490662e-01
1.127160042524337769e-01
1.126233115792274475e-01
1.125302314758300781e-01
1.124367639422416687e-01
1.123428717255592346e-01
1.122485846281051636e-01
1.121538951992988586e-01
1.120587959885597229e-01
1.119632720947265625e-01
1.118673309683799744e-01
1.117709800601005554e-01
1.116742119193077087e-01
1.115770116448402405e-01
1.114793717861175537e-01
1.113813221454620361e-01
1.112828254699707031e-01
1.111839041113853455e-01
1.110845357179641724e-01
1.109847351908683777e-01
1.108844876289367676e-01
1.107837930321693420e-01
1.106826514005661011e-01
1.105810627341270447e-01
1.104790344834327698e-01
1.103765368461608887e-01
1.102735847234725952e-01
1.101701781153678894e-01
1.100663095712661743e-01
1.099619716405868530e-01
1.098571866750717163e-01
1.097519174218177795e-01
1.096461936831474304e-01
1.095400005578994751e-01
1.094333305954933167e-01
1.093261912465095520e-01
1.092185825109481812e-01
1.091104969382286072e-01
1.090019419789314270e-01
1.088929101824760437e-01
1.087834089994430542e-01
1.086734384298324585e-01
1.085629835724830627e-01
1.084520593285560608e-01
1.083406656980514526e-01
1.082288101315498352e-01
1.081164851784706116e-01
1.080036908388137817e-01
1.078904420137405396e-01
1.077767238020896912e-01
1.076625585556030273e-01
1.075479388236999512e-01
1.074328646063804626e-01
1.073173508048057556e-01
1.072013899683952332e-01
1.070849969983100891e-01
1.069681867957115173e-01
1.068509370088577271e-01
1.067332774400711060e-01
1.066152080893516541e-01
1.064967364072799683e-01
1.063778623938560486e-01
1.062586084008216858e-01
1.061389669775962830e-01
1.060189455747604370e-01
1.058985665440559387e-01
1.057778298854827881e-01
1.056567355990409851e-01
1.055353134870529175e-01
1.054135560989379883e-01
1.052914783358573914e-01
1.051690801978111267e-01
1.050463840365409851e-01
1.049233898520469666e-01
1.048001199960708618e-01
1.046765670180320740e-01
1.045527607202529907e-01
1.044286936521530151e-01
1.043043732643127441e-01
1.041798219084739685e-01
1.040550470352172852e-01
1.039300411939620972e-01
1.038048416376113892e-01
1.036794409155845642e-01
1.035538390278816223e-01
1.034280657768249512e-01
1.033021211624145508e-01
1.031760051846504211e-01
1.030497401952743530e-01
1.029233261942863464e-01
1.027967706322669983e-01
1.026700884103775024e-01
1.025432795286178589e-01
1.024163588881492615e-01
1.022893264889717102e-01
1.021621972322463989e-01
1.020349711179733276e-01
1.019076630473136902e-01
1.017802730202674866e-01
1.016528084874153137e-01
1.015252768993377686e-01
1.013976931571960449e-01
1.012700498104095459e-01
1.011423617601394653e-01
1.010146290063858032e-01
1.008868664503097534e-01
1.007590740919113159e-01
1.006312593817710876e-01
1.005034372210502625e-01
1.003756001591682434e-01
1.002477481961250305e-01
1.001199185848236084e-01
9.999208897352218628e-02
9.986428171396255493e-02
9.973648190498352051e-02
9.960872679948806763e-02
9.948100149631500244e-02
9.935331344604492188e-02
9.922568500041961670e-02
9.909810870885848999e-02
9.897059202194213867e-02
9.884314984083175659e-02
9.871578961610794067e-02
9.858851134777069092e-02
9.846132993698120117e-02
9.833425283432006836e-02
9.820728003978729248e-02
9.808043390512466431e-02
9.795371443033218384e-02
9.782712906599044800e-02
9.770068526268005371e-02
9.757439047098159790e-02
9.744826704263687134e-02
9.732230752706527710e-02
9.719653427600860596e-02
9.707094728946685791e-02
9.694556146860122681e-02
9.682037681341171265e-02
9.669541567564010620e-02
9.657067060470581055e-02
9.644617140293121338e-02
9.632190316915512085e-02
9.619789570569992065e-02
9.607414901256561279e-02
9.595066308975219727e-02
9.582745283842086792e-02
9.570454061031341553e-02
9.558191150426864624e-02
9.545959532260894775e-02
9.533757716417312622e-02
9.521587193012237549e-02
9.509450197219848633e-02
9.497345238924026489e-02
9.485273808240890503e-02
9.473237395286560059e-02
9.461234509944915771e-02
9.449267387390136719e-02
9.437336027622222900e-02
9.425440430641174316e-02
9.413581341505050659e-02
9.401760250329971313e-02
9.389975666999816895e-02
9.378228336572647095e-02
9.366519749164581299e-02
9.354848414659500122e-02
9.343215823173522949e-02
9.331621974706649780e-02
9.320066124200820923e-02
9.308548271656036377e-02
9.297069907188415527e-02
9.285629540681838989e-02
9.274228662252426147e-02
9.262866526842117310e-02
9.251542389392852783e-02
9.240256994962692261e-02
9.229010343551635742e-02
9.217802435159683228e-02
9.206631779670715332e-02
9.195499867200851440e-02
9.184405207633972168e-02
9.173349291086196899e-02
9.162330627441406250e-02
9.151348471641540527e-02
9.140404313802719116e-02
9.129496663808822632e-02
9.118626266717910767e-02
9.107793122529983521e-02
9.096995741128921509e-02
9.086234867572784424e-02
9.075510501861572266e-02
9.064821153879165649e-02
9.054169058799743652e-02
9.043551981449127197e-02
9.032970666885375977e-02
9.022425115108489990e-02
9.011915326118469238e-02
9.001439809799194336e-02
8.991000801324844360e-02
8.980596065521240234e-02
8.970227837562561035e-02
8.959893882274627686e-02
8.949594944715499878e-02
8.939332515001296997e-02
8.929103612899780273e-02
8.918911218643188477e-02
8.908753097057342529e-02
8.898631483316421509e-02
8.888544142246246338e-02
8.878492563962936401e-02
8.868476003408432007e-02
8.858495205640792847e-02
8.848549425601959229e-02
8.838639408349990845e-02
8.828765153884887695e-02
8.818925917148590088e-02
8.809121698141098022e-02
8.799353241920471191e-02
8.789619803428649902e-02
8.779922127723693848e-02
8.770258724689483643e-02
8.760630339384078979e-02
8.751036971807479858e-02
8.741477876901626587e-02
8.731954544782638550e-02
8.722463995218276978e-02
8.713007718324661255e-02
8.703585714101791382e-02
8.694195747375488281e-02
8.684839308261871338e-02
8.675515651702880859e-02
8.666224032640457153e-02
8.656963706016540527e-02
8.647733926773071289e-02
8.638534694910049438e-02
8.629366010427474976e-02
8.620225638151168823e-02
8.611114323139190674e-02
8.602032065391540527e-02
8.592975139617919922e-02
8.583945780992507935e-02
8.574941754341125488e-02
8.565963804721832275e-02
8.557008951902389526e-02
8.548077195882797241e-02
8.539168536663055420e-02
8.530281484127044678e-02
8.521415293216705322e-02
8.512568473815917969e-02
8.503741025924682617e-02
8.494932204484939575e-02
8.486139774322509766e-02
8.477364480495452881e-02
8.468605577945709229e-02
8.459860086441040039e-02
8.451128751039505005e-02
8.442410826683044434e-02
8.433706313371658325e-02
8.425011485815048218e-02
8.416328579187393188e-02
8.407656103372573853e-02
8.398992568254470825e-02
8.390337973833084106e-02
8.381690829992294312e-02
8.373051136732101440e-02
8.364419639110565186e-02
8.355793356895446777e-02
8.347173035144805908e-02
8.338558673858642578e-02
8.329949527978897095e-02
8.321344107389450073e-02
8.312743157148361206e-02
8.304145932197570801e-02
8.295552432537078857e-02
8.286962658166885376e-02
8.278375118970870972e-02
8.269790560007095337e-02
8.261208981275558472e-02
8.252628892660140991e-02
8.244052529335021973e-02
8.235476911067962646e-02
8.226904273033142090e-02
8.218332380056381226e-02
8.209762722253799438e-02
8.201195299625396729e-02
8.192628622055053711e-02
8.184063434600830078e-02
8.175500482320785522e-02
8.166938275098800659e-02
8.158376812934875488e-02
8.149817585945129395e-02
8.141258358955383301e-02
8.132699877023696899e-02
8.124142140150070190e-02
8.115585148334503174e-02
8.107028156518936157e-02
8.098471164703369141e-02
8.089914172887802124e-02
8.081356436014175415e-02
8.072797954082489014e-02
8.064238727092742920e-02
8.055677264928817749e-02
8.047114312648773193e-02
8.038549125194549561e-02
8.029980957508087158e-02
8.021409809589385986e-02
8.012834936380386353e-02
8.004255592823028564e-02
7.995671778917312622e-02
7.987082004547119141e-02
7.978486269712448120e-02
7.969884574413299561e-02
7.961276173591613770e-02
7.952658832073211670e-02
7.944033294916152954e-02
7.935398817062377930e-02
7.926754653453826904e-02
7.918100059032440186e-02
7.909434288740158081e-02
7.900756597518920898e-02
7.892066985368728638e-02
7.883363962173461914e-02
7.874647527933120728e-02
7.865916937589645386e-02
7.857171446084976196e-02
7.848411053419113159e-02
7.839635014533996582e-02
7.830842584371566772e-02
7.822033017873764038e-02
7.813206315040588379e-02
7.804363220930099487e-02
7.795501500368118286e-02
7.786622643470764160e-02
7.777724415063858032e-02
7.768808305263519287e-02
7.759873569011688232e-02
7.750920206308364868e-02
7.741948962211608887e-02
7.732958346605300903e-02
7.723949104547500610e-02
7.714921981096267700e-02
7.705876231193542480e-02
7.696812599897384644e-02
7.687731087207794189e-02
7.678631693124771118e-02
7.669515907764434814e-02
7.660382986068725586e-02
7.651233673095703125e-02
7.642068713903427124e-02
7.632887363433837891e-02
7.623691856861114502e-02
7.614482194185256958e-02
7.605257630348205566e-02
7.596020400524139404e-02
7.586770504713058472e-02
7.577508687973022461e-02
7.568234205245971680e-02
7.558948546648025513e-02
7.549653202295303345e-02
7.540347427129745483e-02
7.531032711267471313e-02
7.521708309650421143e-02
7.512374967336654663e-02
7.503034919500350952e-02
7.493686676025390625e-02
7.484330981969833374e-02
7.474969327449798584e-02
7.465600967407226562e-02
7.456226646900177002e-02
7.446846365928649902e-02
7.437460869550704956e-02
7.428069412708282471e-02
7.418673485517501831e-02
7.409272342920303345e-02
7.399865984916687012e-02
7.390454411506652832e-02
7.381037622690200806e-02
7.371616363525390625e-02
7.362190634012222290e-02
7.352758944034576416e-02
7.343322038650512695e-02
7.333879917860031128e-02
7.324432581663131714e-02
7.314979285001754761e-02
7.305519282817840576e-02
7.296053320169448853e-02
7.286581397056579590e-02
7.277102768421173096e-02
7.267615944147109985e-02
7.258123159408569336e-02
7.248622924089431763e-02
7.239114493131637573e-02
7.229597866535186768e-02
7.220073789358139038e-02
7.210541516542434692e-02
7.201001048088073730e-02
7.191451638936996460e-02
7.181894034147262573e-02
7.172328233718872070e-02
7.162752747535705566e-02
7.153169810771942139e-02
7.143578678369522095e-02
7.133977860212326050e-02
7.124370336532592773e-02
7.114754617214202881e-02
7.105131447315216064e-02
7.095501571893692017e-02
7.085864245891571045e-02
7.076220959424972534e-02
7.066572457551956177e-02
7.056917995214462280e-02
7.047259062528610229e-02
7.037596404552459717e-02
7.027930766344070435e-02
7.018262892961502075e-02
7.008593529462814331e-02
6.998922675848007202e-02
6.989251822233200073e-02
6.979581713676452637e-02
6.969914585351943970e-02
6.960248947143554688e-02
6.950587779283523560e-02
6.940930336713790894e-02
6.931278109550476074e-02
6.921633332967758179e-02
6.911995261907577515e-02
6.902365386486053467e-02
6.892745196819305420e-02
6.883134692907333374e-02
6.873535364866256714e-02
6.863947957754135132e-02
6.854371726512908936e-02
6.844810396432876587e-02
6.835261732339859009e-02
6.825727969408035278e-02
6.816209852695465088e-02
6.806707382202148438e-02
6.797220557928085327e-02
6.787750124931335449e-02
6.778297573328018188e-02
6.768862158060073853e-02
6.759443879127502441e-02
6.750044226646423340e-02
6.740661710500717163e-02
6.731296330690383911e-02
6.721950322389602661e-02
6.712622195482254028e-02
6.703310459852218628e-02
6.694017350673675537e-02
6.684742122888565063e-02
6.675484031438827515e-02
6.666242331266403198e-02
6.657017022371292114e-02
6.647808849811553955e-02
6.638616323471069336e-02
6.629438698291778564e-02
6.620276719331741333e-02
6.611129641532897949e-02
6.601995974779129028e-02
6.592877209186553955e-02
6.583771109580993652e-02
6.574677675962448120e-02
6.565596908330917358e-02
6.556528806686401367e-02
6.547472625970840454e-02
6.538427621126174927e-02
6.529393792152404785e-02
6.520370393991470337e-02
6.511358171701431274e-02
6.502356380224227905e-02
6.493365764617919922e-02
6.484384834766387939e-02
6.475415080785751343e-02
6.466455012559890747e-02
6.457506120204925537e-02
6.448567658662796021e-02
6.439640372991561890e-02
6.430725008249282837e-02
6.421820074319839478e-02
6.412927806377410889e-02
6.404048204421997070e-02
6.395181268453598022e-02
6.386329233646392822e-02
6.377489864826202393e-02
6.368666142225265503e-02
6.359858065843582153e-02
6.351065635681152344e-02
6.342290341854095459e-02
6.333532929420471191e-02
6.324794888496398926e-02
6.316074728965759277e-02
6.307376176118850708e-02
6.298697739839553833e-02
6.290040910243988037e-02
6.281406432390213013e-02
6.272795796394348145e-02
6.264209002256393433e-02
6.255646795034408569e-02
6.247110292315483093e-02
6.238599121570587158e-02
6.230115145444869995e-02
6.221657991409301758e-02
6.213227659463882446e-02
6.204826012253761292e-02
6.196451932191848755e-02
6.188106909394264221e-02
6.179790198802947998e-02
6.171502172946929932e-02
6.163242831826210022e-02
6.155012175440788269e-02
6.146810576319694519e-02
6.138637289404869080e-02
6.130492314696311951e-02
6.122374534606933594e-02
6.114285066723823547e-02
6.106222048401832581e-02
6.098185107111930847e-02
6.090174987912178040e-02
6.082189455628395081e-02
6.074228137731552124e-02
6.066290289163589478e-02
6.058375909924507141e-02
6.050483137369155884e-02
6.042611598968505859e-02
6.034759804606437683e-02
6.026927754282951355e-02
6.019114702939987183e-02
6.011318415403366089e-02
6.003538519144058228e-02
5.995774269104003906e-02
5.988024547696113586e-02
5.980289727449417114e-02
5.972566828131675720e-02
5.964856222271919250e-02
5.957157537341117859e-02
5.949468910694122314e-02
5.941791087388992310e-02
5.934122577309608459e-02
5.926462635397911072e-02
5.918811634182929993e-02
5.911167711019515991e-02
5.903532728552818298e-02
5.895903706550598145e-02
5.888283252716064453e-02
5.880669504404067993e-02
5.873062834143638611e-02
5.865462869405746460e-02
5.857870727777481079e-02
5.850286036729812622e-02
5.842708796262741089e-02
5.835139751434326172e-02
5.827578902244567871e-02
5.820027366280555725e-02
5.812485143542289734e-02
5.804952606558799744e-02
5.797430872917175293e-02
5.789919570088386536e-02
5.782420933246612549e-02
5.774933844804763794e-02
5.767460539937019348e-02
5.760001018643379211e-02
5.752556025981903076e-02
5.745126307010650635e-02
5.737712234258651733e-02
5.730314925312995911e-02
5.722934752702713013e-02
5.715572088956832886e-02
5.708228051662445068e-02
5.700902640819549561e-02
5.693595856428146362e-02
5.686309561133384705e-02
5.679042637348175049e-02
5.671795830130577087e-02
5.664569512009620667e-02
5.657363682985305786e-02
5.650177970528602600e-02
5.643013119697570801e-02
5.635867640376091003e-02
5.628742277622222900e-02
5.621637403964996338e-02
5.614550411701202393e-02
5.607482418417930603e-02
5.600432679057121277e-02
5.593400076031684875e-02
5.586384236812591553e-02
5.579384416341781616e-02
5.572398751974105835e-02
5.565427616238594055e-02
5.558469519019126892e-02
5.551523342728614807e-02
5.544588342308998108e-02
5.537662655115127563e-02
5.530745908617973328e-02
5.523836240172386169e-02
5.516934022307395935e-02
5.510035902261734009e-02
5.503142252564430237e-02
5.496251210570335388e-02
5.489362031221389771e-02
5.482473596930503845e-02
5.475584790110588074e-02
5.468694493174552917e-02
5.461801961064338684e-02
5.454906448721885681e-02
5.448006466031074524e-02
5.441102385520935059e-02
5.434192344546318054e-02
5.427275970578193665e-02
5.420354008674621582e-02
5.413424596190452576e-02
5.406488105654716492e-02
5.399544164538383484e-02
5.392592772841453552e-02
5.385633558034896851e-02
5.378666892647743225e-02
5.371692776679992676e-02
5.364712327718734741e-02
5.357724428176879883e-02
5.350730568170547485e-02
5.343731492757797241e-02
5.336726456880569458e-02
5.329716950654983521e-02
5.322703719139099121e-02
5.315687879920005798e-02
5.308669805526733398e-02
5.301650241017341614e-02
5.294629931449890137e-02
5.287610739469528198e-02
5.280593037605285645e-02
5.273577198386192322e-02
5.266565456986427307e-02
5.259557440876960754e-02
5.252555012702941895e-02
5.245558544993400574e-02
5.238569527864456177e-02
5.231587961316108704e-02
5.224615335464477539e-02
5.217651650309562683e-02
5.210698395967483521e-02
5.203755199909210205e-02
5.196822807192802429e-02
5.189902335405349731e-02
5.182992666959762573e-02
5.176095664501190186e-02
5.169210582971572876e-02
5.162337049841880798e-02
5.155475810170173645e-02
5.148626863956451416e-02
5.141788721084594727e-02
5.134962126612663269e-02
5.128145590424537659e-02
5.121339485049247742e-02
5.114543437957763672e-02
5.107755586504936218e-02
5.100975558161735535e-02
5.094203352928161621e-02
5.087436735630035400e-02
5.080675706267356873e-02
5.073918402194976807e-02
5.067164450883865356e-02
5.060412362217903137e-02
5.053661391139030457e-02
5.046909675002098083e-02
5.040157213807106018e-02
5.033401772379875183e-02
5.026642605662345886e-02
5.019878968596458435e-02
5.013108998537063599e-02
5.006332322955131531e-02
4.999548196792602539e-02
4.992755502462387085e-02
4.985952749848365784e-02
4.979139938950538635e-02
4.972316324710845947e-02
4.965481162071228027e-02
4.958634078502655029e-02
4.951774701476097107e-02
4.944902658462524414e-02
4.938017949461936951e-02
4.931120201945304871e-02
4.924209788441658020e-02
4.917287081480026245e-02
4.910351708531379700e-02
4.903404787182807922e-02
4.896446317434310913e-02
4.889476671814918518e-02
4.882497340440750122e-02
4.875508695840835571e-02
4.868511483073234558e-02
4.861507192254066467e-02
4.854496195912361145e-02
4.847479611635208130e-02
4.840459302067756653e-02
4.833435639739036560e-02
4.826410859823226929e-02
4.819385334849357605e-02
4.812360927462577820e-02
4.805338382720947266e-02
4.798319563269615173e-02
4.791305586695671082e-02
4.784297943115234375e-02
4.777297377586364746e-02
4.770305007696151733e-02
4.763322696089744568e-02
4.756351187825202942e-02
4.749391227960586548e-02
4.742443561553955078e-02
4.735509678721427917e-02
4.728590324521064758e-02
4.721685871481895447e-02
4.714796692132949829e-02
4.707923159003257751e-02
4.701066017150878906e-02
4.694225266575813293e-02
4.687401279807090759e-02
4.680593311786651611e-02
4.673802107572555542e-02
4.667027294635772705e-02
4.660267755389213562e-02
4.653523489832878113e-02
4.646794125437736511e-02
4.640078917145729065e-02
4.633376747369766235e-02
4.626687243580818176e-02
4.620008915662765503e-02
4.613341018557548523e-02
4.606682807207107544e-02
4.600033164024353027e-02
4.593390598893165588e-02
4.586753994226455688e-02
4.580122232437133789e-02
4.573493823409080505e-02
4.566868394613265991e-02
4.560244083404541016e-02
4.553620144724845886e-02
4.546994343400001526e-02
4.540367424488067627e-02
4.533736780285835266e-02
4.527102783322334290e-02
4.520463198423385620e-02
4.513818398118019104e-02
4.507167264819145203e-02
4.500509053468704224e-02
4.493843019008636475e-02
4.487169533967971802e-02
4.480487853288650513e-02
4.473797976970672607e-02
4.467099905014038086e-02
4.460394009947776794e-02
4.453679546713829041e-02
4.446958005428314209e-02
4.440229013562202454e-02
0.000000000000000000e+00
0.000000000000000000e+00
0.000000000000000000e+00
0.000000000000000000e+00
0.000000000000000000e+00
0.000000000000000000e+00
0.000000000000000000e+00
0.000000000000000000e+00
0.000000000000000000e+00
0.000000000000000000e+00
0.000000000000000000e+00
0.000000000000000000e+00
0.000000000000000000e+00
0.000000000000000000e+00
0.000000000000000000e+00
0.000000000000000000e+00
0.000000000000000000e+00
0.000000000000000000e+00
0.000000000000000000e+00
0.000000000000000000e+00
0.000000000000000000e+00
0.000000000000000000e+00
0.000000000000000000e+00
0.000000000000000000e+00
0.000000000000000000e+00
0.000000000000000000e+00
0.000000000000000000e+00
0.000000000000000000e+00
0.000000000000000000e+00
0.000000000000000000e+00
0.000000000000000000e+00
0.000000000000000000e+00
0.000000000000000000e+00
0.000000000000000000e+00
0.000000000000000000e+00
0.000000000000000000e+00
0.000000000000000000e+00
0.000000000000000000e+00
0.000000000000000000e+00
0.000000000000000000e+00
0.000000000000000000e+00
0.000000000000000000e+00
0.000000000000000000e+00
0.000000000000000000e+00
0.000000000000000000e+00
0.000000000000000000e+00
0.000000000000000000e+00
0.000000000000000000e+00
0.000000000000000000e+00
0.000000000000000000e+00
0.000000000000000000e+00
0.000000000000000000e+00
0.000000000000000000e+00
0.000000000000000000e+00
0.000000000000000000e+00
0.000000000000000000e+00
0.000000000000000000e+00
0.000000000000000000e+00
0.000000000000000000e+00
0.000000000000000000e+00
0.000000000000000000e+00
0.000000000000000000e+00
0.000000000000000000e+00
0.000000000000000000e+00
0.000000000000000000e+00
0.000000000000000000e+00
0.000000000000000000e+00
0.000000000000000000e+00
0.000000000000000000e+00
0.000000000000000000e+00
0.000000000000000000e+00
0.000000000000000000e+00
0.000000000000000000e+00
0.000000000000000000e+00
0.000000000000000000e+00
0.000000000000000000e+00
0.000000000000000000e+00
0.000000000000000000e+00
0.000000000000000000e+00
0.000000000000000000e+00
0.000000000000000000e+00
0.000000000000000000e+00
0.000000000000000000e+00
0.000000000000000000e+00
0.000000000000000000e+00
0.000000000000000000e+00
0.000000000000000000e+00
0.000000000000000000e+00
0.000000000000000000e+00
0.000000000000000000e+00
0.000000000000000000e+00
0.000000000000000000e+00
0.000000000000000000e+00
0.000000000000000000e+00
0.000000000000000000e+00
0.000000000000000000e+00
0.000000000000000000e+00
0.000000000000000000e+00
0.000000000000000000e+00
0.000000000000000000e+00
