# tt
1.089506103515625000e+03
1.030210083007812500e+03
9.710386352539062500e+02
9.249093017578125000e+02
8.915982055664062500e+02
8.688815307617187500e+02
8.540347900390625000e+02
8.453114624023437500e+02
8.413563842773437500e+02
8.406700439453125000e+02
8.436809082031250000e+02
8.483517456054687500e+02
8.544796752929687500e+02
8.610486450195312500e+02
8.697133789062500000e+02
8.803221435546875000e+02
8.915811767578125000e+02
9.043352050781250000e+02
9.168374633789062500e+02
9.299183959960937500e+02
9.435112915039062500e+02
9.571771850585937500e+02
9.712977905273437500e+02
9.859697265625000000e+02
1.000693176269531250e+03
1.015912414550781250e+03
1.031470458984375000e+03
1.047132324218750000e+03
1.063265991210937500e+03
1.079239868164062500e+03
1.095828735351562500e+03
1.112554199218750000e+03
1.129376953125000000e+03
1.146743041992187500e+03
1.163845581054687500e+03
1.181297729492187500e+03
1.199044189453125000e+03
1.217173461914062500e+03
1.235401123046875000e+03
1.253733520507812500e+03
1.272150024414062500e+03
1.290697265625000000e+03
1.309347778320312500e+03
1.328296875000000000e+03
1.347453369140625000e+03
1.366840698242187500e+03
1.386344848632812500e+03
1.406074096679687500e+03
1.425988525390625000e+03
1.446112182617187500e+03
1.466502441406250000e+03
1.486984008789062500e+03
1.507604492187500000e+03
1.528262695312500000e+03
1.549160522460937500e+03
1.570375610351562500e+03
1.591842895507812500e+03
1.613571533203125000e+03
1.635422119140625000e+03
1.657554809570312500e+03
1.679841796875000000e+03
1.702305908203125000e+03
1.724970581054687500e+03
1.747858642578125000e+03
1.771053344726562500e+03
1.794432861328125000e+03
1.818010253906250000e+03
1.841797973632812500e+03
1.865734619140625000e+03
1.889785156250000000e+03
1.914168334960937500e+03
1.938832519531250000e+03
1.963874389648437500e+03
1.989317016601562500e+03
2.015004150390625000e+03
2.040883911132812500e+03
2.066949218750000000e+03
2.093193115234375000e+03
2.119608154296875000e+03
2.146354248046875000e+03
2.173294189453125000e+03
2.200531738281250000e+03
2.228023193359375000e+03
2.255723144531250000e+03
2.283730468750000000e+03
2.311970947265625000e+03
2.340363769531250000e+03
2.368977539062500000e+03
2.397806884765625000e+03
2.426772216796875000e+03
2.456022949218750000e+03
2.485412353515625000e+03
2.515016845703125000e+03
2.544837890625000000e+03
2.574803466796875000e+03
2.605063720703125000e+03
2.635546142578125000e+03
2.666178710937500000e+03
2.697111572265625000e+03
2.728198242187500000e+03
2.759514404296875000e+03
2.791062500000000000e+03
2.822770019531250000e+03
2.854712646484375000e+03
2.886818359375000000e+03
2.919088867187500000e+03
2.951600585937500000e+03
2.984280761718750000e+03
3.017131591796875000e+03
3.050079833984375000e+03
3.083199707031250000e+03
3.116564941406250000e+03
3.149951904296875000e+03
3.183583007812500000e+03
3.217234375000000000e+03
3.251054199218750000e+03
3.285041748046875000e+03
3.319047363281250000e+03
3.353219726562500000e+03
3.387408935546875000e+03
3.421688964843750000e+03
3.456059082031250000e+03
3.490518310546875000e+03
3.524992431640625000e+03
3.559554687500000000e+03
3.594129394531250000e+03
3.628717041015625000e+03
3.663316162109375000e+03
3.697926513671875000e+03
3.732547607421875000e+03
3.767179443359375000e+03
3.801747314453125000e+03
3.836326171875000000e+03
3.870916015625000000e+03
3.905368164062500000e+03
3.939757812500000000e+03
3.974158691406250000e+03
4.008347656250000000e+03
4.042548828125000000e+03
4.076613525390625000e+03
4.110541015625000000e+03
4.144406738281250000e+03
4.178062011718750000e+03
4.211580566406250000e+03
4.244962890625000000e+03
4.278135742187500000e+03
4.311098144531250000e+03
4.343924804687500000e+03
4.376541503906250000e+03
4.408948242187500000e+03
4.441070312500000000e+03
4.473056152343750000e+03
4.504829589843750000e+03
4.536390136718750000e+03
4.567663085937500000e+03
4.598795898437500000e+03
4.629713867187500000e+03
4.660416503906250000e+03
4.690901855468750000e+03
4.721096191406250000e+03
4.751072265625000000e+03
4.780829589843750000e+03
4.810218750000000000e+03
4.839387207031250000e+03
4.868186523437500000e+03
4.896764160156250000e+03
4.924895507812500000e+03
4.952804199218750000e+03
4.980265136718750000e+03
5.007427246093750000e+03
5.034141113281250000e+03
5.060479980468750000e+03
5.086442871093750000e+03
5.112028808593750000e+03
5.137089355468750000e+03
5.161772460937500000e+03
5.186004882812500000e+03
5.209711914062500000e+03
5.233042480468750000e+03
5.255848632812500000e+03
5.278204101562500000e+03
5.300035156250000000e+03
5.321416992187500000e+03
5.342349121093750000e+03
5.362683105468750000e+03
5.382567871093750000e+03
5.402004394531250000e+03
5.420843261718750000e+03
5.439233398437500000e+03
5.457026855468750000e+03
5.474373046875000000e+03
5.491122558593750000e+03
5.507424316406250000e+03
5.523130371093750000e+03
5.538315429687500000e+03
5.552978515625000000e+03
5.567121582031250000e+03
5.580743652343750000e+03
5.593771484375000000e+03
5.606278320312500000e+03
5.618190917968750000e+03
5.629508789062500000e+03
5.640231445312500000e+03
5.650359375000000000e+03
5.659892089843750000e+03
5.668829589843750000e+03
5.677096679687500000e+03
5.684693847656250000e+03
5.691770019531250000e+03
5.698176269531250000e+03
5.703985839843750000e+03
5.709199707031250000e+03
5.713742675781250000e+03
5.717688964843750000e+03
5.721039062500000000e+03
5.723792480468750000e+03
5.725874511718750000e+03
5.727358886718750000e+03
5.728172363281250000e+03
5.728388671875000000e+03
5.727933105468750000e+03
5.726805664062500000e+03
5.725080078125000000e+03
5.722682617187500000e+03
5.719687500000000000e+03
5.716019531250000000e+03
5.711753417968750000e+03
5.706888671875000000e+03
5.701351074218750000e+03
5.695140625000000000e+03
5.688405273437500000e+03
5.680997070312500000e+03
5.672915039062500000e+03
5.664308105468750000e+03
5.655027832031250000e+03
5.645221679687500000e+03
5.634741699218750000e+03
5.623661621093750000e+03
5.611981933593750000e+03
5.599776367187500000e+03
5.586896484375000000e+03
5.573489746093750000e+03
5.559482910156250000e+03
5.544875976562500000e+03
5.529741699218750000e+03
5.514006347656250000e+03
5.497744628906250000e+03
5.480956054687500000e+03
5.463640136718750000e+03
5.445722656250000000e+03
5.427277832031250000e+03
5.408380859375000000e+03
5.388881835937500000e+03
5.368855957031250000e+03
5.348303710937500000e+03
5.327298828125000000e+03
5.305767089843750000e+03
5.283708496093750000e+03
5.261271972656250000e+03
5.238309082031250000e+03
5.214894042968750000e+03
5.191101074218750000e+03
5.166856445312500000e+03
5.142159667968750000e+03
5.117085449218750000e+03
5.091559570312500000e+03
5.065655761718750000e+03
5.039375000000000000e+03
5.012642578125000000e+03
4.985533203125000000e+03
4.958120605468750000e+03
4.930331054687500000e+03
4.902164550781250000e+03
4.873621093750000000e+03
4.844849609375000000e+03
4.815626953125000000e+03
4.786176269531250000e+03
4.756423339843750000e+03
4.726367675781250000e+03
4.696084472656250000e+03
4.665425292968750000e+03
4.634612304687500000e+03
4.603497558593750000e+03
4.572154785156250000e+03
4.540510253906250000e+03
4.508712890625000000e+03
4.476687988281250000e+03
4.444510253906250000e+03
4.412105468750000000e+03
4.379547363281250000e+03
4.346762207031250000e+03
4.313898925781250000e+03
4.280808593750000000e+03
4.247640136718750000e+03
4.214319335937500000e+03
4.180845703125000000e+03
4.147220214843750000e+03
4.113590332031250000e+03
4.079808837890625000e+03
4.045949707031250000e+03
4.012012207031250000e+03
3.978072021484375000e+03
3.944054199218750000e+03
3.910033691406250000e+03
3.875935791015625000e+03
3.841835205078125000e+03
3.807732421875000000e+03
3.773701660156250000e+03
3.739593994140625000e+03
3.705558837890625000e+03
3.671596191406250000e+03
3.637631835937500000e+03
3.603739990234375000e+03
3.569846679687500000e+03
3.536100585937500000e+03
3.502427978515625000e+03
3.468902343750000000e+03
3.435450683593750000e+03
3.402072509765625000e+03
3.368842285156250000e+03
3.335760253906250000e+03
3.302826416015625000e+03
3.270041259765625000e+03
3.237479003906250000e+03
3.204990966796875000e+03
3.172726318359375000e+03
3.140685302734375000e+03
3.108793212890625000e+03
3.077124511718750000e+03
3.045680175781250000e+03
3.014459228515625000e+03
2.983462890625000000e+03
2.952764648437500000e+03
2.922291015625000000e+03
2.892041992187500000e+03
2.862092041015625000e+03
2.832366455078125000e+03
2.803014892578125000e+03
2.773888183593750000e+03
2.745061279296875000e+03
2.716534179687500000e+03
2.688380859375000000e+03
2.660527832031250000e+03
2.632900878906250000e+03
2.605722412109375000e+03
2.578770263671875000e+03
2.552193115234375000e+03
2.525990966796875000e+03
2.500089355468750000e+03
2.474637939453125000e+03
2.449487060546875000e+03
2.424711914062500000e+03
2.400312011718750000e+03
2.376287353515625000e+03
2.352712158203125000e+03
2.329512451171875000e+03
2.306688232421875000e+03
2.284239257812500000e+03
2.262239746093750000e+03
2.240615478515625000e+03
2.219441162109375000e+03
2.198641845703125000e+03
2.178291992187500000e+03
2.158317626953125000e+03
2.138792968750000000e+03
2.119717529296875000e+03
2.101017822265625000e+03
2.082841796875000000e+03
2.065041015625000000e+03
2.047689697265625000e+03
2.030713867187500000e+03
2.014261840820312500e+03
1.998259155273437500e+03
1.982631835937500000e+03
1.967453979492187500e+03
1.952800292968750000e+03
1.938521484375000000e+03
1.924692260742187500e+03
1.911386962890625000e+03
1.898456909179687500e+03
1.885976318359375000e+03
1.873945190429687500e+03
1.862437866210937500e+03
1.851305664062500000e+03
1.840623168945312500e+03
1.830390014648437500e+03
1.820606567382812500e+03
1.811272338867187500e+03
1.802387695312500000e+03
1.793952514648437500e+03
1.785892578125000000e+03
1.778356445312500000e+03
1.771195312500000000e+03
1.764483520507812500e+03
1.758221435546875000e+03
1.752334350585937500e+03
1.746896850585937500e+03
1.741908569335937500e+03
1.737295532226562500e+03
1.733131835937500000e+03
1.729417724609375000e+03
1.726078491210937500e+03
1.723114135742187500e+03
1.720599121093750000e+03
1.718458862304687500e+03
1.716767822265625000e+03
1.715451538085937500e+03
1.714509887695312500e+03
1.713942871093750000e+03
1.713750366210937500e+03
1.713932495117187500e+03
1.714489257812500000e+03
1.715345947265625000e+03
1.716651489257812500e+03
1.718256958007812500e+03
1.720236694335937500e+03
1.722516479492187500e+03
1.725170288085937500e+03
1.728198364257812500e+03
1.731526123046875000e+03
1.735153564453125000e+03
1.739080566406250000e+03
1.743307373046875000e+03
1.747908081054687500e+03
1.752808105468750000e+03
1.757933349609375000e+03
1.763358032226562500e+03
1.769082031250000000e+03
1.775105468750000000e+03
1.781353637695312500e+03
1.787826782226562500e+03
1.794598999023437500e+03
1.801595947265625000e+03
1.808817749023437500e+03
1.816264160156250000e+03
1.824009643554687500e+03
1.831905273437500000e+03
1.840099487304687500e+03
1.848444091796875000e+03
1.857013183593750000e+03
1.865732177734375000e+03
1.874675537109375000e+03
1.883768920898437500e+03
1.893086425781250000e+03
1.902479492187500000e+03
1.912096557617187500e+03
1.921789062500000000e+03
1.931631347656250000e+03
1.941697509765625000e+03
1.951839111328125000e+03
1.962055541992187500e+03
1.972495849609375000e+03
1.982936523437500000e+03
1.993526367187500000e+03
2.004265258789062500e+03
2.015004272460937500e+03
2.025817626953125000e+03
2.036779663085937500e+03
2.047741455078125000e+03
2.058777099609375000e+03
2.069812255859375000e+03
2.080921386718750000e+03
2.092029785156250000e+03
2.103211669921875000e+03
2.114392578125000000e+03
2.125646728515625000e+03
2.136825195312500000e+03
2.148076904296875000e+03
2.159326904296875000e+03
2.170500976562500000e+03
2.181673583984375000e+03
2.192844238281250000e+03
2.203938476562500000e+03
2.215031005859375000e+03
2.226046630859375000e+03
2.236985595703125000e+03
2.247922363281250000e+03
2.258781738281250000e+03
2.269564697265625000e+03
2.280270019531250000e+03
2.290972412109375000e+03
2.301523193359375000e+03
2.311922119140625000e+03
2.322317382812500000e+03
2.332560791015625000e+03
2.342651855468750000e+03
2.352665039062500000e+03
2.362525390625000000e+03
2.372307617187500000e+03
2.381862792968750000e+03
2.391339355468750000e+03
2.400662841796875000e+03
2.409907470703125000e+03
2.418924804687500000e+03
2.427788574218750000e+03
2.436498779296875000e+03
2.445055419921875000e+03
2.453458251953125000e+03
2.461706787109375000e+03
2.469653320312500000e+03
2.477520019531250000e+03
2.485158691406250000e+03
2.492569335937500000e+03
2.499826904296875000e+03
2.506856689453125000e+03
2.513733398437500000e+03
2.520382568359375000e+03
2.526804931640625000e+03
2.533000244140625000e+03
2.539042724609375000e+03
2.544858886718750000e+03
2.550448486328125000e+03
2.555885986328125000e+03
2.561022949218750000e+03
2.566008056640625000e+03
2.570692871093750000e+03
2.575226562500000000e+03
2.579534423828125000e+03
2.583542480468750000e+03
2.587325439453125000e+03
2.590883056640625000e+03
2.594215576171875000e+03
2.597323242187500000e+03
2.600206298828125000e+03
2.602790527343750000e+03
2.605150390625000000e+03
2.607286132812500000e+03
2.609197509765625000e+03
2.610885009765625000e+03
2.612348632812500000e+03
2.613514404296875000e+03
2.614456542968750000e+03
2.615175537109375000e+03
2.615671142578125000e+03
2.615943847656250000e+03
2.615919189453125000e+03
2.615671875000000000e+03
2.615202148437500000e+03
2.614510009765625000e+03
2.613595458984375000e+03
2.612458740234375000e+03
2.611025634765625000e+03
2.609445068359375000e+03
2.607568603515625000e+03
2.605544921875000000e+03
2.603225585937500000e+03
2.600684814453125000e+03
2.597997558593750000e+03
2.595014892578125000e+03
2.591885742187500000e+03
2.588461914062500000e+03
2.584891357421875000e+03
2.581100585937500000e+03
2.577089111328125000e+03
2.572857421875000000e+03
2.568479736328125000e+03
2.563881591796875000e+03
2.559063232421875000e+03
2.554099365234375000e+03
2.548915527343750000e+03
2.543585937500000000e+03
2.538036621093750000e+03
2.532341552734375000e+03
2.526501220703125000e+03
2.520441650390625000e+03
2.514161865234375000e+03
2.507811767578125000e+03
2.501241943359375000e+03
2.494527343750000000e+03
2.487667480468750000e+03
2.480588623046875000e+03
2.473439453125000000e+03
2.466145507812500000e+03
2.458632568359375000e+03
2.451049316406250000e+03
2.443321533203125000e+03
2.435523681640625000e+03
2.427507324218750000e+03
2.419495361328125000e+03
2.411264648437500000e+03
2.402964355468750000e+03
2.394594238281250000e+03
2.386154541015625000e+03
2.377571044921875000e+03
2.368917968750000000e+03
2.360195556640625000e+03
2.351329101562500000e+03
2.342468017578125000e+03
2.333463623046875000e+03
2.324464111328125000e+03
2.315395751953125000e+03
2.306258544921875000e+03
2.297126464843750000e+03
2.287851562500000000e+03
2.278582031250000000e+03
2.269318115234375000e+03
2.259985839843750000e+03
2.250659423828125000e+03
2.241264160156250000e+03
2.231875000000000000e+03
2.222492187500000000e+03
2.213040771484375000e+03
2.203669677734375000e+03
2.194230224609375000e+03
2.184870849609375000e+03
2.175443359375000000e+03
2.166096191406250000e+03
2.156754882812500000e+03
2.147419921875000000e+03
2.138164794921875000e+03
2.128916015625000000e+03
2.119673095703125000e+03
2.110510742187500000e+03
2.101354248046875000e+03
2.092277832031250000e+03
2.083282226562500000e+03
2.074366699218750000e+03
2.065457275390625000e+03
2.056702392578125000e+03
2.047953613281250000e+03
2.039285400390625000e+03
2.030771606445312500e+03
2.022264038085937500e+03
2.013911132812500000e+03
2.005638671875000000e+03
1.997520751953125000e+03
1.989408935546875000e+03
1.981526367187500000e+03
1.973649658203125000e+03
1.965927734375000000e+03
1.958360473632812500e+03
1.950873657226562500e+03
1.943541625976562500e+03
1.936364257812500000e+03
1.929267456054687500e+03
1.922325073242187500e+03
1.915537719726562500e+03
1.908905151367187500e+03
1.902427124023437500e+03
1.896104003906250000e+03
1.889861328125000000e+03
1.883847778320312500e+03
1.877988891601562500e+03
1.872284667968750000e+03
1.866735351562500000e+03
1.861415283203125000e+03
1.856175537109375000e+03
1.851165039062500000e+03
1.846309204101562500e+03
1.841682495117187500e+03
1.837135986328125000e+03
1.832892822265625000e+03
1.828729736328125000e+03
1.824795043945312500e+03
1.821088867187500000e+03
1.817536499023437500e+03
1.814137817382812500e+03
1.810967285156250000e+03
1.808024414062500000e+03
1.805235107421875000e+03
1.802673217773437500e+03
1.800264160156250000e+03
1.798082641601562500e+03
1.796053710937500000e+03
1.794251586914062500e+03
1.792676391601562500e+03
1.791253662109375000e+03
1.790131713867187500e+03
1.789087158203125000e+03
1.788343505859375000e+03
1.787751342773437500e+03
1.787385253906250000e+03
1.787170532226562500e+03
1.787181396484375000e+03
1.787417724609375000e+03
1.787805175781250000e+03
1.788417724609375000e+03
1.789255249023437500e+03
1.790317749023437500e+03
1.791530761718750000e+03
1.792893798828125000e+03
1.794555786132812500e+03
1.796367797851562500e+03
1.798329711914062500e+03
1.800515502929687500e+03
1.802925292968750000e+03
1.805484252929687500e+03
1.808266967773437500e+03
1.811198730468750000e+03
1.814353759765625000e+03
1.817657836914062500e+03
1.821184692382812500e+03
1.824860229492187500e+03
1.828758178710937500e+03
1.832804687500000000e+03
1.837073486328125000e+03
1.841415771484375000e+03
1.845980468750000000e+03
1.850766967773437500e+03
1.855626708984375000e+03
1.860708007812500000e+03
1.865936767578125000e+03
1.871312255859375000e+03
1.876834716796875000e+03
1.882503784179687500e+03
1.888319335937500000e+03
1.894355346679687500e+03
1.900463378906250000e+03
1.906717407226562500e+03
1.913117065429687500e+03
1.919662597656250000e+03
1.926353271484375000e+03
1.933115112304687500e+03
1.940021972656250000e+03
1.947073730468750000e+03
1.954196166992187500e+03
1.961463134765625000e+03
1.968874267578125000e+03
1.976281250000000000e+03
1.983906738281250000e+03
1.991527221679687500e+03
1.999365844726562500e+03
2.007199462890625000e+03
2.015176513671875000e+03
2.023222290039062500e+03
2.031337036132812500e+03
2.039520141601562500e+03
2.047771728515625000e+03
2.056091552734375000e+03
2.064553710937500000e+03
2.073009277343750000e+03
2.081532714843750000e+03
2.090123535156250000e+03
2.098781982421875000e+03
2.107433105468750000e+03
2.116151367187500000e+03
2.124936279296875000e+03
2.133713623046875000e+03
2.142483398437500000e+03
2.151319091796875000e+03
2.160146972656250000e+03
2.169040771484375000e+03
2.177926025390625000e+03
2.186802246093750000e+03
2.195595703125000000e+03
2.204454345703125000e+03
2.213303955078125000e+03
2.222144042968750000e+03
2.230974609375000000e+03
2.239795654296875000e+03
2.248532470703125000e+03
2.257259521484375000e+03
2.265902343750000000e+03
2.274609619140625000e+03
2.283158203125000000e+03
2.291771240234375000e+03
2.300225585937500000e+03
2.308743896484375000e+03
2.317103515625000000e+03
2.325453125000000000e+03
2.333792236328125000e+03
2.341972412109375000e+03
2.350142333984375000e+03
2.358152832031250000e+03
2.366153320312500000e+03
2.374068847656250000e+03
2.381824951171875000e+03
2.389570556640625000e+03
2.397156982421875000e+03
2.404657958984375000e+03
2.411999755859375000e+03
2.419256347656250000e+03
2.426427978515625000e+03
2.433439697265625000e+03
2.440291992187500000e+03
2.447058593750000000e+03
2.453740234375000000e+03
2.460261718750000000e+03
2.466623535156250000e+03
2.472899658203125000e+03
2.479015869140625000e+03
2.485046630859375000e+03
2.490916992187500000e+03
2.496553222656250000e+03
2.502103515625000000e+03
2.507493652343750000e+03
2.512723632812500000e+03
2.517792968750000000e+03
2.522702148437500000e+03
2.527376708984375000e+03
2.531965087890625000e+03
2.536318359375000000e+03
2.540511474609375000e+03
2.544469482421875000e+03
2.548341064453125000e+03
2.551977539062500000e+03
2.555453369140625000e+03
2.558693847656250000e+03
2.561848144531250000e+03
2.564767089843750000e+03
2.567450927734375000e+03
2.570048339843750000e+03
2.572336425781250000e+03
2.574538574218750000e+03
2.576506103515625000e+03
2.578239257812500000e+03
2.579737792968750000e+03
2.581076660156250000e+03
2.582181152343750000e+03
2.583052001953125000e+03
2.583763183593750000e+03
2.584240722656250000e+03
2.584558593750000000e+03
2.584643310546875000e+03
2.584494628906250000e+03
2.584187255859375000e+03
2.583720947265625000e+03
2.583021484375000000e+03
2.582089355468750000e+03
2.580924560546875000e+03
2.579527099609375000e+03
2.577971435546875000e+03
2.576109130859375000e+03
2.574088867187500000e+03
2.571836914062500000e+03
2.569352783203125000e+03
2.566710937500000000e+03
2.563837646484375000e+03
2.560807128906250000e+03
2.557545166015625000e+03
2.554051757812500000e+03
2.550401367187500000e+03
2.546520263671875000e+03
2.542482421875000000e+03
2.538139160156250000e+03
2.533639892578125000e+03
2.528909667968750000e+03
2.523949218750000000e+03
2.518833007812500000e+03
2.513486572265625000e+03
2.507983886718750000e+03
2.502251708984375000e+03
2.496289794921875000e+03
2.490172363281250000e+03
2.483899658203125000e+03
2.477471923828125000e+03
2.470814941406250000e+03
2.463928955078125000e+03
2.456887939453125000e+03
2.449618164062500000e+03
2.442194091796875000e+03
2.434615722656250000e+03
2.426809326171875000e+03
2.418775146484375000e+03
2.410661865234375000e+03
2.402321289062500000e+03
2.393827880859375000e+03
2.385182128906250000e+03
2.376384033203125000e+03
2.367433837890625000e+03
2.358332031250000000e+03
2.349078613281250000e+03
2.339599609375000000e+03
2.330044189453125000e+03
2.320412353515625000e+03
2.310555664062500000e+03
2.300548583984375000e+03
2.290466308593750000e+03
2.280233886718750000e+03
2.269852294921875000e+03
2.259321777343750000e+03
2.248642089843750000e+03
2.237888183593750000e+03
2.226985839843750000e+03
2.215935546875000000e+03
2.204885986328125000e+03
2.193614257812500000e+03
2.182343994140625000e+03
2.170927001953125000e+03
2.159437011718750000e+03
2.147800781250000000e+03
2.136166748046875000e+03
2.124386718750000000e+03
2.112535156250000000e+03
2.100612548828125000e+03
2.088618896484375000e+03
2.076554443359375000e+03
2.064345458984375000e+03
2.052140625000000000e+03
2.039865844726562500e+03
2.027521484375000000e+03
2.015107666015625000e+03
2.002698974609375000e+03
1.990147094726562500e+03
1.977601074218750000e+03
1.964986572265625000e+03
1.952378417968750000e+03
1.939702270507812500e+03
1.927033081054687500e+03
1.914370727539062500e+03
1.901641113281250000e+03
1.888844482421875000e+03
1.876129272460937500e+03
1.863346801757812500e+03
1.850572021484375000e+03
1.837804565429687500e+03
1.825044433593750000e+03
1.812291625976562500e+03
1.799546752929687500e+03
1.786809326171875000e+03
1.774079711914062500e+03
1.761357910156250000e+03
1.748718017578125000e+03
1.736011962890625000e+03
1.723388183593750000e+03
1.710846679687500000e+03
1.698313232421875000e+03
1.685787963867187500e+03
1.673270874023437500e+03
1.660910766601562500e+03
1.648484741210937500e+03
1.636141235351562500e+03
1.623880737304687500e+03
1.611703002929687500e+03
1.599533935546875000e+03
1.587447753906250000e+03
1.575444580078125000e+03
1.563450317382812500e+03
1.551613525390625000e+03
1.539859863281250000e+03
1.528115356445312500e+03
1.516528320312500000e+03
1.504950561523437500e+03
1.493530517578125000e+03
1.482194091796875000e+03
1.470866943359375000e+03
1.459697875976562500e+03
1.448686767578125000e+03
1.437685058593750000e+03
1.426841674804687500e+03
1.416082275390625000e+03
1.405481079101562500e+03
1.394963989257812500e+03
1.384531005859375000e+03
1.374256591796875000e+03
1.364066406250000000e+03
1.353960571289062500e+03
1.344087646484375000e+03
1.334299194335937500e+03
1.324595214843750000e+03
1.315050170898437500e+03
1.305663330078125000e+03
1.296360839843750000e+03
1.287216552734375000e+03
1.278156127929687500e+03
1.269328125000000000e+03
1.260583740234375000e+03
1.251996948242187500e+03
1.243567993164062500e+03
1.235222167968750000e+03
1.227033569335937500e+03
1.219076782226562500e+03
1.211202636718750000e+03
1.203485595703125000e+03
1.195925292968750000e+03
1.188521728515625000e+03
1.181200439453125000e+03
1.174109985351562500e+03
1.167175659179687500e+03
1.160323364257812500e+03
1.153701538085937500e+03
1.147161132812500000e+03
1.140851074218750000e+03
1.134696533203125000e+03
1.128623168945312500e+03
1.122779663085937500e+03
1.117016967773437500e+03
1.111483764648437500e+03
1.106105590820312500e+03
1.100808105468750000e+03
1.095739501953125000e+03
1.090825561523437500e+03
1.086066162109375000e+03
1.081460937500000000e+03
1.076935913085937500e+03
1.072639038085937500e+03
1.068496215820312500e+03
1.064507202148437500e+03
1.060671875000000000e+03
1.056990112304687500e+03
1.053461791992187500e+03
1.050086791992187500e+03
1.046864868164062500e+03
1.043870361328125000e+03
1.040954467773437500e+03
1.038191406250000000e+03
1.035580810546875000e+03
1.033122924804687500e+03
1.030817260742187500e+03
1.028663818359375000e+03
1.026662719726562500e+03
1.024813354492187500e+03
1.023116149902343750e+03
1.021496398925781250e+03
1.020102661132812500e+03
1.018786132812500000e+03
1.017621093750000000e+03
1.016607543945312500e+03
1.015745239257812500e+03
1.014959716796875000e+03
1.014325256347656250e+03
1.013841796875000000e+03
1.013509216308593750e+03
1.013252929687500000e+03
1.013147338867187500e+03
1.013192321777343750e+03
1.013313293457031250e+03
1.013584594726562500e+03
1.014006103515625000e+03
1.014503356933593750e+03
1.015150695800781250e+03
1.015873535156250000e+03
1.016746093750000000e+03
1.017693908691406250e+03
1.018791381835937500e+03
1.019963928222656250e+03
1.021211608886718750e+03
1.022608337402343750e+03
1.024079956054687500e+03
1.025626220703125000e+03
1.027321411132812500e+03
1.029016845703125000e+03
1.030935180664062500e+03
1.032853515625000000e+03
1.034920166015625000e+03
1.036986694335937500e+03
1.039201416015625000e+03
1.041489990234375000e+03
1.043777954101562500e+03
1.046213867187500000e+03
1.048723266601562500e+03
1.051231689453125000e+03
1.053887695312500000e+03
1.056542602539062500e+03
1.059344970703125000e+03
1.062145874023437500e+03
1.064945312500000000e+03
1.067891967773437500e+03
1.070836791992187500e+03
1.073854248046875000e+03
1.076944091796875000e+03
1.080031982421875000e+03
1.083192138671875000e+03
1.086424438476562500e+03
1.089580444335937500e+03
1.092882568359375000e+03
1.096182250976562500e+03
1.099479736328125000e+03
1.102774536132812500e+03
1.106140869140625000e+03
1.109578979492187500e+03
1.112939941406250000e+03
1.116372314453125000e+03
1.119801757812500000e+03
1.123228027343750000e+03
1.126725585937500000e+03
1.130145507812500000e+03
1.133636596679687500e+03
1.137124145507812500e+03
1.140533935546875000e+03
1.144014404296875000e+03
1.147491333007812500e+03
1.150890136718750000e+03
1.154359497070312500e+03
1.157750610351562500e+03
1.161212036132812500e+03
1.164595092773437500e+03
1.167899780273437500e+03
1.171274414062500000e+03
1.174570434570312500e+03
1.177861938476562500e+03
1.181149169921875000e+03
1.184357299804687500e+03
1.187560791015625000e+03
1.190759643554687500e+03
1.193879272460937500e+03
1.196994018554687500e+03
1.200029296875000000e+03
1.202985351562500000e+03
1.205936157226562500e+03
1.208881835937500000e+03
1.211673339843750000e+03
1.214459472656250000e+03
1.217240112304687500e+03
1.219940795898437500e+03
1.222561645507812500e+03
1.225102294921875000e+03
1.227636962890625000e+03
1.230091552734375000e+03
1.232465698242187500e+03
1.234834106445312500e+03
1.237047729492187500e+03
1.239255737304687500e+03
1.241383666992187500e+03
1.243431518554687500e+03
1.245399536132812500e+03
1.247287719726562500e+03
1.249096069335937500e+03
1.250824707031250000e+03
1.252473632812500000e+03
1.254117553710937500e+03
1.255607421875000000e+03
1.257017944335937500e+03
1.258349121093750000e+03
1.259675292968750000e+03
1.260848022460937500e+03
1.261941528320312500e+03
1.262956054687500000e+03
1.263891479492187500e+03
1.264748046875000000e+03
1.265525756835937500e+03
1.266150268554687500e+03
1.266770385742187500e+03
1.267237548828125000e+03
1.267626098632812500e+03
1.267936279296875000e+03
1.268167846679687500e+03
1.268321166992187500e+03
1.268321899414062500e+03
1.268318481445312500e+03
1.268162841796875000e+03
1.267928955078125000e+03
1.267617065429687500e+03
1.267227294921875000e+03
1.266685302734375000e+03
1.266139770507812500e+03
1.265442260742187500e+03
1.264666992187500000e+03
1.263739746093750000e+03
1.262809448242187500e+03
1.261727416992187500e+03
1.260567749023437500e+03
1.259331054687500000e+03
1.258016845703125000e+03
1.256625610351562500e+03
1.255082885742187500e+03
1.253463134765625000e+03
1.251766357421875000e+03
1.249992797851562500e+03
1.248142333984375000e+03
1.246140869140625000e+03
1.244137084960937500e+03
1.241982543945312500e+03
1.239751586914062500e+03
1.237444213867187500e+03
1.234986450195312500e+03
1.232526977539062500e+03
1.229991455078125000e+03
1.227305908203125000e+03
1.224618774414062500e+03
1.221781738281250000e+03
1.218869262695312500e+03
1.215955566406250000e+03
1.212892333984375000e+03
1.209753784179687500e+03
1.206614501953125000e+03
1.203326049804687500e+03
1.199962524414062500e+03
1.196598754882812500e+03
1.193085937500000000e+03
1.189572753906250000e+03
1.185910888671875000e+03
1.182249023437500000e+03
1.178512939453125000e+03
1.174702880859375000e+03
1.170818603515625000e+03
1.166860473632812500e+03
1.162902954101562500e+03
1.158871704101562500e+03
1.154766845703125000e+03
1.150588623046875000e+03
1.146337036132812500e+03
1.142086425781250000e+03
1.137762817382812500e+03
1.133366088867187500e+03
1.128970703125000000e+03
1.124502563476562500e+03
1.119961791992187500e+03
1.115422607421875000e+03
1.110811035156250000e+03
1.106201293945312500e+03
1.101519409179687500e+03
1.096839599609375000e+03
1.092087768554687500e+03
1.087264038085937500e+03
1.082442749023437500e+03
1.077624023437500000e+03
1.072733764648437500e+03
1.067846191406250000e+03
1.062961669921875000e+03
1.058005737304687500e+03
1.053052734375000000e+03
1.048028564453125000e+03
1.043007568359375000e+03
1.037989501953125000e+03
1.032974853515625000e+03
1.027963378906250000e+03
1.022880920410156250e+03
1.017801757812500000e+03
1.012726074218750000e+03
1.007653869628906250e+03
1.002585021972656250e+03
9.974454956054687500e+02
9.923837890625000000e+02
9.873258056640625000e+02
9.821972045898437500e+02
9.771466674804687500e+02
9.720255737304687500e+02
9.669825439453125000e+02
9.619434204101562500e+02
9.568339843750000000e+02
9.518028564453125000e+02
9.467756958007812500e+02
9.418269042968750000e+02
9.368080444335937500e+02
9.318674926757812500e+02
9.268569946289062500e+02
9.219249877929687500e+02
9.170716552734375000e+02
9.121484375000000000e+02
9.073038330078125000e+02
9.025380249023437500e+02
8.977025146484375000e+02
8.929457397460937500e+02
8.882680053710937500e+02
8.835205688476562500e+02
8.789263305664062500e+02
8.742626953125000000e+02
8.696781005859375000e+02
8.651726684570312500e+02
8.606721801757812500e+02
8.561766357421875000e+02
8.517603759765625000e+02
8.474234619140625000e+02
8.430916137695312500e+02
8.388392944335937500e+02
8.345921020507812500e+02
8.304244384765625000e+02
8.263363647460937500e+02
8.222536621093750000e+02
8.182505493164062500e+02
8.142526245117187500e+02
8.103341674804687500e+02
8.064949951171875000e+02
8.027352294921875000e+02
7.989804077148437500e+02
7.953047485351562500e+02
7.916338500976562500e+02
7.881163940429687500e+02
7.846035766601562500e+02
7.811697387695312500e+02
7.778146972656250000e+02
7.745385131835937500e+02
7.712816162109375000e+02
7.681033325195312500e+02
7.649962768554687500e+02
7.619528808593750000e+02
7.589804687500000000e+02
7.560717163085937500e+02
7.532337036132812500e+02
7.504666748046875000e+02
7.477630004882812500e+02
7.451299438476562500e+02
7.425675659179687500e+02
7.400832519531250000e+02
7.376620483398437500e+02
7.353112792968750000e+02
7.330308227539062500e+02
7.308281250000000000e+02
7.286883544921875000e+02
7.266261596679687500e+02
7.246340942382812500e+02
7.227195434570312500e+02
7.208674926757812500e+02
7.190928955078125000e+02
7.173881225585937500e+02
7.157606201171875000e+02
7.142027587890625000e+02
7.127145996093750000e+02
7.113035888671875000e+02
7.099620361328125000e+02
7.086899414062500000e+02
7.074947509765625000e+02
7.063688354492187500e+02
7.053122558593750000e+02
7.043323364257812500e+02
7.034141235351562500e+02
7.025724487304687500e+02
7.017997436523437500e+02
7.011034545898437500e+02
7.004685668945312500e+02
6.999024658203125000e+02
6.994050292968750000e+02
6.989761962890625000e+02
6.986158447265625000e+02
6.983238525390625000e+02
6.981002197265625000e+02
6.979372558593750000e+02
6.978424682617187500e+02
6.978082885742187500e+02
6.978419189453125000e+02
6.979360351562500000e+02
6.980903930664062500e+02
6.983050537109375000e+02
6.985871582031250000e+02
6.989293212890625000e+02
6.993239135742187500e+02
6.997783203125000000e+02
7.002925415039062500e+02
7.008589477539062500e+02
7.014848632812500000e+02
7.021627807617187500e+02
7.029000854492187500e+02
7.036817626953125000e+02
7.045226440429687500e+02
7.054077148437500000e+02
7.063517456054687500e+02
7.073397827148437500e+02
7.083717651367187500e+02
7.094549560546875000e+02
7.105819702148437500e+02
7.117525634765625000e+02
7.129667358398437500e+02
7.142243041992187500e+02
7.155178222656250000e+02
7.168620605468750000e+02
7.182345581054687500e+02
7.196501464843750000e+02
7.211013183593750000e+02
7.225804443359375000e+02
7.241024169921875000e+02
7.256522216796875000e+02
7.272371826171875000e+02
7.288422851562500000e+02
7.304824218750000000e+02
7.321500244140625000e+02
7.338449707031250000e+02
7.355671997070312500e+02
7.373016967773437500e+02
7.390707397460937500e+02
7.408519897460937500e+02
7.426601562500000000e+02
7.444804687500000000e+02
7.463201293945312500e+02
7.481793212890625000e+02
7.500504150390625000e+02
7.519333496093750000e+02
7.538281250000000000e+02
7.557347412109375000e+02
7.576531372070312500e+02
7.595831909179687500e+02
7.615101318359375000e+02
7.634486083984375000e+02
7.653912353515625000e+02
7.673379516601562500e+02
7.692887573242187500e+02
7.712360839843750000e+02
7.731873779296875000e+02
7.751277465820312500e+02
7.770719604492187500e+02
7.790125732421875000e+02
7.809420776367187500e+02
7.828678588867187500e+02
7.847899169921875000e+02
7.866932983398437500e+02
7.885928344726562500e+02
7.904959106445312500e+02
7.923579101562500000e+02
7.942160034179687500e+02
7.960699462890625000e+02
7.978455200195312500e+02
7.996913452148437500e+02
8.014586791992187500e+02
8.032217407226562500e+02
8.049806518554687500e+02
8.066608886718750000e+02
8.084110717773437500e+02
8.100826416015625000e+02
8.116753540039062500e+02
8.133379516601562500e+02
8.149216308593750000e+02
8.165007934570312500e+02
8.180009765625000000e+02
8.194965209960937500e+02
8.209873657226562500e+02
8.223991699218750000e+02
8.238060913085937500e+02
8.251338500976562500e+02
8.264567260742187500e+02
8.277747192382812500e+02
8.290134277343750000e+02
8.302473144531250000e+02
8.314020385742187500e+02
8.325520019531250000e+02
8.336229248046875000e+02
8.346148681640625000e+02
8.356763916015625000e+02
8.365847778320312500e+02
8.374885253906250000e+02
8.383878173828125000e+02
8.392081909179687500e+02
8.399498901367187500e+02
8.406871948242187500e+02
8.413458251953125000e+02
8.420001220703125000e+02
8.425758056640625000e+02
8.430729980468750000e+02
8.435660400390625000e+02
8.439805297851562500e+02
8.443909301757812500e+02
8.447230224609375000e+02
8.449766845703125000e+02
8.452264404296875000e+02
8.453978881835937500e+02
8.454911499023437500e+02
8.455805664062500000e+02
8.455917968750000000e+02
8.455250244140625000e+02
8.454544677734375000e+02
8.453059082031250000e+02
8.450794067382812500e+02
8.448493041992187500e+02
8.445413208007812500e+02
8.441555175781250000e+02
8.437662963867187500e+02
8.432249145507812500e+02
8.426801757812500000e+02
8.421320800781250000e+02
8.415063476562500000e+02
8.408031005859375000e+02
8.400222778320312500e+02
8.391638793945312500e+02
8.383023681640625000e+02
8.373635253906250000e+02
8.364215698242187500e+02
8.353279418945312500e+02
8.342313842773437500e+02
8.330576171875000000e+02
8.318808593750000000e+02
8.306270141601562500e+02
8.292960815429687500e+02
8.278881225585937500e+02
8.264776000976562500e+02
8.249901733398437500e+02
8.234260253906250000e+02
8.217852172851562500e+02
8.201420898437500000e+02
8.184224853515625000e+02
8.167006835937500000e+02
8.149026489257812500e+02
8.130282592773437500e+02
8.110776367187500000e+02
8.091253051757812500e+02
8.070968627929687500e+02
8.050668334960937500e+02
8.029608764648437500e+02
8.007791748046875000e+02
7.985960693359375000e+02
7.962630004882812500e+02
7.940029907226562500e+02
7.916676025390625000e+02
7.892567138671875000e+02
7.867706298828125000e+02
7.842835693359375000e+02
7.817213745117187500e+02
7.791584472656250000e+02
7.765502319335937500e+02
7.738820190429687500e+02
7.711760864257812500e+02
7.684251708984375000e+02
7.656441650390625000e+02
7.628182983398437500e+02
7.599550781250000000e+02
7.570546264648437500e+02
7.541170043945312500e+02
7.511496582031250000e+02
7.481378784179687500e+02
7.450966796875000000e+02
7.420185546875000000e+02
7.389110717773437500e+02
7.357742919921875000e+02
7.326009521484375000e+02
7.293984985351562500e+02
7.261669921875000000e+02
7.229065551757812500e+02
7.196172485351562500e+02
7.163065795898437500e+02
7.129672241210937500e+02
7.095993041992187500e+02
7.062102050781250000e+02
7.028000488281250000e+02
6.993688964843750000e+02
6.959093017578125000e+02
6.924362792968750000e+02
6.889423828125000000e+02
6.854275512695312500e+02
6.818994140625000000e+02
6.783506469726562500e+02
6.747885131835937500e+02
6.712057495117187500e+02
6.676098022460937500e+02
6.640081787109375000e+02
6.603935546875000000e+02
6.567658691406250000e+02
6.531325683593750000e+02
6.494863891601562500e+02
6.458347778320312500e+02
6.421777343750000000e+02
6.385152587890625000e+02
6.348475341796875000e+02
6.311745605468750000e+02
6.275037231445312500e+02
6.238277587890625000e+02
6.201467285156250000e+02
6.164754028320312500e+02
6.127990722656250000e+02
6.091251220703125000e+02
6.054536743164062500e+02
6.017922363281250000e+02
5.981259765625000000e+02
5.944771118164062500e+02
5.908234863281250000e+02
5.871875610351562500e+02
5.835543212890625000e+02
5.799313354492187500e+02
5.763186035156250000e+02
5.727236938476562500e+02
5.691317138671875000e+02
5.655576171875000000e+02
5.620014648437500000e+02
5.584557495117187500e+02
5.549206542968750000e+02
5.514035644531250000e+02
5.479046630859375000e+02
5.444238281250000000e+02
5.409611816406250000e+02
5.375242309570312500e+02
5.340981445312500000e+02
5.307052001953125000e+02
5.273231811523437500e+02
5.239744262695312500e+02
5.206439819335937500e+02
5.173392944335937500e+02
5.140528564453125000e+02
5.107995605468750000e+02
5.075719909667968750e+02
5.043700561523437500e+02
5.011937255859375000e+02
4.980504760742187500e+02
4.949328308105468750e+02
4.918406982421875000e+02
4.887815856933593750e+02
4.857554931640625000e+02
4.827622680664062500e+02
4.797945861816406250e+02
4.768597717285156250e+02
4.739578857421875000e+02
4.710962524414062500e+02
4.682600097656250000e+02
4.654640502929687500e+02
4.626934509277343750e+02
4.599630432128906250e+02
4.572728271484375000e+02
4.546153259277343750e+02
4.519906005859375000e+02
4.494059753417968750e+02
4.468539733886718750e+02
4.443495483398437500e+02
4.418776855468750000e+02
4.394384765625000000e+02
4.370467529296875000e+02
4.346875000000000000e+02
4.323757324218750000e+02
4.300964660644531250e+02
4.278571166992187500e+02
4.256577148437500000e+02
4.235056152343750000e+02
4.213859558105468750e+02
4.193061523437500000e+02
4.172736206054687500e+02
4.152734680175781250e+02
4.133205261230468750e+02
4.114073486328125000e+02
4.095339050292968750e+02
4.077076721191406250e+02
4.059136657714843750e+02
4.041667785644531250e+02
4.024595642089843750e+02
4.007994384765625000e+02
3.991714782714843750e+02
3.975905151367187500e+02
3.960564880371093750e+02
3.945545349121093750e+02
3.930993652343750000e+02
3.916835937500000000e+02
3.903070983886718750e+02
3.889698791503906250e+02
3.876792602539062500e+02
3.864277954101562500e+02
3.852153930664062500e+02
3.840494995117187500e+02
3.829151611328125000e+02
3.818271484375000000e+02
3.807780151367187500e+02
3.797677001953125000e+02
3.787961730957031250e+02
3.778633728027343750e+02
3.769692077636718750e+02
3.761210937500000000e+02
3.753040771484375000e+02
3.745256042480468750e+02
3.737855529785156250e+02
3.730838928222656250e+02
3.724205932617187500e+02
3.717955932617187500e+02
3.712013854980468750e+02
3.706453247070312500e+02
3.701274414062500000e+02
3.696401672363281250e+02
3.691909484863281250e+02
3.687796936035156250e+02
3.683989257812500000e+02
3.680485534667968750e+02
3.677360229492187500e+02
3.674538269042968750e+02
3.672019042968750000e+02
3.669801635742187500e+02
3.667960205078125000e+02
3.666420288085937500e+02
3.665106506347656250e+02
3.664167175292968750e+02
3.663527221679687500e+02
3.663111877441406250e+02
3.662994995117187500e+02
3.663175964355468750e+02
3.663654479980468750e+02
3.664355468750000000e+02
3.665353088378906250e+02
3.666571655273437500e+02
3.668011779785156250e+02
3.669746093750000000e+02
3.671626892089843750e+02
3.673801574707031250e+02
3.676195983886718750e+02
3.678809814453125000e+02
3.681642150878906250e+02
3.684693298339843750e+02
3.687962341308593750e+02
3.691374816894531250e+02
3.695004882812500000e+02
3.698777770996093750e+02
3.702767639160156250e+02
3.706899414062500000e+02
3.711172790527343750e+02
3.715661926269531250e+02
3.720217895507812500e+02
3.724989013671875000e+02
3.729900207519531250e+02
3.734877319335937500e+02
3.740068054199218750e+02
3.745324096679687500e+02
3.750644531250000000e+02
3.756178283691406250e+02
3.761701354980468750e+02
3.767362670898437500e+02
3.773161315917968750e+02
3.778948364257812500e+02
3.784872436523437500e+02
3.790858764648437500e+02
3.796907043457031250e+02
3.802942504882812500e+02
3.809113464355468750e+02
3.815270690917968750e+02
3.821488342285156250e+02
3.827766418457031250e+02
3.833955383300781250e+02
3.840278320312500000e+02
3.846585998535156250e+02
3.852803649902343750e+02
3.859153747558593750e+02
3.865413513183593750e+02
3.871656799316406250e+02
3.877882690429687500e+02
3.884091491699218750e+02
3.890282897949218750e+02
3.896381530761718750e+02
3.902461853027343750e+02
3.908523559570312500e+02
3.914491577148437500e+02
3.920366210937500000e+02
3.926221313476562500e+02
3.931983032226562500e+02
3.937651062011718750e+02
3.943300476074218750e+02
3.948782043457031250e+02
3.954244689941406250e+02
3.959539794921875000e+02
3.964742126464843750e+02
3.969851379394531250e+02
3.974867858886718750e+02
3.979791870117187500e+02
3.984548645019531250e+02
3.989138488769531250e+02
3.993635864257812500e+02
3.998041076660156250e+02
4.002279357910156250e+02
4.006351623535156250e+02
4.010331726074218750e+02
4.014145202636718750e+02
4.017792663574218750e+02
4.021273803710937500e+02
4.024588928222656250e+02
4.027738342285156250e+02
4.030721740722656250e+02
4.033539428710937500e+02
4.036191711425781250e+02
4.038677978515625000e+02
4.040998840332031250e+02
4.043079833984375000e+02
4.044995727539062500e+02
4.046746520996093750e+02
4.048258056640625000e+02
4.049603881835937500e+02
4.050711059570312500e+02
4.051653137207031250e+02
4.052356262207031250e+02
4.052894592285156250e+02
4.053268432617187500e+02
4.053328857421875000e+02
4.053299560546875000e+02
4.052957458496093750e+02
4.052450866699218750e+02
4.051705932617187500e+02
4.050796813964843750e+02
4.049575500488281250e+02
4.048190307617187500e+02
4.046566772460937500e+02
4.044705200195312500e+02
4.042680358886718750e+02
4.040343322753906250e+02
4.037843017578125000e+02
4.035105895996093750e+02
4.032132263183593750e+02
4.028921813964843750e+02
4.025550231933593750e+02
4.021868591308593750e+02
4.017951660156250000e+02
4.013874511718750000e+02
4.009562683105468750e+02
4.004942626953125000e+02
4.000162963867187500e+02
3.995150146484375000e+02
3.989904479980468750e+02
3.984426269531250000e+02
3.978715515136718750e+02
3.972847595214843750e+02
3.966673889160156250e+02
3.960343322753906250e+02
3.953781738281250000e+02
3.946990051269531250e+02
3.940043029785156250e+02
3.932791748046875000e+02
3.925385437011718750e+02
3.917750854492187500e+02
3.909961547851562500e+02
3.901869812011718750e+02
3.893699035644531250e+02
3.885227050781250000e+02
3.876601867675781250e+02
3.867750244140625000e+02
3.858672180175781250e+02
3.849442749023437500e+02
3.840062255859375000e+02
3.830456237792968750e+02
3.820625915527343750e+02
3.810645446777343750e+02
3.800514831542968750e+02
3.790161132812500000e+02
3.779658203125000000e+02
3.769006652832031250e+02
3.758132629394531250e+02
3.747110900878906250e+02
3.735941467285156250e+02
3.724625244140625000e+02
3.713087768554687500e+02
3.701478576660156250e+02
3.689648742675781250e+02
3.677673339843750000e+02
3.665552978515625000e+02
3.653361511230468750e+02
3.640951538085937500e+02
3.628471374511718750e+02
3.615772705078125000e+02
3.603004760742187500e+02
3.590167236328125000e+02
3.577112121582031250e+02
3.563988342285156250e+02
3.550795593261718750e+02
3.537460327148437500e+02
3.523982543945312500e+02
3.510437011718750000e+02
3.496824035644531250e+02
3.483069458007812500e+02
3.469247436523437500e+02
3.455358581542968750e+02
3.441329040527343750e+02
3.427307128906250000e+02
3.413144836425781250e+02
3.398916931152343750e+02
3.384697570800781250e+02
3.370338134765625000e+02
3.355988159179687500e+02
3.341498718261718750e+02
3.327019042968750000e+02
3.312474975585937500e+02
3.297941284179687500e+02
3.283343200683593750e+02
3.268681640625000000e+02
3.254031066894531250e+02
3.239317321777343750e+02
3.224614562988281250e+02
3.209923706054687500e+02
3.195244445800781250e+02
3.180503234863281250e+02
3.165773925781250000e+02
3.151057739257812500e+02
3.136354064941406250e+02
3.121589050292968750e+02
3.106912231445312500e+02
3.092248229980468750e+02
3.077598571777343750e+02
3.062962646484375000e+02
3.048415222167968750e+02
3.033882446289062500e+02
3.019364929199218750e+02
3.004861755371093750e+02
2.990448608398437500e+02
2.976050720214843750e+02
2.961743164062500000e+02
2.947451171875000000e+02
2.933323974609375000e+02
2.919138183593750000e+02
2.905116882324218750e+02
2.891111145019531250e+02
2.877195434570312500e+02
2.863369750976562500e+02
2.849559020996093750e+02
2.835912475585937500e+02
2.822281494140625000e+02
2.808814086914062500e+02
2.795436096191406250e+02
2.782073364257812500e+02
2.768873901367187500e+02
2.755763549804687500e+02
2.742816772460937500e+02
2.729884948730468750e+02
2.717116088867187500e+02
2.704510498046875000e+02
2.691919555664062500e+02
2.679491271972656250e+02
2.667226257324218750e+02
2.655049438476562500e+02
2.643035583496093750e+02
2.631110229492187500e+02
2.619347229003906250e+02
2.607672729492187500e+02
2.596160278320312500e+02
2.584810485839843750e+02
2.573623046875000000e+02
2.562523498535156250e+02
2.551585998535156250e+02
2.540810394287109375e+02
2.530196838378906250e+02
2.519745178222656250e+02
2.509381103515625000e+02
2.499178771972656250e+02
2.489212341308593750e+02
2.479332885742187500e+02
2.469615325927734375e+02
2.460133209228515625e+02
2.450738372802734375e+02
2.441504516601562500e+02
2.432506256103515625e+02
2.423594665527343750e+02
2.414918670654296875e+02
2.406403198242187500e+02
2.398048858642578125e+02
2.389855194091796875e+02
2.381822052001953125e+02
2.373949584960937500e+02
2.366311950683593750e+02
2.358759613037109375e+02
2.351441802978515625e+02
2.344283142089843750e+02
2.337283935546875000e+02
2.330518035888671875e+02
2.323836364746093750e+02
2.317387390136718750e+02
2.311096649169921875e+02
2.304963684082031250e+02
2.299062500000000000e+02
2.293318786621093750e+02
2.287731781005859375e+02
2.282301940917968750e+02
2.277028198242187500e+02
2.271985015869140625e+02
2.267098083496093750e+02
2.262366638183593750e+02
2.257790374755859375e+02
2.253369293212890625e+02
2.249177398681640625e+02
2.245140075683593750e+02
2.241182861328125000e+02
2.237527923583984375e+02
2.233952484130859375e+02
2.230530700683593750e+02
2.227336120605468750e+02
2.224220428466796875e+02
2.221331329345703125e+02
2.218594818115234375e+02
2.216010131835937500e+02
2.213577728271484375e+02
2.211296234130859375e+02
2.209166412353515625e+02
2.207187347412109375e+02
2.205284729003906250e+02
2.203606872558593750e+02
2.202079315185546875e+02
2.200701446533203125e+02
2.199472961425781250e+02
2.198319702148437500e+02
2.197389831542968750e+02
2.196534423828125000e+02
2.195827484130859375e+02
2.195268707275390625e+02
2.194783782958984375e+02
2.194520568847656250e+02
2.194256286621093750e+02
2.194213256835937500e+02
2.194242858886718750e+02
2.194419250488281250e+02
2.194741821289062500e+02
2.195136413574218750e+02
2.195602874755859375e+02
2.196214904785156250e+02
2.196972656250000000e+02
2.197727050781250000e+02
2.198701019287109375e+02
2.199671173095703125e+02
2.200786285400390625e+02
2.202046051025390625e+02
2.203301391601562500e+02
2.204701080322265625e+02
2.206170043945312500e+02
2.207708740234375000e+02
2.209390716552734375e+02
2.211067504882812500e+02
2.212887573242187500e+02
2.214701538085937500e+02
2.216658325195312500e+02
2.218609313964843750e+02
2.220628051757812500e+02
2.222788696289062500e+02
2.224942626953125000e+02
2.227164001464843750e+02
2.229452514648437500e+02
2.231733551025390625e+02
2.234081420898437500e+02
2.236495666503906250e+02
2.238902130126953125e+02
2.241374359130859375e+02
2.243912811279296875e+02
2.246442565917968750e+02
2.249037475585937500e+02
2.251623687744140625e+02
2.254200592041015625e+02
2.256842346191406250e+02
2.259474487304687500e+02
2.262170715332031250e+02
2.264782867431640625e+02
2.267459106445312500e+02
2.270124664306640625e+02
2.272779693603515625e+02
2.275497894287109375e+02
2.278130645751953125e+02
2.280752410888671875e+02
2.283436889648437500e+02
2.286035156250000000e+02
2.288621368408203125e+02
2.291195678710937500e+02
2.293757629394531250e+02
2.296307678222656250e+02
2.298845672607421875e+02
2.301297149658203125e+02
2.303736724853515625e+02
2.306089782714843750e+02
2.308505249023437500e+02
2.310834655761718750e+02
2.313077697753906250e+02
2.315308837890625000e+02
2.317528076171875000e+02
2.319587097167968750e+02
2.321708374023437500e+02
2.323743591308593750e+02
2.325692749023437500e+02
2.327555694580078125e+02
2.329407043457031250e+02
2.331172637939453125e+02
2.332926330566406250e+02
2.334594116210937500e+02
2.336175842285156250e+02
2.337671966552734375e+02
2.339082031250000000e+02
2.340406341552734375e+02
2.341719207763671875e+02
2.342946166992187500e+02
2.344013061523437500e+02
2.345068511962890625e+02
2.346038208007812500e+02
2.346847991943359375e+02
2.347646484375000000e+02
2.348284759521484375e+02
2.348912048339843750e+02
2.349379425048828125e+02
2.349761047363281250e+02
2.350131835937500000e+02
2.350268249511718750e+02
2.350393524169921875e+02
2.350433197021484375e+02
2.350313262939453125e+02
2.350107879638671875e+02
2.349743041992187500e+02
2.349366912841796875e+02
2.348831329345703125e+02
2.348210296630859375e+02
2.347429809570312500e+02
2.346564178466796875e+02
2.345613098144531250e+02
2.344502563476562500e+02
2.343306884765625000e+02
2.342026214599609375e+02
2.340586853027343750e+02
2.339062652587890625e+02
2.337379913330078125e+02
2.335613098144531250e+02
2.333762207031250000e+02
2.331753234863281250e+02
2.329586791992187500e+02
2.327336883544921875e+02
2.325003814697265625e+02
2.322513885498046875e+02
2.319941101074218750e+02
2.317211456298828125e+02
2.314325256347656250e+02
2.311431579589843750e+02
2.308307342529296875e+02
2.305101623535156250e+02
2.301814117431640625e+02
2.298371429443359375e+02
2.294847564697265625e+02
2.291168823242187500e+02
2.287409515380859375e+02
2.283495330810546875e+02
2.279501190185546875e+02
2.275352935791015625e+02
2.271124725341796875e+02
2.266816864013671875e+02
2.262281341552734375e+02
2.257740936279296875e+02
2.253047332763671875e+02
2.248200531005859375e+02
2.243350067138671875e+02
2.238272247314453125e+02
2.233190917968750000e+02
2.227957305908203125e+02
2.222571716308593750e+02
2.217108764648437500e+02
2.211568450927734375e+02
2.205877227783203125e+02
2.200182952880859375e+02
2.194263763427734375e+02
2.188342437744140625e+02
2.182270812988281250e+02
2.176123199462890625e+02
2.169825134277343750e+02
2.163451995849609375e+02
2.157003173828125000e+02
2.150479278564453125e+02
2.143880615234375000e+02
2.137132720947265625e+02
2.130310516357421875e+02
2.123413696289062500e+02
2.116442718505859375e+02
2.109323425292968750e+02
2.102204589843750000e+02
2.094937744140625000e+02
2.087597198486328125e+02
2.080257720947265625e+02
2.072770690917968750e+02
2.065210723876953125e+02
2.057577972412109375e+02
2.049872283935546875e+02
2.042168579101562500e+02
2.034317932128906250e+02
2.026395263671875000e+02
2.018474884033203125e+02
2.010408325195312500e+02
2.002344360351562500e+02
1.994208984375000000e+02
1.986002044677734375e+02
1.977723999023437500e+02
1.969449310302734375e+02
1.961103668212890625e+02
1.952687530517578125e+02
1.944275054931640625e+02
1.935717926025390625e+02
1.927239074707031250e+02
1.918616180419921875e+02
1.909997558593750000e+02
1.901383666992187500e+02
1.892700347900390625e+02
1.884021911621093750e+02
1.875274200439453125e+02
1.866457672119140625e+02
1.857646484375000000e+02
1.848840942382812500e+02
1.839966888427734375e+02
1.831098937988281250e+02
1.822237091064453125e+02
1.813381347656250000e+02
1.804458007812500000e+02
1.795541229248046875e+02
1.786557159423828125e+02
1.777654113769531250e+02
1.768684082031250000e+02
1.759721374511718750e+02
1.750840301513671875e+02
1.741892700195312500e+02
1.732952880859375000e+02
1.724021148681640625e+02
1.715097351074218750e+02
1.706181488037109375e+02
1.697273712158203125e+02
1.688373870849609375e+02
1.679482116699218750e+02
1.670598449707031250e+02
1.661797027587890625e+02
1.652929382324218750e+02
1.644144134521484375e+02
1.635366973876953125e+02
1.626597747802734375e+02
1.617911071777343750e+02
1.609158020019531250e+02
1.600487518310546875e+02
1.591899261474609375e+02
1.583244934082031250e+02
1.574673004150390625e+02
1.566183471679687500e+02
1.557702026367187500e+02
1.549228820800781250e+02
1.540837860107421875e+02
1.532455291748046875e+02
1.524154968261718750e+02
1.515862884521484375e+02
1.507653198242187500e+02
1.499526062011718750e+02
1.491407165527343750e+02
1.483370666503906250e+02
1.475342407226562500e+02
1.467396697998046875e+02
1.459533386230468750e+02
1.451678314208984375e+02
1.443905792236328125e+02
1.436215820312500000e+02
1.428534088134765625e+02
1.421009063720703125e+02
1.413492431640625000e+02
1.406058349609375000e+02
1.398706817626953125e+02
1.391363525390625000e+02
1.384177093505859375e+02
1.376999053955078125e+02
1.369903564453125000e+02
1.362890625000000000e+02
1.355960388183593750e+02
1.349112548828125000e+02
1.342347564697265625e+02
1.335590820312500000e+02
1.328990936279296875e+02
1.322473602294921875e+02
1.315964660644531250e+02
1.309612426757812500e+02
1.303268127441406250e+02
1.297080230712890625e+02
1.290974426269531250e+02
1.284876098632812500e+02
1.278934097290039062e+02
1.273073730468750000e+02
1.267294921875000000e+02
1.261597366333007812e+02
1.255981292724609375e+02
1.250446395874023438e+02
1.244992599487304688e+02
1.239619674682617188e+02
1.234327697753906250e+02
1.229190673828125000e+02
1.224059982299804688e+02
1.219083938598632812e+02
1.214188385009765625e+02
1.209298706054687500e+02
1.204563522338867188e+02
1.199982604980468750e+02
1.195407257080078125e+02
1.190911636352539062e+02
1.186569976806640625e+02
1.182233505249023438e+02
1.178050765991210938e+02
1.173947219848632812e+02
1.169922943115234375e+02
1.165977706909179688e+02
1.162111206054687500e+02
1.158323745727539062e+02
1.154689102172851562e+02
1.151058654785156250e+02
1.147581100463867188e+02
1.144181747436523438e+02
1.140860671997070312e+02
1.137617568969726562e+02
1.134452590942382812e+02
1.131365203857421875e+02
1.128430099487304688e+02
1.125498046875000000e+02
1.122717895507812500e+02
1.119940795898437500e+02
1.117315139770507812e+02
1.114766769409179688e+02
1.112295227050781250e+02
1.109900588989257812e+02
1.107582702636718750e+02
1.105267181396484375e+02
1.103102416992187500e+02
1.101014099121093750e+02
1.099001998901367188e+02
1.097066040039062500e+02
1.095206146240234375e+02
1.093422164916992188e+02
1.091713867187500000e+02
1.090081176757812500e+02
1.088524246215820312e+02
1.087042541503906250e+02
1.085636138916015625e+02
1.084230651855468750e+02
1.082974472045898438e+02
1.081718902587890625e+02
1.080538177490234375e+02
1.079506378173828125e+02
1.078474884033203125e+02
1.077443466186523438e+02
1.076560745239257812e+02
1.075752105712890625e+02
1.074943313598632812e+02
1.074208450317382812e+02
1.073547363281250000e+02
1.072885742187500000e+02
1.072371902465820312e+02
1.071857299804687500e+02
1.071341705322265625e+02
1.070973587036132812e+02
1.070604248046875000e+02
1.070307998657226562e+02
1.070010223388671875e+02
1.069785156250000000e+02
1.069632644653320312e+02
1.069478302001953125e+02
1.069396362304687500e+02
1.069312362670898438e+02
1.069374771118164062e+02
1.069360580444335938e+02
1.069418258666992188e+02
1.069547576904296875e+02
1.069674301147460938e+02
1.069798278808593750e+02
1.069993591308593750e+02
1.070260086059570312e+02
1.070449218750000000e+02
1.070783615112304688e+02
1.071040267944335938e+02
1.071367721557617188e+02
1.071765823364257812e+02
1.072085800170898438e+02
1.072476348876953125e+02
1.072937393188476562e+02
1.073320236206054688e+02
1.073773574829101562e+02
1.074222946166992188e+02
1.074668426513671875e+02
1.075184249877929688e+02
1.075696182250976562e+02
1.076204071044921875e+02
1.076707992553710938e+02
1.077207870483398438e+02
1.077703628540039062e+02
1.078269729614257812e+02
1.078831634521484375e+02
1.079315185546875000e+02
1.079868850708007812e+02
1.080418395996093750e+02
1.080963745117187500e+02
1.081504898071289062e+02
1.082041778564453125e+02
1.082574462890625000e+02
1.083028488159179688e+02
1.083552474975585938e+02
1.084072265625000000e+02
1.084587631225585938e+02
1.085098648071289062e+02
1.085531005859375000e+02
1.086033172607421875e+02
1.086456680297851562e+02
1.086875762939453125e+02
1.087290191650390625e+02
1.087700271606445312e+02
1.088105773925781250e+02
1.088432464599609375e+02
1.088828887939453125e+02
1.089146347045898438e+02
1.089459228515625000e+02
1.089693069458007812e+02
1.089922409057617188e+02
1.090221176147460938e+02
1.090366897583007812e+02
1.090582046508789062e+02
1.090718002319335938e+02
1.090849380493164062e+02
1.090975799560546875e+02
1.091023254394531250e+02
1.091065826416015625e+02
1.091029052734375000e+02
1.090987548828125000e+02
1.090941162109375000e+02
1.090815582275390625e+02
1.090685272216796875e+02
1.090550308227539062e+02
1.090336456298828125e+02
1.090118103027343750e+02
1.089820938110351562e+02
1.089519424438476562e+02
1.089139251708984375e+02
1.088754959106445312e+02
1.088366622924804688e+02
1.087899780273437500e+02
1.087354660034179688e+02
1.086805725097656250e+02
1.086252975463867188e+02
1.085622100830078125e+02
1.084987640380859375e+02
1.084275283813476562e+02
1.083485183715820312e+02
1.082691650390625000e+02
1.081894683837890625e+02
1.081020202636718750e+02
1.080068206787109375e+02
1.079113082885742188e+02
1.078080673217773438e+02
1.077045364379882812e+02
1.075932769775390625e+02
1.074817504882812500e+02
1.073625030517578125e+02
1.072430114746093750e+02
1.071158218383789062e+02
1.069883880615234375e+02
1.068458480834960938e+02
1.067105178833007812e+02
1.065675277709960938e+02
1.064168777465820312e+02
1.062660293579101562e+02
1.061075592041015625e+02
1.059488830566406250e+02
1.057825927734375000e+02
1.056086959838867188e+02
1.054346313476562500e+02
1.052604064941406250e+02
1.050711593627929688e+02
1.048892059326171875e+02
1.046996765136718750e+02
1.045025863647460938e+02
1.042979431152343750e+02
1.041006240844726562e+02
1.038883285522460938e+02
1.036759414672851562e+02
1.034634628295898438e+02
1.032434616088867188e+02
1.030159606933593750e+02
1.027883911132812500e+02
1.025607604980468750e+02
1.023256530761718750e+02
1.020830612182617188e+02
1.018404388427734375e+02
1.015977935791015625e+02
1.013476867675781250e+02
1.010901412963867188e+02
1.008325958251953125e+02
1.005676116943359375e+02
1.003026504516601562e+02
1.000376968383789062e+02
9.976534271240234375e+01
9.949302673339843750e+01
9.921332550048828125e+01
9.893367004394531250e+01
9.864663696289062500e+01
9.835967254638671875e+01
9.806535339355468750e+01
9.777111053466796875e+01
9.747695922851562500e+01
9.717548370361328125e+01
9.687410736083984375e+01
9.657283782958984375e+01
9.626426696777343750e+01
9.595581817626953125e+01
9.564007568359375000e+01
9.533190917968750000e+01
9.500903320312500000e+01
9.469374847412109375e+01
9.437120056152343750e+01
9.404882812500000000e+01
9.372663879394531250e+01
9.339720916748046875e+01
9.306797790527343750e+01
9.273895263671875000e+01
9.240271759033203125e+01
9.207413482666015625e+01
9.173834228515625000e+01
9.140280151367187500e+01
9.106007385253906250e+01
9.072502136230468750e+01
9.038280487060546875e+01
9.004085540771484375e+01
8.969918823242187500e+01
8.935037231445312500e+01
8.900928497314453125e+01
8.866105651855468750e+01
8.832055664062500000e+01
8.797292327880859375e+01
8.762560272216796875e+01
8.727857208251953125e+01
8.693184661865234375e+01
8.657801055908203125e+01
8.623190307617187500e+01
8.588611602783203125e+01
8.553321075439453125e+01
8.518804931640625000e+01
8.483578491210937500e+01
8.449126434326171875e+01
8.413963317871093750e+01
8.378833007812500000e+01
8.344478607177734375e+01
8.309414672851562500e+01
8.275125885009765625e+01
8.240127563476562500e+01
8.205905914306640625e+01
8.171718597412109375e+01
8.136820983886718750e+01
8.102701568603515625e+01
8.068616485595703125e+01
8.034565734863281250e+01
8.000549316406250000e+01
7.966568756103515625e+01
7.932623291015625000e+01
7.899456024169921875e+01
7.865581512451171875e+01
7.832485961914062500e+01
7.799426269531250000e+01
7.766403198242187500e+01
7.733713531494140625e+01
7.701135253906250000e+01
7.668668365478515625e+01
7.636460876464843750e+01
7.604364776611328125e+01
7.572530364990234375e+01
7.540955352783203125e+01
7.509494018554687500e+01
7.478292846679687500e+01
7.447353363037109375e+01
7.416600799560546875e+01
7.386109924316406250e+01
7.355881500244140625e+01
7.325839996337890625e+01
7.296135711669921875e+01
7.266619873046875000e+01
7.237440490722656250e+01
7.208444213867187500e+01
7.179775238037109375e+01
7.151354217529296875e+01
7.123249816894531250e+01
7.095309448242187500e+01
7.067676544189453125e+01
7.040345764160156250e+01
