# tt
1.106259277343750000e+03
1.043008666992187500e+03
9.810393066406250000e+02
9.329808959960937500e+02
8.983633422851562500e+02
8.747468872070312500e+02
8.592413330078125000e+02
8.500576171875000000e+02
8.457719116210937500e+02
8.448386230468750000e+02
8.476726074218750000e+02
8.522318115234375000e+02
8.583068237304687500e+02
8.648651123046875000e+02
8.735460815429687500e+02
8.841987304687500000e+02
8.955314331054687500e+02
9.083861694335937500e+02
9.210121459960937500e+02
9.342395629882812500e+02
9.480010375976562500e+02
9.618524780273437500e+02
9.761713867187500000e+02
9.910595703125000000e+02
1.006022277832031250e+03
1.021499938964843750e+03
1.037330322265625000e+03
1.053275146484375000e+03
1.069701660156250000e+03
1.085981567382812500e+03
1.102892822265625000e+03
1.119956420898437500e+03
1.137130859375000000e+03
1.154855224609375000e+03
1.172317993164062500e+03
1.190136230468750000e+03
1.208260009765625000e+03
1.226778442382812500e+03
1.245406616210937500e+03
1.264149658203125000e+03
1.282985839843750000e+03
1.301960449218750000e+03
1.321044555664062500e+03
1.340432617187500000e+03
1.360031738281250000e+03
1.379866699218750000e+03
1.399823852539062500e+03
1.420012939453125000e+03
1.440394531250000000e+03
1.460993530273437500e+03
1.481866333007812500e+03
1.502836181640625000e+03
1.523948974609375000e+03
1.545102172851562500e+03
1.566497070312500000e+03
1.588211669921875000e+03
1.610182250976562500e+03
1.632419067382812500e+03
1.654784057617187500e+03
1.677437988281250000e+03
1.700252197265625000e+03
1.723248657226562500e+03
1.746449096679687500e+03
1.769875244140625000e+03
1.793609497070312500e+03
1.817529907226562500e+03
1.841649047851562500e+03
1.865979492187500000e+03
1.890459594726562500e+03
1.915054443359375000e+03
1.939984008789062500e+03
1.965197753906250000e+03
1.990793701171875000e+03
2.016795654296875000e+03
2.043048095703125000e+03
2.069498046875000000e+03
2.096136474609375000e+03
2.122953613281250000e+03
2.149940673828125000e+03
2.177256347656250000e+03
2.204763671875000000e+03
2.232568847656250000e+03
2.260628906250000000e+03
2.288900634765625000e+03
2.317483398437500000e+03
2.346302490234375000e+03
2.375276611328125000e+03
2.404472900390625000e+03
2.433885009765625000e+03
2.463432861328125000e+03
2.493265380859375000e+03
2.523236328125000000e+03
2.553421875000000000e+03
2.583823730468750000e+03
2.614369873046875000e+03
2.645210449218750000e+03
2.676273681640625000e+03
2.707486816406250000e+03
2.739000732421875000e+03
2.770668457031250000e+03
2.802566406250000000e+03
2.834696533203125000e+03
2.866986816406250000e+03
2.899513183593750000e+03
2.932203125000000000e+03
2.965058837890625000e+03
2.998156738281250000e+03
3.031424316406250000e+03
3.064863525390625000e+03
3.098401611328125000e+03
3.132112548828125000e+03
3.166070068359375000e+03
3.200050292968750000e+03
3.234275634765625000e+03
3.268522216796875000e+03
3.302937744140625000e+03
3.337521972656250000e+03
3.372125000000000000e+03
3.406895019531250000e+03
3.441682617187500000e+03
3.476561523437500000e+03
3.511530761718750000e+03
3.546589355468750000e+03
3.581662597656250000e+03
3.616824462890625000e+03
3.651999023437500000e+03
3.687186035156250000e+03
3.722384521484375000e+03
3.757593994140625000e+03
3.792813476562500000e+03
3.828043457031250000e+03
3.863209716796875000e+03
3.898385986328125000e+03
3.933572998046875000e+03
3.968622314453125000e+03
4.003608154296875000e+03
4.038604980468750000e+03
4.073389648437500000e+03
4.108185546875000000e+03
4.142844726562500000e+03
4.177366210937500000e+03
4.211825195312500000e+03
4.246072753906250000e+03
4.280183593750000000e+03
4.314157714843750000e+03
4.347920898437500000e+03
4.381473632812500000e+03
4.414889648437500000e+03
4.448095703125000000e+03
4.481090820312500000e+03
4.513800292968750000e+03
4.546372558593750000e+03
4.578731933593750000e+03
4.610877929687500000e+03
4.642735839843750000e+03
4.674452636718750000e+03
4.705954589843750000e+03
4.737239257812500000e+03
4.768306640625000000e+03
4.799082519531250000e+03
4.829639160156250000e+03
4.859976562500000000e+03
4.889944824218750000e+03
4.919692382812500000e+03
4.949069824218750000e+03
4.978224609375000000e+03
5.006933105468750000e+03
5.035417968750000000e+03
5.063454589843750000e+03
5.091191894531250000e+03
5.118479980468750000e+03
5.145392089843750000e+03
5.171928222656250000e+03
5.198086425781250000e+03
5.223719238281250000e+03
5.248973632812500000e+03
5.273776367187500000e+03
5.298053222656250000e+03
5.321952148437500000e+03
5.345325195312500000e+03
5.368247558593750000e+03
5.390643554687500000e+03
5.412588867187500000e+03
5.434083007812500000e+03
5.454977539062500000e+03
5.475420898437500000e+03
5.495414062500000000e+03
5.514807617187500000e+03
5.533750976562500000e+03
5.552095703125000000e+03
5.569989746093750000e+03
5.587285644531250000e+03
5.604130859375000000e+03
5.620377929687500000e+03
5.636101562500000000e+03
5.651301269531250000e+03
5.665977050781250000e+03
5.680129394531250000e+03
5.693683593750000000e+03
5.706714355468750000e+03
5.719147460937500000e+03
5.730982421875000000e+03
5.742218750000000000e+03
5.752855957031250000e+03
5.762894531250000000e+03
5.772333496093750000e+03
5.781098632812500000e+03
5.789188964843750000e+03
5.796753906250000000e+03
5.803643554687500000e+03
5.809932128906250000e+03
5.815619628906250000e+03
5.820630859375000000e+03
5.825041015625000000e+03
5.828848632812500000e+03
5.832054199218750000e+03
5.834582519531250000e+03
5.836507812500000000e+03
5.837755371093750000e+03
5.838399414062500000e+03
5.838365722656250000e+03
5.837652832031250000e+03
5.836335937500000000e+03
5.834339355468750000e+03
5.831738281250000000e+03
5.828457519531250000e+03
5.824570800781250000e+03
5.820078125000000000e+03
5.814904785156250000e+03
5.809051269531250000e+03
5.802664062500000000e+03
5.795596191406250000e+03
5.787846191406250000e+03
5.779562988281250000e+03
5.770597167968750000e+03
5.761097167968750000e+03
5.750914550781250000e+03
5.740123046875000000e+03
5.728722167968750000e+03
5.716786132812500000e+03
5.704165527343750000e+03
5.691009277343750000e+03
5.677242675781250000e+03
5.662865234375000000e+03
5.647951171875000000e+03
5.632425781250000000e+03
5.616363281250000000e+03
5.599762695312500000e+03
5.582624511718750000e+03
5.564873535156250000e+03
5.546584472656250000e+03
5.527831542968750000e+03
5.508466308593750000e+03
5.488563476562500000e+03
5.468122070312500000e+03
5.447216796875000000e+03
5.425773925781250000e+03
5.403792480468750000e+03
5.381421875000000000e+03
5.358514160156250000e+03
5.335142089843750000e+03
5.311381347656250000e+03
5.287156738281250000e+03
5.262468261718750000e+03
5.237391601562500000e+03
5.211851074218750000e+03
5.185921875000000000e+03
5.159603027343750000e+03
5.132821289062500000e+03
5.105650390625000000e+03
5.078165039062500000e+03
5.050291015625000000e+03
5.022027343750000000e+03
4.993375488281250000e+03
4.964483398437500000e+03
4.935128417968750000e+03
4.905532714843750000e+03
4.875623046875000000e+03
4.845398925781250000e+03
4.814934570312500000e+03
4.784082031250000000e+03
4.753063476562500000e+03
4.721730957031250000e+03
4.690158691406250000e+03
4.658271972656250000e+03
4.626219726562500000e+03
4.593928222656250000e+03
4.561470703125000000e+03
4.528773437500000000e+03
4.495911132812500000e+03
4.462808593750000000e+03
4.429615722656250000e+03
4.396183105468750000e+03
4.362659179687500000e+03
4.328970214843750000e+03
4.295116210937500000e+03
4.261097167968750000e+03
4.227061035156250000e+03
4.192860351562500000e+03
4.158568847656250000e+03
4.124186523437500000e+03
4.089789062500000000e+03
4.055301269531250000e+03
4.020798095703125000e+03
3.986206054687500000e+03
3.951599365234375000e+03
3.916978271484375000e+03
3.882417480468750000e+03
3.847768798828125000e+03
3.813181152343750000e+03
3.778654541015625000e+03
3.744115722656250000e+03
3.709638183593750000e+03
3.675148193359375000e+03
3.640795654296875000e+03
3.606505615234375000e+03
3.572353027343750000e+03
3.538263671875000000e+03
3.504238037109375000e+03
3.470350830078125000e+03
3.436602294921875000e+03
3.402992431640625000e+03
3.369521728515625000e+03
3.336265136718750000e+03
3.303073974609375000e+03
3.270097412109375000e+03
3.237335449218750000e+03
3.204714355468750000e+03
3.172308593750000000e+03
3.140118408203125000e+03
3.108144531250000000e+03
3.076386718750000000e+03
3.044919677734375000e+03
3.013669677734375000e+03
2.982636718750000000e+03
2.951895996093750000e+03
2.921372802734375000e+03
2.891216308593750000e+03
2.861278564453125000e+03
2.831633544921875000e+03
2.802281982421875000e+03
2.773298339843750000e+03
2.744608886718750000e+03
2.716139404296875000e+03
2.688112792968750000e+03
2.660307128906250000e+03
2.632870849609375000e+03
2.605804199218750000e+03
2.579033691406250000e+03
2.552707519531250000e+03
2.526677978515625000e+03
2.501019531250000000e+03
2.475732421875000000e+03
2.450816650390625000e+03
2.426347167968750000e+03
2.402250000000000000e+03
2.378525146484375000e+03
2.355172851562500000e+03
2.332268310546875000e+03
2.309736816406250000e+03
2.287653076171875000e+03
2.265943359375000000e+03
2.244682373046875000e+03
2.223795410156250000e+03
2.203357666015625000e+03
2.183369384765625000e+03
2.163756347656250000e+03
2.144667724609375000e+03
2.125954589843750000e+03
2.107692138671875000e+03
2.089806396484375000e+03
2.072445800781250000e+03
2.055536621093750000e+03
2.039004638671875000e+03
2.022924926757812500e+03
2.007371459960937500e+03
1.992196289062500000e+03
1.977473999023437500e+03
1.963279052734375000e+03
1.949463256835937500e+03
1.936101074218750000e+03
1.923192626953125000e+03
1.910812988281250000e+03
1.898813598632812500e+03
1.887268920898437500e+03
1.876179199218750000e+03
1.865545166015625000e+03
1.855366699218750000e+03
1.845644042968750000e+03
1.836377807617187500e+03
1.827493896484375000e+03
1.819140991210937500e+03
1.811170898437500000e+03
1.803658081054687500e+03
1.796603149414062500e+03
1.789931762695312500e+03
1.783718872070312500e+03
1.777964355468750000e+03
1.772594482421875000e+03
1.767683593750000000e+03
1.763231933593750000e+03
1.759165283203125000e+03
1.755483642578125000e+03
1.752261352539062500e+03
1.749424316406250000e+03
1.747046630859375000e+03
1.745054199218750000e+03
1.743447021484375000e+03
1.742225341796875000e+03
1.741389160156250000e+03
1.740938354492187500e+03
1.740873168945312500e+03
1.741119262695312500e+03
1.741825439453125000e+03
1.742842895507812500e+03
1.744246215820312500e+03
1.745961303710937500e+03
1.748062011718750000e+03
1.750548828125000000e+03
1.753347412109375000e+03
1.756457763671875000e+03
1.759880126953125000e+03
1.763614135742187500e+03
1.767734741210937500e+03
1.772167114257812500e+03
1.776837524414062500e+03
1.781820068359375000e+03
1.787114624023437500e+03
1.792721679687500000e+03
1.798566650390625000e+03
1.804649902343750000e+03
1.811045410156250000e+03
1.817679443359375000e+03
1.824551635742187500e+03
1.831661987304687500e+03
1.839085327148437500e+03
1.846672607421875000e+03
1.854572998046875000e+03
1.862637329101562500e+03
1.870940551757812500e+03
1.879408325195312500e+03
1.888114501953125000e+03
1.896985473632812500e+03
1.906095336914062500e+03
1.915295288085937500e+03
1.924734619140625000e+03
1.934264160156250000e+03
1.943958740234375000e+03
1.953892333984375000e+03
1.963916748046875000e+03
1.974031250000000000e+03
1.984384643554687500e+03
1.994753417968750000e+03
2.005286010742187500e+03
2.015982177734375000e+03
2.026692993164062500e+03
2.037492431640625000e+03
2.048454345703125000e+03
2.059430175781250000e+03
2.070493652343750000e+03
2.081570556640625000e+03
2.092734375000000000e+03
2.103910888671875000e+03
2.115174072265625000e+03
2.126449218750000000e+03
2.137810546875000000e+03
2.149108886718750000e+03
2.160492675781250000e+03
2.171887207031250000e+03
2.183218261718750000e+03
2.194559570312500000e+03
2.205910644531250000e+03
2.217197509765625000e+03
2.228493652343750000e+03
2.239724365234375000e+03
2.250889892578125000e+03
2.262063964843750000e+03
2.273171875000000000e+03
2.284213378906250000e+03
2.295188720703125000e+03
2.306171142578125000e+03
2.317011962890625000e+03
2.327711181640625000e+03
2.338416748046875000e+03
2.348980468750000000e+03
2.359400878906250000e+03
2.369753173828125000e+03
2.379962158203125000e+03
2.390101806640625000e+03
2.400023437500000000e+03
2.409875244140625000e+03
2.419582519531250000e+03
2.429219726562500000e+03
2.438637451171875000e+03
2.447910156250000000e+03
2.457037109375000000e+03
2.466018554687500000e+03
2.474853515625000000e+03
2.483542236328125000e+03
2.491935791015625000e+03
2.500256591796875000e+03
2.508356201171875000e+03
2.516234375000000000e+03
2.523965332031250000e+03
2.531474121093750000e+03
2.538835449218750000e+03
2.545974365234375000e+03
2.552891113281250000e+03
2.559585449218750000e+03
2.566131347656250000e+03
2.572454345703125000e+03
2.578554443359375000e+03
2.584505615234375000e+03
2.590159179687500000e+03
2.595663330078125000e+03
2.600869628906250000e+03
2.605926513671875000e+03
2.610759277343750000e+03
2.615293457031250000e+03
2.619603271484375000e+03
2.623688720703125000e+03
2.627549316406250000e+03
2.631185058593750000e+03
2.634595947265625000e+03
2.637707031250000000e+03
2.640593017578125000e+03
2.643253417968750000e+03
2.645688232421875000e+03
2.647896972656250000e+03
2.649879638671875000e+03
2.651561767578125000e+03
2.653017578125000000e+03
2.654246826171875000e+03
2.655249511718750000e+03
2.656025146484375000e+03
2.656499511718750000e+03
2.656746582031250000e+03
2.656766357421875000e+03
2.656558349609375000e+03
2.656123046875000000e+03
2.655459472656250000e+03
2.654493652343750000e+03
2.653373779296875000e+03
2.651951171875000000e+03
2.650374755859375000e+03
2.648494873046875000e+03
2.646385986328125000e+03
2.644122558593750000e+03
2.641555664062500000e+03
2.638833496093750000e+03
2.635807617187500000e+03
2.632626708984375000e+03
2.629215820312500000e+03
2.625575683593750000e+03
2.621705810546875000e+03
2.617680175781250000e+03
2.613425292968750000e+03
2.608940185546875000e+03
2.604299560546875000e+03
2.599428955078125000e+03
2.594402832031250000e+03
2.589146484375000000e+03
2.583734375000000000e+03
2.578166503906250000e+03
2.572368652343750000e+03
2.566340087890625000e+03
2.560230224609375000e+03
2.553889648437500000e+03
2.547393066406250000e+03
2.540740234375000000e+03
2.533857177734375000e+03
2.526892089843750000e+03
2.519770507812500000e+03
2.512417968750000000e+03
2.504983886718750000e+03
2.497393066406250000e+03
2.489719970703125000e+03
2.481815917968750000e+03
2.473904052734375000e+03
2.465760986328125000e+03
2.457535400390625000e+03
2.449227539062500000e+03
2.440837158203125000e+03
2.432289550781250000e+03
2.423659667968750000e+03
2.414947021484375000e+03
2.406076904296875000e+03
2.397198730468750000e+03
2.388163085937500000e+03
2.379119140625000000e+03
2.369991943359375000e+03
2.360781738281250000e+03
2.351562988281250000e+03
2.342186523437500000e+03
2.332801269531250000e+03
2.323407226562500000e+03
2.313929687500000000e+03
2.304443359375000000e+03
2.294873535156250000e+03
2.285294433593750000e+03
2.275706542968750000e+03
2.266035400390625000e+03
2.256430175781250000e+03
2.246742187500000000e+03
2.237120117187500000e+03
2.227415771484375000e+03
2.217778076171875000e+03
2.208132568359375000e+03
2.198479492187500000e+03
2.188893554687500000e+03
2.179300537109375000e+03
2.169700439453125000e+03
2.160167968750000000e+03
2.150628906250000000e+03
2.141157958984375000e+03
2.131754882812500000e+03
2.122420166015625000e+03
2.113079833984375000e+03
2.103882324218750000e+03
2.094679199218750000e+03
2.085545166015625000e+03
2.076554687500000000e+03
2.067559326171875000e+03
2.058708007812500000e+03
2.049926269531250000e+03
2.041288940429687500e+03
2.032647338867187500e+03
2.024224731445312500e+03
2.015798217773437500e+03
2.007516845703125000e+03
1.999380493164062500e+03
1.991315307617187500e+03
1.983395874023437500e+03
1.975621826171875000e+03
1.967919677734375000e+03
1.960363403320312500e+03
1.952953735351562500e+03
1.945690185546875000e+03
1.938573364257812500e+03
1.931603515625000000e+03
1.924706298828125000e+03
1.918030639648437500e+03
1.911502563476562500e+03
1.905121826171875000e+03
1.898888793945312500e+03
1.892878173828125000e+03
1.886941284179687500e+03
1.881227294921875000e+03
1.875661499023437500e+03
1.870318847656250000e+03
1.865050781250000000e+03
1.860080200195312500e+03
1.855184570312500000e+03
1.850512695312500000e+03
1.846064819335937500e+03
1.841766479492187500e+03
1.837618286132812500e+03
1.833694213867187500e+03
1.829995117187500000e+03
1.826446289062500000e+03
1.823122314453125000e+03
1.819949218750000000e+03
1.817001708984375000e+03
1.814205078125000000e+03
1.811634155273437500e+03
1.809289184570312500e+03
1.807095947265625000e+03
1.805203125000000000e+03
1.803388061523437500e+03
1.801873779296875000e+03
1.800512084960937500e+03
1.799377197265625000e+03
1.798395263671875000e+03
1.797640380859375000e+03
1.797113037109375000e+03
1.796739013671875000e+03
1.796592773437500000e+03
1.796674438476562500e+03
1.796984497070312500e+03
1.797448608398437500e+03
1.798066650390625000e+03
1.798987792968750000e+03
1.800063476562500000e+03
1.801293945312500000e+03
1.802753662109375000e+03
1.804442871093750000e+03
1.806287231445312500e+03
1.808361450195312500e+03
1.810591064453125000e+03
1.813051147460937500e+03
1.815666992187500000e+03
1.818513305664062500e+03
1.821515991210937500e+03
1.824749633789062500e+03
1.828139892578125000e+03
1.831761230468750000e+03
1.835465332031250000e+03
1.839401123046875000e+03
1.843568481445312500e+03
1.847819213867187500e+03
1.852301879882812500e+03
1.856941772460937500e+03
1.861739501953125000e+03
1.866694580078125000e+03
1.871807006835937500e+03
1.877076782226562500e+03
1.882578491210937500e+03
1.888162963867187500e+03
1.893904907226562500e+03
1.899803955078125000e+03
1.905860229492187500e+03
1.912073852539062500e+03
1.918370239257812500e+03
1.924823852539062500e+03
1.931434570312500000e+03
1.938127929687500000e+03
1.944978393554687500e+03
1.951985717773437500e+03
1.959001708984375000e+03
1.966248657226562500e+03
1.973504028320312500e+03
1.980990722656250000e+03
1.988485351562500000e+03
1.996136962890625000e+03
2.003871093750000000e+03
2.011687500000000000e+03
2.019586425781250000e+03
2.027567871093750000e+03
2.035631347656250000e+03
2.043851684570312500e+03
2.052080078125000000e+03
2.060390380859375000e+03
2.068783203125000000e+03
2.077257812500000000e+03
2.085740478515625000e+03
2.094305419921875000e+03
2.102952148437500000e+03
2.111606933593750000e+03
2.120269042968750000e+03
2.129013427734375000e+03
2.137765625000000000e+03
2.146599365234375000e+03
2.155440917968750000e+03
2.164289794921875000e+03
2.173072021484375000e+03
2.181936035156250000e+03
2.190807617187500000e+03
2.199686523437500000e+03
2.208572753906250000e+03
2.217466064453125000e+03
2.226292724609375000e+03
2.235125976562500000e+03
2.243891357421875000e+03
2.252738037109375000e+03
2.261442138671875000e+03
2.270226562500000000e+03
2.278868408203125000e+03
2.287589843750000000e+03
2.296168212890625000e+03
2.304751708984375000e+03
2.313340087890625000e+03
2.321784423828125000e+03
2.330233398437500000e+03
2.338538085937500000e+03
2.346846923828125000e+03
2.355085205078125000e+03
2.363178222656250000e+03
2.371275146484375000e+03
2.379226074218750000e+03
2.387106201171875000e+03
2.394840087890625000e+03
2.402502441406250000e+03
2.410092529296875000e+03
2.417536376953125000e+03
2.424833251953125000e+03
2.432057373046875000e+03
2.439208984375000000e+03
2.446212890625000000e+03
2.453069091796875000e+03
2.459851806640625000e+03
2.466486572265625000e+03
2.473047363281250000e+03
2.479459716796875000e+03
2.485648925781250000e+03
2.491763427734375000e+03
2.497728759765625000e+03
2.503544677734375000e+03
2.509211181640625000e+03
2.514728027343750000e+03
2.520020263671875000e+03
2.525236328125000000e+03
2.530228027343750000e+03
2.535068603515625000e+03
2.539684326171875000e+03
2.544222900390625000e+03
2.548535888671875000e+03
2.552697509765625000e+03
2.556632812500000000e+03
2.560490478515625000e+03
2.564121582031250000e+03
2.567525878906250000e+03
2.570852050781250000e+03
2.573876464843750000e+03
2.576822265625000000e+03
2.579540527343750000e+03
2.582031005859375000e+03
2.584293457031250000e+03
2.586401855468750000e+03
2.588281982421875000e+03
2.589933593750000000e+03
2.591430664062500000e+03
2.592698486328125000e+03
2.593811523437500000e+03
2.594695312500000000e+03
2.595349365234375000e+03
2.595847656250000000e+03
2.596190429687500000e+03
2.596302734375000000e+03
2.596184570312500000e+03
2.595835937500000000e+03
2.595256347656250000e+03
2.594519775390625000e+03
2.593477783203125000e+03
2.592278564453125000e+03
2.590847656250000000e+03
2.589184814453125000e+03
2.587364013671875000e+03
2.585311035156250000e+03
2.583099853515625000e+03
2.580655761718750000e+03
2.577979003906250000e+03
2.575143066406250000e+03
2.572073974609375000e+03
2.568845458984375000e+03
2.565308837890625000e+03
2.561612792968750000e+03
2.557682373046875000e+03
2.553517578125000000e+03
2.549192382812500000e+03
2.544632568359375000e+03
2.539912109375000000e+03
2.534956054687500000e+03
2.529764892578125000e+03
2.524412109375000000e+03
2.518898193359375000e+03
2.513222167968750000e+03
2.507310058593750000e+03
2.501161621093750000e+03
2.494850585937500000e+03
2.488302734375000000e+03
2.481592529296875000e+03
2.474719970703125000e+03
2.467610839843750000e+03
2.460264892578125000e+03
2.452831542968750000e+03
2.445161865234375000e+03
2.437330078125000000e+03
2.429336914062500000e+03
2.421181884765625000e+03
2.412865234375000000e+03
2.404387207031250000e+03
2.395747802734375000e+03
2.386872802734375000e+03
2.377911132812500000e+03
2.368862548828125000e+03
2.359578613281250000e+03
2.350134033203125000e+03
2.340602783203125000e+03
2.330911132812500000e+03
2.321058593750000000e+03
2.311045898437500000e+03
2.300872802734375000e+03
2.290613769531250000e+03
2.280194580078125000e+03
2.269615234375000000e+03
2.259024658203125000e+03
2.248199707031250000e+03
2.237364013671875000e+03
2.226368408203125000e+03
2.215287597656250000e+03
2.204047119140625000e+03
2.192796386718750000e+03
2.181385986328125000e+03
2.169891113281250000e+03
2.158311279296875000e+03
2.146646972656250000e+03
2.134897949218750000e+03
2.122990234375000000e+03
2.111072753906250000e+03
2.099070800781250000e+03
2.086984619140625000e+03
2.074814697265625000e+03
2.062635009765625000e+03
2.050297119140625000e+03
2.037949951171875000e+03
2.025519165039062500e+03
2.013078979492187500e+03
2.000555541992187500e+03
1.988023193359375000e+03
1.975481567382812500e+03
1.962857177734375000e+03
1.950149902343750000e+03
1.937508544921875000e+03
1.924784912109375000e+03
1.912052978515625000e+03
1.899313476562500000e+03
1.886566406250000000e+03
1.873811645507812500e+03
1.861049804687500000e+03
1.848280761718750000e+03
1.835505004882812500e+03
1.822722534179687500e+03
1.810008056640625000e+03
1.797212646484375000e+03
1.784485473632812500e+03
1.771826782226562500e+03
1.759162109375000000e+03
1.746492187500000000e+03
1.733816772460937500e+03
1.721284667968750000e+03
1.708673217773437500e+03
1.696131347656250000e+03
1.683659057617187500e+03
1.671256713867187500e+03
1.658849975585937500e+03
1.646513549804687500e+03
1.634247436523437500e+03
1.621977661132812500e+03
1.609853027343750000e+03
1.597799316406250000e+03
1.585742431640625000e+03
1.573831054687500000e+03
1.561916992187500000e+03
1.550148925781250000e+03
1.538452758789062500e+03
1.526754394531250000e+03
1.515202514648437500e+03
1.503797485351562500e+03
1.492390747070312500e+03
1.481131103515625000e+03
1.469944335937500000e+03
1.458905151367187500e+03
1.447939453125000000e+03
1.437047119140625000e+03
1.426302978515625000e+03
1.415632690429687500e+03
1.405036621093750000e+03
1.394663330078125000e+03
1.384364501953125000e+03
1.374140380859375000e+03
1.364065307617187500e+03
1.354139648437500000e+03
1.344289062500000000e+03
1.334588012695312500e+03
1.324962402343750000e+03
1.315560913085937500e+03
1.306235107421875000e+03
1.297059448242187500e+03
1.288034179687500000e+03
1.279085083007812500e+03
1.270286499023437500e+03
1.261713012695312500e+03
1.253216064453125000e+03
1.244870239257812500e+03
1.236675659179687500e+03
1.228632324218750000e+03
1.220666137695312500e+03
1.212926025390625000e+03
1.205337646484375000e+03
1.197826904296875000e+03
1.190542480468750000e+03
1.183336059570312500e+03
1.176356323242187500e+03
1.169529052734375000e+03
1.162780151367187500e+03
1.156258544921875000e+03
1.149815429687500000e+03
1.143599853515625000e+03
1.137537475585937500e+03
1.131554199218750000e+03
1.125798828125000000e+03
1.120197265625000000e+03
1.114749389648437500e+03
1.109455688476562500e+03
1.104241821289062500e+03
1.099256347656250000e+03
1.094425659179687500e+03
1.089749267578125000e+03
1.085227783203125000e+03
1.080861328125000000e+03
1.076649658203125000e+03
1.072593383789062500e+03
1.068692382812500000e+03
1.065021118164062500e+03
1.061431274414062500e+03
1.057997192382812500e+03
1.054719116210937500e+03
1.051597045898437500e+03
1.048631103515625000e+03
1.045821777343750000e+03
1.043168701171875000e+03
1.040672241210937500e+03
1.038332275390625000e+03
1.036074707031250000e+03
1.034047973632812500e+03
1.032103881835937500e+03
1.030316528320312500e+03
1.028686157226562500e+03
1.027212646484375000e+03
1.025821777343750000e+03
1.024588012695312500e+03
1.023511535644531250e+03
1.022592163085937500e+03
1.021755798339843750e+03
1.021076660156250000e+03
1.020554992675781250e+03
1.020116455078125000e+03
1.019835449218750000e+03
1.019712036132812500e+03
1.019671875000000000e+03
1.019789428710937500e+03
1.019990539550781250e+03
1.020349426269531250e+03
1.020791931152343750e+03
1.021392333984375000e+03
1.022076477050781250e+03
1.022844482421875000e+03
1.023770568847656250e+03
1.024780639648437500e+03
1.025874633789062500e+03
1.027126831054687500e+03
1.028388916015625000e+03
1.029883911132812500e+03
1.031388549804687500e+03
1.033051879882812500e+03
1.034725341796875000e+03
1.036557495117187500e+03
1.038474121093750000e+03
1.040400878906250000e+03
1.042486572265625000e+03
1.044656982421875000e+03
1.046837890625000000e+03
1.049177856445312500e+03
1.051528320312500000e+03
1.054037963867187500e+03
1.056558349609375000e+03
1.059089355468750000e+03
1.061779907226562500e+03
1.064481201171875000e+03
1.067267822265625000e+03
1.070139404296875000e+03
1.073021606445312500e+03
1.075988525390625000e+03
1.079039916992187500e+03
1.082027221679687500e+03
1.085173095703125000e+03
1.088328613281250000e+03
1.091493774414062500e+03
1.094668334960937500e+03
1.097926391601562500e+03
1.101267944335937500e+03
1.104544067382812500e+03
1.107903076171875000e+03
1.111270874023437500e+03
1.114646972656250000e+03
1.118105712890625000e+03
1.121498168945312500e+03
1.124972778320312500e+03
1.128455200195312500e+03
1.131870849609375000e+03
1.135368286132812500e+03
1.138872924804687500e+03
1.142310302734375000e+03
1.145828857421875000e+03
1.149279907226562500e+03
1.152811767578125000e+03
1.156275756835937500e+03
1.159671630859375000e+03
1.163147949218750000e+03
1.166555786132812500e+03
1.169969360351562500e+03
1.173388549804687500e+03
1.176738769531250000e+03
1.180094238281250000e+03
1.183454711914062500e+03
1.186745849609375000e+03
1.190041625976562500e+03
1.193267822265625000e+03
1.196423950195312500e+03
1.199584350585937500e+03
1.202748779296875000e+03
1.205768432617187500e+03
1.208791870117187500e+03
1.211818847656250000e+03
1.214774902343750000e+03
1.217659912109375000e+03
1.220473632812500000e+03
1.223290161132812500e+03
1.226035156250000000e+03
1.228708374023437500e+03
1.231384033203125000e+03
1.233913208007812500e+03
1.236444458007812500e+03
1.238903442382812500e+03
1.241289794921875000e+03
1.243603637695312500e+03
1.245844482421875000e+03
1.248012329101562500e+03
1.250106933593750000e+03
1.252128295898437500e+03
1.254150512695312500e+03
1.256024780273437500e+03
1.257825195312500000e+03
1.259551635742187500e+03
1.261278442382812500e+03
1.262856689453125000e+03
1.264360473632812500e+03
1.265789794921875000e+03
1.267144287109375000e+03
1.268423828125000000e+03
1.269628417968750000e+03
1.270683715820312500e+03
1.271737670898437500e+03
1.272642089843750000e+03
1.273470703125000000e+03
1.274223510742187500e+03
1.274900390625000000e+03
1.275501098632812500e+03
1.275951416015625000e+03
1.276399536132812500e+03
1.276696655273437500e+03
1.276917114257812500e+03
1.277060668945312500e+03
1.277127197265625000e+03
1.277042236328125000e+03
1.276954101562500000e+03
1.276714233398437500e+03
1.276396728515625000e+03
1.275927001953125000e+03
1.275453735351562500e+03
1.274827880859375000e+03
1.274123901367187500e+03
1.273341308593750000e+03
1.272480224609375000e+03
1.271540405273437500e+03
1.270447265625000000e+03
1.269275146484375000e+03
1.268023803710937500e+03
1.266692993164062500e+03
1.265282836914062500e+03
1.263718505859375000e+03
1.262149169921875000e+03
1.260425659179687500e+03
1.258622680664062500e+03
1.256739868164062500e+03
1.254703002929687500e+03
1.252660644531250000e+03
1.250538452148437500e+03
1.248262207031250000e+03
1.245980224609375000e+03
1.243544067382812500e+03
1.241027954101562500e+03
1.238506103515625000e+03
1.235829956054687500e+03
1.233073730468750000e+03
1.230311645507812500e+03
1.227395019531250000e+03
1.224398315429687500e+03
1.221395629882812500e+03
1.218238403320312500e+03
1.215075195312500000e+03
1.211757324218750000e+03
1.208433349609375000e+03
1.205029052734375000e+03
1.201544311523437500e+03
1.197979003906250000e+03
1.194333129882812500e+03
1.190681030273437500e+03
1.186948486328125000e+03
1.183135131835937500e+03
1.179241210937500000e+03
1.175266601562500000e+03
1.171285522460937500e+03
1.167223632812500000e+03
1.163081054687500000e+03
1.158931762695312500e+03
1.154701782226562500e+03
1.150390747070312500e+03
1.146073120117187500e+03
1.141674438476562500e+03
1.137269042968750000e+03
1.132782592773437500e+03
1.128289306640625000e+03
1.123714843750000000e+03
1.119059326171875000e+03
1.114396850585937500e+03
1.109727416992187500e+03
1.104976684570312500e+03
1.100218994140625000e+03
1.095454223632812500e+03
1.090608154296875000e+03
1.085755249023437500e+03
1.080821411132812500e+03
1.075880859375000000e+03
1.070933715820312500e+03
1.065980346679687500e+03
1.061020385742187500e+03
1.055980102539062500e+03
1.050933715820312500e+03
1.045881103515625000e+03
1.040822875976562500e+03
1.035758666992187500e+03
1.030614501953125000e+03
1.025539062500000000e+03
1.020458129882812500e+03
1.015297424316406250e+03
1.010205871582031250e+03
1.005034851074218750e+03
9.999330444335937500e+02
9.948261718750000000e+02
9.896401977539062500e+02
9.845238647460937500e+02
9.794027709960937500e+02
9.743515014648437500e+02
9.692214355468750000e+02
9.641613769531250000e+02
9.590227661132812500e+02
9.539543457031250000e+02
9.489562377929687500e+02
9.438798828125000000e+02
9.388739624023437500e+02
9.339387207031250000e+02
9.289255981445312500e+02
9.239832153320312500e+02
9.191116943359375000e+02
9.141627197265625000e+02
9.093590698242187500e+02
9.044780273437500000e+02
8.996683959960937500e+02
8.949301147460937500e+02
8.901891479492187500e+02
8.854454956054687500e+02
8.807735595703125000e+02
8.761735229492187500e+02
8.715711059570312500e+02
8.670408325195312500e+02
8.625082397460937500e+02
8.580480957031250000e+02
8.536602172851562500e+02
8.492705688476562500e+02
8.449534912109375000e+02
8.406348876953125000e+02
8.363890380859375000e+02
8.322161865234375000e+02
8.281163940429687500e+02
8.240155029296875000e+02
8.199879150390625000e+02
8.159594726562500000e+02
8.120788574218750000e+02
8.081976318359375000e+02
8.043901367187500000e+02
8.006565551757812500e+02
7.969970703125000000e+02
7.933521728515625000e+02
7.897816162109375000e+02
7.862779541015625000e+02
7.828339233398437500e+02
7.794571533203125000e+02
7.761401367187500000e+02
7.728906250000000000e+02
7.697086181640625000e+02
7.665868530273437500e+02
7.635328369140625000e+02
7.605467529296875000e+02
7.576360473632812500e+02
7.547861328125000000e+02
7.520043334960937500e+02
7.492910156250000000e+02
7.466535644531250000e+02
7.440773315429687500e+02
7.415772094726562500e+02
7.391459350585937500e+02
7.367910156250000000e+02
7.344978027343750000e+02
7.322811889648437500e+02
7.301338500976562500e+02
7.280634155273437500e+02
7.260625610351562500e+02
7.241313476562500000e+02
7.222772827148437500e+02
7.204932250976562500e+02
7.187791137695312500e+02
7.171425781250000000e+02
7.155763549804687500e+02
7.140805053710937500e+02
7.126625976562500000e+02
7.113078002929687500e+02
7.100312500000000000e+02
7.088255004882812500e+02
7.076981811523437500e+02
7.066343994140625000e+02
7.056416625976562500e+02
7.047199707031250000e+02
7.038693847656250000e+02
7.030900268554687500e+02
7.023817749023437500e+02
7.017447509765625000e+02
7.011715698242187500e+02
7.006696777343750000e+02
7.002316284179687500e+02
6.998649902343750000e+02
6.995623168945312500e+02
6.993235473632812500e+02
6.991488647460937500e+02
6.990456542968750000e+02
6.990065917968750000e+02
6.990241699218750000e+02
6.991059570312500000e+02
6.992519531250000000e+02
6.994547119140625000e+02
6.997218017578125000e+02
7.000457153320312500e+02
7.004339599609375000e+02
7.008717651367187500e+02
7.013739624023437500e+02
7.019257202148437500e+02
7.025419311523437500e+02
7.032078857421875000e+02
7.039235229492187500e+02
7.046962280273437500e+02
7.055187988281250000e+02
7.063910522460937500e+02
7.073131713867187500e+02
7.082852172851562500e+02
7.092996826171875000e+02
7.103715209960937500e+02
7.114784545898437500e+02
7.126353759765625000e+02
7.138349609375000000e+02
7.150697021484375000e+02
7.163545532226562500e+02
7.176746826171875000e+02
7.190375976562500000e+02
7.204284057617187500e+02
7.218619995117187500e+02
7.233310546875000000e+02
7.248355712890625000e+02
7.263756103515625000e+02
7.279362182617187500e+02
7.295398559570312500e+02
7.311640625000000000e+02
7.328237304687500000e+02
7.345037841796875000e+02
7.362117309570312500e+02
7.379473876953125000e+02
7.397032470703125000e+02
7.414791870117187500e+02
7.432752075195312500e+02
7.450911865234375000e+02
7.469271240234375000e+02
7.487828369140625000e+02
7.506433715820312500e+02
7.525236206054687500e+02
7.544159545898437500e+02
7.563204345703125000e+02
7.582368164062500000e+02
7.601577148437500000e+02
7.620903320312500000e+02
7.640198974609375000e+02
7.659611206054687500e+02
7.679064941406250000e+02
7.698485107421875000e+02
7.717944946289062500e+02
7.737443237304687500e+02
7.756831665039062500e+02
7.776257934570312500e+02
7.795794067382812500e+02
7.814995727539062500e+02
7.834231567382812500e+02
7.853501586914062500e+02
7.872062377929687500e+02
7.891398315429687500e+02
7.910023193359375000e+02
7.928679199218750000e+02
7.947365112304687500e+02
7.965336914062500000e+02
7.984081420898437500e+02
8.002109375000000000e+02
8.019421997070312500e+02
8.037503662109375000e+02
8.054868164062500000e+02
8.072256469726562500e+02
8.088925170898437500e+02
8.105617675781250000e+02
8.122331542968750000e+02
8.138323974609375000e+02
8.154336547851562500e+02
8.169626464843750000e+02
8.184934692382812500e+02
8.200260620117187500e+02
8.214861450195312500e+02
8.229478149414062500e+02
8.243366088867187500e+02
8.257268066406250000e+02
8.270440063476562500e+02
8.282880249023437500e+02
8.296074829101562500e+02
8.307792968750000000e+02
8.319519042968750000e+02
8.331253662109375000e+02
8.342250976562500000e+02
8.352510986328125000e+02
8.362775268554687500e+02
8.372300415039062500e+02
8.381828002929687500e+02
8.390613403320312500e+02
8.398655395507812500e+02
8.406697387695312500e+02
8.413994140625000000e+02
8.421287841796875000e+02
8.427835083007812500e+02
8.433633422851562500e+02
8.439426269531250000e+02
8.444468994140625000e+02
8.448760375976562500e+02
8.453042602539062500e+02
8.456571655273437500e+02
8.459346313476562500e+02
8.462108154296875000e+02
8.464113769531250000e+02
8.465362548828125000e+02
8.466595458984375000e+02
8.467067871093750000e+02
8.466781005859375000e+02
8.466474609375000000e+02
8.464662475585937500e+02
8.462830200195312500e+02
8.460975341796875000e+02
8.458355102539062500e+02
8.454967651367187500e+02
8.450812377929687500e+02
8.445888061523437500e+02
8.440936889648437500e+02
8.435213623046875000e+02
8.429462280273437500e+02
8.422194213867187500e+02
8.414895019531250000e+02
8.406820678710937500e+02
8.398712768554687500e+02
8.389827270507812500e+02
8.380164184570312500e+02
8.369722900390625000e+02
8.359246215820312500e+02
8.347991333007812500e+02
8.335956420898437500e+02
8.323142089843750000e+02
8.310291748046875000e+02
8.296659545898437500e+02
8.282991333007812500e+02
8.268540649414062500e+02
8.253309326171875000e+02
8.237296752929687500e+02
8.221243896484375000e+02
8.204409790039062500e+02
8.187535400390625000e+02
8.169877929687500000e+02
8.151437377929687500e+02
8.132955322265625000e+02
8.112946777343750000e+02
8.093638916015625000e+02
8.073546142578125000e+02
8.052669067382812500e+02
8.031005249023437500e+02
8.009299316406250000e+02
7.986806640625000000e+02
7.964270019531250000e+02
7.941243896484375000e+02
7.917578735351562500e+02
7.893497314453125000e+02
7.868925781250000000e+02
7.844010620117187500e+02
7.818604125976562500e+02
7.792780151367187500e+02
7.766537475585937500e+02
7.739877319335937500e+02
7.712871704101562500e+02
7.685373535156250000e+02
7.657529907226562500e+02
7.629266357421875000e+02
7.600656738281250000e+02
7.571701049804687500e+02
7.542324218750000000e+02
7.512600708007812500e+02
7.482529907226562500e+02
7.452111816406250000e+02
7.421344604492187500e+02
7.390304565429687500e+02
7.358914794921875000e+02
7.327175903320312500e+02
7.295162963867187500e+02
7.262874755859375000e+02
7.230312500000000000e+02
7.197402954101562500e+02
7.164294433593750000e+02
7.130913085937500000e+02
7.097260742187500000e+02
7.063410644531250000e+02
7.029290161132812500e+02
6.994973754882812500e+02
6.960388183593750000e+02
6.925607299804687500e+02
6.890706787109375000e+02
6.855612792968750000e+02
6.820325927734375000e+02
6.784920654296875000e+02
6.749323120117187500e+02
6.713608398437500000e+02
6.677777709960937500e+02
6.641830444335937500e+02
6.605768432617187500e+02
6.569591064453125000e+02
6.533374023437500000e+02
6.497042846679687500e+02
6.460598754882812500e+02
6.424190673828125000e+02
6.387669677734375000e+02
6.351112670898437500e+02
6.314518432617187500e+02
6.277962036132812500e+02
6.241295776367187500e+02
6.204743652343750000e+02
6.168082275390625000e+02
6.131536254882812500e+02
6.094956054687500000e+02
6.058417968750000000e+02
6.021921386718750000e+02
5.985542602539062500e+02
5.949131469726562500e+02
5.912839965820312500e+02
5.876665649414062500e+02
5.840536499023437500e+02
5.804453125000000000e+02
5.768489990234375000e+02
5.732647705078125000e+02
5.696926269531250000e+02
5.661327514648437500e+02
5.625924682617187500e+02
5.590571289062500000e+02
5.555489501953125000e+02
5.520458374023437500e+02
5.485700073242187500e+02
5.451068115234375000e+02
5.416636962890625000e+02
5.382333374023437500e+02
5.348307495117187500e+02
5.314484863281250000e+02
5.280866088867187500e+02
5.247453002929687500e+02
5.214320678710937500e+02
5.181395263671875000e+02
5.148677978515625000e+02
5.116243286132812500e+02
5.084092712402343750e+02
5.052227478027343750e+02
5.020573120117187500e+02
4.989205322265625000e+02
4.958125000000000000e+02
4.927406921386718750e+02
4.896903991699218750e+02
4.866765136718750000e+02
4.836843261718750000e+02
4.807286987304687500e+02
4.778097229003906250e+02
4.749201660156250000e+02
4.720599670410156250e+02
4.692367248535156250e+02
4.664431152343750000e+02
4.636940307617187500e+02
4.609746704101562500e+02
4.582852172851562500e+02
4.556405639648437500e+02
4.530259399414062500e+02
4.504563293457031250e+02
4.479168701171875000e+02
4.454151000976562500e+02
4.429511718750000000e+02
4.405325927734375000e+02
4.381445312500000000e+02
4.357945251464843750e+02
4.334900817871093750e+02
4.312164611816406250e+02
4.289885864257812500e+02
4.267991027832031250e+02
4.246481323242187500e+02
4.225431518554687500e+02
4.204694213867187500e+02
4.184418640136718750e+02
4.164531250000000000e+02
4.145107727050781250e+02
4.125999755859375000e+02
4.107356262207031250e+02
4.089178466796875000e+02
4.071317749023437500e+02
4.053923034667968750e+02
4.036920776367187500e+02
4.020310974121093750e+02
4.004094543457031250e+02
3.988345947265625000e+02
3.972991333007812500e+02
3.958031311035156250e+02
3.943540649414062500e+02
3.929371032714843750e+02
3.915671691894531250e+02
3.902368469238281250e+02
3.889462280273437500e+02
3.876953125000000000e+02
3.864841308593750000e+02
3.853127746582031250e+02
3.841887207031250000e+02
3.830971069335937500e+02
3.820454711914062500e+02
3.810337829589843750e+02
3.800621032714843750e+02
3.791305541992187500e+02
3.782390747070312500e+02
3.773803710937500000e+02
3.765618591308593750e+02
3.757835693359375000e+02
3.750382080078125000e+02
3.743330993652343750e+02
3.736684570312500000e+02
3.730367736816406250e+02
3.724381408691406250e+02
3.718800354003906250e+02
3.713550415039062500e+02
3.708632507324218750e+02
3.704046630859375000e+02
3.699867553710937500e+02
3.696022033691406250e+02
3.692435302734375000e+02
3.689257202148437500e+02
3.686413269042968750e+02
3.683829956054687500e+02
3.681582031250000000e+02
3.679669799804687500e+02
3.678094177246093750e+02
3.676780395507812500e+02
3.675803833007812500e+02
3.675090637207031250e+02
3.674640808105468750e+02
3.674529113769531250e+02
3.674605712890625000e+02
3.675019531250000000e+02
3.675695800781250000e+02
3.676634521484375000e+02
3.677835388183593750e+02
3.679297485351562500e+02
3.681021118164062500e+02
3.682931518554687500e+02
3.685102844238281250e+02
3.687460021972656250e+02
3.690077819824218750e+02
3.692881164550781250e+02
3.695869750976562500e+02
3.699117431640625000e+02
3.702475585937500000e+02
3.706092834472656250e+02
3.709894104003906250e+02
3.713804931640625000e+02
3.717973632812500000e+02
3.722251281738281250e+02
3.726637878417968750e+02
3.731281433105468750e+02
3.735958862304687500e+02
3.740818176269531250e+02
3.745859680175781250e+02
3.750933837890625000e+02
3.756189270019531250e+02
3.761551513671875000e+02
3.767020263671875000e+02
3.772520751953125000e+02
3.778201293945312500e+02
3.783912963867187500e+02
3.789730224609375000e+02
3.795651855468750000e+02
3.801530151367187500e+02
3.807586975097656250e+02
3.813673095703125000e+02
3.819714965820312500e+02
3.825934448242187500e+02
3.832108459472656250e+02
3.838311157226562500e+02
3.844542236328125000e+02
3.850801391601562500e+02
3.857088317871093750e+02
3.863328247070312500e+02
3.869595336914062500e+02
3.875889282226562500e+02
3.882135620117187500e+02
3.888334045410156250e+02
3.894557800292968750e+02
3.900732727050781250e+02
3.906857299804687500e+02
3.913005981445312500e+02
3.919028930664062500e+02
3.925074462890625000e+02
3.930993347167968750e+02
3.936858825683593750e+02
3.942670898437500000e+02
3.948428344726562500e+02
3.954130554199218750e+02
3.959703063964843750e+02
3.965145263671875000e+02
3.970530090332031250e+02
3.975857238769531250e+02
3.981052246093750000e+02
3.986113891601562500e+02
3.991116027832031250e+02
3.995983886718750000e+02
4.000716247558593750e+02
4.005313110351562500e+02
4.009773864746093750e+02
4.014097290039062500e+02
4.018283386230468750e+02
4.022330627441406250e+02
4.026239624023437500e+02
4.030008544921875000e+02
4.033637695312500000e+02
4.037051391601562500e+02
4.040323791503906250e+02
4.043453979492187500e+02
4.046367187500000000e+02
4.049136962890625000e+02
4.051688537597656250e+02
4.054095153808593750e+02
4.056282348632812500e+02
4.058323364257812500e+02
4.060218200683593750e+02
4.061817016601562500e+02
4.063341979980468750e+02
4.064570312500000000e+02
4.065649414062500000e+02
4.066504211425781250e+02
4.067208557128906250e+02
4.067613525390625000e+02
4.067866516113281250e+02
4.067893066406250000e+02
4.067692260742187500e+02
4.067337646484375000e+02
4.066680603027343750e+02
4.065868835449218750e+02
4.064827575683593750e+02
4.063556518554687500e+02
4.062055969238281250e+02
4.060398559570312500e+02
4.058436584472656250e+02
4.056242980957031250e+02
4.053892211914062500e+02
4.051309814453125000e+02
4.048420410156250000e+02
4.045372619628906250e+02
4.042091674804687500e+02
4.038577270507812500e+02
4.034829101562500000e+02
4.030846862792968750e+02
4.026704101562500000e+02
4.022252197265625000e+02
4.017639160156250000e+02
4.012790222167968750e+02
4.007705383300781250e+02
4.002458190917968750e+02
3.996899719238281250e+02
3.991178588867187500e+02
3.985219726562500000e+02
3.979096984863281250e+02
3.972661437988281250e+02
3.966135864257812500e+02
3.959297180175781250e+02
3.952292785644531250e+02
3.945048828125000000e+02
3.937564392089843750e+02
3.929913635253906250e+02
3.922095947265625000e+02
3.914037170410156250e+02
3.905736389160156250e+02
3.897267456054687500e+02
3.888630676269531250e+02
3.879750976562500000e+02
3.870701904296875000e+02
3.861484069824218750e+02
3.852021484375000000e+02
3.842389221191406250e+02
3.832586059570312500e+02
3.822612304687500000e+02
3.812392883300781250e+02
3.802076110839843750e+02
3.791513061523437500e+02
3.780777282714843750e+02
3.769868774414062500e+02
3.758861694335937500e+02
3.747607116699218750e+02
3.736253967285156250e+02
3.724653625488281250e+02
3.712955322265625000e+02
3.701158447265625000e+02
3.689114685058593750e+02
3.676973266601562500e+02
3.664733886718750000e+02
3.652322692871093750e+02
3.639739685058593750e+02
3.627058715820312500e+02
3.614280700683593750e+02
3.601331481933593750e+02
3.588284606933593750e+02
3.575141296386718750e+02
3.561826477050781250e+02
3.548489379882812500e+02
3.534981689453125000e+02
3.521377258300781250e+02
3.507750854492187500e+02
3.493954162597656250e+02
3.480135498046875000e+02
3.466146850585937500e+02
3.452136840820312500e+02
3.438030700683593750e+02
3.423903503417968750e+02
3.409681091308593750e+02
3.395363464355468750e+02
3.381024475097656250e+02
3.366591186523437500e+02
3.352136840820312500e+02
3.337662048339843750e+02
3.323167114257812500e+02
3.308577575683593750e+02
3.293968200683593750e+02
3.279338378906250000e+02
3.264689331054687500e+02
3.249945983886718750e+02
3.235257263183593750e+02
3.220549316406250000e+02
3.205822143554687500e+02
3.191075744628906250e+02
3.176384582519531250e+02
3.161674499511718750e+02
3.146945495605468750e+02
3.132198181152343750e+02
3.117506408691406250e+02
3.102796020507812500e+02
3.088142089843750000e+02
3.073469848632812500e+02
3.058928527832031250e+02
3.044295654296875000e+02
3.029794616699218750e+02
3.015276794433593750e+02
3.000817565917968750e+02
2.986417236328125000e+02
2.972001647949218750e+02
2.957719726562500000e+02
2.943423767089843750e+02
2.929262390136718750e+02
2.915162048339843750e+02
2.901048583984375000e+02
2.887071228027343750e+02
2.873155822753906250e+02
2.859377441406250000e+02
2.845587768554687500e+02
2.831936035156250000e+02
2.818422241210937500e+02
2.804898376464843750e+02
2.791513671875000000e+02
2.778268737792968750e+02
2.765088806152343750e+02
2.752049560546875000e+02
2.739076538085937500e+02
2.726244812011718750e+02
2.713480224609375000e+02
2.700857849121093750e+02
2.688377685546875000e+02
2.676040649414062500e+02
2.663772583007812500e+02
2.651648254394531250e+02
2.639668273925781250e+02
2.627832641601562500e+02
2.616141662597656250e+02
2.604522399902343750e+02
2.593048706054687500e+02
2.581795959472656250e+02
2.570615539550781250e+02
2.559581909179687500e+02
2.548770599365234375e+02
2.538032684326171875e+02
2.527443389892578125e+02
2.517077178955078125e+02
2.506786193847656250e+02
2.496718902587890625e+02
2.486801910400390625e+02
2.477035522460937500e+02
2.467420196533203125e+02
2.457956237792968750e+02
2.448644104003906250e+02
2.439558563232421875e+02
2.430550994873046875e+02
2.421770629882812500e+02
2.413143310546875000e+02
2.404669647216796875e+02
2.396423492431640625e+02
2.388257446289062500e+02
2.380319976806640625e+02
2.372536926269531250e+02
2.364909210205078125e+02
2.357510528564453125e+02
2.350267639160156250e+02
2.343180694580078125e+02
2.336249847412109375e+02
2.329475402832031250e+02
2.322931976318359375e+02
2.316545867919921875e+02
2.310316925048828125e+02
2.304245910644531250e+02
2.298332519531250000e+02
2.292651977539062500e+02
2.287130126953125000e+02
2.281692657470703125e+02
2.276563110351562500e+02
2.271518707275390625e+02
2.266634368896484375e+02
2.261984252929687500e+02
2.257420501708984375e+02
2.253091735839843750e+02
2.248923797607421875e+02
2.244917602539062500e+02
2.241072692871093750e+02
2.237389984130859375e+02
2.233869476318359375e+02
2.230511627197265625e+02
2.227242584228515625e+02
2.224210815429687500e+02
2.221342620849609375e+02
2.218638153076171875e+02
2.216097869873046875e+02
2.213647766113281250e+02
2.211436767578125000e+02
2.209316253662109375e+02
2.207361450195312500e+02
2.205571899414062500e+02
2.203874206542968750e+02
2.202417297363281250e+02
2.200978088378906250e+02
2.199779968261718750e+02
2.198675079345703125e+02
2.197737121582031250e+02
2.196965942382812500e+02
2.196287841796875000e+02
2.195702209472656250e+02
2.195283508300781250e+02
2.195031280517578125e+02
2.194797515869140625e+02
2.194804687500000000e+02
2.194829711914062500e+02
2.195021209716796875e+02
2.195379333496093750e+02
2.195755310058593750e+02
2.196297454833984375e+02
2.196931610107421875e+02
2.197657623291015625e+02
2.198549804687500000e+02
2.199459533691406250e+02
2.200535125732421875e+02
2.201628112792968750e+02
2.202886810302734375e+02
2.204162902832031250e+02
2.205530395507812500e+02
2.207063446044921875e+02
2.208613433837890625e+02
2.210254669189453125e+02
2.211987152099609375e+02
2.213736572265625000e+02
2.215576782226562500e+02
2.217508087158203125e+02
2.219455871582031250e+02
2.221494445800781250e+02
2.223624114990234375e+02
2.225769958496093750e+02
2.228006439208984375e+02
2.230259094238281250e+02
2.232528076171875000e+02
2.234887390136718750e+02
2.237262725830078125e+02
2.239728393554687500e+02
2.242135925292968750e+02
2.244633483886718750e+02
2.247146606445312500e+02
2.249675598144531250e+02
2.252294769287109375e+02
2.254854888916015625e+02
2.257430725097656250e+02
2.260096282958984375e+02
2.262703094482421875e+02
2.265325164794921875e+02
2.267962341308593750e+02
2.270614471435546875e+02
2.273281097412109375e+02
2.275962371826171875e+02
2.278583221435546875e+02
2.281217498779296875e+02
2.283791046142578125e+02
2.286452026367187500e+02
2.289051361083984375e+02
2.291588592529296875e+02
2.294138031005859375e+02
2.296699218750000000e+02
2.299123229980468750e+02
2.301632690429687500e+02
2.304078521728515625e+02
2.306460723876953125e+02
2.308778839111328125e+02
2.311106414794921875e+02
2.313369598388671875e+02
2.315641937255859375e+02
2.317848663330078125e+02
2.319989776611328125e+02
2.322064666748046875e+02
2.324073333740234375e+02
2.326015472412109375e+02
2.327964630126953125e+02
2.329846649169921875e+02
2.331586761474609375e+02
2.333332824707031250e+02
2.335010986328125000e+02
2.336546020507812500e+02
2.338086547851562500e+02
2.339483642578125000e+02
2.340885467529296875e+02
2.342142791748046875e+02
2.343330230712890625e+02
2.344521484375000000e+02
2.345493164062500000e+02
2.346467895507812500e+02
2.347371063232421875e+02
2.348128509521484375e+02
2.348813629150390625e+02
2.349352111816406250e+02
2.349891967773437500e+02
2.350284729003906250e+02
2.350603942871093750e+02
2.350774993896484375e+02
2.350872192382812500e+02
2.350895233154296875e+02
2.350768890380859375e+02
2.350567779541015625e+02
2.350291595458984375e+02
2.349865417480468750e+02
2.349363708496093750e+02
2.348711547851562500e+02
2.347983398437500000e+02
2.347178497314453125e+02
2.346222839355468750e+02
2.345115661621093750e+02
2.343931579589843750e+02
2.342669982910156250e+02
2.341256408691406250e+02
2.339764709472656250e+02
2.338120574951171875e+02
2.336323852539062500e+02
2.334522705078125000e+02
2.332493896484375000e+02
2.330386047363281250e+02
2.328198699951171875e+02
2.325857391357421875e+02
2.323436279296875000e+02
2.320860748291015625e+02
2.318204650878906250e+02
2.315393371582031250e+02
2.312501678466796875e+02
2.309454345703125000e+02
2.306325378417968750e+02
2.303115081787109375e+02
2.299674224853515625e+02
2.296225433349609375e+02
2.292620086669921875e+02
2.288857727050781250e+02
2.285086822509765625e+02
2.281084289550781250e+02
2.277072601318359375e+02
2.272903137207031250e+02
2.268575439453125000e+02
2.264163360595703125e+02
2.259667358398437500e+02
2.255012207031250000e+02
2.250346679687500000e+02
2.245447082519531250e+02
2.240536956787109375e+02
2.235466766357421875e+02
2.230310668945312500e+02
2.224994201660156250e+02
2.219591369628906250e+02
2.214101867675781250e+02
2.208525695800781250e+02
2.202862548828125000e+02
2.197037658691406250e+02
2.191125640869140625e+02
2.185126190185546875e+02
2.179039611816406250e+02
2.172791137695312500e+02
2.166529998779296875e+02
2.160106964111328125e+02
2.153596801757812500e+02
2.147073822021484375e+02
2.140388946533203125e+02
2.133616943359375000e+02
2.126757659912109375e+02
2.119811096191406250e+02
2.112851562500000000e+02
2.105730438232421875e+02
2.098522186279296875e+02
2.091300811767578125e+02
2.083917846679687500e+02
2.076522064208984375e+02
2.069039001464843750e+02
2.061468505859375000e+02
2.053810882568359375e+02
2.046140441894531250e+02
2.038382720947265625e+02
2.030537719726562500e+02
2.022679595947265625e+02
2.014660186767578125e+02
2.006702117919921875e+02
1.998582611083984375e+02
1.990449981689453125e+02
1.982304382324218750e+02
1.974071807861328125e+02
1.965826263427734375e+02
1.957493438720703125e+02
1.949073333740234375e+02
1.940640563964843750e+02
1.932194671630859375e+02
1.923661651611328125e+02
1.915115814208984375e+02
1.906557006835937500e+02
1.897985229492187500e+02
1.889326324462890625e+02
1.880654602050781250e+02
1.871895599365234375e+02
1.863198242187500000e+02
1.854413604736328125e+02
1.845615997314453125e+02
1.836879882812500000e+02
1.828056488037109375e+02
1.819220428466796875e+02
1.810371551513671875e+02
1.801509857177734375e+02
1.792635803222656250e+02
1.783749542236328125e+02
1.774851379394531250e+02
1.765941314697265625e+02
1.757019653320312500e+02
1.748161010742187500e+02
1.739216918945312500e+02
1.730336303710937500e+02
1.721444854736328125e+02
1.712543029785156250e+02
1.703705139160156250e+02
1.694782714843750000e+02
1.685924987792968750e+02
1.677131805419921875e+02
1.668255004882812500e+02
1.659443206787109375e+02
1.650696716308593750e+02
1.641941375732421875e+02
1.633177642822265625e+02
1.624479827880859375e+02
1.615773773193359375e+02
1.607134246826171875e+02
1.598486785888671875e+02
1.589906311035156250e+02
1.581392822265625000e+02
1.572872314453125000e+02
1.564419250488281250e+02
1.555959625244140625e+02
1.547567749023437500e+02
1.539244079589843750e+02
1.530914459228515625e+02
1.522653198242187500e+02
1.514460754394531250e+02
1.506262969970703125e+02
1.498208770751953125e+02
1.490149536132812500e+02
1.482159881591796875e+02
1.474240112304687500e+02
1.466316070556640625e+02
1.458536682128906250e+02
1.450753173828125000e+02
1.443040618896484375e+02
1.435398712158203125e+02
1.427828063964843750e+02
1.420328674316406250e+02
1.412900848388671875e+02
1.405470581054687500e+02
1.398186492919921875e+02
1.390974426269531250e+02
1.383760681152343750e+02
1.376693878173828125e+02
1.369625396728515625e+02
1.362704315185546875e+02
1.355856628417968750e+02
1.349007873535156250e+02
1.342307128906250000e+02
1.335680541992187500e+02
1.329127807617187500e+02
1.322649536132812500e+02
1.316245727539062500e+02
1.309916534423828125e+02
1.303662567138671875e+02
1.297483673095703125e+02
1.291380310058593750e+02
1.285426635742187500e+02
1.279474639892578125e+02
1.273672943115234375e+02
1.267947463989257812e+02
1.262224121093750000e+02
1.256651916503906250e+02
1.251230773925781250e+02
1.245812454223632812e+02
1.240471496582031250e+02
1.235282440185546875e+02
1.230096817016601562e+02
1.225063400268554688e+02
1.220108261108398438e+02
1.215231399536132812e+02
1.210433273315429688e+02
1.205713882446289062e+02
1.201073532104492188e+02
1.196586914062500000e+02
1.192105255126953125e+02
1.187777786254882812e+02
1.183530044555664062e+02
1.179362411499023438e+02
1.175275268554687500e+02
1.171268463134765625e+02
1.167342605590820312e+02
1.163572006225585938e+02
1.159808120727539062e+02
1.156200027465820312e+02
1.152599411010742188e+02
1.149154663085937500e+02
1.145792236328125000e+02
1.142511825561523438e+02
1.139314041137695312e+02
1.136198806762695312e+02
1.133092193603515625e+02
1.130142898559570312e+02
1.127276611328125000e+02
1.124493179321289062e+02
1.121792984008789062e+02
1.119175872802734375e+02
1.116641769409179688e+02
1.114190826416015625e+02
1.111823120117187500e+02
1.109538726806640625e+02
1.107337493896484375e+02
1.105219650268554688e+02
1.103110809326171875e+02
1.101159744262695312e+02
1.099217758178710938e+02
1.097359313964843750e+02
1.095658569335937500e+02
1.093967132568359375e+02
1.092284927368164062e+02
1.090760650634765625e+02
1.089319992065429688e+02
1.087888870239257812e+02
1.086541366577148438e+02
1.085277557373046875e+02
1.084023361206054688e+02
1.082927246093750000e+02
1.081840820312500000e+02
1.080763931274414062e+02
1.079845275878906250e+02
1.078936309814453125e+02
1.078111419677734375e+02
1.077296295166015625e+02
1.076565246582031250e+02
1.075918350219726562e+02
1.075281372070312500e+02
1.074728546142578125e+02
1.074185714721679688e+02
1.073801498413085938e+02
1.073352966308593750e+02
1.072988739013671875e+02
1.072709045410156250e+02
1.072439422607421875e+02
1.072179946899414062e+02
1.072005081176757812e+02
1.071914672851562500e+02
1.071760330200195312e+02
1.071764831542968750e+02
1.071705474853515625e+02
1.071730804443359375e+02
1.071840896606445312e+02
1.071887130737304688e+02
1.072017974853515625e+02
1.072233352661132812e+02
1.072384490966796875e+02
1.072619857788085938e+02
1.072865142822265625e+02
1.073120040893554688e+02
1.073458862304687500e+02
1.073806991577148438e+02
1.074164505004882812e+02
1.074531097412109375e+02
1.074906692504882812e+02
1.075291213989257812e+02
1.075758819580078125e+02
1.076235046386718750e+02
1.076645431518554688e+02
1.077138442993164062e+02
1.077639770507812500e+02
1.078149032592773438e+02
1.078666458129882812e+02
1.079191513061523438e+02
1.079724426269531250e+02
1.080190505981445312e+02
1.080738296508789062e+02
1.081293487548828125e+02
1.081855773925781250e+02
1.082425155639648438e+02
1.082927017211914062e+02
1.083510055541992188e+02
1.084025421142578125e+02
1.084547271728515625e+02
1.085075378417968750e+02
1.085609893798828125e+02
1.086150360107421875e+02
1.086622543334960938e+02
1.087174987792968750e+02
1.087658767700195312e+02
1.088148117065429688e+02
1.088568420410156250e+02
1.088994216918945312e+02
1.089499588012695312e+02
1.089861145019531250e+02
1.090302124023437500e+02
1.090673522949218750e+02
1.091049575805664062e+02
1.091430130004882812e+02
1.091740798950195312e+02
1.092055587768554688e+02
1.092300262451171875e+02
1.092548904418945312e+02
1.092801437377929688e+02
1.092983322143554688e+02
1.093168869018554688e+02
1.093357696533203125e+02
1.093475494384765625e+02
1.093596267700195312e+02
1.093645782470703125e+02
1.093698120117187500e+02
1.093678817749023438e+02
1.093661804199218750e+02
1.093647232055664062e+02
1.093560485839843750e+02
1.093401489257812500e+02
1.093244400024414062e+02
1.093088912963867188e+02
1.092860717773437500e+02
1.092633972167968750e+02
1.092334136962890625e+02
1.091961059570312500e+02
1.091588897705078125e+02
1.091217651367187500e+02
1.090772705078125000e+02
1.090253906250000000e+02
1.089735488891601562e+02
1.089142837524414062e+02
1.088550415039062500e+02
1.087883453369140625e+02
1.087216186523437500e+02
1.086474227905273438e+02
1.085731658935546875e+02
1.084914016723632812e+02
1.084095535278320312e+02
1.083127365112304688e+02
1.082232284545898438e+02
1.081261672973632812e+02
1.080215225219726562e+02
1.079167022705078125e+02
1.078042755126953125e+02
1.076916580200195312e+02
1.075713958740234375e+02
1.074434738159179688e+02
1.073153152465820312e+02
1.071868972778320312e+02
1.070433502197265625e+02
1.069069366455078125e+02
1.067627944946289062e+02
1.066109008789062500e+02
1.064512481689453125e+02
1.062986679077148438e+02
1.061308746337890625e+02
1.059626998901367188e+02
1.057941436767578125e+02
1.056177597045898438e+02
1.054335556030273438e+02
1.052489471435546875e+02
1.050639419555664062e+02
1.048710861206054688e+02
1.046703948974609375e+02
1.044692840576171875e+02
1.042677383422851562e+02
1.040583419799804688e+02
1.038410797119140625e+02
1.036233749389648438e+02
1.033977966308593750e+02
1.031717681884765625e+02
1.029452819824218750e+02
1.027109069824218750e+02
1.024760665893554688e+02
1.022333221435546875e+02
1.019901123046875000e+02
1.017389831542968750e+02
1.014873733520507812e+02
1.012278442382812500e+02
1.009678115844726562e+02
1.007072906494140625e+02
1.004388198852539062e+02
1.001698455810546875e+02
9.990036010742187500e+01
9.962291717529296875e+01
9.934494781494140625e+01
9.905902099609375000e+01
9.877999114990234375e+01
9.848555755615234375e+01
9.819800567626953125e+01
9.790248107910156250e+01
9.760639190673828125e+01
9.730974578857421875e+01
9.700510406494140625e+01
9.669989013671875000e+01
9.639410400390625000e+01
9.608029937744140625e+01
9.577334594726562500e+01
9.545836639404296875e+01
9.514279174804687500e+01
9.481918334960937500e+01
9.450240325927734375e+01
9.417758178710937500e+01
9.385214233398437500e+01
9.352608489990234375e+01
9.319196319580078125e+01
9.286464691162109375e+01
9.252927398681640625e+01
9.220071411132812500e+01
9.186411285400390625e+01
9.152690887451171875e+01
9.118910217285156250e+01
9.085070037841796875e+01
9.050429534912109375e+01
9.016472625732421875e+01
8.982459259033203125e+01
8.947646331787109375e+01
8.913520812988281250e+01
8.878595733642578125e+01
8.844360351562500000e+01
8.809327697753906250e+01
8.774241638183593750e+01
8.739845275878906250e+01
8.704654693603515625e+01
8.670156097412109375e+01
8.634862518310546875e+01
8.600262451171875000e+01
8.565614318847656250e+01
8.530172729492187500e+01
8.495426940917968750e+01
8.460633850097656250e+01
8.425793457031250000e+01
8.390906524658203125e+01
8.355975341796875000e+01
8.320998382568359375e+01
8.286721038818359375e+01
8.251656341552734375e+01
8.217292785644531250e+01
8.182887268066406250e+01
8.148439025878906250e+01
8.114247894287109375e+01
8.080090332031250000e+01
8.045967864990234375e+01
8.012029266357421875e+01
7.978127288818359375e+01
7.944410705566406250e+01
7.910879516601562500e+01
7.877385711669921875e+01
7.844080352783203125e+01
7.810962677001953125e+01
7.777958679199218750e+01
7.745144653320312500e+01
7.712520599365234375e+01
7.680012512207031250e+01
7.647769165039062500e+01
7.615644073486328125e+01
7.583786773681640625e+01
7.552050781250000000e+01
7.520589447021484375e+01
7.489332580566406250e+01
7.458357238769531250e+01
7.427518463134765625e+01
7.396970367431640625e+01
7.366715240478515625e+01
