# d_m
# unit = Mpc
0.000000000000000000e+00
4.443424113029087863e+01
8.865779759726625286e+01
1.326695335707944423e+02
1.764683787229204484e+02
2.200533279034588929e+02
2.634234407463995922e+02
3.065778412098939043e+02
3.495157170526898653e+02
3.922363192499053071e+02
4.347389613511078892e+02
4.770230187836618256e+02
5.190879281043546598e+02
5.609331862023090025e+02
6.025583494561874431e+02
6.439630328486805411e+02
6.851469090412747391e+02
7.261097074122217236e+02
7.668512130606454775e+02
8.073712657796454550e+02
8.476697590012046248e+02
8.877466387156847532e+02
9.276019023685834100e+02
9.672355977371967128e+02
1.006647821789741101e+03
1.045838719529415357e+03
1.084808482825801320e+03
1.123557349235920583e+03
1.162085600817190198e+03
1.200393562934410966e+03
1.238481603062838758e+03
1.276350129589330436e+03
1.313999590613414284e+03
1.351430472750079616e+03
1.388643299935979030e+03
1.425638632240648576e+03
1.462417064684250136e+03
1.498979226063274382e+03
1.535325777785516038e+03
1.571457412715605642e+03
1.607374854032225358e+03
1.643078854098126612e+03
1.678570193343913616e+03
1.713849679166557053e+03
1.748918144843443088e+03
1.783776448462758253e+03
1.818425471870902811e+03
1.852866119637554220e+03
1.887099318038960519e+03
1.921126014059958834e+03
1.954947174415150357e+03
1.988563784589625129e+03
2.021976847899567019e+03
2.055187384572985138e+03
2.088196430850821343e+03
2.121005038108598001e+03
2.153614271998727418e+03
2.186025211613581178e+03
2.218238948669357342e+03
2.250256586710745978e+03
2.282079240336395287e+03
2.313708034445065095e+03
2.345144103502435883e+03
2.376388590828398719e+03
2.407442647904724254e+03
2.438307433702889739e+03
2.468984114031931313e+03
2.499473860906031405e+03
2.529777851931675741e+03
2.559897269714079357e+03
2.589833301282642879e+03
2.619587137535132115e+03
2.649159972700311300e+03
2.678553003818703473e+03
2.707767430241174679e+03
2.736804453145012758e+03
2.765665275067156927e+03
2.794351099454276209e+03
2.822863130229297894e+03
2.851202571374094077e+03
2.879370626527927925e+03
2.907368498601344072e+03
2.935197389405124795e+03
2.962858499293953628e+03
2.990353026824454446e+03
3.017682168427223587e+03
3.044847118092506662e+03
3.071849067069193097e+03
3.098689203576725504e+03
3.125368712529639197e+03
3.151888775274324416e+03
3.178250569337732031e+03
3.204455268187617094e+03
3.230504041004061946e+03
3.256398052461874613e+03
3.282138462523617363e+03
3.307726426242857997e+03
3.333163093577420113e+03
3.358449609212259929e+03
3.383587112391684059e+03
3.408576736760634503e+03
3.433419610214710247e+03
3.458116854758687168e+03
3.482669586373191578e+03
3.507078914889336829e+03
3.531345943870980591e+03
3.555471770504381311e+03
3.579457485494998764e+03
3.603304172971174921e+03
3.627012910394446408e+03
3.650584768476292538e+03
3.674020811101025174e+03
3.697322095254657597e+03
3.720489670959485011e+03
3.743524581214198861e+03
3.766427861939298964e+03
3.789200541927623362e+03
3.811843642799788540e+03
3.834358178964354465e+03
3.856745157582528464e+03
3.879005578537218753e+03
3.901140434406280292e+03
3.923150710439781960e+03
3.945037384541106348e+03
3.966801427251757104e+03
3.988443801739699666e+03
4.009965463791085767e+03
4.031367361805232122e+03
4.052650436792693654e+03
4.073815622376312604e+03
4.094863844795098885e+03
4.115796022910829379e+03
4.136613068217226100e+03
4.157315884851615010e+03
4.177905369608933142e+03
4.198382411957974909e+03
4.218747894059792998e+03
4.239002690788121981e+03
4.259147669751730064e+03
4.279183691318626188e+03
4.299111608642011561e+03
4.318932267687866442e+03
4.338646507264128559e+03
4.358255159051367627e+03
4.377759047634825947e+03
4.397158990537830505e+03
4.416455798256442904e+03
4.435650274295288909e+03
4.454743215204514854e+03
4.473735410617776324e+03
4.492627643291230015e+03
4.511420689143431446e+03
4.530115317296112153e+03
4.548712290115738142e+03
4.567212363255858691e+03
4.585616285700119988e+03
4.603924799805948169e+03
4.622138641348825331e+03
4.640258539567121261e+03
4.658285217207436290e+03
4.676219390570416181e+03
4.694061769556980835e+03
4.711813057714944080e+03
4.729473952285994528e+03
4.747045144252976570e+03
4.764527318387442392e+03
4.781921153297471392e+03
4.799227321475688768e+03
4.816446489347458737e+03
4.833579317319254187e+03
4.850626459827130930e+03
4.867588565385313814e+03
4.884466276634852875e+03
4.901260230392328594e+03
4.917971057698588083e+03
4.934599383867481265e+03
4.951145828534577049e+03
4.967611005705863136e+03
4.983995523806365782e+03
5.000299985728704996e+03
5.016524988881563331e+03
5.032671125238057357e+03
5.048738981383946339e+03
5.064729138565749054e+03
5.080642172738701447e+03
5.096478654614505103e+03
5.112239149708961122e+03
5.127924218389362977e+03
5.143534415921734762e+03
5.159070292517801136e+03
5.174532393381793554e+03
5.189921258756983661e+03
5.205237423971993849e+03
5.220481419486870436e+03
5.235653770938860362e+03
5.250754999187976864e+03
5.265785620362248665e+03
5.280746145902718126e+03
5.295637082608148376e+03
5.310458932679444843e+03
5.325212193763764844e+03
5.339897358998360687e+03
5.354514917054081707e+03
5.369065352178594367e+03
5.383549144239290399e+03
5.397966768765857523e+03
5.412318696992554578e+03
5.426605395900148324e+03
5.440827328257551017e+03
5.454984952663094191e+03
5.469078723585508669e+03
5.483109091404561696e+03
5.497076502451349370e+03
5.510981399048273488e+03
5.524824219548686415e+03
5.538605398376173980e+03
5.552325366063538240e+03
5.565984549291409166e+03
5.579583370926558018e+03
5.593122250059821454e+03
5.606601602043747334e+03
5.620021838529851266e+03
5.633383367505571186e+03
5.646686593330871801e+03
5.659931916774512501e+03
5.673119735049975134e+03
5.686250441851075266e+03
5.699324427387218748e+03
5.712342078418338133e+03
5.725303775212752043e+03
5.738209903783648770e+03
5.751060837773852654e+03
5.763856950488041548e+03
5.776598611951137173e+03
5.789286188941260662e+03
5.801920045022372506e+03
5.814500540576587809e+03
5.827028032836181410e+03
5.839502875915251934e+03
5.851925420841101186e+03
5.864296015585275200e+03
5.876615005094301523e+03
5.888882731320104540e+03
5.901099533250150671e+03
5.913265746937226140e+03
5.925381705528971906e+03
5.937447739297068438e+03
5.949464175666151277e+03
5.961431339242425565e+03
5.973349551841955872e+03
5.985219132518714105e+03
5.997040397592286354e+03
6.008813660675322353e+03
6.020539232700690263e+03
6.032217421948343144e+03
6.043848534071914401e+03
6.055432872125015820e+03
6.066970736587279134e+03
6.078462425390122007e+03
6.089908233942227525e+03
6.101308455154745388e+03
6.112663379466278457e+03
6.123973294867545519e+03
6.135238486925794859e+03
6.146459238808996815e+03
6.157635831309732566e+03
6.168768542868853729e+03
6.179857649598860917e+03
6.190903425307093130e+03
6.201906141518584263e+03
6.212866067498743178e+03
6.223783470275776381e+03
6.234658614662828768e+03
6.245491763279955194e+03
6.256283176575779180e+03
6.267033112848992459e+03
6.277741828269576217e+03
6.288409576899794047e+03
6.299036610714993003e+03
6.309623179624137265e+03
6.320169531490155350e+03
6.330675912150044496e+03
6.341142565434774042e+03
6.351569733188956889e+03
6.361957655290329058e+03
6.372306569668999146e+03
6.382616712326496781e+03
6.392888317354620995e+03
6.403121616954082128e+03
6.413316841452926383e+03
6.423474219324790283e+03
6.433593977206933232e+03
6.443676339918074518e+03
6.453721530476065709e+03
6.463729770115340216e+03
6.473701278304179141e+03
6.483636272761807049e+03
6.493534969475291291e+03
6.503397582716253964e+03
6.513224325057417445e+03
6.523015407388941640e+03
6.532771038934638455e+03
6.542491427267950712e+03
6.552176778327794636e+03
6.561827296434213167e+03
6.571443184303890121e+03
6.581024643065448799e+03
6.590571872274634188e+03
6.600085069929292331e+03
6.609564432484216013e+03
6.619010154865815821e+03
6.628422430486638405e+03
6.637801451259719215e+03
6.647147407612802454e+03
6.656460488502379121e+03
6.665740881427591376e+03
6.674988772443999551e+03
6.684204346177163643e+03
6.693387785836123840e+03
6.702539273226688238e+03
6.711658988764638707e+03
6.720747111488729388e+03
6.729803819073592422e+03
6.738829287842490885e+03
6.747823692779922567e+03
6.756787207544123703e+03
6.765720004479395357e+03
6.774622254628334304e+03
6.783494127743906574e+03
6.792335792301410038e+03
6.801147415510313294e+03
6.809929163325948139e+03
6.818681200461089247e+03
6.827403690397424725e+03
6.836096795396868401e+03
6.844760676512795726e+03
6.853395493601127782e+03
6.862001405331315254e+03
6.870578569197202341e+03
6.879127141527757885e+03
6.887647277497740106e+03
6.896139131138193989e+03
6.904602855346868637e+03
6.913038601898518209e+03
6.921446521455102811e+03
6.929826763575865698e+03
6.938179476727321344e+03
6.946504808293116184e+03
6.954802904583816598e+03
6.963073910846580475e+03
6.971317971274705997e+03
6.979535229017119491e+03
6.987725826187735947e+03
6.995889903874727679e+03
7.004027602149722043e+03
7.012139060076853639e+03
7.020224415721761943e+03
7.028283806160484346e+03
7.036317367488263699e+03
7.044325234828235807e+03
7.052307542340075997e+03
7.060264423228511987e+03
7.068196009751764905e+03
7.076102433229902999e+03
7.083983824053134413e+03
7.091840311689948976e+03
7.099672024695259097e+03
7.107479090718386942e+03
7.115261636511013421e+03
7.123019787935024397e+03
7.130753669970285955e+03
7.138463406722335094e+03
7.146149121430002197e+03
7.153810936472930734e+03
7.161448973379053314e+03
7.169063352831977681e+03
7.176654194678271779e+03
7.184221617934727874e+03
7.191765740795508464e+03
7.199286680639233964e+03
7.206784554036013105e+03
7.214259476754366005e+03
7.221711563768129963e+03
7.229140929263237012e+03
7.236547686644485111e+03
7.243931948542163809e+03
7.251293826818713569e+03
7.258633432575209554e+03
7.265950876157878156e+03
7.273246267164471647e+03
7.280519714450625543e+03
7.287771326136142306e+03
7.295001209611203194e+03
7.302209471542518259e+03
7.309396217879431788e+03
7.316561553859950436e+03
7.323705584016718603e+03
7.330828412182927423e+03
7.337930141498181001e+03
7.345010874414282625e+03
7.352070712700997319e+03
