# pp
8.753211585274314327e-09
5.324205458961154831e-09
3.679817492307079936e-09
2.734023460651773388e-09
2.127841206339075810e-09
1.711335695098374894e-09
1.410494294458573232e-09
1.184972028980370896e-09
1.010737016563132309e-09
8.731495709969687146e-10
7.621534189223327963e-10
6.711515554097990304e-10
5.955790799362021042e-10
5.320573211509806441e-10
4.781014621488121827e-10
4.318663692378652928e-10
3.919392923994190715e-10
3.571868236397544276e-10
3.267260044925176178e-10
2.998862825794108581e-10
2.761281204943674991e-10
2.549893927644209987e-10
2.360910638734254457e-10
2.191292396330374490e-10
2.038525052541823054e-10
1.900468637069850245e-10
1.775295539481676165e-10
1.661382356997296867e-10
1.557369670165024443e-10
1.462209034830622054e-10
1.374998893644468056e-10
1.294880044947051056e-10
1.221096395477889972e-10
1.153007563313222075e-10
1.090056842622307266e-10
1.031750282615008707e-10
9.776507106389048068e-11
9.273660249795396341e-11
8.805485005574031901e-11
8.368906376265197444e-11
7.961205194761295117e-11
7.579960930092075862e-11
7.223009867092263795e-11
6.888412501094617998e-11
6.574418383403337901e-11
6.279422790563643283e-11
6.001972069257610595e-11
5.740752910284746317e-11
5.494576152411817053e-11
5.262358138043783870e-11
5.043096105976208632e-11
4.835873583086493471e-11
4.639855520462860121e-11
4.454279663251181138e-11
4.278446226468850677e-11
4.111703752772842702e-11
3.953452700700437868e-11
3.803142929384149619e-11
3.660268853646091229e-11
3.524367120039060262e-11
3.395018197811396884e-11
3.271836250491548784e-11
3.154464161976755443e-11
3.042570973579040575e-11
2.935847228087964534e-11
2.833996394729827242e-11
2.736740988073414519e-11
2.643823228203176164e-11
2.555003374981088268e-11
2.470056734423583282e-11
2.388768159979467540e-11
2.310935827804650640e-11
2.236371604387714336e-11
2.164899948654218670e-11
2.096358014715870074e-11
2.030597815694329471e-11
1.967481731131275836e-11
1.906880658282103333e-11
1.848673383004648646e-11
1.792745630144604249e-11
1.738988486970886146e-11
1.687299161967744789e-11
1.637580916460656386e-11
1.589742640505756522e-11
1.543698101770762591e-11
1.499364569366956332e-11
1.456663676286783806e-11
1.415521477639375627e-11
1.375868155012700876e-11
1.337637570529941978e-11
1.300766525625256468e-11
1.265195096666862292e-11
1.230866593330126511e-11
1.197727352479175479e-11
1.165726547175842527e-11
1.134816009562391653e-11
1.104950066480030578e-11
1.076085386789025132e-11
1.048180839449659535e-11
1.021197361507431634e-11
9.950978352017333097e-12
9.698469734857539446e-12
9.454112133072250425e-12
9.217586160555836685e-12
8.988587746318093164e-12
8.766827266431066961e-12
8.552028732662666297e-12
8.343929033613473131e-12
8.142277224517098511e-12
7.946832846392866899e-12
7.757362400624927025e-12
7.573642052981519203e-12
7.395458111216524059e-12
7.222606484668716314e-12
7.054892176954082613e-12
6.892128809463833317e-12
6.734138173556656242e-12
6.580749809494783463e-12
6.431800610320958343e-12
6.287134449008645275e-12
6.146601827341921106e-12
6.010059545095381275e-12
5.877370388189124096e-12
5.748402834590075989e-12
5.623030776819524076e-12
5.501133260008197439e-12
5.382594234515408365e-12
5.267302322197999297e-12
5.155150595478706950e-12
5.046036073263072508e-12
4.939858673583384901e-12
4.836521971891893893e-12
4.735933322484111079e-12
4.638003685199220084e-12
4.542647461236545415e-12
4.449782337547227433e-12
4.359329139295868959e-12
4.271211689920144374e-12
4.185356678346983945e-12
4.101693532952522567e-12
4.020154301879512324e-12
3.940673539350483438e-12
3.863188197637867411e-12
3.787637524373580716e-12
3.713962964900414880e-12
3.642108069386023145e-12
3.572018404437514849e-12
3.503641468970699343e-12
3.436926614102993269e-12
3.371824970874884323e-12
3.308289389194556914e-12
3.246274355772075752e-12
3.185735923992160582e-12
3.126631650975295339e-12
3.068920537536395665e-12
3.012562970890613104e-12
2.957520669964504992e-12
2.903756633178969853e-12
2.851235088577957164e-12
2.799921446184111303e-12
2.749782252469216633e-12
2.700785146833581972e-12
2.652898819994408877e-12
2.606092974188723991e-12
2.560338285101653422e-12
2.515606365435680091e-12
2.471869730041158025e-12
2.429101762532622770e-12
2.387276683319520877e-12
2.346369518983797019e-12
2.306356072940363931e-12
2.267212897319852872e-12
2.228917266016256122e-12
2.191447148845036840e-12
2.154781150674061414e-12
2.118898382654276276e-12
2.083778553191337730e-12
2.049401982575444107e-12
2.015749581584060333e-12
1.982802830939779211e-12
1.950543761584842628e-12
1.918954935735739712e-12
1.888019428683131879e-12
1.857720811304089845e-12
1.828043133255225497e-12
1.798970906816881935e-12
1.770489091359956681e-12
1.742583078408349035e-12
1.715238677271306809e-12
1.688442101221187401e-12
1.662179954193321699e-12
1.636439217985770332e-12
1.611207239937824634e-12
1.586471721067085152e-12
1.562220704645908158e-12
1.538442565198897802e-12
1.515125997903974149e-12
1.492260008380352926e-12
1.469833902847540419e-12
1.447837316592665389e-12
1.426260315678101627e-12
1.405093269157017383e-12
1.384326802176965484e-12
1.363951788093564775e-12
1.343959340861643715e-12
1.324340807692851032e-12
1.305087761969212546e-12
1.286191996402598118e-12
1.267645516430468224e-12
1.249440533838720574e-12
1.231569460602838308e-12
1.214024902938915274e-12
1.196799655556512366e-12
1.179886696105629281e-12
1.163279179810406850e-12
1.146970434282488711e-12
1.130953954507274847e-12
1.115223397996569275e-12
1.099772580101408772e-12
1.084595469479112103e-12
1.069686183708835847e-12
1.055038985050160361e-12
1.040648276339454038e-12
1.026508597018973182e-12
1.012614619293870348e-12
9.989611444124691519e-13
9.855430990653576312e-13
9.723555318990261377e-13
9.593936101399528187e-13
9.466526163251934500e-13
9.341279451357005993e-13
9.218151003287342201e-13
9.097096917658792585e-13
8.978074325333130841e-13
8.861041361511066151e-13
8.745957138684544840e-13
8.632781720418674195e-13
8.521476095934538280e-13
8.412002155465483141e-13
8.304322666360309164e-13
8.198401249907984637e-13
8.094202358859316534e-13
7.991691255622046491e-13
7.890833991106672959e-13
7.791597384201143684e-13
7.693949001853441117e-13
7.597857139741757873e-13
7.503290803512807544e-13
7.410219690569526015e-13
7.318614379885035624e-13
7.228446924146523691e-13
7.139690188072517381e-13
7.052317622528432622e-13
6.966303249919563118e-13
6.881621649999488321e-13
6.798248346575947543e-13
6.716157791632877740e-13
6.635326975350198939e-13
6.555733318048820920e-13
6.477353205559427270e-13
6.400163574310773472e-13
6.324143285637259165e-13
6.249271591457677948e-13
6.175526800255117376e-13
6.102887719273842168e-13
6.031334907484817192e-13
5.960849278993767318e-13
5.891410886399011036e-13
5.823000234727932241e-13
5.755599425231651267e-13
5.689190882477478897e-13
5.623756243349146491e-13
5.559277555681624046e-13
5.495738323692258964e-13
5.433122346312009302e-13
5.371412701404058890e-13
5.310592840593331076e-13
5.250647545945366470e-13
5.191561868490014884e-13
5.133320198384903698e-13
5.075907266154898710e-13
5.019309019179229376e-13
4.963511650587833262e-13
4.908500747107200527e-13
4.854262205800564479e-13
4.800783037999337799e-13
4.748050479829210289e-13
4.696051210365674960e-13
4.644772191977413605e-13
4.594201408523243741e-13
4.544327049712199811e-13
4.495136792980590598e-13
4.446618574670705653e-13
4.398761268595183490e-13
4.351553937269715243e-13
4.304985171616205010e-13
4.259043799441309035e-13
4.213719509834313807e-13
4.169002165047230342e-13
4.124881277025368611e-13
4.081346907359012016e-13
4.038389981900513747e-13
3.996001572627487916e-13
3.954172338010718233e-13
3.912893123161239181e-13
3.872155490409628355e-13
3.831951136628444656e-13
3.792271377107083619e-13
3.753107698596328354e-13
3.714452248967595571e-13
3.676297300089021429e-13
3.638634771371043286e-13
3.601456739900762500e-13
3.564755892760146728e-13
3.528525031416635060e-13
3.492756631480998695e-13
3.457443313707390618e-13
3.422578262199879093e-13
3.388154766678307055e-13
3.354165815326847274e-13
3.320604530064613526e-13
3.287464553557782383e-13
3.254739626077799484e-13
3.222423208619900878e-13
3.190508885518147719e-13
3.158990722901450225e-13
3.127862877179232170e-13
3.097119245878146997e-13
3.066753840379799139e-13
3.036761118209284915e-13
3.007135620467621502e-13
2.977871648075682602e-13
2.948963607148447341e-13
2.920406317280997882e-13
2.892194675501245391e-13
2.864323355825926730e-13
2.836787129548493955e-13
2.809581151486795443e-13
2.782700648257396838e-13
2.756140639242152807e-13
2.729896233854573095e-13
2.703962897533201788e-13
2.678336162343076287e-13
2.653011367625359609e-13
2.627983936116535707e-13
2.603249621309431335e-13
2.578804238570749962e-13
2.554643423902736401e-13
2.530762890618355863e-13
2.507158696454343264e-13
2.483827102605863056e-13
2.460764235557430582e-13
2.437966288635739417e-13
2.415429736506223968e-13
2.393151102633772742e-13
2.371126750203124395e-13
2.349353104511022759e-13
2.327826852869787204e-13
2.306544728066971733e-13
2.285503313464787337e-13
2.264699250185755417e-13
2.244129423545492176e-13
2.223790761266963093e-13
2.203680051671917594e-13
2.183794136835405001e-13
2.164130086573781865e-13
2.144685010277072739e-13
2.125455887198329757e-13
2.106439746651098621e-13
2.087633830491554140e-13
2.069035417530032459e-13
2.050641665008436047e-13
2.032449776823083966e-13
2.014457155360822145e-13
1.996661237539216059e-13
1.979059346638480090e-13
1.961648849449052647e-13
1.944427298249815810e-13
1.927392277606576397e-13
1.910541265794314672e-13
1.893871781693463023e-13
1.877381517633225385e-13
1.861068196150666690e-13
1.844929440302099189e-13
1.828962911063597311e-13
1.813166431703160374e-13
1.797537853768792798e-13
1.782074935645130246e-13
1.766775471151520878e-13
1.751637406052881924e-13
1.736658712605185736e-13
1.721837275765574543e-13
1.707171013624779905e-13
1.692657986617413158e-13
1.678296280007895365e-13
1.664083897209838301e-13
1.650018872638060661e-13
1.636099374134283957e-13
1.622323592826320168e-13
1.608689659027525820e-13
1.595195795326275157e-13
1.581840363690519202e-13
1.568621746081069971e-13
1.555538250560705321e-13
1.542588210591270762e-13
1.529770075311635597e-13
1.517082312651704951e-13
1.504523321160153265e-13
1.492091523208918581e-13
1.479785535059251684e-13
1.467603649613010350e-13
1.455544523494074743e-13
1.443606825248148408e-13
1.431788914857784813e-13
1.420089499526776024e-13
1.408507142553981845e-13
1.397040428233164232e-13
1.385688112164957467e-13
1.374448664202602960e-13
1.363320875614378294e-13
1.352303548323119139e-13
1.341395211364725338e-13
1.330594700847175245e-13
1.319900725601313680e-13
1.309312013001356575e-13
1.298827442090813691e-13
1.288445638882549831e-13
1.278165514006211057e-13
1.267985987629632327e-13
1.257905738093815414e-13
1.247923715860139945e-13
1.238038758590999977e-13
1.228249720361839912e-13
1.218555589800876067e-13
1.208955131029557272e-13
1.199447360705242885e-13
1.190031304038004816e-13
1.180705771513676520e-13
1.171469815241767333e-13
1.162322387167630968e-13
1.153262453793939182e-13
1.144289101223283753e-13
1.135401215975292166e-13
1.126597909074418924e-13
1.117878299226158205e-13
1.109241314113294719e-13
1.100686096373564664e-13
1.092211699530961022e-13
1.083817190046434129e-13
1.075501743223012903e-13
1.067264365857720994e-13
1.059104266814578202e-13
1.051020661624067660e-13
1.043012595327651909e-13
1.035079304315891453e-13
1.027219945320635549e-13
1.019433686366070572e-13
1.011719790276045558e-13
1.004077361050053023e-13
9.965056808909578908e-14
9.890040380124704081e-14
9.815715684107147099e-14
9.742075789350443942e-14
9.669113053110263755e-14
9.596819933407677108e-14
9.525189735554543222e-14
9.454214345295474887e-14
9.383887241274089431e-14
9.314201956406840546e-14
9.245150662210562435e-14
9.176727058377431980e-14
9.108924208467080503e-14
9.041735266115469177e-14
8.975154143534445486e-14
8.909173481971785497e-14
8.843787348937317985e-14
8.778989861010534289e-14
8.714773915117644219e-14
8.651133777342612322e-14
8.588063143855369207e-14
8.525555791485265028e-14
8.463606177335163670e-14
8.402207618712801449e-14
8.341354712090826294e-14
8.281042098364610184e-14
8.221263323981791506e-14
8.162013164078003056e-14
8.103285882368295422e-14
8.045075814914569331e-14
7.987377908810235818e-14
7.930186087350009518e-14
7.873495422901563611e-14
7.817301028098430013e-14
7.761597031926396875e-14
7.706378667743199434e-14
7.651640709251119055e-14
7.597377995147532741e-14
7.543585913818707380e-14
7.490258932618947435e-14
7.437392587258460290e-14
7.384982587074625330e-14
7.333023787527850000e-14
7.281512034995626134e-14
7.230442758907297939e-14
7.179811444033804844e-14
7.129614067300519282e-14
7.079845772762128489e-14
7.030502632972972672e-14
6.981580750731444456e-14
6.933075427742333057e-14
6.884982859098430816e-14
6.837298864061895425e-14
6.790019711817062103e-14
6.743140120669198568e-14
6.696658037300636740e-14
6.650568276590717965e-14
6.604867280604459852e-14
6.559552269307221810e-14
6.514617486846506088e-14
6.470060244976180994e-14
6.425877844315132376e-14
6.382064720473004461e-14
6.338618262640411599e-14
6.295535153555809921e-14
6.252810726614899050e-14
6.210443124676041082e-14
6.168427765363021816e-14
6.126761482565862939e-14
6.085441134230465250e-14
6.044462310464345920e-14
6.003823240994786903e-14
5.963519594896128548e-14
5.923548371927251326e-14
5.883907209295704178e-14
5.844591307714937558e-14
5.805598379550301760e-14
5.766926129290526192e-14
5.728569913247722296e-14
5.690527508500452658e-14
5.652796113622981069e-14
5.615371819944892583e-14
5.578253024540542205e-14
5.541435887863018882e-14
5.504917732912159171e-14
5.468695902814638992e-14
5.432766698600032302e-14
5.397128591267096290e-14
5.361777946766232768e-14
5.326712225166039646e-14
5.291929419378104121e-14
5.257425547278810197e-14
5.223198701336715090e-14
5.189246967851281158e-14
5.155566497656217371e-14
5.122155435570130705e-14
5.089011449510489691e-14
5.056131293406638534e-14
5.023513622856616873e-14
4.991155247593657452e-14
4.959053936038581363e-14
4.927207472928385777e-14
4.895612781429019341e-14
4.864268577241522304e-14
4.833171836037752425e-14
4.802320437184415075e-14
4.771712694306543197e-14
4.741345261088362999e-14
4.711216501262171357e-14
4.681324774236320993e-14
4.651666836594236347e-14
4.622241096227541470e-14
4.593045566413099603e-14
4.564077502710314753e-14
4.535335737460465399e-14
4.506817572512284791e-14
4.478521104750714281e-14
4.450444444838485406e-14
4.422584988092876756e-14
4.394941618379133418e-14
4.367511774636960533e-14
4.340293646372793086e-14
4.313285784407487495e-14
4.286485359483127300e-14
4.259890964098506351e-14
4.233501187775514292e-14
4.207313286256919223e-14
4.181325889422551052e-14
4.155537299031845691e-14
4.129945185667452121e-14
4.104548533562838644e-14
4.079345051876129842e-14
4.054333112232358333e-14
4.029511097931150345e-14
4.004876795528760185e-14
3.980429233517551460e-14
3.956166234860952496e-14
3.932086248838937093e-14
3.908188026741496581e-14
3.884469167111285970e-14
3.860928463197011706e-14
3.837564734606069289e-14
3.814375692544033284e-14
3.791360196420967206e-14
3.768516830992593116e-14
3.745843652297173011e-14
3.723339815252437842e-14
3.701003407114345079e-14
3.678833069126620009e-14
3.656827451938758881e-14
3.634984705641179057e-14
3.613304020649625840e-14
3.591783576564607774e-14
3.570422077468242989e-14
3.549218480503533695e-14
3.528170775193921492e-14
3.507277946942982596e-14
3.486538979399270190e-14
3.465951919504278441e-14
3.445515778316385285e-14
3.425229336447073633e-14
3.405090930155558428e-14
3.385099819381408011e-14
3.365254366643190490e-14
3.345553400192624016e-14
3.325995756319050990e-14
3.306579850069509421e-14
3.287304972106434655e-14
3.268169562333057719e-14
3.249172502161102203e-14
3.230312886359449223e-14
3.211588994440585573e-14
3.192999945000614786e-14
3.174544855478729807e-14
3.156222053490553730e-14
3.138030679600232695e-14
3.119969680195093496e-14
3.102037626654492183e-14
3.084233870001671399e-14
3.066557003791739404e-14
3.049006014743222764e-14
3.031579896463104529e-14
3.014277286605139696e-14
2.997097562829099925e-14
2.980039383806176398e-14
2.963101781390223027e-14
2.946283793987060009e-14
2.929584466540817707e-14
2.913002509517373305e-14
2.896537328874244858e-14
2.880187325554019199e-14
2.863952275637467522e-14
2.847830629501363010e-14
2.831821842125881845e-14
2.815925040282653212e-14
2.800138721768874495e-14
2.784462358514928185e-14
2.768895415104843446e-14
2.753436425524859652e-14
2.738084563929630609e-14
2.722839311513715541e-14
2.707699246689967899e-14
2.692664160047894010e-14
2.677732652786926523e-14
2.662904224358397308e-14
2.648177793987990987e-14
2.633552581645421120e-14
2.619027812376481382e-14
2.604602716293606993e-14
2.590276252970455740e-14
2.576047943691404019e-14
2.561916763460209044e-14
2.547881970482410234e-14
2.533942827792151359e-14
2.520098341028093596e-14
2.506348050237983625e-14
2.492690975721725080e-14
2.479126407221775830e-14
2.465653639084274599e-14
2.452271970249437689e-14
2.438980457116143952e-14
2.425778659741029893e-14
2.412665406066434724e-14
2.399640507310610892e-14
2.386702809749208060e-14
2.373851888592186210e-14
2.361087081093188698e-14
2.348407267338632597e-14
2.335812035207308873e-14
2.323300967764810280e-14
2.310872971123345853e-14
2.298527416925486931e-14
2.286263900643924563e-14
2.274081360158991580e-14
2.261979616684826991e-14
2.249957624529285529e-14
2.238014992983127036e-14
2.226150908108537566e-14
2.214364775400058070e-14
2.202656004158477059e-14
2.191024011379894666e-14
2.179468031752216041e-14
2.167987714427962296e-14
2.156582308782946113e-14
2.145251271103893602e-14
2.133994061045693674e-14
2.122809949403116881e-14
2.111698598400155289e-14
2.100659289086613762e-14
2.089691499793479812e-14
2.078794712070264099e-14
2.067968410678802509e-14
2.057211901967998563e-14
2.046524862125858068e-14
2.035906428988100265e-14
2.025356463171268571e-14
2.014874115391712895e-14
2.004459072447511251e-14
1.994110845960543761e-14
1.983828610440274933e-14
1.973612061577729779e-14
1.963460891649373491e-14
1.953374293494933189e-14
1.943351802940129702e-14
1.933393120980498605e-14
1.923497462872840612e-14
1.913664696118459970e-14
1.903894047572306597e-14
1.894185227948643608e-14
1.884537634876536724e-14
1.874950828047786271e-14
1.865424369839182274e-14
1.855957825306649527e-14
1.846550612754164956e-14
1.837202454726939098e-14
1.827912777523556855e-14
1.818681160813152052e-14
1.809507186828069231e-14
1.800390297605517798e-14
1.791330225825259874e-14
1.782326421153466032e-14
1.773378479774213250e-14
1.764486000324710623e-14
1.755648583889520799e-14
1.746865698805736444e-14
1.738137088654478144e-14
1.729462096248275590e-14
1.720840602665067787e-14
1.712271960221802124e-14
1.703755920678580364e-14
1.695292108349416548e-14
1.686879907910370893e-14
1.678519095636811115e-14
1.670209445308791159e-14
1.661950357599900528e-14
1.653741489032085947e-14
1.645582619492905745e-14
1.637473165597675321e-14
1.629413031511593210e-14
1.621401642087059694e-14
1.613438784004819492e-14
1.605524009470431218e-14
1.597656991829411433e-14
1.589837406314586023e-14
1.582064930042518236e-14
1.574339129920998359e-14
1.566659800876182894e-14
1.559026515489436530e-14
1.551438961232611269e-14
1.543896827383487651e-14
1.536399697748948501e-14
1.528947374349864904e-14
1.521539446418159675e-14
1.514175613138166468e-14
1.506855575426104365e-14
1.499579035926513169e-14
1.492345597206506318e-14
1.485155068919210347e-14
1.478006958746413370e-14
1.470901179733735703e-14
1.463837246370196726e-14
1.456814974075011829e-14
1.449834079868591579e-14
1.442894090786675402e-14
1.435994827064779964e-14
1.429136107224163757e-14
1.422317468028706124e-14
1.415538639409150016e-14
1.408799444613191794e-14
1.402099432282424736e-14
1.395438519736884361e-14
1.388816261799054484e-14
1.382232487031658019e-14
1.375686846567400208e-14
1.369179083232880793e-14
1.362708941319517818e-14
1.356276166580234098e-14
1.349880421222548547e-14
1.343521540350756654e-14
1.337199190485549432e-14
1.330913127445860313e-14
1.324663117066248799e-14
1.318448847143773062e-14
1.312270171077912766e-14
1.306126780542255624e-14
1.300018450608856389e-14
1.293944957572689917e-14
1.287906078949582611e-14
1.281901515999462458e-14
1.275931127439878625e-14
1.269994542040296676e-14
1.264091697071500229e-14
1.258222226211544959e-14
1.252385992235147362e-14
1.246582782897528355e-14
1.240812240964877203e-14
1.235074305097642466e-14
1.229368622761236996e-14
1.223694989889210974e-14
1.218053344890582164e-14
1.212443342162165333e-14
1.206864780934922741e-14
1.201317323600437428e-14
1.195801048535403559e-14
1.190315483481483154e-14
1.184860569885748629e-14
1.179436112347633174e-14
1.174041784175192396e-14
1.168677395355284696e-14
1.163342887095879219e-14
1.158037939063931729e-14
1.152762364295787448e-14
1.147515976830559079e-14
1.142298591708201673e-14
1.137110024967501029e-14
1.131949969653474653e-14
1.126818369794608481e-14
1.121715044385663563e-14
1.116639692405640948e-14
1.111592137757526713e-14
1.106572324337845666e-14
1.101579838829572512e-14
1.096614745108120387e-14
1.091676751758150446e-14
1.086765687350363198e-14
1.081881267024651813e-14
1.077023437380191029e-14
1.072192029723893362e-14
1.067386764649639859e-14
1.062607588707459221e-14
1.057854227508048482e-14
1.053126525785456784e-14
1.048424330499579571e-14
1.043747596639546505e-14
1.039095957365966578e-14
1.034469370080675602e-14
1.029867684849087844e-14
1.025290648621976220e-14
1.020738218542030688e-14
1.016210246968308415e-14
1.011706485585427904e-14
1.007226790690134831e-14
1.002771119152761769e-14
9.983391282289385248e-15
9.939307770255948868e-15
9.895460222392709029e-15
9.851845279812682807e-15
9.808462531568498817e-15
9.765310591025221783e-15
9.722387133777677700e-15
9.679690809635248041e-15
9.637221205350214619e-15
9.594976039457055723e-15
9.552953982119395542e-15
9.511154618833791325e-15
9.469574808815689914e-15
9.428214158055424993e-15
9.387071363444613461e-15
9.346145128527380408e-15
9.305433289573660542e-15
9.264935450832727352e-15
9.224649475102434197e-15
9.184574112163916577e-15
9.144708965249953375e-15
9.105051936333086929e-15
9.065601794048288328e-15
9.026356485442504474e-15
8.987316453496070719e-15
8.948478836089897351e-15
8.909843254237295203e-15
8.871408507317730726e-15
8.833172604326410056e-15
8.795134375194967561e-15
8.757293440057669013e-15
8.719647844069547233e-15
8.682196434697462774e-15
8.644938065179934407e-15
8.607871594516364855e-15
8.570995887455892608e-15
8.534309065245986354e-15
8.497810773881477856e-15
8.461499940834300029e-15
8.425374775675795647e-15
8.389434242136567004e-15
8.353678030155138224e-15
8.318103665251664914e-15
8.282711563115730547e-15
8.247499985945805583e-15
8.212467922122155238e-15
8.177613670390107595e-15
8.142936933841136017e-15
8.108436715343941257e-15
8.074111343638067462e-15
8.039960520467921226e-15
8.005982594270894034e-15
7.972176602181885849e-15
7.938541585907154073e-15
7.905077245688500405e-15
7.871781319537542964e-15
7.838653521725794788e-15
7.805692912179830450e-15
7.772897920660970901e-15
7.740268260297720214e-15
7.707803004485957513e-15
7.675500610464608378e-15
7.643360174446476404e-15
7.611381408421232930e-15
7.579562189582805434e-15
7.547902242995206083e-15
7.516401279952707974e-15
7.485057217414217980e-15
7.453869779595116952e-15
7.422838092433594955e-15
7.391960705456319929e-15
7.361236765828777534e-15
7.330665996837726805e-15
7.300246973098613295e-15
7.269978853833618725e-15
7.239861361882363148e-15
7.209892541018050668e-15
7.180072126131065166e-15
7.150399292290006922e-15
7.120873218508041070e-15
7.091492548222797276e-15
7.062257015682911607e-15
7.033165279904602970e-15
7.004216547099515316e-15
6.975410551188084654e-15
6.946745974215134931e-15
6.918222033617879663e-15
6.889837443135800609e-15
6.861592483007154222e-15
6.833485391411809941e-15
6.805515944248444460e-15
6.777683408143996754e-15
6.749986558694464080e-15
6.722424680011894475e-15
6.694997546769832095e-15
6.667703955166751719e-15
6.640543199047243617e-15
6.613514575463013646e-15
6.586617384668624191e-15
6.559850930116985034e-15
6.533214051713821196e-15
6.506706532709832869e-15
6.480327686043208350e-15
6.454076371022191772e-15
6.427951916710213667e-15
6.401954105501589197e-15
6.376081368632436071e-15
6.350333941673331820e-15
6.324710715464774804e-15
6.299211034161169360e-15
6.273833810359991676e-15
6.248578834895254727e-15
6.223445460801617391e-15
6.198432618708163301e-15
6.173540098989463373e-15
6.148766844127016248e-15
6.124112227830952418e-15
6.099575626624492195e-15
6.075156830424877007e-15
6.050854397310302320e-15
6.026668125715621592e-15
6.002597403374511705e-15
5.978641221647627739e-15
5.954799378608718918e-15
5.931071270284346612e-15
5.907455904644650406e-15
5.883952691464738784e-15
5.860561428544741408e-15
5.837280757463236247e-15
5.814110483994383818e-15
5.791050405816705354e-15
5.768099188463433200e-15
5.745256637498190366e-15
5.722522181068108347e-15
5.699894882936089331e-15
5.677374184097346136e-15
5.654959889941862441e-15
5.632651082381172237e-15
5.610447224327805302e-15
5.588348138384465443e-15
5.566352583665263663e-15
5.544460389886288953e-15
5.522671032158626435e-15
5.500983987907740285e-15
5.479398394471854613e-15
5.457914081003436228e-15
5.436530194089225349e-15
5.415246227278771922e-15
5.394062009394333467e-15
5.372976700707511789e-15
5.351989801377047880e-15
5.331100487454465865e-15
5.310308918257061823e-15
5.289613950095510998e-15
5.269015418060233447e-15
5.248512833121563669e-15
5.228105393112408605e-15
5.207792619765057191e-15
5.187574347890227016e-15
5.167449788078845249e-15
5.147418468271756242e-15
5.127479918456953617e-15
5.107633670666525006e-15
5.087879258973487144e-15
5.068216219488512091e-15
5.048643497241925430e-15
5.029161233539775504e-15
5.009768970493354735e-15
4.990466252238348543e-15
4.971252047666517194e-15
4.952126489990323939e-15
4.933089129306648867e-15
4.914138386342642947e-15
4.895275523678217955e-15
4.876498969702836538e-15
4.857808293668367546e-15
4.839203066649988238e-15
4.820683408517487635e-15
4.802247796379387869e-15
4.783896897109795928e-15
4.765630278240271455e-15
4.747446444271673235e-15
4.729345516929953177e-15
4.711327080061967107e-15
4.693390719315633381e-15
4.675536022136811367e-15
4.657762577766092356e-15
4.640069467160192819e-15
4.622456809097600276e-15
4.604924207138951304e-15
4.587471266558069849e-15
4.570097096168236322e-15
4.552801809418216477e-15
4.535584525021174808e-15
4.518445353095726000e-15
4.501383422146895963e-15
4.484398839050685052e-15
4.467490263226229981e-15
4.450658283462582610e-15
4.433902519952034955e-15
4.417221655787557033e-15
4.400616265624129380e-15
4.384085048046477392e-15
4.367628568459767026e-15
4.351245540748918381e-15
4.334936521241077811e-15
4.318700690176323449e-15
4.302537241239196748e-15
4.286446272082128098e-15
4.270427427664985055e-15
4.254479914879591108e-15
4.238604263751271751e-15
4.222799247432307495e-15
4.207064525394997787e-15
4.191400186759033794e-15
4.175805459937048442e-15
4.160280431332322713e-15
4.144824337791911448e-15
4.129437263074296659e-15
4.114118037796665976e-15
4.098867163073439164e-15
4.083684301525141215e-15
4.068568304064827557e-15
4.053519659948420041e-15
4.038537233374774614e-15
4.023621107047633917e-15
4.008771354657846975e-15
3.993986860030849013e-15
3.979268093280984543e-15
3.964613951119163696e-15
3.950024123943811771e-15
3.935499070746844913e-15
3.921037707220630756e-15
3.906640106361185698e-15
3.892305579984705902e-15
3.878034198778279737e-15
3.863825281960396239e-15
3.849678898917907733e-15
3.835594747775734502e-15
3.821571799845457380e-15
3.807610495083094928e-15
3.793710176399521916e-15
3.779870554739206849e-15
3.766091697571973023e-15
3.752372958332776528e-15
3.738713700668024462e-15
3.725114344201482950e-15
3.711573906239594498e-15
3.698092799855919678e-15
3.684670053501930231e-15
3.671306073818930873e-15
3.657999900270162671e-15
3.644751261882307002e-15
3.631560555818859004e-15
3.618426837769554646e-15
3.605350169393811740e-15
3.592329950560285054e-15
3.579366240968123539e-15
3.566458446822298923e-15
3.553606625912832358e-15
3.540810190715097685e-15
3.528068879991750448e-15
3.515382433554727045e-15
3.502750905482200898e-15
3.490173720553418853e-15
3.477650621759674850e-15
3.465181353134548853e-15
3.452765659752146893e-15
3.440403287725296163e-15
3.428094285902077507e-15
3.415837797197160940e-15
3.403633576448034850e-15
3.391481971680495082e-15
3.379382140063777540e-15
3.367334131829205024e-15
3.355337700268427503e-15
3.343392599696258187e-15
3.331498011302093182e-15
3.319654557974018809e-15
3.307861424646560943e-15
3.296118374909058439e-15
3.284425453351656241e-15
3.272782141934875738e-15
3.261188207098367221e-15
3.249643416216647417e-15
3.238147810838946444e-15
3.226700883612205515e-15
3.215302405448004329e-15
3.203952151005278125e-15
3.192649896549689185e-15
3.181395419242333043e-15
3.170188497138161159e-15
3.159028909184357837e-15
3.147916175063149874e-15
3.136850338827822134e-15
3.125831182059568244e-15
3.114858487225336549e-15
3.103931783797779141e-15
3.093051112973260373e-15
3.082216259833445926e-15
3.071426511774403109e-15
3.060682408013192110e-15
3.049983239157161801e-15
3.039328798232509264e-15
3.028718879075725443e-15
3.018153518160969694e-15
3.007632025823756911e-15
2.997154680540441255e-15
2.986721275053693732e-15
2.976331130875872837e-15
2.965984285624092066e-15
2.955680538798134754e-15
2.945419690696746112e-15
2.935201542416111118e-15
2.925025895848314662e-15
2.914892326017475453e-15
2.904800866793959263e-15
2.894751322420366967e-15
2.884743497929014681e-15
2.874776976880964969e-15
2.864851790798328491e-15
2.854967527433532529e-15
2.845124217166733485e-15
2.835321451900184705e-15
2.825559260901852057e-15
2.815837025759299685e-15
2.806154991631656961e-15
2.796512970452621581e-15
2.786910353684488548e-15
2.777347381050088384e-15
2.767823450485758702e-15
2.758338798150890306e-15
2.748892828383516590e-15
2.739485773840606632e-15
2.730117248435742447e-15
2.720786871647036605e-15
2.711494670138243688e-15
2.702240467471656445e-15
2.693023891993943180e-15
2.683845170015126111e-15
2.674703734552509948e-15
2.665599418587755049e-15
2.656532249591024715e-15
2.647501865669302514e-15
2.638508293304058967e-15
2.629551174181542697e-15
2.620630533819841652e-15
2.611745829211005235e-15
2.602897275376370518e-15
2.594084707076675229e-15
2.585307589828238393e-15
2.576566133952036826e-15
2.567859810554599108e-15
2.559188645139180234e-15
2.550552659548555330e-15
2.541951333159614699e-15
2.533384868685614228e-15
2.524852750941262023e-15
2.516354826666712692e-15
2.507891294142643068e-15
2.499461646208524545e-15
2.491065904810272657e-15
2.482703743542153106e-15
2.474375183502118670e-15
2.466079901467293953e-15
2.457817917709507799e-15
2.449589080653493755e-15
2.441392904280301180e-15
2.433229577127250182e-15
2.425098783785908874e-15
2.417000377903372546e-15
2.408934377380416851e-15
2.400900471403808291e-15
2.392898353496006108e-15
2.384928204116953649e-15
2.376989556999942331e-15
2.369082589995588846e-15
2.361206841637714032e-15
2.353362487210970821e-15
2.345549069997725114e-15
2.337766451888380333e-15
2.330014804380885881e-15
2.322293677767128658e-15
2.314603088297000390e-15
2.306942745413854052e-15
2.299312664667871215e-15
2.291712558297627765e-15
2.284142441794107176e-15
2.276602033268269254e-15
2.269091202987591512e-15
2.261609821701001951e-15
2.254157906607911431e-15
2.246735181792116435e-15
2.239341519457865933e-15
2.231976792287444011e-15
2.224640873440313952e-15
2.217333636552249312e-15
2.210055096815208345e-15
2.202804845856561081e-15
2.195582761126151765e-15
2.188388997927028780e-15
2.181223154055466660e-15
2.174085245463307733e-15
2.166975149080217024e-15
2.159892742304851567e-15
2.152837633312888548e-15
2.145810107246667610e-15
2.138809773948392187e-15
2.131836514912188917e-15
2.124890343912265768e-15
2.117971009992278033e-15
2.111078395965493837e-15
2.104212385078645777e-15
2.097372989928975554e-15
2.090559964269655417e-15
2.083773192656690409e-15
2.077012560076283770e-15
2.070277951944023221e-15
2.063569254104052666e-15
2.056886352828231264e-15
2.050229134815285404e-15
2.043597363908999449e-15
2.036991052310099290e-15
2.030410087979880040e-15
2.023854359303104839e-15
2.017323634520552378e-15
2.010817924763883856e-15
2.004337119670322673e-15
1.997880872147573112e-15
1.991449312443996962e-15
1.985042331429233321e-15
1.978659820390173486e-15
1.972301439077886937e-15
1.965967314121463719e-15
1.959657108628525582e-15
1.953370947450023151e-15
1.947108723897529052e-15
1.940870106650744201e-15
1.934654996509641023e-15
1.928463518369488347e-15
1.922295570630909363e-15
1.916150831362812862e-15
1.910029203368195209e-15
1.903930808095414865e-15
1.897855328331066237e-15
1.891802883840839471e-15
1.885773160523410094e-15
1.879766062920562351e-15
1.873781495911378869e-15
1.867819575953938850e-15
1.861879784963832535e-15
1.855962659120257390e-15
1.850067474397006721e-15
1.844194347462656609e-15
1.838343390780999503e-15
1.832514099377651384e-15
1.826706790830069265e-15
1.820921167517961378e-15
1.815157137703833590e-15
1.809414409949486027e-15
1.803693294325548506e-15
1.797993498963170151e-15
1.792314933444595092e-15
1.786657311945429420e-15
1.781020937231910479e-15
1.775405329444601536e-15
1.769810787771526628e-15
1.764236837211838998e-15
1.758683582914883800e-15
1.753150747246685880e-15
1.747638622364449229e-15
1.742146742806821644e-15
1.736675210855744798e-15
1.731223939632712513e-15
1.725792658138220125e-15
1.720381466557503201e-15
1.714990096487425310e-15
1.709618646736667430e-15
1.704267031990292045e-15
1.698934987699828395e-15
1.693622610657914748e-15
1.688329638847818190e-15
1.683056167738438216e-15
1.677801937819437799e-15
1.672567043256516050e-15
1.667351227020633428e-15
1.662154409048656029e-15
1.656976682107590375e-15
1.651817795462773506e-15
1.646677673039685178e-15
1.641556408316033861e-15
1.636453754642279102e-15
1.631369636735616844e-15
1.626304146181368966e-15
1.621256874107175127e-15
1.616228078349770026e-15
1.611217518059991484e-15
1.606225119255096162e-15
1.601250808207930077e-15
1.596294511446509913e-15
1.591356316286572538e-15
1.586435827851403179e-15
1.581533134817772649e-15
1.576648322734457742e-15
1.571781002557008897e-15
1.566931261177575837e-15
1.562099026898066253e-15
1.557284228271983978e-15
1.552486794103956657e-15
1.547706653449252962e-15
1.542943735613299023e-15
1.538197818675087625e-15
1.533468985504305004e-15
1.528757166139919523e-15
1.524062141763215913e-15
1.519384141901938607e-15
1.514722799898131805e-15
1.510078049096019077e-15
1.505450115078754565e-15
1.500838636557878801e-15
1.496243547561124083e-15
1.491664926069260888e-15
1.487102704297554815e-15
1.482556672465032737e-15
1.478026765496656639e-15
1.473513059296877820e-15
1.469015487027247275e-15
1.464533842788889989e-15
1.460068062397895398e-15
1.455618219744528480e-15
1.451184111785863840e-15
1.446765674995941142e-15
1.442362981787738364e-15
1.437975831932933560e-15
1.433604162560026304e-15
1.429247911010841122e-15
1.424907147776110818e-15
1.420581676738690057e-15
1.416271438013515291e-15
1.411976372339652762e-15
1.407696420653137417e-15
1.403431653626182273e-15
1.399181752841203709e-15
1.394946918242381497e-15
1.390726834474439958e-15
1.386521572325540856e-15
1.382331200146415051e-15
1.378155407115816587e-15
1.373994387571737499e-15
1.369847833676448344e-15
1.365715813909048556e-15
1.361598271351477088e-15
1.357495149278761983e-15
1.353406391158669920e-15
1.349331819499493438e-15
1.345271500544733494e-15
1.341225378327628634e-15
1.337193397072794863e-15
1.333175382501924766e-15
1.329171399126734336e-15
1.325181391733385677e-15
1.321205188411132279e-15
1.317242852403558364e-15
1.313294329055359869e-15
1.309359448789766026e-15
1.305438159085246463e-15
1.301530521531092415e-15
1.297636482205260032e-15
1.293755874585010942e-15
1.289888646839837204e-15
1.286034858952969007e-15
1.282194457730222173e-15
1.278367169127666785e-15
1.274553163596488847e-15
1.270752388479978389e-15
1.266964573609357881e-15
1.263189886594702971e-15
1.259428167562679506e-15
1.255679366206798861e-15
1.251943539051345596e-15
1.248220528377362324e-15
1.244510284381171091e-15
1.240812757423094579e-15
1.237127898027183942e-15
1.233455656880949612e-15
1.229795984835084801e-15
1.226148935865705631e-15
1.222514255028542016e-15
1.218891998750656142e-15
1.215282221869775367e-15
1.211684674608447258e-15
1.208099412618088292e-15
1.204526389770033764e-15
1.200965560086075255e-15
1.197416877738207604e-15
1.193880198639365955e-15
1.190355674571196185e-15
1.186843063823291109e-15
1.183342419566753621e-15
1.179853696712640452e-15
1.176376754344582007e-15
1.172911644603922270e-15
1.169458322839032875e-15
1.166016649997768090e-15
1.162586677213798927e-15
1.159168360270632301e-15
1.155761561954623167e-15
1.152366332413338598e-15
1.148982535642125009e-15
1.145610221140340102e-15
1.142249254101218732e-15
1.138899683385186625e-15
1.135561375372362469e-15
1.132234288336403853e-15
1.128918470192717428e-15
1.125613789077673366e-15
1.122320292290356871e-15
1.119037849126999121e-15
1.115766418524791294e-15
1.112506046871166953e-15
1.109256518288531200e-15
1.106017966316992578e-15
1.102790263095465216e-15
1.099573453823651808e-15
1.096367326573853822e-15
1.093172011996365170e-15
1.089987300105747673e-15
1.086813320130449192e-15
1.083649947534324104e-15
1.080497142678826116e-15
1.077354783344484839e-15
1.074222995968052812e-15
1.071101658175355740e-15
1.067990730834452226e-15
1.064890093841663682e-15
1.061799870909807522e-15
1.058719861481682728e-15
1.055650108240983641e-15
1.052590653303284923e-15
1.049541221034100473e-15
1.046502013051330131e-15
1.043472834637627332e-15
1.040453728206217958e-15
1.037444657153667088e-15
1.034445584993566526e-15
1.031456398509993663e-15
1.028477139044481995e-15
1.025507694354241415e-15
1.022548105253165153e-15
1.019598335824872549e-15
1.016658275272949179e-15
1.013727889004894362e-15
1.010807216801399829e-15
1.007896223196434568e-15
1.004994799288020207e-15
1.002102910909128787e-15
9.992205968359494968e-16
9.963477495622832896e-16
9.934844073725614127e-16
9.906304636826149115e-16
9.877858848509058558e-16
9.849506373382932218e-16
9.821247584605984916e-16
9.793081434475196387e-16
9.765007590717584689e-16
9.737025722078244153e-16
9.709136192297790620e-16
9.681337280853382775e-16
9.653630044187006493e-16
9.626013461175793006e-16
9.598487205686050643e-16
9.571050952592898839e-16
9.543704377778698296e-16
9.516447158131491012e-16
9.489278971543406787e-16
9.462199496909046051e-16
9.435208414123854815e-16
9.408305404082477923e-16
9.381489493650902913e-16
9.354761678904761565e-16
9.328120336775972558e-16
9.301565807115800839e-16
9.275097775740383419e-16
9.248715929455157911e-16
9.222419319591816356e-16
9.196208277464752424e-16
9.170082492788497920e-16
9.144041657762555664e-16
9.118084847153580768e-16
9.092212392930453239e-16
9.066423379114253264e-16
9.040718133492815222e-16
9.015096360374086876e-16
8.989557155297706837e-16
8.964100233112060822e-16
8.938725913414271988e-16
8.913433904116956451e-16
8.888223315853164596e-16
8.863093866882590827e-16
8.838045868834617623e-16
8.813078443467633259e-16
8.788191898508696894e-16
8.763385363067074873e-16
8.738658559617111716e-16
8.714011211455068089e-16
8.689443618619286524e-16
8.664954351484397715e-16
8.640544855452959490e-16
8.616213137535942934e-16
8.591959498366417746e-16
8.567784228654438363e-16
8.543685929883989463e-16
8.519665454233072467e-16
8.495721969964175428e-16
8.471855208613231876e-16
8.448064353172895851e-16
8.424350238081327842e-16
8.400712045350217574e-16
8.377149509743484862e-16
8.353661827722939792e-16
8.330249816399205010e-16
8.306912137234224608e-16
8.283649598826155338e-16
8.260460874297333949e-16
8.237346237238708875e-16
8.214304903845176548e-16
8.191337665947776467e-16
8.168443219625307118e-16
8.145621831675429416e-16
8.122873245556636624e-16
8.100196693516159505e-16
8.077592437367775799e-16
8.055059715661228766e-16
8.032598786931697533e-16
8.010209398497850830e-16
7.987890798280696167e-16
7.965643239998808434e-16
7.943465978678585616e-16
7.921359269544106172e-16
7.899322378386401293e-16
7.877355558186849441e-16
7.855458080744644663e-16
7.833629711767265861e-16
7.811870699526099838e-16
7.790180324719394727e-16
7.768558355109956226e-16
7.747005034353962107e-16
7.725519651935493324e-16
7.704101977663852063e-16
7.682752250672766259e-16
7.661469302631229730e-16
7.640253840519356784e-16
7.619105168194424937e-16
7.598023058834262173e-16
7.577007286280859183e-16
7.556057625039425683e-16
7.535174303997713706e-16
7.514356189453459600e-16
7.493603513717014653e-16
7.472916501417557006e-16
7.452294033341069016e-16
7.431736337501456840e-16
7.411243193018698450e-16
7.390814379667965177e-16
7.370449677878569561e-16
7.350148868732892504e-16
7.329911733965312391e-16
7.309737193360303151e-16
7.289626759108089680e-16
7.269578493604519022e-16
7.249593894522108083e-16
7.229671041285684522e-16
7.209810574173296844e-16
7.190012279393923926e-16
7.170275108458410112e-16
7.150600523360703827e-16
7.130986645331103410e-16
7.111434098429691827e-16
7.091942672014139912e-16
7.072511339627551922e-16
7.053141528528406787e-16
7.033831400763228148e-16
7.014580759285624668e-16
6.995391010931741441e-16
6.976260341751478899e-16
6.957189350778707152e-16
6.938177041537731498e-16
6.919224794760419958e-16
6.900330047373716822e-16
6.881494960730443407e-16
6.862717771451255796e-16
6.843999064072370920e-16
6.825337870600393336e-16
6.806734769634508710e-16
6.788188801291862862e-16
6.769700538301663367e-16
6.751269784486928407e-16
6.732895592019913862e-16
6.714578524974456299e-16
6.696317643452075581e-16
6.678113505820479556e-16
6.659965180039308649e-16
6.641873218834363152e-16
6.623836697952916375e-16
6.605856164542275609e-16
6.587930702067522012e-16
6.570060852160117263e-16
6.552245705933743599e-16
6.534485083797436676e-16
6.516779519200512003e-16
6.499128114577446759e-16
6.481531398015175844e-16
6.463988479427048177e-16
6.446499181764073515e-16
6.429064025158351848e-16
6.411682130592969092e-16
6.394353322526025167e-16
6.377078113267959664e-16
6.359855634723989761e-16
6.342685712852721512e-16
6.325568174096347496e-16
6.308503520524269674e-16
6.291490898363598217e-16
6.274530135548237024e-16
6.257621726627457904e-16
6.240764828414334146e-16
6.223959270327413761e-16
6.207204882263990641e-16
6.190501494599462619e-16
6.173849589597710129e-16
6.157247692864787659e-16
6.140696936155529500e-16
6.124196500382600141e-16
6.107746218344190415e-16
6.091345923312318486e-16
6.074996083246105851e-16
6.058695261117873377e-16
6.042443929093070195e-16
6.026242550286566953e-16
6.010089708517252958e-16
5.993986491302020486e-16
5.977932111994071065e-16
5.961925795426136740e-16
5.945968613947402101e-16
5.930059790564561720e-16
5.914198559601307728e-16
5.898385978473473801e-16
5.882620678414810637e-16
5.866903707013766316e-16
5.851233707086165094e-16
5.835611716494326655e-16
5.820036389529547084e-16
5.804508166284296379e-16
5.789026891300434132e-16
5.773592409567217465e-16
5.758204566520510201e-16
5.742863208042021608e-16
5.727568180458518532e-16
5.712318757767444680e-16
5.697115364993847295e-16
5.681957849758370059e-16
5.666846060123801358e-16
5.651779844594282461e-16
5.636758491812161989e-16
5.621782416380555860e-16
5.606851468087103730e-16
5.591964944194723639e-16
5.577123803715758800e-16
5.562326794223709778e-16
5.547574320182654576e-16
5.532865690187365016e-16
5.518201304702918903e-16
5.503581016499065080e-16
5.489004142532431941e-16
5.474471611272109105e-16
5.459981675039383210e-16
5.445535790007536285e-16
5.431132750221619288e-16
5.416772417895942323e-16
5.402455177965511268e-16
5.388180886540344754e-16
5.373948882338956896e-16
5.359759544649850903e-16
5.345612217507029637e-16
5.331507276474977242e-16
5.317444579723524807e-16
5.303423479190218372e-16
5.289443840853913845e-16
5.275506034762337639e-16
5.261609422787059605e-16
5.247754371715562364e-16
5.233940248534780364e-16
5.220167416447649743e-16
5.206435247512524074e-16
5.192744101386564540e-16
5.179093355155982945e-16
5.165482879857470137e-16
5.151913029886122187e-16
5.138383189774247438e-16
5.124893231617999617e-16
5.111443504635504104e-16
5.098033400709961119e-16
5.084662792992329041e-16
5.071332025607351250e-16
5.058040497695166511e-16
5.044788083456747494e-16
5.031575122005571071e-16
5.018401019645999725e-16
5.005265651624101875e-16
4.992168893523788441e-16
4.979110621266364180e-16
4.966091165772991379e-16
4.953109945067290965e-16
4.940166836107590435e-16
4.927261716187555157e-16
4.914394909837563356e-16
4.901565399299350438e-16
4.888773954774008150e-16
4.876020008016857225e-16
4.863303438017790483e-16
4.850624124098934446e-16
4.837981945914157281e-16
4.825376783448553091e-16
4.812808948830121639e-16
4.800277457233916072e-16
4.787783051430813932e-16
4.775324754640805983e-16
4.762903302940739688e-16
4.750517727524357605e-16
4.738168336979194564e-16
4.725855432987882933e-16
4.713578058572873236e-16
4.701336933365694723e-16
4.689131108187472884e-16
4.676961296205679564e-16
4.664826555971238784e-16
4.652727185781758088e-16
4.640663070881431559e-16
4.628634098251906606e-16
4.616640155542707888e-16
4.604681130715404845e-16
4.592756512179559123e-16
4.580866989943555005e-16
4.569011654856347802e-16
4.557190795962241151e-16
4.545404302751497610e-16
4.533652065023310487e-16
4.521933583087959572e-16
4.510249140459197541e-16
4.498598627836654105e-16
4.486981936226818966e-16
4.475398956942444254e-16
4.463849199981247489e-16
4.452332942112810279e-16
4.440850075542834867e-16
4.429400115976015522e-16
4.417983336211556980e-16
4.406599629343675244e-16
4.395248516713109422e-16
4.383930267211342162e-16
4.372644774816584041e-16
4.361391566435592811e-16
4.350170907113696666e-16
4.338982691708513531e-16
4.327826452623672689e-16
4.316702451118874225e-16
4.305610223217343490e-16
4.294550027681113327e-16
4.283521404123129511e-16
4.272524608834011924e-16
4.261559184986807996e-16
4.250625386426673239e-16
4.239723110600697982e-16
4.228851905977227507e-16
4.218011674982044122e-16
4.207202666646061741e-16
4.196424434647303494e-16
4.185677225647300125e-16
4.174960596768178366e-16
4.164274451735744068e-16
4.153619033693959727e-16
4.142994242618097036e-16
4.132399306094704333e-16
4.121835137906997329e-16
4.111300634053918084e-16
4.100796368284120600e-16
4.090321911195873022e-16
4.079877168932191036e-16
4.069462377336280330e-16
4.059077114103980434e-16
4.048721613209417831e-16
4.038395131667253280e-16
4.028098227865675922e-16
4.017830485946983205e-16
4.007591815570967736e-16
3.997382445205510333e-16
3.987201963763386502e-16
3.977050281629992479e-16
3.966927309425822801e-16
3.956832958006149334e-16
3.946767450474429134e-16
3.936730383553003391e-16
3.926721668816989901e-16
3.916741218074817005e-16
3.906788943367869090e-16
3.896864756970147877e-16
3.886968571387917924e-16
3.877100602438215053e-16
3.867260155679578154e-16
3.857447749228557742e-16
3.847662694119439040e-16
3.837905503938773822e-16
3.828175495150020773e-16
3.818473176853187327e-16
3.808798165317331151e-16
3.799150081931134356e-16
3.789529429145304188e-16
3.779935827590813477e-16
3.770368902951376911e-16
3.760829151123639245e-16
3.751315909830124949e-16
3.741829384614783261e-16
3.732369776509021180e-16
3.722936431022541974e-16
3.713529550814968453e-16
3.704149052735624098e-16
3.694794853858591186e-16
3.685466592428571734e-16
3.676164745220938045e-16
3.666888673009381542e-16
3.657638572801514639e-16
3.648414362774055859e-16
3.639215961326181516e-16
3.630043287079123887e-16
3.620895987733360893e-16
3.611774255715547268e-16
3.602678010295723801e-16
3.593606903491487617e-16
3.584561126797871893e-16
3.575540602243176478e-16
3.566545252066156981e-16
3.557574735240847791e-16
3.548629240052414461e-16
3.539708689354272801e-16
3.530812745947562637e-16
3.521941595487867479e-16
3.513095161440234118e-16
3.504273110387206140e-16
3.495475625394784210e-16
3.486702375536699646e-16
3.477953542169811516e-16
3.469229049767066576e-16
3.460528571108808993e-16
3.451852285027553289e-16
3.443199866745581791e-16
3.434571493429280062e-16
3.425966842723500082e-16
3.417386090145383529e-16
3.408828915743141795e-16
3.400295493401381733e-16
3.391785505552615759e-16
3.383299124465433173e-16
3.374836034937757645e-16
3.366396166764413469e-16
3.357979689814037425e-16
3.349586292391141968e-16
3.341216142788899689e-16
3.332868931630769901e-16
3.324544825650354581e-16
3.316243282688916927e-16
3.307964939052132261e-16
3.299709020722934723e-16
3.291475926433008468e-16
3.283265353640703372e-16
3.275077464482095189e-16
3.266911729219569408e-16
3.258768539785395188e-16
3.250647825696448092e-16
3.242549063310533847e-16
3.234472639546482284e-16
3.226418259630376652e-16
3.218385856554867897e-16
3.210375586531092756e-16
3.202386935900924629e-16
3.194420283374466017e-16
3.186475339591246212e-16
3.178552038408215340e-16
3.170650532778528406e-16
3.162770320462699124e-16
3.154911774111725462e-16
3.147074395650086936e-16
3.139258554552584442e-16
3.131463970792255652e-16
3.123690581347784313e-16
3.115938323357751841e-16
3.108207134120401155e-16
3.100496951093403467e-16
3.092807711893610291e-16
3.085139354296818257e-16
3.077491816237527525e-16
3.069865243283227743e-16
3.062259157906145866e-16
3.054673706823413544e-16
3.047108828601855709e-16
3.039564461965765762e-16
3.032040545796651164e-16
3.024537019132979526e-16
3.017053821169925678e-16
3.009590690323614049e-16
3.002147968774402675e-16
2.994725195109660470e-16
2.987322708615237315e-16
2.979940051381978848e-16
2.972577362865550608e-16
2.965234583340682094e-16
2.957911653236795469e-16
2.950608318518411682e-16
2.943324716091404060e-16
2.936060979911777985e-16
2.928816471792740913e-16
2.921591712145649595e-16
2.914386258457327570e-16
2.907200244519448658e-16
2.900033611969833359e-16
2.892886302598691856e-16
2.885758070578632955e-16
2.878649047263109331e-16
2.871559174888229369e-16
2.864488210296545491e-16
2.857436283041949041e-16
2.850403335804255548e-16
2.843389128065243787e-16
2.836393787605810638e-16
2.829417075647231350e-16
2.822459118799847604e-16
2.815519860474950639e-16
2.808599064482735910e-16
2.801696855983671509e-16
2.794813001890843089e-16
2.787947627613155693e-16
2.781100502023954666e-16
2.774271749388104454e-16
2.767461315779036104e-16
2.760668972570414748e-16
2.753894668185407038e-16
2.747138524634345492e-16
2.740400315753742653e-16
2.733680162443191710e-16
2.726977840168390824e-16
2.720293468729063375e-16
2.713626825207647378e-16
2.706977858908454300e-16
2.700346687997236969e-16
2.693733091954197816e-16
2.687137187871917378e-16
2.680558756816725704e-16
2.673997748715711841e-16
2.667454113616636886e-16
2.660927966488687717e-16
2.654419255680142448e-16
2.647927602655760935e-16
2.641453285622310535e-16
2.634996091090746077e-16
2.628555969845805200e-16
2.622133033752779273e-16
2.615726911282580419e-16
2.609337874874870787e-16
2.602965873915763268e-16
2.596610541016279648e-16
2.590272145221194518e-16
2.583950321868875236e-16
2.577645337761063595e-16
2.571356986932643927e-16
2.565085376752666192e-16
2.558830147957138960e-16
2.552591408759990600e-16
2.546369265069779414e-16
2.540163514577591413e-16
2.533973957493931700e-16
2.527800851856176615e-16
2.521643997511575607e-16
2.515503347392591402e-16
2.509378854548013144e-16
2.503270472142778403e-16
2.497178153457795192e-16
2.491101851889762992e-16
2.485041520950991315e-16
2.478997114497486509e-16
2.472968587411799126e-16
2.466955894914925696e-16
2.460958992337431586e-16
2.454977835119281885e-16
2.449012378809680184e-16
2.443062291637185539e-16
2.437128105344321681e-16
2.431209487256680006e-16
2.425306109262897512e-16
2.419418496749530738e-16
2.413546038818801160e-16
2.407689256665541966e-16
2.401847543997617737e-16
2.396021139222574446e-16
2.390209998959125194e-16
2.384414079933417557e-16
2.378633338978855598e-16
2.372867733035926317e-16
2.367117219152018706e-16
2.361381482257595423e-16
2.355660753941925781e-16
2.349955261681895916e-16
2.344264421647831180e-16
2.338588462577066567e-16
2.332927342141694950e-16
2.327280752145465877e-16
2.321649183446314108e-16
2.316032063102790519e-16
2.310429615170063546e-16
2.304841797834298612e-16
2.299268569386534279e-16
2.293709628343832401e-16
2.288165195087465093e-16
2.282635486089877482e-16
2.277119686406159029e-16
2.271618528477742990e-16
2.266131713328329778e-16
2.260658946032285956e-16
2.255200441587231393e-16
2.249755907211234551e-16
2.244325807146553821e-16
2.238909597793658109e-16
2.233507490635815616e-16
2.228119445274733142e-16
2.222745174233115635e-16
2.217384886396111988e-16
2.212038541660360428e-16
2.206705855677355145e-16
2.201387278178454900e-16
2.196082281773931894e-16
2.190790830420058617e-16
2.185513369565263856e-16
2.180249138856467956e-16
2.174998821770369736e-16
2.169761901523373960e-16
2.164538579608253424e-16
2.159328817913773313e-16
2.154132343276253707e-16
2.148949354723822371e-16
2.143779814422403867e-16
2.138623452171380909e-16
2.133480464566592348e-16
2.128350583360083613e-16
2.123234003540270639e-16
2.118130687728411215e-16
2.113040370582792489e-16
2.107963244712477257e-16
2.102899046690994779e-16
2.097848193013334313e-16
2.092809970377307523e-16
2.087784794582188007e-16
2.082772628878521455e-16
2.077773214568968275e-16
2.072786738824141288e-16
2.067813165165108529e-16
2.062852237690521421e-16
2.057903922613251194e-16
2.052968404067478057e-16
2.048045645925949661e-16
2.043135395958507460e-16
2.038237620687776809e-16
2.033352501264258898e-16
2.028480001910125835e-16
2.023619874010332932e-16
2.018772084395692792e-16
2.013937022600731362e-16
2.009114019246952924e-16
2.004303463227050415e-16
1.999505319283032602e-16
1.994719135990715232e-16
1.989945505025902832e-16
1.985183975918550989e-16
1.980434516110964984e-16
1.975697298109395474e-16
1.970972082953714954e-16
1.966258838309113221e-16
1.961557734585825426e-16
1.956868737291052948e-16
1.952191610877531762e-16
1.947526323441067413e-16
1.942873043287668984e-16
1.938231538158871282e-16
1.933601777007761375e-16
1.928983926227497962e-16
1.924377756043305706e-16
1.919783235619715980e-16
1.915200529334659964e-16
1.910629409868799124e-16
1.906070040274075739e-16
1.901522194855527799e-16
1.896985843131248957e-16
1.892461146181195138e-16
1.887947880719409767e-16
1.883446016473217309e-16
1.878955523236611329e-16
1.874476559496893524e-16
1.870008905134752519e-16
1.865552717362228318e-16
1.861107777629644299e-16
1.856674056080266383e-16
1.852251522923531625e-16
1.847840332845285114e-16
1.843440270391017480e-16
1.839051305976589475e-16
1.834673410083702647e-16
1.830306734915316621e-16
1.825950887091796241e-16
1.821606380221200584e-16
1.817272642134945063e-16
1.812950003569311316e-16
1.808638076847289872e-16
1.804337190141233034e-16
1.800047312468219529e-16
1.795768060372270900e-16
1.791499758227635257e-16
1.787242025359758594e-16
1.782995183631680489e-16
1.778759028780786888e-16
1.774533705228257630e-16
1.770318837805860309e-16
1.766114743424172640e-16
1.761921220700985863e-16
1.757738241320651776e-16
1.753565777031721158e-16
1.749403799646862416e-16
1.745252449569204699e-16
1.741111361057291494e-16
1.736980842544292589e-16
1.732860530933316693e-16
1.728750732370254079e-16
1.724651252248074954e-16
1.720562063384076634e-16
1.716483302831092056e-16
1.712414614568962565e-16
1.708356136387398784e-16
1.704308003694577733e-16
1.700269864317773901e-16
1.696242015533232215e-16
1.692224107708530118e-16
1.688216435832778960e-16
1.684218652794344690e-16
1.680231051313977259e-16
1.676253444945148917e-16
1.672285807243524378e-16
1.668328111825136919e-16
1.664380175959569032e-16
1.660442286777801885e-16
1.656514261086414055e-16
1.652596072742059642e-16
1.648687695661329900e-16
1.644788950296060131e-16
1.640900118301251473e-16
1.637021019676334895e-16
1.633151628576784511e-16
1.629291767957826295e-16
1.625441715173943019e-16
1.621601292736254647e-16
1.617770325453177957e-16
1.613949087499811899e-16
1.610137254767876269e-16
1.606334951405424194e-16
1.602542299416491356e-16
1.598758978173828475e-16
1.594985110346461007e-16
1.591220670732978223e-16
1.587465634190501394e-16
1.583719975634595290e-16
1.579983525897268926e-16
1.576256548827011687e-16
1.572538731758679542e-16
1.568830336526909685e-16
1.565131052704348907e-16
1.561440998627985606e-16
1.557760149613672053e-16
1.554088481034984426e-16
1.550425828383158471e-16
1.546772447542838638e-16
1.543128034692195300e-16
1.539492705368636773e-16
1.535866435289780459e-16
1.532249063101358845e-16
1.528640840214423904e-16
1.525041468570867249e-16
1.521451061800869417e-16
1.517869596209893152e-16
1.514297048158809802e-16
1.510733259689573079e-16
1.507178342636085824e-16
1.503632273519042111e-16
1.500095028914198506e-16
1.496566453043066567e-16
1.493046787896088303e-16
1.489535614439655723e-16
1.486033305231363444e-16
1.482539705192427857e-16
1.479054661225427566e-16
1.475578281233179485e-16
1.472110413173584806e-16
1.468651164092837371e-16
1.465200511095424068e-16
1.461758431339929895e-16
1.458324774877357449e-16
1.454899647067664287e-16
1.451483025225675226e-16
1.448074760950785070e-16
1.444674958355392260e-16
1.441283594909839871e-16
1.437900648137942433e-16
1.434525971679063662e-16
1.431159544523821372e-16
1.427801468738216124e-16
1.424451722048392947e-16
1.421110282233536424e-16
1.417777005437334016e-16
1.414451992122438327e-16
1.411135099420468498e-16
1.407826426999832992e-16
1.404525952893101474e-16
1.401233535702903709e-16
1.397949154874910445e-16
1.394673027120853469e-16
1.391404893015918232e-16
1.388144732142145129e-16
1.384892641442474049e-16
1.381648482408620478e-16
1.378412467683843243e-16
1.375184226354180345e-16
1.371963970730432086e-16
1.368751679392568326e-16
1.365547216261672707e-16
1.362350675968939328e-16
1.359161923701205778e-16
1.355981053411276099e-16
1.352807931208398744e-16
1.349642650305954271e-16
1.346485077728918622e-16
1.343335305957387193e-16
1.340193202925432791e-16
1.337058860385949986e-16
1.333932147175526641e-16
1.330813154325888575e-16
1.327701751569604471e-16
1.324597919753493439e-16
1.321501748836403597e-16
1.318413109880454236e-16
1.315332092138180697e-16
1.312258567551608572e-16
1.309192624672807614e-16
1.306134136317345578e-16
1.303083083622416345e-16
1.300039554097989867e-16
1.297003527804078840e-16
1.293974773720077894e-16
1.290953484660229095e-16
1.287939640819877186e-16
1.284933013598601870e-16
1.281933793642824632e-16
1.278941961282582789e-16
1.275957393603171742e-16
1.272980072150602674e-16
1.270010081056388229e-16
1.267047196480167289e-16
1.264091706616396984e-16
1.261143286642728109e-16
1.258202121551374523e-16
1.255268091322627645e-16
1.252341278125411065e-16
1.249421462774454796e-16
1.246508827499615262e-16
1.243603353163174479e-16
1.240704822868823973e-16
1.237813416804337851e-16
1.234929115963412250e-16
1.232051705713364216e-16
1.229181364224090749e-16
1.226317975487700481e-16
1.223461521724776564e-16
1.220611985193904048e-16
1.217769444277910270e-16
1.214933784531202704e-16
1.212104988321515904e-16
1.209283038052703407e-16
1.206468010876515207e-16
1.203659793880660074e-16
1.200858369586082415e-16
1.198063720551345938e-16
1.195275829372586066e-16
1.192494771702656676e-16
1.189720343839951019e-16
1.186952714199634341e-16
1.184191772512232074e-16
1.181437593254265474e-16
1.178689975541765643e-16
1.175949085288440359e-16
1.173214723001760180e-16
1.170487053357580455e-16
1.167765968300219297e-16
1.165051450843177483e-16
1.162343484036892474e-16
1.159642140058748695e-16
1.156947223533367556e-16
1.154258807032368691e-16
1.151576961888891420e-16
1.148901582570230219e-16
1.146232652350942865e-16
1.143570067350429803e-16
1.140913985611944655e-16
1.138264303014452923e-16
1.135621002978428232e-16
1.132984068960690479e-16
1.130353570096781859e-16
1.127729318324846087e-16
1.125111383160362713e-16
1.122499748205000054e-16
1.119894481520470795e-16
1.117295397630877913e-16
1.114702564972820025e-16
1.112116050814096256e-16
1.109535671593611535e-16
1.106961494950310364e-16
1.104393504737278918e-16
1.101831767178802489e-16
1.099276101234441763e-16
1.096726573494697642e-16
1.094183249412337126e-16
1.091645949813399330e-16
1.089114740513213820e-16
1.086589605613600411e-16
1.084070529251693384e-16
1.081557495813723779e-16
1.079050490575055773e-16
1.076549499056127731e-16
1.074054427645097563e-16
1.071565420532187347e-16
1.069082383884105835e-16
1.066605225023879768e-16
1.064134086545441353e-16
1.061668797789277732e-16
1.059209422808128097e-16
1.056755947364780714e-16
1.054308357252528731e-16
1.051866638295122967e-16
1.049430699955770169e-16
1.047000681172439495e-16
1.044576415347569019e-16
1.042157964814205191e-16
1.039745315544690399e-16
1.037338453541571774e-16
1.034937364837557064e-16
1.032541960983964995e-16
1.030152303114158256e-16
1.027768451331593306e-16
1.025390169835649263e-16
1.023017666756762059e-16
1.020650854321195370e-16
1.018289645829220869e-16
1.015934101006850093e-16
1.013584206150385334e-16
1.011239947585861913e-16
1.008901239758257332e-16
1.006568141473180405e-16
1.004240639142718361e-16
1.001918648059204628e-16
9.996022972443314553e-17
9.972914311501292419e-17
9.949861074531344717e-17
9.926862425626694033e-17
9.903919636074216723e-17
9.881031171543740331e-17
9.858196905869785754e-17
9.835418096326299890e-17
9.812693224238997884e-17
9.790022164207179092e-17
9.767406159653885592e-17
9.744843707392204645e-17
9.722335362250977838e-17
9.699880315560235946e-17
9.677479117855986190e-17
9.655131638086723747e-17
9.632837069890204454e-17
9.610595929093782136e-17
9.588408051560031058e-17
9.566272610693214934e-17
9.544190110681593436e-17
9.522159730362951350e-17
9.500182625856490399e-17
9.478256667348146616e-17
9.456383660625272969e-17
9.434562139438346787e-17
9.412791949614514048e-17
9.391073581714564593e-17
9.369406875437187405e-17
9.347791031007955187e-17
9.326226533272277935e-17
9.304712587704684321e-17
9.283249675370481214e-17
9.261837006957175036e-17
9.240475059780516932e-17
9.219163676175709550e-17
9.197902074595007342e-17
9.176690726798773696e-17
9.155528856363194443e-17
9.134416313668397768e-17
9.113353564962162401e-17
9.092340454800716542e-17
9.071376216903344352e-17
9.050460703026272841e-17
9.029594372186393095e-17
9.008777070406297544e-17
8.988008041410224349e-17
8.967287138320616391e-17
8.946614813039203009e-17
8.925990913043462941e-17
8.905414097668699222e-17
8.884886004167123198e-17
8.864404704570094103e-17
8.843971236291320968e-17
8.823585448599380124e-17
8.803246607224115015e-17
8.782954568314450644e-17
8.762709768164006603e-17
8.742511479681578583e-17
8.722360135770655202e-17
8.702255014092884592e-17
8.682195972452286032e-17
8.662183438706735857e-17
8.642216697575871256e-17
8.622295607845166638e-17
8.602420592387072449e-17
8.582590965181288490e-17
8.562807257041761941e-17
8.543068339539733731e-17
8.523375879376805672e-17
8.503728195939286339e-17
8.484126392008583959e-17
8.464569904465681949e-17
8.445058726000518145e-17
8.425593395456181883e-17
8.406173355232787547e-17
8.386798597726363124e-17
8.367469655778453884e-17
8.348185977250746685e-17
8.328947554251207093e-17
8.309754378786176900e-17
8.290606975794350919e-17
8.271504800323985694e-17
8.252447844101080341e-17
8.233436626221206132e-17
8.214470081434566707e-17
8.195549254281545284e-17
8.176674130612819589e-17
8.157843655935151739e-17
8.139058863533028614e-17
8.120318706006346374e-17
8.101624209192657439e-17
8.082975358587744572e-17
8.064371117355487905e-17
8.045812500288006680e-17
8.027298477515017573e-17
8.008830056521164879e-17
7.990406718406481551e-17
7.972028955839158659e-17
7.953695752749435376e-17
7.935408102191945918e-17
7.917165491987411394e-17
7.898967416822594851e-17
7.880814859058197723e-17
7.862707803386672433e-17
7.844645254055750404e-17
7.826627694377458738e-17
7.808655600753993416e-17
7.790727987416386859e-17
7.772845815720359667e-17
7.755008588238615371e-17
7.737216294260302587e-17
7.719468922992698493e-17
7.701766463561811571e-17
7.684108905012937505e-17
7.666496236311249598e-17
7.648928368308505095e-17
7.631404900131292804e-17
7.613925822687632108e-17
7.596489720996917356e-17
7.579097055671603262e-17
7.561746420975095545e-17
7.544438273805332178e-17
7.527171217606965273e-17
7.509945705596174746e-17
7.492760350336880517e-17
7.475615145654529000e-17
7.458510080394329939e-17
7.441443780684683778e-17
7.424416690676317727e-17
7.407427445465338905e-17
7.390476485630191868e-17
7.373562455175397654e-17
7.356685791136944502e-17
7.339845146369225260e-17
7.323040512629219092e-17
7.306271436620601513e-17
7.289537466365028770e-17
7.272838151198541125e-17
7.256173041767966145e-17
7.239541690027355267e-17
7.222943649234408041e-17
7.206378473946906233e-17
7.189845290313779069e-17
7.173344516377730336e-17
7.156874852639571325e-17
7.140436713778611070e-17
7.124028808783185441e-17
7.107650704332739989e-17
7.091302810094290979e-17
7.074984686503574391e-17
7.058694223437543391e-17
7.042433500382876297e-17
7.026199582492893733e-17
7.009993707140642861e-17
6.993815441125844634e-17
6.977663530969731153e-17
6.961537554566137901e-17
6.945437906898469540e-17
6.929363346762038511e-17
6.913313455720357690e-17
6.897288623955258508e-17
6.881288427033505801e-17
6.865310838150205411e-17
6.849357050144339381e-17
6.833426642280289174e-17
