# tt
1.071457885742187500e+03
1.014033508300781250e+03
9.584751586914062500e+02
9.166544189453125000e+02
8.877886962890625000e+02
8.692230834960937500e+02
8.578931884765625000e+02
8.523085937500000000e+02
8.509691772460937500e+02
8.524235839843750000e+02
8.572376098632812500e+02
8.637054443359375000e+02
8.708807373046875000e+02
8.791668090820312500e+02
8.890927124023437500e+02
9.006381225585937500e+02
9.128892211914062500e+02
9.266625976562500000e+02
9.402672119140625000e+02
9.540730590820312500e+02
9.683829345703125000e+02
9.830281982421875000e+02
9.980819091796875000e+02
1.013493347167968750e+03
1.029083007812500000e+03
1.045096923828125000e+03
1.061393310546875000e+03
1.078010742187500000e+03
1.094843017578125000e+03
1.111769409179687500e+03
1.129047851562500000e+03
1.146681274414062500e+03
1.164493286132812500e+03
1.182437744140625000e+03
1.200437744140625000e+03
1.218534179687500000e+03
1.237060668945312500e+03
1.255992309570312500e+03
1.275046997070312500e+03
1.294324340820312500e+03
1.313592163085937500e+03
1.332999755859375000e+03
1.352399047851562500e+03
1.372162231445312500e+03
1.392216308593750000e+03
1.412416381835937500e+03
1.432692504882812500e+03
1.453123413085937500e+03
1.473936279296875000e+03
1.494911010742187500e+03
1.516266845703125000e+03
1.537626953125000000e+03
1.558911621093750000e+03
1.580338378906250000e+03
1.602128051757812500e+03
1.624215698242187500e+03
1.646614257812500000e+03
1.669187377929687500e+03
1.691947875976562500e+03
1.715202026367187500e+03
1.738351074218750000e+03
1.761609985351562500e+03
1.785268188476562500e+03
1.808946411132812500e+03
1.832932983398437500e+03
1.857066162109375000e+03
1.881629516601562500e+03
1.906385131835937500e+03
1.931468383789062500e+03
1.956725463867187500e+03
1.982188598632812500e+03
2.007824340820312500e+03
2.033674438476562500e+03
2.059854248046875000e+03
2.086317138671875000e+03
2.113112060546875000e+03
2.140274414062500000e+03
2.167616210937500000e+03
2.195246826171875000e+03
2.223062011718750000e+03
2.251140380859375000e+03
2.279421386718750000e+03
2.307991455078125000e+03
2.336716064453125000e+03
2.365679199218750000e+03
2.395101318359375000e+03
2.424531005859375000e+03
2.454333496093750000e+03
2.484354980468750000e+03
2.514516601562500000e+03
2.544966796875000000e+03
2.575707763671875000e+03
2.606517333984375000e+03
2.637620361328125000e+03
2.668720947265625000e+03
2.700266845703125000e+03
2.732036132812500000e+03
2.763881835937500000e+03
2.796028564453125000e+03
2.828329101562500000e+03
2.861156494140625000e+03
2.893917968750000000e+03
2.926911865234375000e+03
2.960065673828125000e+03
2.993455322265625000e+03
3.026784667968750000e+03
3.060501464843750000e+03
3.094384277343750000e+03
3.128360595703125000e+03
3.162504882812500000e+03
3.196816650390625000e+03
3.231368652343750000e+03
3.266010253906250000e+03
3.300888916015625000e+03
3.335780029296875000e+03
3.370978759765625000e+03
3.406335693359375000e+03
3.441699462890625000e+03
3.477218261718750000e+03
3.512740966796875000e+03
3.548341064453125000e+03
3.584015869140625000e+03
3.619765136718750000e+03
3.655511962890625000e+03
3.691328857421875000e+03
3.727140869140625000e+03
3.762945800781250000e+03
3.798816650390625000e+03
3.834677001953125000e+03
3.870526123046875000e+03
3.906437744140625000e+03
3.942264648437500000e+03
3.978081054687500000e+03
4.013887695312500000e+03
4.049536376953125000e+03
4.085176269531250000e+03
4.120733398437500000e+03
4.156059570312500000e+03
4.191452636718750000e+03
4.226616210937500000e+03
4.261773437500000000e+03
4.296850097656250000e+03
4.331698730468750000e+03
4.366393554687500000e+03
4.401158691406250000e+03
4.435547851562500000e+03
4.469785156250000000e+03
4.503945312500000000e+03
4.537806152343750000e+03
4.571515625000000000e+03
4.604924804687500000e+03
4.638180175781250000e+03
4.671207031250000000e+03
4.704002929687500000e+03
4.736417968750000000e+03
4.768748046875000000e+03
4.800769042968750000e+03
4.832479003906250000e+03
4.863951171875000000e+03
4.895184082031250000e+03
4.926101562500000000e+03
4.956851562500000000e+03
4.987135253906250000e+03
5.017247558593750000e+03
5.047039550781250000e+03
5.076583496093750000e+03
5.105655273437500000e+03
5.134401855468750000e+03
5.162821777343750000e+03
5.190765625000000000e+03
5.218306152343750000e+03
5.245367187500000000e+03
5.272096191406250000e+03
5.298416992187500000e+03
5.324180664062500000e+03
5.349535644531250000e+03
5.374407714843750000e+03
5.398796875000000000e+03
5.422852539062500000e+03
5.446352050781250000e+03
5.469369628906250000e+03
5.491831542968750000e+03
5.513886230468750000e+03
5.535460449218750000e+03
5.556182617187500000e+03
5.576721679687500000e+03
5.596706542968750000e+03
5.616062988281250000e+03
5.635237304687500000e+03
5.653486328125000000e+03
5.671331054687500000e+03
5.688548828125000000e+03
5.705362792968750000e+03
5.721550292968750000e+03
5.737111328125000000e+03
5.752195312500000000e+03
5.766728027343750000e+03
5.780708984375000000e+03
5.794140136718750000e+03
5.806945800781250000e+03
5.819201660156250000e+03
5.830832519531250000e+03
5.841763183593750000e+03
5.852143554687500000e+03
5.861824707031250000e+03
5.870954589843750000e+03
5.879310058593750000e+03
5.887040039062500000e+03
5.894144531250000000e+03
5.900623046875000000e+03
5.906326660156250000e+03
5.911479003906250000e+03
5.915931152343750000e+03
5.919756835937500000e+03
5.922881835937500000e+03
5.925454589843750000e+03
5.927326171875000000e+03
5.928571289062500000e+03
5.929189941406250000e+03
5.929181640625000000e+03
5.928545898437500000e+03
5.927134765625000000e+03
5.925245117187500000e+03
5.922653320312500000e+03
5.919434082031250000e+03
5.915513671875000000e+03
5.911039550781250000e+03
5.905937988281250000e+03
5.900133789062500000e+03
5.893627929687500000e+03
5.886567871093750000e+03
5.878879882812500000e+03
5.870415039062500000e+03
5.861396484375000000e+03
5.851674804687500000e+03
5.841324707031250000e+03
5.830345703125000000e+03
5.818812500000000000e+03
5.806501953125000000e+03
5.793710937500000000e+03
5.780291503906250000e+03
5.766242187500000000e+03
5.751563964843750000e+03
5.736256835937500000e+03
5.720394042968750000e+03
5.703976562500000000e+03
5.686929199218750000e+03
5.669400878906250000e+03
5.651242675781250000e+03
5.632603027343750000e+03
5.613259765625000000e+03
5.593585937500000000e+03
5.573284667968750000e+03
5.552430664062500000e+03
5.531099609375000000e+03
5.509291992187500000e+03
5.486934570312500000e+03
5.464102050781250000e+03
5.440870117187500000e+03
5.417090332031250000e+03
5.392764160156250000e+03
5.368263183593750000e+03
5.343142578125000000e+03
5.317477539062500000e+03
5.291491210937500000e+03
5.264962402343750000e+03
5.238040039062500000e+03
5.210576171875000000e+03
5.182869140625000000e+03
5.154695800781250000e+03
5.126281250000000000e+03
5.097401855468750000e+03
5.068208007812500000e+03
5.038625976562500000e+03
5.008804199218750000e+03
4.978521484375000000e+03
4.948001464843750000e+03
4.917169921875000000e+03
4.886028320312500000e+03
4.854725097656250000e+03
4.822964355468750000e+03
4.791043457031250000e+03
4.758889648437500000e+03
4.726502441406250000e+03
4.693809570312500000e+03
4.660885742187500000e+03
4.627805175781250000e+03
4.594494628906250000e+03
4.561029296875000000e+03
4.527409667968750000e+03
4.493339355468750000e+03
4.459413085937500000e+03
4.425186523437500000e+03
4.391031250000000000e+03
4.356576171875000000e+03
4.322045410156250000e+03
4.287291015625000000e+03
4.252536621093750000e+03
4.217633789062500000e+03
4.182657714843750000e+03
4.147683593750000000e+03
4.112637695312500000e+03
4.077519042968750000e+03
4.042403808593750000e+03
4.007217041015625000e+03
3.972034667968750000e+03
3.936856201171875000e+03
3.901756835937500000e+03
3.866588378906250000e+03
3.831499023437500000e+03
3.796490722656250000e+03
3.761488037109375000e+03
3.726566650390625000e+03
3.691727050781250000e+03
3.656968994140625000e+03
3.622293457031250000e+03
3.587700439453125000e+03
3.553264648437500000e+03
3.518986816406250000e+03
3.484793212890625000e+03
3.450757812500000000e+03
3.416881835937500000e+03
3.383165039062500000e+03
3.349682128906250000e+03
3.316285400390625000e+03
3.283123291015625000e+03
3.250196533203125000e+03
3.217431152343750000e+03
3.184901611328125000e+03
3.152683105468750000e+03
3.120626464843750000e+03
3.088807373046875000e+03
3.057299560546875000e+03
3.025955566406250000e+03
2.994924072265625000e+03
2.964205322265625000e+03
2.933725097656250000e+03
2.903633056640625000e+03
2.873780517578125000e+03
2.844167724609375000e+03
2.814943603515625000e+03
2.786034423828125000e+03
2.757514648437500000e+03
2.729236572265625000e+03
2.701348144531250000e+03
2.673775878906250000e+03
2.646594726562500000e+03
2.619730224609375000e+03
2.593257080078125000e+03
2.567324462890625000e+03
2.541560302734375000e+03
2.516262451171875000e+03
2.491281982421875000e+03
2.466767089843750000e+03
2.442643554687500000e+03
2.418911865234375000e+03
2.395645507812500000e+03
2.372696044921875000e+03
2.350212158203125000e+03
2.328119628906250000e+03
2.306492431640625000e+03
2.285256103515625000e+03
2.264485351562500000e+03
2.244105468750000000e+03
2.224190917968750000e+03
2.204741455078125000e+03
2.185608642578125000e+03
2.167089843750000000e+03
2.148961425781250000e+03
2.131223876953125000e+03
2.113951660156250000e+03
2.097144287109375000e+03
2.080802246093750000e+03
2.064850585937500000e+03
2.049438476562500000e+03
2.034491455078125000e+03
2.019935058593750000e+03
2.005843750000000000e+03
1.992291748046875000e+03
1.979130737304687500e+03
1.966360229492187500e+03
1.954129150390625000e+03
1.942437622070312500e+03
1.931062500000000000e+03
1.920226928710937500e+03
1.909782104492187500e+03
1.899802734375000000e+03
1.890288452148437500e+03
1.881239379882812500e+03
1.872655761718750000e+03
1.864462890625000000e+03
1.856810058593750000e+03
1.849547973632812500e+03
1.842677490234375000e+03
1.836346557617187500e+03
1.830332519531250000e+03
1.824858276367187500e+03
1.819775634765625000e+03
1.815084106445312500e+03
1.810858398437500000e+03
1.807098022460937500e+03
1.803728149414062500e+03
1.800748779296875000e+03
1.798233520507812500e+03
1.796033447265625000e+03
1.794296752929687500e+03
1.792949096679687500e+03
1.792064086914062500e+03
1.791492797851562500e+03
1.791383422851562500e+03
1.791587280273437500e+03
1.792177978515625000e+03
1.793080932617187500e+03
1.794444702148437500e+03
1.796119873046875000e+03
1.798106323242187500e+03
1.800478027343750000e+03
1.803234863281250000e+03
1.806301635742187500e+03
1.809752929687500000e+03
1.813513671875000000e+03
1.817509521484375000e+03
1.821814208984375000e+03
1.826501953125000000e+03
1.831498046875000000e+03
1.836728027343750000e+03
1.842265747070312500e+03
1.848036743164062500e+03
1.854189208984375000e+03
1.860574218750000000e+03
1.867117431640625000e+03
1.874041137695312500e+03
1.881122680664062500e+03
1.888435668945312500e+03
1.896054321289062500e+03
1.903904052734375000e+03
1.911910278320312500e+03
1.920221557617187500e+03
1.928688842773437500e+03
1.937386596679687500e+03
1.946165405273437500e+03
1.955248535156250000e+03
1.964486816406250000e+03
1.973880004882812500e+03
1.983354003906250000e+03
1.993056762695312500e+03
2.002839843750000000e+03
2.012851440429687500e+03
2.023017333984375000e+03
2.033262573242187500e+03
2.043587280273437500e+03
2.054139648437500000e+03
2.064696289062500000e+03
2.075331542968750000e+03
2.086193359375000000e+03
2.096984375000000000e+03
2.107927001953125000e+03
2.118946777343750000e+03
2.130043701171875000e+03
2.141142822265625000e+03
2.152318115234375000e+03
2.163495117187500000e+03
2.174673828125000000e+03
2.185853027343750000e+03
2.197107910156250000e+03
2.208437255859375000e+03
2.219692382812500000e+03
2.230947753906250000e+03
2.242276855468750000e+03
2.253382568359375000e+03
2.264635742187500000e+03
2.275813232421875000e+03
2.286989257812500000e+03
2.298163574218750000e+03
2.309187011718750000e+03
2.320133544921875000e+03
2.331077392578125000e+03
2.341944091796875000e+03
2.352732910156250000e+03
2.363444091796875000e+03
2.374150878906250000e+03
2.384630615234375000e+03
2.394957275390625000e+03
2.405353515625000000e+03
2.415595947265625000e+03
2.425684082031250000e+03
2.435618164062500000e+03
2.445471679687500000e+03
2.455244628906250000e+03
2.464713623046875000e+03
2.474175781250000000e+03
2.483482177734375000e+03
2.492632324218750000e+03
2.501551513671875000e+03
2.510314208984375000e+03
2.518919921875000000e+03
2.527367919921875000e+03
2.535732910156250000e+03
2.543865722656250000e+03
2.551691406250000000e+03
2.559507812500000000e+03
2.567018066406250000e+03
2.574295898437500000e+03
2.581565185546875000e+03
2.588453857421875000e+03
2.595260253906250000e+03
2.601760742187500000e+03
2.608104492187500000e+03
2.614143066406250000e+03
2.620099853515625000e+03
2.625751464843750000e+03
2.631247558593750000e+03
2.636513427734375000e+03
2.641549072265625000e+03
2.646354980468750000e+03
2.650857177734375000e+03
2.655203857421875000e+03
2.659395751953125000e+03
2.663284423828125000e+03
2.666869628906250000e+03
2.670226318359375000e+03
2.673428222656250000e+03
2.676401855468750000e+03
2.678998535156250000e+03
2.681441406250000000e+03
2.683804687500000000e+03
2.685791259765625000e+03
2.687550048828125000e+03
2.689006835937500000e+03
2.690459228515625000e+03
2.691460693359375000e+03
2.692235351562500000e+03
2.692782226562500000e+03
2.693102050781250000e+03
2.693194824218750000e+03
2.693134765625000000e+03
2.692699218750000000e+03
2.692111083984375000e+03
2.691295898437500000e+03
2.690179931640625000e+03
2.688911132812500000e+03
2.687341552734375000e+03
2.685619873046875000e+03
2.683597167968750000e+03
2.681421875000000000e+03
2.678946044921875000e+03
2.676317871093750000e+03
2.673462890625000000e+03
2.670381835937500000e+03
2.667148193359375000e+03
2.663614013671875000e+03
2.659928222656250000e+03
2.656016113281250000e+03
2.651878417968750000e+03
2.647514892578125000e+03
2.643000488281250000e+03
2.638260498046875000e+03
2.633295410156250000e+03
2.628253906250000000e+03
2.622838867187500000e+03
2.617422119140625000e+03
2.611781005859375000e+03
2.605989501953125000e+03
2.599973632812500000e+03
2.593808105468750000e+03
2.587492919921875000e+03
2.581028076171875000e+03
2.574339111328125000e+03
2.567575439453125000e+03
2.560588134765625000e+03
2.553451660156250000e+03
2.546240722656250000e+03
2.538880615234375000e+03
2.531372070312500000e+03
2.523788818359375000e+03
2.515982666015625000e+03
2.508102539062500000e+03
2.500148193359375000e+03
2.492119873046875000e+03
2.483794921875000000e+03
2.475470214843750000e+03
2.467072021484375000e+03
2.458600097656250000e+03
2.450054443359375000e+03
2.441361083984375000e+03
2.432668701171875000e+03
2.423828613281250000e+03
2.414915283203125000e+03
2.405928466796875000e+03
2.396943115234375000e+03
2.387884033203125000e+03
2.378752441406250000e+03
2.369473144531250000e+03
2.360195312500000000e+03
2.350992919921875000e+03
2.341718017578125000e+03
2.332592529296875000e+03
2.323320312500000000e+03
2.313974853515625000e+03
2.304630859375000000e+03
2.295288330078125000e+03
2.285873291015625000e+03
2.276608398437500000e+03
2.267270751953125000e+03
2.258009277343750000e+03
2.248526367187500000e+03
2.239268554687500000e+03
2.230086669921875000e+03
2.220832519531250000e+03
2.211654296875000000e+03
2.202552734375000000e+03
2.193378417968750000e+03
2.184354980468750000e+03
2.175333740234375000e+03
2.166388916015625000e+03
2.157594726562500000e+03
2.148802490234375000e+03
2.140012207031250000e+03
2.131447265625000000e+03
2.122810302734375000e+03
2.114323974609375000e+03
2.105988281250000000e+03
2.097655029296875000e+03
2.089398193359375000e+03
2.081292480468750000e+03
2.073337402343750000e+03
2.065458984375000000e+03
2.057731445312500000e+03
2.050006103515625000e+03
2.042431762695312500e+03
2.035083007812500000e+03
2.027736450195312500e+03
2.020615234375000000e+03
2.013645141601562500e+03
2.006677368164062500e+03
1.999935180664062500e+03
1.993344238281250000e+03
1.986904418945312500e+03
1.980616088867187500e+03
1.974478759765625000e+03
1.968418823242187500e+03
1.962584594726562500e+03
1.956976074218750000e+03
1.951444702148437500e+03
1.946065185546875000e+03
1.940985961914062500e+03
1.935909912109375000e+03
1.931134399414062500e+03
1.926510620117187500e+03
1.922039062500000000e+03
1.917719482421875000e+03
1.913699951171875000e+03
1.909757812500000000e+03
1.905967041015625000e+03
1.902476196289062500e+03
1.899136352539062500e+03
1.895873168945312500e+03
1.892983764648437500e+03
1.890245117187500000e+03
1.887656982421875000e+03
1.885293579101562500e+03
1.883080444335937500e+03
1.881091796875000000e+03
1.879253173828125000e+03
1.877638793945312500e+03
1.876248535156250000e+03
1.874933837890625000e+03
1.873991455078125000e+03
1.873124389648437500e+03
1.872555297851562500e+03
1.872061157226562500e+03
1.871864746093750000e+03
1.871817749023437500e+03
1.871993896484375000e+03
1.872318969726562500e+03
1.872867309570312500e+03
1.873638793945312500e+03
1.874558837890625000e+03
1.875776123046875000e+03
1.877142211914062500e+03
1.878656738281250000e+03
1.880468261718750000e+03
1.882354003906250000e+03
1.884388061523437500e+03
1.886644775390625000e+03
1.889198364257812500e+03
1.891826049804687500e+03
1.894676269531250000e+03
1.897674560546875000e+03
1.900895507812500000e+03
1.904264648437500000e+03
1.907856201171875000e+03
1.911521728515625000e+03
1.915483886718750000e+03
1.919594482421875000e+03
1.923853271484375000e+03
1.928260131835937500e+03
1.932815429687500000e+03
1.937593261718750000e+03
1.942519531250000000e+03
1.947593994140625000e+03
1.952816528320312500e+03
1.958186767578125000e+03
1.963630249023437500e+03
1.969295898437500000e+03
1.975034301757812500e+03
1.981068481445312500e+03
1.987101196289062500e+03
1.993355224609375000e+03
1.999681640625000000e+03
2.006154785156250000e+03
2.012848754882812500e+03
2.019466430664062500e+03
2.026304565429687500e+03
2.033288940429687500e+03
2.040345336914062500e+03
2.047473510742187500e+03
2.054747802734375000e+03
2.062019042968750000e+03
2.069584960937500000e+03
2.077073974609375000e+03
2.084708496093750000e+03
2.092414550781250000e+03
2.100191650390625000e+03
2.108114746093750000e+03
2.116034667968750000e+03
2.124025878906250000e+03
2.132088378906250000e+03
2.140147705078125000e+03
2.148426757812500000e+03
2.156628417968750000e+03
2.164975830078125000e+03
2.173319824218750000e+03
2.181735107421875000e+03
2.190072753906250000e+03
2.198555908203125000e+03
2.206961669921875000e+03
2.215438476562500000e+03
2.223912109375000000e+03
2.232457031250000000e+03
2.240999023437500000e+03
2.249537597656250000e+03
2.258147460937500000e+03
2.266680419921875000e+03
2.275135498046875000e+03
2.283587890625000000e+03
2.292111572265625000e+03
2.300632080078125000e+03
2.309075439453125000e+03
2.317516113281250000e+03
2.325953613281250000e+03
2.334314208984375000e+03
2.342597656250000000e+03
2.350952392578125000e+03
2.359081542968750000e+03
2.367356445312500000e+03
2.375405517578125000e+03
2.383526123046875000e+03
2.391495605468750000e+03
2.399387939453125000e+03
2.407351806640625000e+03
2.415090087890625000e+03
2.422825927734375000e+03
2.430410156250000000e+03
2.437991943359375000e+03
2.445422607421875000e+03
2.452776611328125000e+03
2.460053466796875000e+03
2.467179443359375000e+03
2.474228515625000000e+03
2.481126464843750000e+03
2.487947998046875000e+03
2.494618408203125000e+03
2.501286621093750000e+03
2.507655273437500000e+03
2.513947265625000000e+03
2.520311523437500000e+03
2.526301757812500000e+03
2.532215820312500000e+03
2.538053466796875000e+03
2.543666015625000000e+03
2.549202148437500000e+03
2.554587646484375000e+03
2.559748291015625000e+03
2.564832763671875000e+03
2.569692138671875000e+03
2.574401123046875000e+03
2.578959472656250000e+03
2.583441650390625000e+03
2.587698974609375000e+03
2.591805908203125000e+03
2.595688232421875000e+03
2.599345703125000000e+03
2.602852539062500000e+03
2.606357666015625000e+03
2.609489501953125000e+03
2.612470947265625000e+03
2.615301757812500000e+03
2.617981933593750000e+03
2.620437744140625000e+03
2.622594238281250000e+03
2.624749511718750000e+03
2.626606201171875000e+03
2.628387207031250000e+03
2.629870605468750000e+03
2.631129882812500000e+03
2.632166015625000000e+03
2.633126953125000000e+03
2.633790771484375000e+03
2.634231445312500000e+03
2.634523681640625000e+03
2.634592773437500000e+03
2.634588378906250000e+03
2.634287109375000000e+03
2.633688964843750000e+03
2.632943115234375000e+03
2.632123779296875000e+03
2.631008056640625000e+03
2.629744628906250000e+03
2.628185302734375000e+03
2.626478515625000000e+03
2.624550048828125000e+03
2.622325683593750000e+03
2.620028320312500000e+03
2.617435302734375000e+03
2.614621093750000000e+03
2.611734130859375000e+03
2.608551513671875000e+03
2.605221923828125000e+03
2.601670898437500000e+03
2.597898925781250000e+03
2.593980224609375000e+03
2.589765869140625000e+03
2.585479003906250000e+03
2.580822265625000000e+03
2.576093261718750000e+03
2.571142822265625000e+03
2.565897216796875000e+03
2.560578613281250000e+03
2.555039062500000000e+03
2.549278076171875000e+03
2.543370361328125000e+03
2.537166503906250000e+03
2.530890136718750000e+03
2.524466552734375000e+03
2.517895996093750000e+03
2.511103515625000000e+03
2.504015380859375000e+03
2.496928222656250000e+03
2.489544921875000000e+03
2.482014160156250000e+03
2.474336425781250000e+03
2.466437255859375000e+03
2.458317382812500000e+03
2.450199218750000000e+03
2.441786132812500000e+03
2.433226806640625000e+03
2.424521240234375000e+03
2.415744384765625000e+03
2.406747070312500000e+03
2.397604248046875000e+03
2.388315917968750000e+03
2.378882080078125000e+03
2.369154541015625000e+03
2.359653320312500000e+03
2.349784179687500000e+03
2.339844482421875000e+03
2.329759765625000000e+03
2.319530273437500000e+03
2.309230712890625000e+03
2.298786376953125000e+03
2.288197509765625000e+03
2.277538574218750000e+03
2.266735107421875000e+03
2.255787353515625000e+03
2.244918457031250000e+03
2.233756591796875000e+03
2.222599121093750000e+03
2.211371582031250000e+03
2.200000000000000000e+03
2.188558837890625000e+03
2.177122070312500000e+03
2.165466796875000000e+03
2.153741699218750000e+03
2.142021484375000000e+03
2.130156738281250000e+03
2.118371093750000000e+03
2.106292480468750000e+03
2.094292968750000000e+03
2.082297607421875000e+03
2.070232666015625000e+03
2.058023437500000000e+03
2.045892822265625000e+03
2.033617919921875000e+03
2.021347656250000000e+03
2.009007080078125000e+03
1.996745239257812500e+03
1.984413208007812500e+03
1.972010986328125000e+03
1.959687255859375000e+03
1.947293212890625000e+03
1.934754638671875000e+03
1.922442504882812500e+03
1.909985473632812500e+03
1.897531860351562500e+03
1.885156250000000000e+03
1.872857910156250000e+03
1.860488525390625000e+03
1.848047973632812500e+03
1.835684570312500000e+03
1.823323974609375000e+03
1.810743041992187500e+03
1.798536376953125000e+03
1.786183349609375000e+03
1.773981323242187500e+03
1.761707153320312500e+03
1.749583740234375000e+03
1.737462158203125000e+03
1.725342529296875000e+03
1.713373168945312500e+03
1.701331054687500000e+03
1.689364746093750000e+03
1.677474121093750000e+03
1.665733398437500000e+03
1.653919433593750000e+03
1.642255126953125000e+03
1.630666137695312500e+03
1.619078002929687500e+03
1.607639038085937500e+03
1.596200805664062500e+03
1.584911743164062500e+03
1.573697387695312500e+03
1.562557617187500000e+03
1.551492431640625000e+03
1.540575927734375000e+03
1.529659545898437500e+03
1.518891723632812500e+03
1.508272338867187500e+03
1.497652709960937500e+03
1.487181518554687500e+03
1.476784301757812500e+03
1.466609497070312500e+03
1.456508544921875000e+03
1.446481079101562500e+03
1.436601806640625000e+03
1.426796142578125000e+03
1.416989624023437500e+03
1.407479614257812500e+03
1.398042846679687500e+03
1.388753784179687500e+03
1.379612182617187500e+03
1.370543457031250000e+03
1.361621704101562500e+03
1.352772460937500000e+03
1.344069702148437500e+03
1.335587524414062500e+03
1.327102661132812500e+03
1.318912475585937500e+03
1.310793457031250000e+03
1.302745605468750000e+03
1.294917358398437500e+03
1.287234130859375000e+03
1.279695800781250000e+03
1.272227783203125000e+03
1.264978515625000000e+03
1.257799316406250000e+03
1.250764404296875000e+03
1.243947753906250000e+03
1.237274902343750000e+03
1.230671386718750000e+03
1.224211547851562500e+03
1.217895141601562500e+03
1.211796386718750000e+03
1.205840698242187500e+03
1.200028076171875000e+03
1.194358642578125000e+03
1.188757568359375000e+03
1.183447875976562500e+03
1.178206542968750000e+03
1.173107910156250000e+03
1.168151733398437500e+03
1.163412353515625000e+03
1.158741088867187500e+03
1.154286499023437500e+03
1.149900024414062500e+03
1.145655761718750000e+03
1.141627929687500000e+03
1.137742309570312500e+03
1.133999023437500000e+03
1.130397949218750000e+03
1.126938964843750000e+03
1.123547973632812500e+03
1.120373413085937500e+03
1.117415405273437500e+03
1.114525268554687500e+03
1.111777465820312500e+03
1.109171997070312500e+03
1.106708862304687500e+03
1.104388061523437500e+03
1.102209838867187500e+03
1.100099731445312500e+03
1.098206176757812500e+03
1.096455078125000000e+03
1.094920532226562500e+03
1.093454101562500000e+03
1.092055664062500000e+03
1.090576538085937500e+03
1.089462768554687500e+03
1.088491210937500000e+03
1.087587768554687500e+03
1.086826538085937500e+03
1.086207763671875000e+03
1.085731445312500000e+03
1.085248901367187500e+03
1.084983154296875000e+03
1.084859985351562500e+03
1.084804931640625000e+03
1.084818237304687500e+03
1.085048461914062500e+03
1.085347167968750000e+03
1.085714355468750000e+03
1.086224365234375000e+03
1.086802978515625000e+03
1.087450317382812500e+03
1.088463623046875000e+03
1.089322875976562500e+03
1.090251098632812500e+03
1.091322753906250000e+03
1.092463500976562500e+03
1.093524902343750000e+03
1.094878540039062500e+03
1.096227294921875000e+03
1.097794433593750000e+03
1.099356811523437500e+03
1.100989135742187500e+03
1.102691528320312500e+03
1.104538085937500000e+03
1.106454956054687500e+03
1.108293701171875000e+03
1.110351440429687500e+03
1.112405639648437500e+03
1.114530639648437500e+03
1.116801025390625000e+03
1.118993896484375000e+03
1.121332397460937500e+03
1.123742431640625000e+03
1.126075439453125000e+03
1.128554687500000000e+03
1.131031616210937500e+03
1.133580688476562500e+03
1.136202026367187500e+03
1.138747314453125000e+03
1.141364990234375000e+03
1.143981079101562500e+03
1.146669921875000000e+03
1.149431518554687500e+03
1.152340576171875000e+03
1.155173950195312500e+03
1.158006225585937500e+03
1.160837646484375000e+03
1.163742431640625000e+03
1.166497924804687500e+03
1.169401367187500000e+03
1.172304565429687500e+03
1.175132934570312500e+03
1.178109741210937500e+03
1.181012329101562500e+03
1.183914794921875000e+03
1.186891845703125000e+03
1.189720581054687500e+03
1.192624145507812500e+03
1.195602661132812500e+03
1.198433227539062500e+03
1.201338989257812500e+03
1.204171386718750000e+03
1.207079345703125000e+03
1.209839721679687500e+03
1.212601684570312500e+03
1.215439331054687500e+03
1.218130004882812500e+03
1.220822387695312500e+03
1.223516723632812500e+03
1.226212890625000000e+03
1.228836914062500000e+03
1.231463012695312500e+03
1.234017211914062500e+03
1.236499511718750000e+03
1.238984252929687500e+03
1.241397216796875000e+03
1.243812866210937500e+03
1.246231323242187500e+03
1.248504028320312500e+03
1.250630981445312500e+03
1.252909545898437500e+03
1.255042724609375000e+03
1.257104492187500000e+03
1.259169555664062500e+03
1.261163696289062500e+03
1.263086669921875000e+03
1.264938842773437500e+03
1.266868774414062500e+03
1.268579711914062500e+03
1.270294433593750000e+03
1.271864624023437500e+03
1.273439208984375000e+03
1.274943969726562500e+03
1.276379028320312500e+03
1.277670166015625000e+03
1.278966430664062500e+03
1.280119140625000000e+03
1.281351318359375000e+03
1.282365966796875000e+03
1.283312011718750000e+03
1.284263549804687500e+03
1.285146728515625000e+03
1.285887084960937500e+03
1.286559326171875000e+03
1.287237670898437500e+03
1.287773559570312500e+03
1.288241577148437500e+03
1.288641845703125000e+03
1.288900024414062500e+03
1.289164916992187500e+03
1.289287841796875000e+03
1.289343261718750000e+03
1.289331420898437500e+03
1.289252075195312500e+03
1.289105590820312500e+03
1.288743286132812500e+03
1.288462402343750000e+03
1.288040039062500000e+03
1.287476440429687500e+03
1.286920043945312500e+03
1.286222290039062500e+03
1.285457641601562500e+03
1.284626098632812500e+03
1.283727539062500000e+03
1.282762084960937500e+03
1.281655273437500000e+03
1.280481689453125000e+03
1.279241210937500000e+03
1.277933593750000000e+03
1.276410522460937500e+03
1.274969116210937500e+03
1.273386352539062500e+03
1.271736450195312500e+03
1.269945190429687500e+03
1.268161010742187500e+03
1.266235473632812500e+03
1.264316772460937500e+03
1.262182373046875000e+03
1.260129394531250000e+03
1.257934936523437500e+03
1.255673339843750000e+03
1.253270263671875000e+03
1.250800292968750000e+03
1.248337524414062500e+03
1.245807739257812500e+03
1.243062133789062500e+03
1.240398193359375000e+03
1.237592895507812500e+03
1.234720458984375000e+03
1.231855346679687500e+03
1.228848632812500000e+03
1.225700439453125000e+03
1.222633789062500000e+03
1.219425537109375000e+03
1.216224243164062500e+03
1.212955566406250000e+03
1.209545288085937500e+03
1.206141845703125000e+03
1.202670654296875000e+03
1.199131958007812500e+03
1.195525512695312500e+03
1.191776733398437500e+03
1.188109008789062500e+03
1.184298828125000000e+03
1.180569091796875000e+03
1.176697021484375000e+03
1.172830932617187500e+03
1.168822021484375000e+03
1.164818969726562500e+03
1.160747192382812500e+03
1.156680908203125000e+03
1.152545776367187500e+03
1.148415893554687500e+03
1.144217041015625000e+03
1.139948608398437500e+03
1.135685180664062500e+03
1.131352172851562500e+03
1.127023681640625000e+03
1.122625488281250000e+03
1.118231445312500000e+03
1.113841430664062500e+03
1.109307006835937500e+03
1.104850585937500000e+03
1.100323486328125000e+03
1.095799926757812500e+03
1.091205322265625000e+03
1.086688354492187500e+03
1.082025756835937500e+03
1.077440307617187500e+03
1.072783447265625000e+03
1.068129150390625000e+03
1.063477294921875000e+03
1.058902099609375000e+03
1.054254760742187500e+03
1.049535156250000000e+03
1.044891845703125000e+03
1.040175903320312500e+03
1.035536010742187500e+03
1.030823120117187500e+03
1.026185913085937500e+03
1.021549865722656250e+03
1.016914794921875000e+03
1.012132080078125000e+03
1.007498535156250000e+03
1.002791320800781250e+03
9.981587524414062500e+02
9.935263671875000000e+02
9.888941650390625000e+02
9.842619018554687500e+02
9.796293334960937500e+02
9.750708007812500000e+02
9.705116577148437500e+02
9.660261230468750000e+02
9.614655151367187500e+02
9.569781494140625000e+02
9.523411254882812500e+02
9.478513793945312500e+02
9.433602294921875000e+02
9.390161132812500000e+02
9.345959472656250000e+02
9.304710693359375000e+02
9.261956176757812500e+02
9.219180297851562500e+02
9.177124633789062500e+02
9.135043945312500000e+02
9.092937622070312500e+02
9.052291259765625000e+02
9.010872192382812500e+02
8.970167846679687500e+02
8.930175170898437500e+02
8.890894165039062500e+02
8.851578979492187500e+02
8.812229614257812500e+02
8.773588867187500000e+02
8.735653686523437500e+02
8.698423461914062500e+02
8.661155395507812500e+02
8.625333862304687500e+02
8.588725585937500000e+02
8.552816772460937500e+02
8.517604980468750000e+02
8.483831787109375000e+02
8.450009765625000000e+02
8.416136474609375000e+02
8.382954101562500000e+02
8.350460815429687500e+02
8.318654785156250000e+02
8.287534790039062500e+02
8.257100219726562500e+02
8.226605224609375000e+02
8.197536010742187500e+02
8.168405151367187500e+02
8.139953613281250000e+02
8.112254638671875000e+02
8.085308227539062500e+02
8.058740844726562500e+02
8.032923583984375000e+02
8.007557983398437500e+02
7.982642822265625000e+02
7.958475341796875000e+02
7.934906005859375000e+02
7.911859130859375000e+02
7.889483032226562500e+02
7.867702636718750000e+02
7.846593017578125000e+02
7.826151123046875000e+02
7.806304931640625000e+02
7.787126464843750000e+02
7.768541259765625000e+02
7.750624389648437500e+02
7.733226318359375000e+02
7.716495361328125000e+02
7.700430908203125000e+02
7.685034179687500000e+02
7.670229492187500000e+02
7.656018066406250000e+02
7.642473144531250000e+02
7.629521484375000000e+02
7.617161865234375000e+02
7.605544433593750000e+02
7.594445800781250000e+02
7.583941040039062500e+02
7.574104614257812500e+02
7.564862060546875000e+02
7.556140747070312500e+02
7.548162841796875000e+02
7.540780029296875000e+02
7.533919067382812500e+02
7.527653808593750000e+02
7.521983032226562500e+02
7.516906738281250000e+02
7.512277221679687500e+02
7.508389892578125000e+02
7.505023803710937500e+02
7.502103271484375000e+02
7.499851684570312500e+02
7.498046264648437500e+02
7.497058715820312500e+02
7.496369628906250000e+02
7.496275634765625000e+02
7.496628417968750000e+02
7.497577514648437500e+02
7.499049072265625000e+02
7.500894165039062500e+02
7.503262939453125000e+02
7.506080932617187500e+02
7.509349365234375000e+02
7.513142089843750000e+02
7.517387084960937500e+02
7.522083740234375000e+02
7.527159423828125000e+02
7.532762451171875000e+02
7.538597412109375000e+02
7.545037231445312500e+02
7.551785278320312500e+02
7.558916015625000000e+02
7.566505126953125000e+02
7.574332275390625000e+02
7.582620239257812500e+02
7.591221313476562500e+02
7.600137329101562500e+02
7.609443969726562500e+02
7.619067993164062500e+02
7.628936767578125000e+02
7.639199218750000000e+02
7.649710083007812500e+02
7.660469360351562500e+02
7.671478881835937500e+02
7.682813720703125000e+02
7.694402465820312500e+02
7.706098022460937500e+02
7.718124389648437500e+02
7.730408325195312500e+02
7.742803955078125000e+02
7.755535278320312500e+02
7.768306884765625000e+02
7.781343383789062500e+02
7.794423217773437500e+02
7.807770996093750000e+02
7.821165771484375000e+02
7.834830932617187500e+02
7.848619995117187500e+02
7.862460327148437500e+02
7.876278686523437500e+02
7.890225219726562500e+02
7.904079589843750000e+02
7.918213500976562500e+02
7.932183837890625000e+02
7.946289062500000000e+02
7.960158691406250000e+02
7.974909057617187500e+02
7.988907470703125000e+02
8.002898559570312500e+02
8.017626342773437500e+02
8.031607055664062500e+02
8.045584716796875000e+02
8.059560546875000000e+02
8.073537597656250000e+02
8.087515869140625000e+02
8.101497802734375000e+02
8.115485229492187500e+02
8.129478759765625000e+02
8.143480224609375000e+02
8.157490844726562500e+02
8.170769653320312500e+02
8.184061279296875000e+02
8.197366333007812500e+02
8.209201049804687500e+02
8.222538452148437500e+02
8.234408569335937500e+02
8.246297607421875000e+02
8.258208618164062500e+02
8.269398803710937500e+02
8.282098999023437500e+02
8.293338623046875000e+02
8.303861694335937500e+02
8.315156250000000000e+02
8.325736083984375000e+02
8.336347045898437500e+02
8.346246948242187500e+02
8.356179199218750000e+02
8.366146850585937500e+02
8.375406494140625000e+02
8.383959350585937500e+02
8.392550659179687500e+02
8.401180419921875000e+02
8.409107666015625000e+02
8.417076416015625000e+02
8.424346313476562500e+02
8.430917968750000000e+02
8.438278808593750000e+02
8.444202270507812500e+02
8.449432983398437500e+02
8.456200561523437500e+02
8.460791625976562500e+02
8.466180419921875000e+02
8.470881958007812500e+02
8.474898071289062500e+02
8.477485961914062500e+02
8.480876464843750000e+02
8.483585815429687500e+02
8.486356811523437500e+02
8.487705688476562500e+02
8.489119262695312500e+02
8.489855346679687500e+02
8.490658569335937500e+02
8.490786743164062500e+02
8.490983886718750000e+02
8.489764404296875000e+02
8.489359130859375000e+02
8.487539062500000000e+02
8.485048828125000000e+02
8.483375244140625000e+02
8.480288696289062500e+02
8.476533813476562500e+02
8.472854614257812500e+02
8.468508300781250000e+02
8.463494873046875000e+02
8.459301147460937500e+02
8.453698730468750000e+02
8.447430419921875000e+02
8.441240844726562500e+02
8.433642578125000000e+02
8.426123046875000000e+02
8.417938842773437500e+02
8.409832763671875000e+02
8.401062622070312500e+02
8.391627807617187500e+02
8.381528930664062500e+02
8.371508178710937500e+02
8.360079956054687500e+02
8.349472656250000000e+02
8.336713867187500000e+02
8.324775390625000000e+02
8.312171630859375000e+02
8.298900756835937500e+02
8.285706787109375000e+02
8.271102905273437500e+02
8.256575927734375000e+02
8.242125854492187500e+02
8.227009887695312500e+02
8.211227416992187500e+02
8.194036254882812500e+02
8.177664794921875000e+02
8.160627441406250000e+02
8.142924194335937500e+02
8.125297241210937500e+02
8.107003173828125000e+02
8.087299804687500000e+02
8.068415527343750000e+02
8.048120727539062500e+02
8.028644409179687500e+02
8.007756347656250000e+02
7.986942749023437500e+02
7.966203613281250000e+02
7.943307495117187500e+02
7.921970825195312500e+02
7.899963378906250000e+02
7.877283935546875000e+02
7.853189697265625000e+02
7.829908447265625000e+02
7.805953369140625000e+02
7.782067871093750000e+02
7.757505493164062500e+02
7.733010864257812500e+02
7.707839965820312500e+02
7.682064208984375000e+02
7.656427001953125000e+02
7.630259399414062500e+02
7.604079589843750000e+02
7.577365722656250000e+02
7.550341186523437500e+02
7.523003540039062500e+02
7.495575561523437500e+02
7.467609863281250000e+02
7.439476318359375000e+02
7.411100463867187500e+02
7.382554931640625000e+02
7.353688964843750000e+02
7.324576416015625000e+02
7.295290527343750000e+02
7.265755615234375000e+02
7.235969848632812500e+02
7.206079711914062500e+02
7.175937500000000000e+02
7.145613403320312500e+02
7.115108032226562500e+02
7.084418945312500000e+02
7.053619384765625000e+02
7.022634887695312500e+02
6.991463012695312500e+02
6.960176391601562500e+02
6.928774414062500000e+02
6.897255859375000000e+02
6.865544433593750000e+02
6.833862304687500000e+02
6.801911010742187500e+02
6.769910888671875000e+02
6.737787475585937500e+02
6.705687255859375000e+02
6.673682861328125000e+02
6.641401977539062500e+02
6.609140014648437500e+02
6.576821289062500000e+02
6.544444580078125000e+02
6.512155761718750000e+02
6.479732055664062500e+02
6.447245483398437500e+02
6.414843139648437500e+02
6.382374877929687500e+02
6.349913330078125000e+02
6.317531738281250000e+02
6.285154418945312500e+02
6.252778930664062500e+02
6.220479125976562500e+02
6.188252563476562500e+02
6.156024169921875000e+02
6.123940429687500000e+02
6.091851806640625000e+02
6.059906005859375000e+02
6.028025512695312500e+02
5.996210327148437500e+02
5.964607543945312500e+02
5.933140258789062500e+02
5.901436767578125000e+02
5.870089111328125000e+02
5.838874511718750000e+02
5.807789916992187500e+02
5.776760864257812500e+02
5.745933227539062500e+02
5.715307617187500000e+02
5.684732666015625000e+02
5.654356689453125000e+02
5.624251708984375000e+02
5.594268188476562500e+02
5.564554443359375000e+02
5.534885253906250000e+02
5.505556640625000000e+02
5.476345214843750000e+02
5.447396240234375000e+02
5.418560791015625000e+02
5.390060424804687500e+02
5.361744384765625000e+02
5.333686523437500000e+02
5.305958862304687500e+02
5.278412475585937500e+02
5.250896606445312500e+02
5.223632812500000000e+02
5.196694946289062500e+02
5.170081176757812500e+02
5.143790893554687500e+02
5.117674255371093750e+02
5.091729431152343750e+02
5.066104431152343750e+02
5.040873107910156250e+02
5.015885009765625000e+02
4.991213989257812500e+02
4.966710205078125000e+02
4.942521362304687500e+02
4.918795776367187500e+02
4.895234985351562500e+02
4.871986389160156250e+02
4.849049377441406250e+02
4.826423645019531250e+02
4.804183349609375000e+02
4.782103881835937500e+02
4.760333251953125000e+02
4.739019775390625000e+02
4.717866516113281250e+02
4.697168884277343750e+02
4.676629333496093750e+02
4.656545410156250000e+02
4.636768188476562500e+02
4.617370605468750000e+02
4.598204650878906250e+02
4.579343872070312500e+02
4.560936584472656250e+02
4.542760009765625000e+02
4.524962768554687500e+02
4.507395019531250000e+02
4.490281066894531250e+02
4.473545532226562500e+02
4.457040100097656250e+02
4.440913696289062500e+02
4.425091857910156250e+02
4.409648437500000000e+02
4.394509887695312500e+02
4.379601440429687500e+02
4.365219726562500000e+02
4.351067504882812500e+02
4.337293395996093750e+02
4.323822631835937500e+02
4.310654907226562500e+02
4.297790222167968750e+02
4.285377197265625000e+02
4.273266601562500000e+02
4.261384887695312500e+02
4.249954833984375000e+02
4.238678894042968750e+02
4.227854614257812500e+02
4.217333374023437500e+02
4.207041625976562500e+02
4.197127380371093750e+02
4.187517395019531250e+02
4.178062744140625000e+02
4.169135742187500000e+02
4.160438842773437500e+02
4.152047729492187500e+02
4.143887939453125000e+02
4.136108398437500000e+02
4.128635864257812500e+02
4.121396179199218750e+02
4.114389953613281250e+02
4.107692565917968750e+02
4.101304016113281250e+02
4.095225524902343750e+02
4.089234313964843750e+02
4.083703308105468750e+02
4.078410339355468750e+02
4.073504333496093750e+02
4.068689270019531250e+02
4.064188842773437500e+02
4.059929504394531250e+02
4.055838317871093750e+02
4.052139282226562500e+02
4.048609619140625000e+02
4.045250854492187500e+02
4.042212829589843750e+02
4.039347839355468750e+02
4.036656799316406250e+02
4.034215393066406250e+02
4.031950378417968750e+02
4.030011596679687500e+02
4.028251647949218750e+02
4.026671752929687500e+02
4.025272827148437500e+02
4.024056396484375000e+02
4.023097839355468750e+02
4.022249145507812500e+02
4.021586303710937500e+02
4.021184082031250000e+02
4.020895690917968750e+02
4.020647277832031250e+02
4.020737304687500000e+02
4.020944519042968750e+02
4.021195068359375000e+02
4.021713256835937500e+02
4.022277526855468750e+02
4.023037414550781250e+02
4.023845520019531250e+02
4.024851684570312500e+02
4.025982971191406250e+02
4.027166137695312500e+02
4.028550720214843750e+02
4.029989929199218750e+02
4.031484680175781250e+02
4.033184509277343750e+02
4.034942626953125000e+02
4.036685791015625000e+02
4.038638000488281250e+02
4.040502929687500000e+02
4.042579956054687500e+02
4.044721069335937500e+02
4.046779174804687500e+02
4.048977966308593750e+02
4.051245117187500000e+02
4.053581237792968750e+02
4.055839233398437500e+02
4.058243408203125000e+02
4.060645751953125000e+02
4.063122863769531250e+02
4.065600585937500000e+02
4.068006591796875000e+02
4.070564575195312500e+02
4.072979125976562500e+02
4.075399169921875000e+02
4.077901000976562500e+02
4.080411071777343750e+02
4.082856140136718750e+02
4.085237731933593750e+02
4.087705688476562500e+02
4.090111999511718750e+02
4.092384033203125000e+02
4.094745788574218750e+02
4.097049560546875000e+02
4.099296569824218750e+02
4.101413574218750000e+02
4.103624877929687500e+02
4.105708618164062500e+02
4.107740478515625000e+02
4.109721679687500000e+02
4.111578979492187500e+02
4.113462524414062500e+02
4.115224609375000000e+02
4.116940612792968750e+02
4.118537597656250000e+02
4.120016784667968750e+02
4.121527404785156250e+02
4.122848205566406250e+02
4.124054260253906250e+02
4.125146789550781250e+02
4.126275024414062500e+02
4.127217407226562500e+02
4.127974548339843750e+02
4.128696289062500000e+02
4.129383544921875000e+02
4.129888305664062500e+02
4.130360717773437500e+02
4.130652160644531250e+02
4.130763854980468750e+02
4.130771179199218750e+02
4.130674133300781250e+02
4.130473937988281250e+02
4.130097351074218750e+02
4.129692993164062500e+02
4.128964538574218750e+02
4.128209533691406250e+02
4.127280578613281250e+02
4.126252136230468750e+02
4.125050354003906250e+02
4.123675537109375000e+02
4.122203369140625000e+02
4.120558776855468750e+02
4.118742980957031250e+02
4.116904296875000000e+02
4.114746398925781250e+02
4.112640991210937500e+02
4.110216674804687500e+02
4.107696533203125000e+02
4.105006713867187500e+02
4.102147216796875000e+02
4.099118347167968750e+02
4.095994262695312500e+02
4.092626342773437500e+02
4.089089355468750000e+02
4.085383300781250000e+02
4.081507873535156250e+02
4.077537536621093750e+02
4.073398742675781250e+02
4.069091491699218750e+02
4.064616394042968750e+02
4.060047607421875000e+02
4.055236206054687500e+02
4.050183715820312500e+02
4.045111999511718750e+02
4.039798889160156250e+02
4.034318237304687500e+02
4.028670349121093750e+02
4.022929992675781250e+02
4.017096252441406250e+02
4.010946655273437500e+02
4.004703979492187500e+02
3.998293762207031250e+02
3.991716003417968750e+02
3.985044555664062500e+02
3.978130798339843750e+02
3.971123046875000000e+02
3.964021301269531250e+02
3.956602172851562500e+02
3.949162292480468750e+02
3.941553344726562500e+02
3.933848266601562500e+02
3.925825195312500000e+02
3.917779235839843750e+02
3.909562988281250000e+02
3.901249084472656250e+02
3.892837524414062500e+02
3.884104919433593750e+02
3.875347595214843750e+02
3.866565246582031250e+02
3.857534790039062500e+02
3.848403320312500000e+02
3.839170532226562500e+02
3.829836120605468750e+02
3.820324707031250000e+02
3.810635681152343750e+02
3.800916748046875000e+02
3.791093139648437500e+02
3.781015625000000000e+02
3.770979919433593750e+02
3.760837097167968750e+02
3.750289001464843750e+02
3.740003356933593750e+02
3.729459838867187500e+02
3.718804931640625000e+02
3.708112792968750000e+02
3.697382507324218750e+02
3.686613159179687500e+02
3.675655517578125000e+02
3.664508361816406250e+02
3.653320007324218750e+02
3.642163696289062500e+02
3.630816040039062500e+02
3.619424133300781250e+02
3.607987670898437500e+02
3.596505432128906250e+02
3.584828491210937500e+02
3.573178100585937500e+02
3.561479797363281250e+02
3.549657592773437500e+02
3.537859802246093750e+02
3.526010742187500000e+02
3.514035339355468750e+02
3.502007141113281250e+02
3.489776611328125000e+02
3.477713623046875000e+02
3.465669250488281250e+02
3.453493652343750000e+02
3.441557006835937500e+02
3.429338989257812500e+02
3.417135009765625000e+02
3.404870300292968750e+02
3.392692260742187500e+02
3.380377197265625000e+02
3.368071899414062500e+02
3.355776367187500000e+02
3.343489074707031250e+02
3.331134643554687500e+02
3.318861083984375000e+02
3.306592407226562500e+02
3.294253845214843750e+02
3.281918640136718750e+02
3.269659423828125000e+02
3.257402038574218750e+02
3.245070495605468750e+02
3.232886352539062500e+02
3.220700988769531250e+02
3.208512573242187500e+02
3.196320495605468750e+02
3.184198303222656250e+02
3.172293395996093750e+02
3.160158691406250000e+02
3.148165283203125000e+02
3.136163635253906250e+02
3.124226684570312500e+02
3.112354125976562500e+02
3.100321655273437500e+02
3.088648376464843750e+02
3.076813354492187500e+02
3.065112915039062500e+02
3.053471374511718750e+02
3.041962280273437500e+02
3.030436096191406250e+02
3.018965759277343750e+02
3.007625122070312500e+02
2.996264648437500000e+02
2.985105590820312500e+02
2.973999633789062500e+02
2.962796325683593750e+02
2.951866455078125000e+02
2.940912475585937500e+02
2.930155944824218750e+02
2.919299011230468750e+02
2.908638305664062500e+02
2.898098144531250000e+02
2.887603759765625000e+02
2.877154846191406250e+02
2.866898498535156250e+02
2.856686096191406250e+02
2.846590576171875000e+02
2.836611938476562500e+02
2.826674804687500000e+02
2.816853027343750000e+02
2.807071533203125000e+02
2.797478332519531250e+02
2.787998657226562500e+02
2.778632202148437500e+02
2.769303588867187500e+02
2.760161132812500000e+02
2.751130065917968750e+02
2.742209777832031250e+02
2.733326110839843750e+02
2.724552001953125000e+02
2.716036071777343750e+02
2.707481384277343750e+02
2.699109191894531250e+02
2.690920104980468750e+02
2.682764892578125000e+02
2.674717407226562500e+02
2.666852111816406250e+02
2.659019775390625000e+02
2.651368713378906250e+02
2.643898620605468750e+02
2.636461486816406250e+02
2.629205017089843750e+02
2.621980590820312500e+02
2.614936523437500000e+02
2.608072814941406250e+02
2.601240539550781250e+02
2.594736633300781250e+02
2.588040466308593750e+02
2.581597900390625000e+02
2.575333862304687500e+02
2.569174499511718750e+02
2.563045043945312500e+02
2.557094268798828125e+02
2.551321716308593750e+02
2.545653076171875000e+02
2.540162506103515625e+02
2.534701690673828125e+02
2.529418792724609375e+02
2.524165496826171875e+02
2.519164581298828125e+02
2.514193267822265625e+02
2.509400482177734375e+02
2.504711456298828125e+02
2.500052490234375000e+02
2.495646667480468750e+02
2.491270904541015625e+02
2.486925659179687500e+02
2.482908325195312500e+02
2.478847656250000000e+02
2.474818267822265625e+02
2.471117553710937500e+02
2.467374572753906250e+02
2.463812255859375000e+02
2.460431213378906250e+02
2.457083282470703125e+02
2.453842926025390625e+02
2.450711059570312500e+02
2.447687530517578125e+02
2.444773254394531250e+02
2.441894226074218750e+02
2.439199371337890625e+02
2.436615905761718750e+02
2.434068908691406250e+02
2.431708221435546875e+02
2.429311370849609375e+02
2.427102050781250000e+02
2.425006256103515625e+02
2.422876434326171875e+02
2.420936126708984375e+02
2.418963012695312500e+02
2.417254943847656250e+02
2.415515441894531250e+02
2.413894042968750000e+02
2.412391204833984375e+02
2.410933532714843750e+02
2.409595794677734375e+02
2.408304290771484375e+02
2.407059631347656250e+02
2.405862579345703125e+02
2.405085144042968750e+02
2.403836669921875000e+02
2.402934722900390625e+02
2.402008666992187500e+02
2.401207885742187500e+02
2.400458679199218750e+02
2.399761810302734375e+02
2.399118041992187500e+02
2.398602142333984375e+02
2.398066558837890625e+02
2.397660369873046875e+02
2.397161712646484375e+02
2.396867980957031250e+02
2.396483306884765625e+02
2.396231231689453125e+02
2.395963592529296875e+02
2.395755767822265625e+02
2.395682830810546875e+02
2.395522460937500000e+02
2.395424041748046875e+02
2.395388488769531250e+02
2.395342254638671875e+02
2.395360260009765625e+02
2.395443267822265625e+02
2.395443878173828125e+02
2.395511169433593750e+02
2.395645751953125000e+02
2.395774383544921875e+02
2.395972442626953125e+02
2.396091156005859375e+02
2.396206665039062500e+02
2.396393432617187500e+02
2.396578216552734375e+02
2.396836242675781250e+02
2.396945190429687500e+02
2.397054138183593750e+02
2.397238769531250000e+02
2.397425384521484375e+02
2.397688903808593750e+02
2.397807464599609375e+02
2.397930450439453125e+02
2.398132934570312500e+02
2.398266906738281250e+02
2.398333435058593750e+02
2.398481750488281250e+02
2.398563995361328125e+02
2.398655700683593750e+02
2.398757324218750000e+02
2.398721466064453125e+02
2.398771514892578125e+02
2.398685913085937500e+02
2.398687744140625000e+02
2.398629760742187500e+02
2.398438110351562500e+02
2.398337097167968750e+02
2.398177947998046875e+02
2.397888183593750000e+02
2.397691040039062500e+02
2.397438507080078125e+02
2.397205963134765625e+02
2.396771087646484375e+02
2.396357574462890625e+02
2.395891876220703125e+02
2.395449066162109375e+02
2.394955291748046875e+02
2.394337310791015625e+02
2.393669738769531250e+02
2.393027801513671875e+02
2.392188873291015625e+02
2.391451263427734375e+02
2.390666656494140625e+02
2.389687347412109375e+02
2.388810424804687500e+02
2.387740020751953125e+02
2.386624603271484375e+02
2.385539550781250000e+02
2.384336242675781250e+02
2.383163909912109375e+02
2.381800079345703125e+02
2.380393981933593750e+02
2.379020080566406250e+02
2.377381439208984375e+02
2.375849914550781250e+02
2.374277801513671875e+02
2.372515869140625000e+02
2.370787963867187500e+02
2.368871002197265625e+02
2.367062988281250000e+02
2.365066375732421875e+02
2.363104705810546875e+02
2.360954742431640625e+02
2.358765411376953125e+02
2.356537017822265625e+02
2.354195251464843750e+02
2.351665802001953125e+02
2.349246520996093750e+02
2.346639709472656250e+02
2.343994903564453125e+02
2.341237640380859375e+02
2.338442382812500000e+02
2.335609741210937500e+02
2.332664947509765625e+02
2.329682769775390625e+02
2.326588897705078125e+02
2.323457641601562500e+02
2.320215301513671875e+02
2.316935882568359375e+02
2.313470916748046875e+02
2.309968872070312500e+02
2.306504364013671875e+02
2.302854156494140625e+02
2.299093170166015625e+02
2.295369415283203125e+02
2.291460113525390625e+02
2.287514190673828125e+02
2.283531494140625000e+02
2.279437255859375000e+02
2.275306091308593750e+02
2.271063690185546875e+02
2.266709899902343750e+02
2.262393035888671875e+02
2.257964630126953125e+02
2.253275756835937500e+02
2.248772430419921875e+02
2.244082794189453125e+02
2.239355163574218750e+02
2.234589538574218750e+02
2.229637145996093750e+02
2.224795074462890625e+02
2.219765625000000000e+02
2.214697418212890625e+02
2.209515991210937500e+02
2.204369506835937500e+02
2.199034729003906250e+02
2.193808441162109375e+02
2.188393554687500000e+02
2.182863769531250000e+02
2.177367706298828125e+02
2.171829986572265625e+02
2.166176300048828125e+02
2.160480651855468750e+02
2.154742584228515625e+02
2.148961486816406250e+02
2.143136901855468750e+02
2.137194213867187500e+02
2.131206970214843750e+02
2.125175170898437500e+02
2.119172515869140625e+02
2.112975463867187500e+02
2.106806793212890625e+02
2.100591278076171875e+02
2.094254455566406250e+02
2.088018493652343750e+02
2.081659851074218750e+02
2.075252685546875000e+02
2.068795928955078125e+02
2.062289123535156250e+02
2.055805969238281250e+02
2.049197235107421875e+02
2.042685241699218750e+02
2.036046142578125000e+02
2.029353790283203125e+02
2.022681732177734375e+02
2.015880584716796875e+02
2.009098510742187500e+02
2.002260131835937500e+02
1.995439147949218750e+02
1.988635101318359375e+02
1.981698150634765625e+02
1.974850769042968750e+02
1.967869415283203125e+02
1.960976257324218750e+02
1.953947296142578125e+02
1.946930694580078125e+02
1.939925537109375000e+02
1.932931518554687500e+02
1.925873107910156250e+02
1.918824157714843750e+02
1.911709747314453125e+02
1.904603424072265625e+02
1.897504272460937500e+02
1.890337524414062500e+02
1.883251190185546875e+02
1.876095733642578125e+02
1.869019470214843750e+02
1.861798553466796875e+02
1.854581298828125000e+02
1.847366790771484375e+02
1.840228729248046875e+02
1.833018188476562500e+02
1.825808563232421875e+02
1.818748321533203125e+02
1.811613616943359375e+02
1.804403991699218750e+02
1.797267761230468750e+02
1.790129699707031250e+02
1.782989501953125000e+02
1.775846710205078125e+02
1.768774871826171875e+02
1.761699371337890625e+02
1.754619445800781250e+02
1.747609100341796875e+02
1.740519104003906250e+02
1.733497619628906250e+02
1.726469726562500000e+02
1.719509429931640625e+02
1.712541809082031250e+02
1.705566253662109375e+02
1.698656768798828125e+02
1.691812591552734375e+02
1.684884796142578125e+02
1.678021392822265625e+02
1.671296081542968750e+02
1.664559936523437500e+02
1.657737884521484375e+02
1.651052551269531250e+02
1.644428863525390625e+02
1.637792053222656250e+02
1.631141662597656250e+02
1.624551239013671875e+02
1.618169097900390625e+02
1.611697082519531250e+02
1.605209197998046875e+02
1.598779144287109375e+02
1.592406311035156250e+02
1.586090240478515625e+02
1.579755859375000000e+02
1.573477020263671875e+02
1.567253265380859375e+02
1.561083679199218750e+02
1.555042419433593750e+02
1.548905792236328125e+02
1.542896270751953125e+02
1.537013397216796875e+02
1.531033325195312500e+02
1.525178985595703125e+02
1.519300994873046875e+02
1.513547515869140625e+02
1.507769622802734375e+02
1.502115325927734375e+02
1.496510009765625000e+02
1.490878906250000000e+02
1.485296020507812500e+02
1.479835357666015625e+02
1.474422149658203125e+02
1.468981781005859375e+02
1.463736724853515625e+02
1.458389434814453125e+02
1.453236694335937500e+02
1.448055725097656250e+02
1.442919921875000000e+02
1.437903747558593750e+02
1.432858428955078125e+02
1.427932128906250000e+02
1.423050842285156250e+02
1.418213958740234375e+02
1.413421630859375000e+02
1.408674011230468750e+02
1.403970642089843750e+02
1.399311828613281250e+02
1.394771881103515625e+02
1.390202331542968750e+02
1.385825805664062500e+02
1.381419982910156250e+02
1.376984710693359375e+02
1.372743072509765625e+02
1.368546752929687500e+02
1.364321594238281250e+02
1.360142059326171875e+02
1.356082611083984375e+02
1.352069396972656250e+02
1.348102264404296875e+02
1.344256134033203125e+02
1.340382690429687500e+02
1.336630401611328125e+02
1.332851257324218750e+02
1.329194183349609375e+02
1.325659179687500000e+02
1.322172241210937500e+02
1.318733825683593750e+02
1.315269622802734375e+02
1.311854553222656250e+02
1.308562774658203125e+02
1.305171813964843750e+02
1.301904754638671875e+02
1.298836212158203125e+02
1.295966339111328125e+02
1.292923889160156250e+02
1.289931640625000000e+02
1.286990356445312500e+02
1.284174041748046875e+02
1.281334533691406250e+02
1.278545913696289062e+02
1.275883178710937500e+02
1.273197479248046875e+02
1.270563507080078125e+02
1.268055191040039062e+02
1.265598602294921875e+02
1.263119430541992188e+02
1.260766143798828125e+02
1.258390350341796875e+02
1.256066513061523438e+02
1.253868789672851562e+02
1.251648712158203125e+02
1.249480667114257812e+02
1.247364807128906250e+02
1.245301208496093750e+02
1.243215560913085938e+02
1.241108322143554688e+02
1.239128036499023438e+02
1.237274856567382812e+02
1.235400466918945312e+02
1.233505172729492188e+02
1.231663436889648438e+02
1.229949798583984375e+02
1.228216247558593750e+02
1.226462707519531250e+02
1.224838485717773438e+02
1.223120880126953125e+02
1.221607742309570312e+02
1.220076446533203125e+02
1.218453216552734375e+02
1.216961441040039062e+02
1.215453262329101562e+02
1.214003372192382812e+02
1.212538223266601562e+02
1.211058197021484375e+02
1.209712905883789062e+02
1.208354110717773438e+02
1.206834106445312500e+02
1.205376434326171875e+02
1.204204788208007812e+02
1.202874145507812500e+02
1.201608047485351562e+02
1.200481719970703125e+02
1.199496002197265625e+02
1.198279876708984375e+02
1.197131652832031250e+02
1.196051940917968750e+02
1.194818725585937500e+02
1.193804244995117188e+02
1.192786483764648438e+02
1.191691818237304688e+02
1.190743942260742188e+02
1.189572067260742188e+02
1.188548202514648438e+02
1.187673568725585938e+02
1.186651229858398438e+02
1.185704650878906250e+02
1.184760513305664062e+02
1.183596191406250000e+02
1.182732543945312500e+02
1.182021331787109375e+02
1.181165847778320312e+02
1.180241241455078125e+02
1.179395980834960938e+02
1.178482284545898438e+02
1.177649002075195312e+02
1.176822052001953125e+02
1.175927658081054688e+02
1.175114517211914062e+02
1.174308700561523438e+02
1.173435974121093750e+02
1.172645263671875000e+02
1.171936798095703125e+02
1.171087493896484375e+02
1.170172119140625000e+02
1.169413604736328125e+02
1.168589019775390625e+02
1.167772903442382812e+02
1.166965103149414062e+02
1.166314544677734375e+02
1.165523834228515625e+02
1.164667358398437500e+02
1.163745269775390625e+02
1.162906036376953125e+02
1.162075576782226562e+02
1.161031036376953125e+02
1.160144042968750000e+02
1.159265899658203125e+02
1.158322448730468750e+02
1.157388229370117188e+02
1.156388931274414062e+02
1.155399017333984375e+02
1.154567413330078125e+02
1.153522644042968750e+02
1.152487869262695312e+02
1.151463317871093750e+02
1.150449447631835938e+02
1.149446258544921875e+02
1.148454284667968750e+02
1.147325210571289062e+02
1.146356582641601562e+02
1.145103073120117188e+02
1.143862152099609375e+02
1.142708816528320312e+02
1.141494903564453125e+02
1.140369491577148438e+02
1.139110488891601562e+02
1.137866897583007812e+02
1.136565017700195312e+02
1.135279693603515625e+02
1.133937377929687500e+02
1.132612915039062500e+02
1.131306838989257812e+02
1.129945526123046875e+02
1.128529510498046875e+02
1.127133636474609375e+02
1.125758590698242188e+02
1.124256057739257812e+02
1.122849655151367188e+02
1.121391143798828125e+02
1.119881134033203125e+02
1.118319778442382812e+02
1.116856231689453125e+02
1.115342254638671875e+02
1.113703689575195312e+02
1.112164001464843750e+02
1.110500030517578125e+02
1.108935317993164062e+02
1.107246704101562500e+02
1.105657577514648438e+02
1.103944625854492188e+02
1.102330780029296875e+02
1.100667572021484375e+02
1.098954772949218750e+02
1.097192230224609375e+02
1.095454025268554688e+02
1.093665390014648438e+02
1.091900482177734375e+02
1.090084533691406250e+02
1.088217315673828125e+02
1.086372528076171875e+02
1.084549713134765625e+02
1.082599716186523438e+02
1.080670700073242188e+02
1.078836441040039062e+02
1.076798934936523438e+02
1.074854965209960938e+02
1.072855224609375000e+02
1.070873413085937500e+02
1.068760299682617188e+02
1.066812515258789062e+02
1.064731979370117188e+02
1.062592697143554688e+02
1.060542526245117188e+02
1.058358078002929688e+02
1.056187515258789062e+02
1.053955917358398438e+02
1.051811599731445312e+02
1.049531097412109375e+02
1.047262496948242188e+02
1.044931411743164062e+02
1.042685928344726562e+02
1.040377197265625000e+02
1.037930603027343750e+02
1.035568923950195312e+02
1.033143234252929688e+02
1.030727844238281250e+02
1.028322677612304688e+02
1.025853195190429688e+02
1.023393859863281250e+02
1.020870208740234375e+02
1.018356704711914062e+02
1.015779190063476562e+02
1.013286285400390625e+02
1.010655212402343750e+02
1.008034820556640625e+02
1.005499572753906250e+02
1.002826766967773438e+02
1.000165252685546875e+02
9.975895690917968750e+01
9.948770141601562500e+01
9.922507476806640625e+01
9.894881439208984375e+01
9.868865966796875000e+01
9.840747833251953125e+01
9.814245605468750000e+01
9.787130737304687500e+01
9.760147857666015625e+01
9.733300018310546875e+01
9.705841827392578125e+01
9.678519439697265625e+01
9.652076721191406250e+01
9.624282073974609375e+01
9.597364807128906250e+01
9.569837188720703125e+01
9.542442321777343750e+01
9.515175628662109375e+01
9.488035583496093750e+01
9.461018371582031250e+01
9.433377075195312500e+01
9.406594085693359375e+01
9.379177093505859375e+01
9.351863861083984375e+01
9.323905181884765625e+01
9.297524261474609375e+01
9.270484924316406250e+01
9.243521881103515625e+01
9.216627502441406250e+01
9.189793395996093750e+01
9.162267303466796875e+01
9.136270904541015625e+01
9.109564208984375000e+01
9.082137298583984375e+01
9.056211090087890625e+01
9.029546356201171875e+01
9.002876281738281250e+01
8.976933288574218750e+01
8.950221252441406250e+01
8.923474121093750000e+01
8.896682739257812500e+01
8.869836425781250000e+01
8.842928314208984375e+01
8.816690826416015625e+01
8.790373229980468750e+01
8.763967895507812500e+01
8.737465667724609375e+01
8.710861968994140625e+01
8.684892272949218750e+01
8.658065032958984375e+01
8.631860351562500000e+01
8.604788970947265625e+01
8.579074859619140625e+01
8.551742553710937500e+01
8.525762176513671875e+01
8.498903656005859375e+01
8.472427368164062500e+01
8.446408843994140625e+01
8.420325469970703125e+01
8.394032287597656250e+01
8.368124389648437500e+01
8.341933441162109375e+01
8.315984344482421875e+01
8.290129852294921875e+01
8.264152526855468750e+01
8.238500976562500000e+01
8.212956237792968750e+01
8.187450408935546875e+01
8.162061309814453125e+01
8.136869049072265625e+01
8.111730957031250000e+01
8.086949157714843750e+01
8.062157440185546875e+01
0.000000000000000000e+00
0.000000000000000000e+00
0.000000000000000000e+00
0.000000000000000000e+00
0.000000000000000000e+00
0.000000000000000000e+00
0.000000000000000000e+00
0.000000000000000000e+00
0.000000000000000000e+00
0.000000000000000000e+00
0.000000000000000000e+00
0.000000000000000000e+00
0.000000000000000000e+00
0.000000000000000000e+00
0.000000000000000000e+00
0.000000000000000000e+00
0.000000000000000000e+00
0.000000000000000000e+00
0.000000000000000000e+00
0.000000000000000000e+00
0.000000000000000000e+00
0.000000000000000000e+00
0.000000000000000000e+00
0.000000000000000000e+00
0.000000000000000000e+00
0.000000000000000000e+00
0.000000000000000000e+00
0.000000000000000000e+00
0.000000000000000000e+00
0.000000000000000000e+00
0.000000000000000000e+00
0.000000000000000000e+00
0.000000000000000000e+00
0.000000000000000000e+00
0.000000000000000000e+00
0.000000000000000000e+00
0.000000000000000000e+00
0.000000000000000000e+00
0.000000000000000000e+00
0.000000000000000000e+00
0.000000000000000000e+00
0.000000000000000000e+00
0.000000000000000000e+00
0.000000000000000000e+00
0.000000000000000000e+00
0.000000000000000000e+00
0.000000000000000000e+00
0.000000000000000000e+00
0.000000000000000000e+00
0.000000000000000000e+00
0.000000000000000000e+00
0.000000000000000000e+00
0.000000000000000000e+00
0.000000000000000000e+00
0.000000000000000000e+00
0.000000000000000000e+00
0.000000000000000000e+00
0.000000000000000000e+00
0.000000000000000000e+00
0.000000000000000000e+00
0.000000000000000000e+00
0.000000000000000000e+00
0.000000000000000000e+00
0.000000000000000000e+00
0.000000000000000000e+00
0.000000000000000000e+00
0.000000000000000000e+00
0.000000000000000000e+00
0.000000000000000000e+00
0.000000000000000000e+00
0.000000000000000000e+00
0.000000000000000000e+00
0.000000000000000000e+00
0.000000000000000000e+00
0.000000000000000000e+00
0.000000000000000000e+00
0.000000000000000000e+00
0.000000000000000000e+00
0.000000000000000000e+00
0.000000000000000000e+00
0.000000000000000000e+00
0.000000000000000000e+00
0.000000000000000000e+00
0.000000000000000000e+00
0.000000000000000000e+00
0.000000000000000000e+00
0.000000000000000000e+00
0.000000000000000000e+00
0.000000000000000000e+00
0.000000000000000000e+00
0.000000000000000000e+00
0.000000000000000000e+00
0.000000000000000000e+00
0.000000000000000000e+00
0.000000000000000000e+00
0.000000000000000000e+00
0.000000000000000000e+00
0.000000000000000000e+00
0.000000000000000000e+00
0.000000000000000000e+00
