# pp
8.753241633922877048e-09
5.324266977419398784e-09
3.679862481868644051e-09
2.734057582426704665e-09
2.127868079299698287e-09
1.711358187185386624e-09
1.410513234009903022e-09
1.184988357988764515e-09
1.010751139057593915e-09
8.731617393695176724e-10
7.621641445390334830e-10
6.711611030381202655e-10
5.955875361897148374e-10
5.320648551573797326e-10
4.781082807608589316e-10
4.318725541334868835e-10
3.919448521033633798e-10
3.571918476458491511e-10
3.267306297550304430e-10
2.998905666847202214e-10
2.761320611375406208e-10
2.549930142926300419e-10
2.360944164999448334e-10
2.191323636367170525e-10
2.038554218953201009e-10
1.900495617662407733e-10
1.775320193614493533e-10
1.661405455286938639e-10
1.557392340310973192e-10
1.462230674607073476e-10
1.375017898788744205e-10
1.294896969931341002e-10
1.221113337909458812e-10
1.153024749886725556e-10
1.090072883220764508e-10
1.031764713095951025e-10
9.776640835667194016e-11
9.273787701719601555e-11
8.805607233522499701e-11
8.369022330009067351e-11
7.961314170271030690e-11
7.580063002405076856e-11
7.223105753199643052e-11
6.888503445417312811e-11
6.574505873490612986e-11
6.279507787036611021e-11
6.002054912752376304e-11
5.740833417733695728e-11
5.494653699135289231e-11
5.262431852866146897e-11
5.043165392770114994e-11
4.835938198730834190e-11
4.639915525061934952e-11
4.454335377025610968e-11
4.278498155425795239e-11
4.111752418827448366e-11
3.953498603223229523e-11
3.803186546427384742e-11
3.660310643093109894e-11
3.524407494148058992e-11
3.395057424936698391e-11
3.271874447223325952e-11
3.154501311308486362e-11
3.042606941010073909e-11
2.935881809823355138e-11
2.834029457924054021e-11
2.736772494956024533e-11
2.643853225397570035e-11
2.555031983955287086e-11
2.470084120316966268e-11
2.388794438463409928e-11
2.310961048727644959e-11
2.236395758633163624e-11
2.164922974321172018e-11
2.096379830975506357e-11
2.030618435073166216e-11
1.967501276940592714e-11
1.906899353376624842e-11
1.848691539595649754e-11
1.792763598753082282e-11
1.739006488964249625e-11
1.687317261580807902e-11
1.637599035377580785e-11
1.589760571166795334e-11
1.543715557116388276e-11
1.499381337401602326e-11
1.456679649601308647e-11
1.415536644335989332e-11
1.375882590377002620e-11
1.337651413805897324e-11
1.300779913385279455e-11
1.265208147933773674e-11
1.230879410883116363e-11
1.197740024061616625e-11
1.165739146612916558e-11
1.134828597795802049e-11
1.104962692526421341e-11
1.076098088628155949e-11
1.048193644847860204e-11
1.021210288781388649e-11
9.951108939272261308e-12
9.698601651555789444e-12
9.454245319421792182e-12
9.217720487720682240e-12
8.988723021693161144e-12
8.766963238545851429e-12
8.552165095741245973e-12
8.344065431816227339e-12
8.142413255887399137e-12
7.946968082281019157e-12
7.757496449860731527e-12
7.573774574823209293e-12
7.395588812176561996e-12
7.222735115538654023e-12
7.055018530015044511e-12
6.892252715870162614e-12
6.734259500881156306e-12
6.580868459424876838e-12
6.431916516495807352e-12
6.287247574988037493e-12
6.146712164698323157e-12
6.010167111621238109e-12
5.877475226211989016e-12
5.748505009388689835e-12
5.623130375134438565e-12
5.501230388640982764e-12
5.382689019010895509e-12
5.267394905604358107e-12
5.155241137180548748e-12
5.046124741742699651e-12
4.939945621569451443e-12
4.836607331235358541e-12
4.736017205301778843e-12
4.638086184955648478e-12
4.542728653767895335e-12
4.449862282030417532e-12
4.359407879166144315e-12
4.271289253740007919e-12
4.185433080629237937e-12
4.101768774940013956e-12
4.020228372284006982e-12
3.940746415052926247e-12
3.863259844352204399e-12
3.787707897276123144e-12
3.714032009226655706e-12
3.642175720996661205e-12
3.572084590355389594e-12
3.503706107890184242e-12
3.436989616873342327e-12
3.371886244638068998e-12
3.308348852149956590e-12
3.246331940229526657e-12
3.185791575680640397e-12
3.126685328384375555e-12
3.068972211288812161e-12
3.012612623144378143e-12
2.957568293843075502e-12
2.903802232228073706e-12
2.851278676247740548e-12
2.799963045335362383e-12
2.749821894902472794e-12
2.700822872839996595e-12
2.652934677927314194e-12
2.606127020054887533e-12
2.560370582171264387e-12
2.515636983870172993e-12
2.471898746538009307e-12
2.429129259986308936e-12
2.387302750497870345e-12
2.346394250219009488e-12
2.306379567833989627e-12
2.267235260461094334e-12
2.228938606712951941e-12
2.191467580866744936e-12
2.154800789858084038e-12
2.118917338271142054e-12
2.083796926095359503e-12
2.049419865539703652e-12
2.015767059621999061e-12
1.982819981613986951e-12
1.950560655303590971e-12
1.918971636037785387e-12
1.888035992511288157e-12
1.857737289268052684e-12
1.828059569884100709e-12
1.798987340801846783e-12
1.770505555787479976e-12
1.742599600984352035e-12
1.715255280536650230e-12
1.688458802758843809e-12
1.662196766827570943e-12
1.636456149973751430e-12
1.611224295153759154e-12
1.586488899179463297e-12
1.562238001287930384e-12
1.538459972132443985e-12
1.515143503177359813e-12
1.492277596480123751e-12
1.469851554844541513e-12
1.447855011008834887e-12
1.426278031469110705e-12
1.405110986413406199e-12
1.384344502085737034e-12
1.363969452901109391e-12
1.343976953837945529e-12
1.324358353096924510e-12
1.305105225015728296e-12
1.286209363229645865e-12
1.267662774068423842e-12
1.249457670180170921e-12
1.231586464373522671e-12
1.214041763669653129e-12
1.196816363556074437e-12
1.179903242434522621e-12
1.163295556255536375e-12
1.146986633332667730e-12
1.130969969329550645e-12
1.115239222413335703e-12
1.099788208568277545e-12
1.084610897063515767e-12
1.069701406069337352e-12
1.055053998416443012e-12
1.040663077492966349e-12
1.026523183274210086e-12
1.012628988480262864e-12
9.989752948568663718e-13
9.855570295750761835e-13
9.723692417454505634e-13
9.594070990426668705e-13
9.466658844366213117e-13
9.341409930262455035e-13
9.218279289723938659e-13
9.097223025263216720e-13
8.978198271503993910e-13
8.861163167278430534e-13
8.746076828583630568e-13
8.632899322367549918e-13
8.521591641115722960e-13
8.412115678211285818e-13
8.304434204041812872e-13
8.198510842827519994e-13
8.094310050146338164e-13
7.991797091132290091e-13
7.890938019324471853e-13
7.791699656144825089e-13
7.694049570983671866e-13
7.597956061872764873e-13
7.503388136726383103e-13
7.410315495131700904e-13
7.318708717348493197e-13
7.228539854056796372e-13
7.139781767215894506e-13
7.052407905007731472e-13
6.966392287227815849e-13
6.881709491091533678e-13
6.798335037943164893e-13
6.716243377350436937e-13
6.635411497168653007e-13
6.555816815457121017e-13
6.477435715827716567e-13
6.400245132551795616e-13
6.324223924883766109e-13
6.249351342718846253e-13
6.175605692554508450e-13
6.102965779704350404e-13
6.031412161278302785e-13
5.960925749571603945e-13
5.891486595405741567e-13
5.823075202080477500e-13
5.755673669182077619e-13
5.689264419658326566e-13
5.623829088803234119e-13
5.559349722906172395e-13
5.495809824695572781e-13
5.433193191654138616e-13
5.371482900223183575e-13
5.310662400645383120e-13
5.250716473655264283e-13
5.191630168988171531e-13
5.133387875530594343e-13
5.075974322571856045e-13
5.019375456302011977e-13
4.963577468694634125e-13
4.908565945340530626e-13
4.854326782199274709e-13
4.800846989540609096e-13
4.748113802458058292e-13
4.696113899013265718e-13
4.644834240589912915e-13
4.594262810099848072e-13
4.544387796331666765e-13
4.495196875817515447e-13
4.446677984021502506e-13
4.398819993912550813e-13
4.351611967186498082e-13
4.305042493959886808e-13
4.259100401257447742e-13
4.213775377417739878e-13
4.169057283963523444e-13
4.124935632473685674e-13
4.081400485574200280e-13
4.038442770480834627e-13
3.996053560500263564e-13
3.954223515391578353e-13
3.912943481522139469e-13
3.872205022454485428e-13
3.831999836261948151e-13
3.792319239397766395e-13
3.753154719747566707e-13
3.714498426295434284e-13
3.676342631993854554e-13
3.638679257304162402e-13
3.601500380338037787e-13
3.564798689181802343e-13
3.528566986281513335e-13
3.492797748196278991e-13
3.457483596604682669e-13
3.422617716516734633e-13
3.388193398534826117e-13
3.354203631698274803e-13
3.320641538759604681e-13
3.287500763201475729e-13
3.254775046090542740e-13
3.222457849192449634e-13
3.190542757591902261e-13
3.159023838152927723e-13
3.127895248000717500e-13
3.097150885355246175e-13
3.066784762273451272e-13
3.036791336941512725e-13
3.007165151103921425e-13
2.977900506304708277e-13
2.948991809265626036e-13
2.920433880175442731e-13
2.892221616639729269e-13
2.864349693234485263e-13
2.836812881797489414e-13
2.809606337678904350e-13
2.782725288013016168e-13
2.756164752682724095e-13
2.729919841588967582e-13
2.703986020646694546e-13
2.678358822384058012e-13
2.653033586590204124e-13
2.628005736437177108e-13
2.603271025843260005e-13
2.578825270588512333e-13
2.554664107074778728e-13
2.530783249003285837e-13
2.507178754255464095e-13
2.483846883233520019e-13
2.460783761411137481e-13
2.437985581124834880e-13
2.415448816071798493e-13
2.393169988768348570e-13
2.371145461468288636e-13
2.349371658556449918e-13
2.327845266453447147e-13
2.306563017073273742e-13
2.285521492920818779e-13
2.264717334278797232e-13
2.244147425641680425e-13
2.223808693928026439e-13
2.203697926670114668e-13
2.183811965169664624e-13
2.164147878486968369e-13
2.144702775271425935e-13
2.125473634049196920e-13
2.106457483421822629e-13
2.087651564549458702e-13
2.069053155560681687e-13
2.050659413028244115e-13
2.032467540193059972e-13
2.014474938801390344e-13
1.996679045143383655e-13
1.979077181883418727e-13
1.961666715208788589e-13
1.944445196808988941e-13
1.927410210672604834e-13
1.910559234508024821e-13
1.893889786640817484e-13
1.877399558858102495e-13
1.861086273166107028e-13
1.844947552100060446e-13
1.828981056125793612e-13
1.813184608012949721e-13
1.797556058821569584e-13
1.782093166457279398e-13
1.766793724270444842e-13
1.751655677568058101e-13
1.736676998157777457e-13
1.721855570556650873e-13
1.707189312424596435e-13
1.692676283775696730e-13
1.678314569462738637e-13
1.664102172495248831e-13
1.650037126892549520e-13
1.636117600110442877e-13
1.622341782899045641e-13
1.608707805316868339e-13
1.595213890164416101e-13
1.581858399734014502e-13
1.568639716304982506e-13
1.555556148251759618e-13
1.542606029342237576e-13
1.529787809016871876e-13
1.517099955501688356e-13
1.504540867635087222e-13
1.492108968073510905e-13
1.479802873359583623e-13
1.467620876667452440e-13
1.455561634892336137e-13
1.443623816846309196e-13
1.431805782769637235e-13
1.420106240122970480e-13
1.408523752455478463e-13
1.397056904306710744e-13
1.385704451520424494e-13
1.374464864185012106e-13
1.363336933803166541e-13
1.352319462527818926e-13
1.341410979617383414e-13
1.330610321401675637e-13
1.319916196927663819e-13
1.309327333781763182e-13
1.298842611217386375e-13
1.288460655450341439e-13
1.278180377312613347e-13
1.268000697170614679e-13
1.257920293557317327e-13
1.247938117125501041e-13
1.238053005723983741e-13
1.228263813611225053e-13
1.218569529596456978e-13
1.208968917976093403e-13
1.199460995581930900e-13
1.190044787795201225e-13
1.180719105267157547e-13
1.171483000272224299e-13
1.162335424916342533e-13
1.153275345859802960e-13
1.144301849361068952e-13
1.135413822090385776e-13
1.126610375222347347e-13
1.117890627609737645e-13
1.109253507077639009e-13
1.100698156405633665e-13
1.092223629255795796e-13
1.083828992224568093e-13
1.075513420715458136e-13
1.067275921488632858e-13
1.059115703340578624e-13
1.051031981735232532e-13
1.043023801646582632e-13
1.035090399400673606e-13
1.027230931664862115e-13
1.019444566399832996e-13
1.011730566367800132e-13
1.004088035505769546e-13
9.965162559568462251e-14
9.890145158758569348e-14
9.815819511992299919e-14
9.742178687192265431e-14
9.669215041043449069e-14
9.596921031004991168e-14
9.525289961843280769e-14
9.454313718749942956e-14
9.383985779839708625e-14
9.314299677507888498e-14
9.245247582742981921e-14
9.176823194731854294e-14
9.109019576529028672e-14
9.041829881273082486e-14
8.975248020693082870e-14
8.909266635547301921e-14
8.843879792877450780e-14
8.779081608801775709e-14
8.714864979778761420e-14
8.651224171445145125e-14
8.588152879523743694e-14
8.525644880403625709e-14
8.463694630760392840e-14
8.402295447468390059e-14
8.341441926585985840e-14
8.281128708600357663e-14
8.221349339545052525e-14
8.162098594159933599e-14
8.103370735764299521e-14
8.045160100030356255e-14
7.987461633673444727e-14
7.930269259604604134e-14
7.873578049824953654e-14
7.817383116606872059e-14
7.761678588569583402e-14
7.706459698720684797e-14
7.651721220412257641e-14
7.597457991996847009e-14
7.543665401526297041e-14
7.490337916015328404e-14
7.437471070886144833e-14
7.385060575336547819e-14
7.333101284715416285e-14
7.281589045300104690e-14
7.230519286416324901e-14
7.179887492732870852e-14
7.129689641079064531e-14
7.079920875405589755e-14
7.030577268173480262e-14
6.981654922089001083e-14
6.933149138757134751e-14
6.885056113181180180e-14
6.837371664530607059e-14
6.790092061902659102e-14
6.743212023499756759e-14
6.696729495936567880e-14
6.650639293992147501e-14
6.604937859649316448e-14
6.559622412800302309e-14
6.514687197488391864e-14
6.470129525396729833e-14
6.425946697074101989e-14
6.382133148030051791e-14
6.338686267387407088e-14
6.295602737809952328e-14
6.252877892604889566e-14
6.210509874572900647e-14
6.168494101251468727e-14
6.126827406460150650e-14
6.085506648075277257e-14
6.044527416121748631e-14
6.003887940273260983e-14
5.963583889523593661e-14
5.923612263565971190e-14
5.883970699549758655e-14
5.844654398104493166e-14
5.805661071539278606e-14
5.766988424287073807e-14
5.728631812579392610e-14
5.690589013440892526e-14
5.652857225386210190e-14
5.615432539673849870e-14
5.578313353332528129e-14
5.541495826746021438e-14
5.504977282857917418e-14
5.468755064739350500e-14
5.432825473353564692e-14
5.397186979656940206e-14
5.361835949535194154e-14
5.326769843004537139e-14
5.291986652954121154e-14
5.257482397311191537e-14
5.223255168639903455e-14
5.189303053333650511e-14
5.155622202297589123e-14
5.122210760441779859e-14
5.089066395768462873e-14
5.056185862280376727e-14
5.023567815668004830e-14
4.991209065735626633e-14
4.959107380984020274e-14
4.927260546228874009e-14
4.895665484704149548e-14
4.864320912196809870e-14
4.833223804444530239e-14
4.802372040888208709e-14
4.771763935230396746e-14
4.741396141213687428e-14
4.711267022645823658e-14
4.681374939009250498e-14
4.651716646943038006e-14
4.622290554410914011e-14
4.593094674756376522e-14
4.564126263596141235e-14
4.535384153344459419e-14
4.506865645905488430e-14
4.478568838226926974e-14
4.450491841033247892e-14
4.422632049694715353e-14
4.394988348144287740e-14
4.367558175372889353e-14
4.340339720945067090e-14
4.313331535742545876e-14
4.286530790552559233e-14
4.259936077933085772e-14
4.233545987464125156e-14
4.207357774931400540e-14
4.181370070271237525e-14
4.155581175295094560e-14
4.129988760629983638e-14
4.104591810566643102e-14
4.079388034306040884e-14
4.054375803522101940e-14
4.029553501562523787e-14
4.004918915024431932e-14
3.980471072453220366e-14
3.956207796851758570e-14
3.932127537545169060e-14
3.908229045870877688e-14
3.884509920406010793e-14
3.860968954423975634e-14
3.837604967471051183e-14
3.814415670659340827e-14
3.791399923318341398e-14
3.768556310121169231e-14
3.745882887018786557e-14
3.723378808853957299e-14
3.701042162797315098e-14
3.678871590013867653e-14
3.656865741075292924e-14
3.635022765989735129e-14
3.613341855102344093e-14
3.591821187933213142e-14
3.570459468490306219e-14
3.549255653845864078e-14
3.528207733443184471e-14
3.507314692616860566e-14
3.486575514947169320e-14
3.465988247298235316e-14
3.445551900661873037e-14
3.425265255581288535e-14
3.405126648243452244e-14
3.385135338526056145e-14
3.365289688877057723e-14
3.345588527483114931e-14
3.326030690569252132e-14
3.306614593114417909e-14
3.287339525722796855e-14
3.268203928231071696e-14
3.249206681989678468e-14
3.230346881709082822e-14
3.211622806835387329e-14
3.193033575907746707e-14
3.174578306308995786e-14
3.156255325590674383e-14
3.138063774261985426e-14
3.120002598653851522e-14
3.102070370085838745e-14
3.084266439530188931e-14
3.066589400483572789e-14
3.049038239610781573e-14
3.031611950465677071e-14
3.014309170645673833e-14
2.997129277762551115e-14
2.980070930432438241e-14
2.963133160458585270e-14
2.946315006196796096e-14
2.929615512541763484e-14
2.913033389906876337e-14
2.896568044205037894e-14
2.880217876333473591e-14
2.863982662380123159e-14
2.847860852724135201e-14
2.831851902358509620e-14
2.815954938064011242e-14
2.800168457640083812e-14
2.784491933029500931e-14
2.768924828828400463e-14
2.753465679025052310e-14
2.738113657782736314e-14
2.722868246307714925e-14
2.707728023014749059e-14
2.692692778507951906e-14
2.677761113988531054e-14
2.662932528918952669e-14
2.648205942529686921e-14
2.633580574798244786e-14
2.619055650778093661e-14
2.604630400589216273e-14
2.590303783809765970e-14
2.576075321734411573e-14
2.561943989371222525e-14
2.547909044932893846e-14
2.533969751460600894e-14
2.520125114597139743e-14
2.506374674399904523e-14
2.492717451172757373e-14
2.479152734664821091e-14
2.465679819228783523e-14
2.452298003811303126e-14
2.439006344814969868e-14
2.425804402305322392e-14
2.412691004225678729e-14
2.399665961805555311e-14
2.386728121321476178e-14
2.373877057991861054e-14
2.361112109076140378e-14
2.348432154661531446e-14
2.335836782634982675e-14
2.323325576070050528e-14
2.310897441079595324e-14
2.298551749311632803e-14
2.286288096246534996e-14
2.274105419765214390e-14
2.262003541091605120e-14
2.249981414534052907e-14
2.238038649390604460e-14
2.226174431726127958e-14
2.214388167040039514e-14
2.202679264637914761e-14
2.191047141519389509e-14
2.179491032369059160e-14
2.168010586339256449e-14
2.156605052801343304e-14
2.145273888039743305e-14
2.134016551707035582e-14
2.122832314593651004e-14
2.111720838923330780e-14
2.100681405741572907e-14
2.089713493377098658e-14
2.078816583377149299e-14
2.067990160501288481e-14
2.057233531094231504e-14
2.046546371343654432e-14
2.035927819079246767e-14
2.025377734919086104e-14
2.014895269573561089e-14
2.004480109840386226e-14
1.994131767339202538e-14
1.983849416573665042e-14
1.973632753234425778e-14
1.963481469597504706e-14
1.953394758496916014e-14
1.943372155756231675e-14
1.933413362370536034e-14
1.923517593591058239e-14
1.913684716920330951e-14
1.903913959207795316e-14
1.894205031167235451e-14
1.884557330423939064e-14
1.874970416667586655e-14
1.865443852272852209e-14
1.855977202293538167e-14
1.846569885029942841e-14
1.837221623026742549e-14
1.827931842578867875e-14
1.818700123353371630e-14
1.809526047580515446e-14
1.800409057293938029e-14
1.791348885172833836e-14
1.782344980879827984e-14
1.773396940596951461e-14
1.764504362959368319e-14
1.755666849049597110e-14
1.746883867201274027e-14
1.738155160994907814e-14
1.729480073238218321e-14
1.720858485009910063e-14
1.712289748622171705e-14
1.703773615834476130e-14
1.695309710957337045e-14
1.686897418654752667e-14
1.678536515192641739e-14
1.670226774341650564e-14
1.661967596762165008e-14
1.653758638965651620e-14
1.645599680830540032e-14
1.637490138959318448e-14
1.629429917509482333e-14
1.621418441320829130e-14
1.613455497065317855e-14
1.605540636937359570e-14
1.597673534272644154e-14
1.589853864294256007e-14
1.582081304109102722e-14
1.574355420614240394e-14
1.566676008727517876e-14
1.559042641019752155e-14
1.551455004953500557e-14
1.543912789797329412e-14
1.536415579347877398e-14
1.528963175618089124e-14
1.521555167829821541e-14
1.514191255158538667e-14
1.506871138511666623e-14
1.499594520525028932e-14
1.492361003756046770e-14
1.485170397850351863e-14
1.478022210479174211e-14
1.470916354681818508e-14
1.463852344936931245e-14
1.456829996656515101e-14
1.449849026852805516e-14
1.442908962551465010e-14
1.436009623981009580e-14
1.429150829655730500e-14
1.422332116329689579e-14
1.415553213925856649e-14
1.408813945685166904e-14
1.402113860239674555e-14
1.395452874903724911e-14
1.388830544490428227e-14
1.382246697556001680e-14
1.375700985224869209e-14
1.369193150316341164e-14
1.362722937114609309e-14
1.356290091365432182e-14
1.349894275268355995e-14
1.343535323921524541e-14
1.337212903837792763e-14
1.330926770830924373e-14
1.324676690737233928e-14
1.318462351356389629e-14
1.312283606092123096e-14
1.306140146620561704e-14
1.300031748017098507e-14
1.293958186580006744e-14
1.287919239828368292e-14
1.281914609024535307e-14
1.275944152890036284e-14
1.270007500195917036e-14
1.264104588217638020e-14
1.258235050634782619e-14
1.252398750225882260e-14
1.246595474749155060e-14
1.240824866972263716e-14
1.235086865560092398e-14
1.229381117979477849e-14
1.223707420166856220e-14
1.218065710535530841e-14
1.212455643483667482e-14
1.206877018245005667e-14
1.201329497212471234e-14
1.195813158768271855e-14
1.190327530653956272e-14
1.184872554320628923e-14
1.179448034370325136e-14
1.174053644112329880e-14
1.168689193536069927e-14
1.163354623853363593e-14
1.158049614732331314e-14
1.152773979211786974e-14
1.147527531333279595e-14
1.142310086139168358e-14
1.137121459670611011e-14
1.131961344973719525e-14
1.126829686080557005e-14
1.121726301988162888e-14
1.116650891676571790e-14
1.111603279051019144e-14
1.106583408011442373e-14
1.101590865240609184e-14
1.096625714618466295e-14
1.091687664730613134e-14
1.086776544149851576e-14
1.081892068017005491e-14
1.077034182934454757e-14
1.072202720211129325e-14
1.067397400441784140e-14
1.062618170179542289e-14
1.057864755035827191e-14
1.053136999746063129e-14
1.048434751271385005e-14
1.043757964603208601e-14
1.039106272901203058e-14
1.034479633569458755e-14
1.029877896674550214e-14
1.025300809167361582e-14
1.020748328192751867e-14
1.016220306110881380e-14
1.011716494606448141e-14
1.007236749977289136e-14
1.002781029095795392e-14
9.983489892166693312e-15
9.939405894488706384e-15
9.895557864909195602e-15
9.851942444531836353e-15
9.808559222428792602e-15
9.765406811974767375e-15
9.722482888764761796e-15
9.679786102617683620e-15
9.637316040304340272e-15
9.595070420359098020e-15
9.553047912954607202e-15
9.511248103605218613e-15
9.469667851517149421e-15
9.428306762698271267e-15
9.387163534048580330e-15
9.346236869120426364e-15
9.305524604183232895e-15
9.265026343502902600e-15
9.224739949876610418e-15
9.184664173093301571e-15
9.144798616401721488e-15
9.105141181773491116e-15
9.065690637850936884e-15
9.026444931680123747e-15
8.987404506264743651e-15
8.948566499476480367e-15
8.909930532343541578e-15
8.871495404252054875e-15
8.833259124195931084e-15
8.795220522113369476e-15
8.757379218152737499e-15
8.719733257467553360e-15
8.682281487530843351e-15
8.645022761587134207e-15
8.607955938641730906e-15
8.571079883449530626e-15
8.534392717256299692e-15
8.497894086046275463e-15
8.461582917179445184e-15
8.425457420085475363e-15
8.389516558361759666e-15
8.353760021821794073e-15
8.318185335840522254e-15
8.282792915991718167e-15
8.247581024337934695e-15
8.212548649131679453e-15
8.177694088984743724e-15
8.143017046869888353e-15
8.108516525531210356e-15
8.074190853578012943e-15
8.040039732638954728e-15
8.006061511023320916e-15
7.972255225745666007e-15
7.938619918392889592e-15
7.905155289094898184e-15
7.871859075732986924e-15
7.838730992468791572e-15
7.805770099113466883e-15
7.772974825307611267e-15
7.740344884072610954e-15
7.707879348691803017e-15
7.675576676286367654e-15
7.643435962958573273e-15
7.611456920594556373e-15
7.579637426267375164e-15
7.547977204939376576e-15
7.516475967803906840e-15
7.485131631701969681e-15
7.453943920749846085e-15
7.422911960781528637e-15
7.392034301214573192e-15
7.361310089112137528e-15
7.330739047665206654e-15
7.300319751382822990e-15
7.270051359387402593e-15
7.239933594425211718e-15
7.209964500160159367e-15
7.180143811390976406e-15
7.150470703089824871e-15
7.120944354174229975e-15
7.091563407981610018e-15
7.062327598672050642e-15
7.033235585163218360e-15
7.004286573574441465e-15
6.975480297739851428e-15
6.946815439608187358e-15
6.918291216526666367e-15
6.889906342172000549e-15
6.861661096861684280e-15
6.833553718865192920e-15
6.805583984185333593e-15
6.777751159547227690e-15
6.750054020639280422e-15
6.722491851670210000e-15
6.695064427414276815e-15
6.667770544160069596e-15
6.640609495846447490e-15
6.613580579618586906e-15
6.586683095823752428e-15
6.559916348006779800e-15
6.533279176159893431e-15
6.506771363628911205e-15
6.480392223441658894e-15
6.454140614990723272e-15
6.428015867427777643e-15
6.402017763239129392e-15
6.376144733738677916e-15
6.350397014591968552e-15
6.324773496720346861e-15
6.299273524362834344e-15
6.273896010196487477e-15
6.248640745142890685e-15
6.223507082319195608e-15
6.198493952432075081e-15
6.173601145941487903e-15
6.148827605405212411e-15
6.124172704613220495e-15
6.099635820167906494e-15
6.075216742069065339e-15
6.050914028464597826e-15
6.026727477870621916e-15
6.002656478097341889e-15
5.978700020577371140e-15
5.954857903463677882e-15
5.931129522857425271e-15
5.907513886798888149e-15
5.884010405136599018e-15
5.860618875747272523e-15
5.837337940274086452e-15
5.814167404566581717e-15
5.791107066377933399e-15
5.768155591304320214e-15
5.745312784982841251e-15
5.722578075629793755e-15
5.699950527073071793e-15
5.677429580375953472e-15
5.655015040999440462e-15
5.632705990897729140e-15
5.610501892946677508e-15
5.588402569695451748e-15
5.566406780194648519e-15
5.544514354107668791e-15
5.522724766489838629e-15
5.501037494711273363e-15
5.479451676051917637e-15
5.457967139613071951e-15
5.436583031924051397e-15
5.415298846480723936e-15
5.394114412055289128e-15
5.373028888863174784e-15
5.352041777010605058e-15
5.331152252493813605e-15
5.310360474584705444e-15
5.289665299536271946e-15
5.269066562391111630e-15
5.248563774068940157e-15
5.228156132349356404e-15
5.207843158914836685e-15
5.187624688529663081e-15
5.167499931732612743e-15
5.147468416415806819e-15
5.127529672518863614e-15
5.107683232025854374e-15
5.087928628962138380e-15
5.068265399391065504e-15
5.048692488290247277e-15
5.029210036924940834e-15
5.009817587360160071e-15
4.990514683685652672e-15
4.971300294741977095e-15
4.952174553702006030e-15
4.933137010617691573e-15
4.914186086160602338e-15
4.895323042882957932e-15
4.876546309119332058e-15
4.857855454078075266e-15
4.839250048791180202e-15
4.820730213090864019e-15
4.802294424032438606e-15
4.783943348458346861e-15
4.765676553858117128e-15
4.747492544680536275e-15
4.729391442615481602e-15
4.711372831468799998e-15
4.693436296847702232e-15
4.675581426157639849e-15
4.657807808599102396e-15
4.640114525092705702e-15
4.622501694425729144e-15
4.604968920171180213e-15
4.587515807615145698e-15
4.570141465578239263e-15
4.552846007526192691e-15
4.535628552179368045e-15
4.518489209673082561e-15
4.501427108519424820e-15
4.484442355610842140e-15
4.467533610368754985e-15
4.450701461603116876e-15
4.433945529517603088e-15
4.417264497207371943e-15
4.400658939347831527e-15
4.384127554525831639e-15
4.367670908166653400e-15
4.351287714157277415e-15
4.334978528844663857e-15
4.318742532475263276e-15
4.302578918740013209e-15
4.286487785306395515e-15
4.270468777144841384e-15
4.254521101153392895e-15
4.238645287376304262e-15
4.222840108967672740e-15
4.207105225410096356e-15
4.191440725837624336e-15
4.175845838668817104e-15
4.160320650321085722e-15
4.144864397647300509e-15
4.129477164419856622e-15
4.114157781257636948e-15
4.098906749292809837e-15
4.083723731155450230e-15
4.068607577760231508e-15
4.053558778380418631e-15
4.038576197216431067e-15
4.023659916985243809e-15
4.008810011390757588e-15
3.994025364259888317e-15
3.979306445723673599e-15
3.964652152494453765e-15
3.950062174979651076e-15
3.935536972187488218e-15
3.921075459811691246e-15
3.906677710860686915e-15
3.892343037155671979e-15
3.878071509395953475e-15
3.863862446804919263e-15
3.849715918778968463e-15
3.835631623439011578e-15
3.821608532083157277e-15
3.807647084668104117e-15
3.793746624094879518e-15
3.779906861301665553e-15
3.766127863755448774e-15
3.752408984881511469e-15
3.738749588316713154e-15
3.725150093685432109e-15
3.711609518281282383e-15
3.698128275178418562e-15
3.684705392815640125e-15
3.671341277834820555e-15
3.658034969686688010e-15
3.644786197392037386e-15
3.631595358114910501e-15
3.618461507532748926e-15
3.605384707302342780e-15
3.592364357283397202e-15
3.579400517172456324e-15
3.566492593165647167e-15
3.553640643050405784e-15
3.540844079293368595e-15
3.528102640651592991e-15
3.515416066931453900e-15
3.502784412208585008e-15
3.490207101253698079e-15
3.477683877052612755e-15
3.465214483633467039e-15
3.452798666064955380e-15
3.440436170454523756e-15
3.428127045647782690e-15
3.415870434548295433e-15
3.403666091988313124e-15
3.391514365994077316e-15
3.379414413723914753e-15
3.367366285406789148e-15
3.355369734329173570e-15
3.343424514800734701e-15
3.331529808000265961e-15
3.319686236819037515e-15
3.307892986181047099e-15
3.296149819670651913e-15
3.284456781875711962e-15
3.272813354749113649e-15
3.261219304725606859e-15
3.249674399174833946e-15
3.238178679643781905e-15
3.226731638771932873e-15
3.215333047466106956e-15
3.203982680380645858e-15
3.192680313776673543e-15
3.181425724810776811e-15
3.170218691533417320e-15
3.159058992887320336e-15
3.147946148547797504e-15
3.136880202566227010e-15
3.125860936519414837e-15
3.114888132869941801e-15
3.103961321083704583e-15
3.093080542355195177e-15
3.082245581761785097e-15
3.071455726690529707e-15
3.060711516361399302e-15
3.050012241372789578e-15
3.039357694746742685e-15
3.028747670315614359e-15
3.018182204551749971e-15
3.007660607781963279e-15
2.997183158483124357e-15
2.986749649393817125e-15
2.976359402017849615e-15
2.966012453970605349e-15
2.955708604747888254e-15
2.945447654644485826e-15
2.935229404752647023e-15
2.925053656960541615e-15
2.914919986286235384e-15
2.904828426598410277e-15
2.894778782135814767e-15
2.884770857926935840e-15
2.874804237526919207e-15
2.864878952456221289e-15
2.854994590461421147e-15
2.845151181921034746e-15
2.835348318731532293e-15
2.825586030159258152e-15
2.815863697784024725e-15
2.806181566765410643e-15
2.796539449033467089e-15
2.786936736042874588e-15
2.777373667516895957e-15
2.767849641384343472e-15
2.758364893805028003e-15
2.748918829109545170e-15
2.739511679955273866e-15
2.730143060250367951e-15
2.720812589467574165e-15
2.711520294269146677e-15
2.702265998215380838e-15
2.693049329654759335e-15
2.683870514906136075e-15
2.674728986988115419e-15
2.665624578887390656e-15
2.656557318080948341e-15
2.647526842678879364e-15
2.638533179169380862e-15
2.629575969241756719e-15
2.620655238420727228e-15
2.611770443699571629e-15
2.602921800107960912e-15
2.594109142411340730e-15
2.585331936127217342e-15
2.576590391584730696e-15
2.567883979891568604e-15
2.559212726557326531e-15
2.550576653431043157e-15
2.541975239890727786e-15
2.533408688657521364e-15
2.524876484547223384e-15
2.516378474304447493e-15
2.507914856217590709e-15
2.499485123127179135e-15
2.491089296985112996e-15
2.482727051388334207e-15
2.474398407440697013e-15
2.466103041921954897e-15
2.457840975109753764e-15
2.449612055432992346e-15
2.441415796873712389e-15
2.433252387976515977e-15
2.425121513335488476e-15
2.417023026601794518e-15
2.408956945681779505e-15
2.400922959764663693e-15
2.392920762375365599e-15
2.384950533980813141e-15
2.377011808315188758e-15
2.369104763235999445e-15
2.361228937277932604e-15
2.353384505732433655e-15
2.345571011882713763e-15
2.337788317622967221e-15
2.330036594457796291e-15
2.322315392679896060e-15
2.314624728544290977e-15
2.306964311496566101e-15
2.299334157091959600e-15
2.291733977571238026e-15
2.284163788427867794e-15
2.276623307762466744e-15
2.269112405831141747e-15
2.261630953371516032e-15
2.254178967573126288e-15
2.246756172507218222e-15
2.239362440366936797e-15
2.231997643823528355e-15
2.224661656025482733e-15
2.217354350597668272e-15
2.210075742722518126e-15
2.202825424013981433e-15
2.195603271911211401e-15
2.188409441709221076e-15
2.181243531191100761e-15
2.174105556299473364e-15
2.166995393953543617e-15
2.159912921541570971e-15
2.152857747226377335e-15
2.145830156143830538e-15
2.138829758123409293e-15
2.131856434649110080e-15
2.124910199486302864e-15
2.117990801667386681e-15
2.111098123995682121e-15
2.104232049708030256e-15
2.097392591393046589e-15
2.090579502792913750e-15
2.083792668453922750e-15
2.077031973352622746e-15
2.070297302895002208e-15
2.063588542915665343e-15
2.056905579676989598e-15
2.050248299868273685e-15
2.043616467322780928e-15
2.037010094233089469e-15
2.030429068551236349e-15
2.023873278652783435e-15
2.017342492768235688e-15
2.010836722021302194e-15
2.004355856040169557e-15
1.997899547721342207e-15
1.991467927306494760e-15
1.985060885656391629e-15
1.978678314049102673e-15
1.972319872224759816e-15
1.965985686805930406e-15
1.959675420889429194e-15
1.953389199319762600e-15
1.947126915399944898e-15
1.940888237801850320e-15
1.934673067330940185e-15
1.928481528892804385e-15
1.922313520896214253e-15
1.916168721416114945e-15
1.910047033263585888e-15
1.903948577897054169e-15
1.897873038109035386e-15
1.891820533675164854e-15
1.885790750499962770e-15
1.879783593133045191e-15
1.873798966461278434e-15
1.867836986952444690e-15
1.861897136525869850e-15
1.855979951374263387e-15
1.850084707473133981e-15
1.844211521500556390e-15
1.838360505929731806e-15
1.832531155789885644e-15
1.826723788669690152e-15
1.820938106954293940e-15
1.815174018913510489e-15
1.809431233114540468e-15
1.803710059638959531e-15
1.798010206623216371e-15
1.792331583656679321e-15
1.786673904920217356e-15
1.781037473190746238e-15
1.775421808612195500e-15
1.769827210383139404e-15
1.764253203506049733e-15
1.758699893138926038e-15
1.753167001652851144e-15
1.747654821215324859e-15
1.742162886368218661e-15
1.736691299401918387e-15
1.731239973444559871e-15
1.725808637501532345e-15
1.720397391766358161e-15
1.715005967840729310e-15
1.709634464541509426e-15
1.704282796560197705e-15
1.698950699353055565e-15
1.693638269720752865e-15
1.688345245651227535e-15
1.683071722621312448e-15
1.677817441125277525e-15
1.672582495336656645e-15
1.667366628230958051e-15
1.662169759751186360e-15
1.656991982669193082e-15
1.651833046240583669e-15
1.646692874379918860e-15
1.641571560555612962e-15
1.636468858105751847e-15
1.631384691736797425e-15
1.626319153024934594e-15
1.621271833084106614e-15
1.616242989743562485e-15
1.611232382142107137e-15
1.606239936286564548e-15
1.601265578439404056e-15
1.596309235118325427e-15
1.591370993630288662e-15
1.586450459085408559e-15
1.581547720151802129e-15
1.576662862369617802e-15
1.571795496681455091e-15
1.566945709970957824e-15
1.562113430530118896e-15
1.557298586902583153e-15
1.552501107883174868e-15
1.547720922517416534e-15
1.542957960101041547e-15
1.538211998702009683e-15
1.533483121181836158e-15
1.528771257569960879e-15
1.524076189036820953e-15
1.519398145103496713e-15
1.514736759099924527e-15
1.510091964361037351e-15
1.505463986463440206e-15
1.500852464106767938e-15
1.496257331309620005e-15
1.491678666045009225e-15
1.487116400519148821e-15
1.482570324940757226e-15
1.478040374225868098e-15
1.473526624271353361e-15
1.469029008229915356e-15
1.464547320192601961e-15
1.460081495966777024e-15
1.455631609435297920e-15
1.451197457545331752e-15
1.446778976762341098e-15
1.442376239492023342e-15
1.437989045496316470e-15
1.433617331895290094e-15
1.429261036022386696e-15
1.424920228361223952e-15
1.420594712788782665e-15
1.416284429429944460e-15
1.411989319037300990e-15
1.407709322560334720e-15
1.403444510685814726e-15
1.399194565007074829e-15
1.394959685483878946e-15
1.390739556771743013e-15
1.386534249673077201e-15
1.382343832552760788e-15
1.378167994600154051e-15
1.374006930168397325e-15
1.369860331430246115e-15
1.365728266878647717e-15
1.361610679608168970e-15
1.357507512906394808e-15
1.353418710253574256e-15
1.349344094169311327e-15
1.345283730910563368e-15
1.341237564522840445e-15
1.337205539242958691e-15
1.333187480803663816e-15
1.329183453729824493e-15
1.325193402819594495e-15
1.321217156173091504e-15
1.317254777046825821e-15
1.313306210797281924e-15
1.309371287858366276e-15
1.305449955720219111e-15
1.301542275984763889e-15
1.297648194741474922e-15
1.293767545478049872e-15
1.289900276375383195e-15
1.286046447429050354e-15
1.282206005456123036e-15
1.278378676421872596e-15
1.274564630790625096e-15
1.270763815916730395e-15
1.266975961640455647e-15
1.263201235584788969e-15
1.259439477886301345e-15
1.255690638249329884e-15
1.251954773209879253e-15
1.248231725058723847e-15
1.244521444002826659e-15
1.240823880413086625e-15
1.237138984824070813e-15
1.233466707933745215e-15
1.229807000603196681e-15
1.226159916819798970e-15
1.222525201643235175e-15
1.218902911489406086e-15
1.215293101180460636e-15
1.211695520920729818e-15
1.208110226346231742e-15
1.204537171312079766e-15
1.200976309823928333e-15
1.197427596037722513e-15
1.193890885849551128e-15
1.190366331026946348e-15
1.186853689841949030e-15
1.183353015450830891e-15
1.179864262749023300e-15
1.176387290803752101e-15
1.172922151741770311e-15
1.169468800896070325e-15
1.166027099198363163e-15
1.162597097767962371e-15
1.159178752373241355e-15
1.155771925784668398e-15
1.152376668135682666e-15
1.148992843405911930e-15
1.145620501080737641e-15
1.142259506337843643e-15
1.138909908023828706e-15
1.135571572503425770e-15
1.132244458035807363e-15
1.128928612522776819e-15
1.125623904085561929e-15
1.122330380009791112e-15
1.119047909576715473e-15
1.115776451709425104e-15
1.112516052782113721e-15
1.109266496901662234e-15
1.106027917595872167e-15
1.102800186989071021e-15
1.099583350268007407e-15
1.096377195489785189e-15
1.093181853292657503e-15
1.089997113676149888e-15
1.086823105856800575e-15
1.083659705284340570e-15
1.080506872306934429e-15
1.077364484691150305e-15
1.074232668862088868e-15
1.071111302431752021e-15
1.068000346255194586e-15
1.064899680215074117e-15
1.061809428012807015e-15
1.058729389076941687e-15
1.055659606083372019e-15
1.052600121156662731e-15
1.049550658672597308e-15
1.046511420263572490e-15
1.043482211223108268e-15
1.040463073977363506e-15
1.037453971935060222e-15
1.034454868621884638e-15
1.031465650833254417e-15
1.028486359923367625e-15
1.025516883660655306e-15
1.022557262871542733e-15
1.019607461651428122e-15
1.016667369214943664e-15
1.013736950981255933e-15
1.010816246743325813e-15
1.007905221046656030e-15
1.005003765000084086e-15
1.002111844448006307e-15
9.992294981786238650e-16
9.963566186963851674e-16
9.934932442976070310e-16
9.906392684086561334e-16
9.877946573991200466e-16
9.849593777409256626e-16
9.821334667615295703e-16
9.793168197009466634e-16
9.765094033427709444e-16
9.737111845723476399e-16
9.709221997751290911e-16
9.681422769083221493e-16
9.653715216280131413e-16
9.626098318319100580e-16
9.598571749171957332e-16
9.571135183818769182e-16
9.543788298246316381e-16
9.516530769446486578e-16
9.489362275414708933e-16
9.462282495148336954e-16
9.435291108645029362e-16
9.408387796901099391e-16
9.381571586877925614e-16
9.354843474763229057e-16
9.328201837577551005e-16
9.301647015277414115e-16
9.275178693777953498e-16
9.248796559983072383e-16
9.222499665316868008e-16
9.196288341196767166e-16
9.170162277434201389e-16
9.144121166299323882e-16
9.118164082520766660e-16
9.092291358014767070e-16
9.066502076739195846e-16
9.040796566429749578e-16
9.015174531337096841e-16
8.989635066938593702e-16
8.964177888025971861e-16
8.938803314145228401e-16
8.913511053152798734e-16
8.888300215620661609e-16
8.863170519752961815e-16
8.838122277128927042e-16
8.813154609446762379e-16
8.788267824383856359e-16
8.763461050989880831e-16
8.738734011684970777e-16
8.714086429711444557e-16
8.689518605058929582e-16
8.665029108038678476e-16
8.640619384014916342e-16
8.616287439930886614e-16
8.592033576371963473e-16
8.567858084000660653e-16
8.543759564239112196e-16
8.519738869223128279e-16
8.495795167158716490e-16
8.471928189530446639e-16
8.448137119275128313e-16
8.424422790789536390e-16
8.400784386029986502e-16
8.377221639710030681e-16
8.353733748236710373e-16
8.330321528680077107e-16
8.306983642443180593e-16
8.283720898083996953e-16
8.260531968666540475e-16
8.237417127737454208e-16
8.214375591438449582e-16
8.191408151561179256e-16
8.168513504127246342e-16
8.145691915890870173e-16
8.122943130262817926e-16
8.100266379438429093e-16
8.077661925188672891e-16
8.055129006011910126e-16
8.032667880400925553e-16
8.010278295627835248e-16
7.987959499563007767e-16
7.965711745883253734e-16
7.943534289570683494e-16
7.921427385837217186e-16
7.899390300459118530e-16
7.877423286411527079e-16
7.855525615479009429e-16
7.833697053358706461e-16
7.811937848315857777e-16
7.790247281034281272e-16
7.768625119266594508e-16
7.747071606662904971e-16
7.725586032693077354e-16
7.704168167156365729e-16
7.682818249180507617e-16
7.661535110416476297e-16
7.640319457842505626e-16
7.619170595301984242e-16
7.598088295962917823e-16
7.577072333657529974e-16
7.556122482881302772e-16
7.535238972516198998e-16
7.514420668842517227e-16
7.493667804164929936e-16
7.472980603106906871e-16
7.452357946437240124e-16
7.431800062164230009e-16
7.411306729398451277e-16
7.390877727905706548e-16
7.370512838105986000e-16
7.350211841072390571e-16
7.329974518530068974e-16
7.309799790246910323e-16
7.289689168418804522e-16
7.269640715417756281e-16
7.249655928921885389e-16
7.229732888332405940e-16
7.209872233925703917e-16
7.190073751901827302e-16
7.170336393755582900e-16
7.150661621486389884e-16
7.131047556301488189e-16
7.111494822259333757e-16
7.092003208708872620e-16
7.072571689177560005e-16
7.053201690929195710e-16
7.033891375987801119e-16
7.014640547298529292e-16
6.995450611702762373e-16
6.976319755228227887e-16
6.957248576907216248e-16
6.938236080248901418e-16
6.919283645996041642e-16
6.900388711075910558e-16
6.881553436887475877e-16
6.862776060064033202e-16
6.844057165174271940e-16
6.825395784243945260e-16
6.806792495904389839e-16
6.788246340291720645e-16
6.769757890166978747e-16
6.751326949378361783e-16
6.732952570116824592e-16
6.714635316487570826e-16
6.696374248610632940e-16
6.678169924884777221e-16
6.660021413287981167e-16
6.641929266576797825e-16
6.623892560516660084e-16
6.605911842285327238e-16
6.587986195365860556e-16
6.570116161419875927e-16
6.552300831578867081e-16
6.534540026275701160e-16
6.516834278989404149e-16
6.499182692172001436e-16
6.481585793939846519e-16
6.464042694223666919e-16
6.446553215997729002e-16
6.429117879423117478e-16
6.411735805500040488e-16
6.394406818709517322e-16
6.377131431390539404e-16
6.359908775465204550e-16
6.342738676914694039e-16
6.325620962203674115e-16
6.308556133429531575e-16
6.291543336835928867e-16
6.274582400378912229e-16
6.257673818635324158e-16
6.240816748434552572e-16
6.224011019216958474e-16
6.207256460901536333e-16
6.190552903885278061e-16
6.173900830458963265e-16
6.157298766239183642e-16
6.140747843012839693e-16
6.124247241708357348e-16
6.107796795144994956e-16
6.091396336615732687e-16
6.075046334105796432e-16
6.058745350597742528e-16
6.042493858277701082e-16
6.026292320260077312e-16
6.010139320342562848e-16
5.994035946041562843e-16
5.977981410694364544e-16
5.961974939117922776e-16
5.946017603660926135e-16
5.930108627314360998e-16
5.914247244386358229e-16
5.898434512292234802e-16
5.882669062245298082e-16
5.866951941833470571e-16
5.851281793852318579e-16
5.835659656163631279e-16
5.820084183038625289e-16
5.804555814564405366e-16
5.789074395272612395e-16
5.773639770142323248e-16
5.758251784599273760e-16
5.742910284515075781e-16
5.727615116206452969e-16
5.712365553656144665e-16
5.697162021883974868e-16
5.682004368500659443e-16
5.666892441559113197e-16
5.651826089553633402e-16
5.636804601112189715e-16
5.621828390832769472e-16
5.606897308493294551e-16
5.592010651342488424e-16
5.577169378392124353e-16
5.562372237197092687e-16
5.547619632216433567e-16
5.532910872030973727e-16
5.518246357100796494e-16
5.503625940186220868e-16
5.489048938230100744e-16
5.474516279700951844e-16
5.460026216897678851e-16
5.445580205997356242e-16
5.431177041027149527e-16
5.416816584192229857e-16
5.402499220422764432e-16
5.388224805819655611e-16
5.373992679088114357e-16
5.359803219511866337e-16
5.345655771111724660e-16
5.331550709447433404e-16
5.317487892679890792e-16
5.303466672733632576e-16
5.289486915577047466e-16
5.275548991244854545e-16
5.261652261585810793e-16
5.247797093372848291e-16
5.233982853570285831e-16
5.220209905366640159e-16
5.206477620797846409e-16
5.192786359506771603e-16
5.179135498557411250e-16
5.165524908968338035e-16
5.151954945120540239e-16
5.138424991524400801e-16
5.124934920258195887e-16
5.111485080526127483e-16
5.098074864189762285e-16
5.084704144382414812e-16
5.071373265215088460e-16
5.058081625806578372e-16
5.044829100340442133e-16
5.031616027916599050e-16
5.018441814818349022e-16
5.005306336274576118e-16
4.992209467852088755e-16
4.979151085455162154e-16
4.966131519991699823e-16
4.953150189464720599e-16
4.940206970815742342e-16
4.927301741321707553e-16
4.914434825499964447e-16
4.901605205568395248e-16
4.888813651718827519e-16
4.876059595686517315e-16
4.863342916444996482e-16
4.850663493300106492e-16
4.838021205889493576e-16
4.825415934182111742e-16
4.812847990293388284e-16
4.800316389375355412e-16
4.787821874189950905e-16
4.775363467934349697e-16
4.762941906676536397e-16
4.750556221587637908e-16
4.738206721242998201e-16
4.725893707313063716e-16
4.713616222797975988e-16
4.701374987320589759e-16
4.689169051679922688e-16
4.676999129034854942e-16
4.664864277914392040e-16
4.652764796604324390e-16
4.640700570340200159e-16
4.628671486120836315e-16
4.616677431619291209e-16
4.604718294820569366e-16
4.592793564154327678e-16
4.580903929658642167e-16
4.569048482199154522e-16
4.557227510846407869e-16
4.545440905113583146e-16
4.533688554822686531e-16
4.521969960303579316e-16
4.510285405095787247e-16
4.498634779921458071e-16
4.487017975809490070e-16
4.475434884094949290e-16
4.463885014794708767e-16
4.452368644703551254e-16
4.440885666049201036e-16
4.429435594555251021e-16
4.418018703045777745e-16
4.406634884636721947e-16
4.395283660687473872e-16
4.383965300114056644e-16
4.372679696916114685e-16
4.361426378018814307e-16
4.350205608491693356e-16
4.339017283213519114e-16
4.327860934606091291e-16
4.316736823952988791e-16
4.305644487295445181e-16
4.294584183419163074e-16
4.283555451954937704e-16
4.272558549216844251e-16
4.261593018395620352e-16
4.250659113359666784e-16
4.239756731576393455e-16
4.228885421531604124e-16
4.218045085671258188e-16
4.207235973049099197e-16
4.196457637360377524e-16
4.185710325289248443e-16
4.174993593974915060e-16
4.164307347162910171e-16
4.153651828019520544e-16
4.143026936539528867e-16
4.132431900323609511e-16
4.121867633182312711e-16
4.111333031125913992e-16
4.100828667927540288e-16
4.090354114201941019e-16
4.079909276104086566e-16
4.069494389463397273e-16
4.059109031949748298e-16
4.048753437516558527e-16
4.038426863150199179e-16
4.028129867220890130e-16
4.017862033845403755e-16
4.007623272660652737e-16
3.997413812114240717e-16
3.987233241093731698e-16
3.977081469961933873e-16
3.966958409316845929e-16
3.956863969991337561e-16
3.946798375069003296e-16
3.936761221247501849e-16
3.926752420079831852e-16
3.916771883352392211e-16
3.906819523084631557e-16
3.896895251528707559e-16
3.886998981169129963e-16
3.877130927803647929e-16
3.867290396964474578e-16
3.857477906751411431e-16
3.847692768172646218e-16
3.837935494798118783e-16
3.828205403065407749e-16
3.818503002058048148e-16
3.808827908021736026e-16
3.799179742321920552e-16
3.789559007393040689e-16
3.779965323843000509e-16
3.770398317332576105e-16
3.760858483742346585e-16
3.751345160769819668e-16
3.741858553940783534e-16
3.732398864268527515e-16
3.722965437238058106e-16
3.713558475491064846e-16
3.704177895856787309e-16
3.694823615389318530e-16
3.685495272311273899e-16
3.676193343382555172e-16
3.666917189352778230e-16
3.657667007212062987e-16
3.648442715117557316e-16
3.639244231448941820e-16
3.630071474808036386e-16
3.620924092873884106e-16
3.611802278056016995e-16
3.602705949605306523e-16
3.593634759524948172e-16
3.584588899326783280e-16
3.575568291060509547e-16
3.566572856986190703e-16
3.557602256097038345e-16
3.548656676701407084e-16
3.539736041673753132e-16
3.530840013834154397e-16
3.521968778861094038e-16
3.513122260240393496e-16
3.504300124573303700e-16
3.495502554948432099e-16
3.486729220458061059e-16
3.477980302481464638e-16
3.469255725511934808e-16
3.460555162348139496e-16
3.451878791844723238e-16
3.443226289242140756e-16
3.434597831728719288e-16
3.425993096967333326e-16
3.417412260496880840e-16
3.408855002383447330e-16
3.400321496533207108e-16
3.391811425396404702e-16
3.383324961263012473e-16
3.374861788948532872e-16
3.366421838267163628e-16
3.358005279108654400e-16
3.349611799794878004e-16
3.341241568639946852e-16
3.332894276284534188e-16
3.324570089483001849e-16
3.316268466091902144e-16
3.307990042441069753e-16
3.299734044526810995e-16
3.291500871103004133e-16
3.283290219644785017e-16
3.275102252308465655e-16
3.266936439371347911e-16
3.258793172787513933e-16
3.250672382092071339e-16
3.242573543657556846e-16
3.234497044424334711e-16
3.226442589634795908e-16
3.218410112299537969e-16
3.210399768649253495e-16
3.202411045040243162e-16
3.194444320203686359e-16
3.186499304795079414e-16
3.178575932688944822e-16
3.170674356851134799e-16
3.162794075024128712e-16
3.154935459841088383e-16
3.147098013202202822e-16
3.139282104564573846e-16
3.131487453878751659e-16
3.123713998102635990e-16
3.115961674354114952e-16
3.108230419910816558e-16
3.100520172209878958e-16
3.092830868847703923e-16
3.085162447579719696e-16
3.077514846320136443e-16
3.069888210617790207e-16
3.062282062921671060e-16
3.054696549930423205e-16
3.047131610190905504e-16
3.039587182407524665e-16
3.032063205441980842e-16
3.024559618313013711e-16
3.017076360196150042e-16
3.009613169486440832e-16
3.002170388347760869e-16
2.994747555345067034e-16
2.987345009747856615e-16
2.979962293624745150e-16
2.972599546413702549e-16
2.965256708370352100e-16
2.957933719905087161e-16
2.950630326962022821e-16
2.943346666429619291e-16
2.936082872246517643e-16
2.928838306202882215e-16
2.921613488695733195e-16
2.914407977190457814e-16
2.907221905461660914e-16
2.900055215128732739e-16
2.892907847963530624e-16
2.885779558118983266e-16
2.878670476931744548e-16
2.871580546619789901e-16
2.864509524006226819e-16
2.857457538628350983e-16
2.850424533148060428e-16
2.843410267027924671e-16
2.836414868032441654e-16
2.829438097363831198e-16
2.822480081616170150e-16
2.815540764183187241e-16
2.808619908856254720e-16
2.801717640784920375e-16
2.794833726889326717e-16
2.787968292593203948e-16
2.781121106782025165e-16
2.774292293735359673e-16
2.767481799539970269e-16
2.760689395581506853e-16
2.753915030296379082e-16
2.747158825709391618e-16
2.740420555668901752e-16
2.733700341088860927e-16
2.726997957446718373e-16
2.720313524556438381e-16
2.713646819512121783e-16
2.706997791630957706e-16
2.700366559092771763e-16
2.693752901389291645e-16
2.687156935627052838e-16
2.680578442883822886e-16
2.674017373099315569e-16
2.667473676333868894e-16
2.660947467570404299e-16
2.654438695169658477e-16
2.647946980606408833e-16
2.641472602102199071e-16
2.635015346179108936e-16
2.628575163634157148e-16
2.622152166346038810e-16
2.615745982795492788e-16
2.609356885436657321e-16
2.602984823667715857e-16
2.596629430109402539e-16
2.590290973820793515e-16
2.583969090149896021e-16
2.577664045912633598e-16
2.571375635154590983e-16
2.565103965257740664e-16
2.558848676967586138e-16
2.552609878510891034e-16
2.546387675808983339e-16
2.540181866563437463e-16
2.533992250995223735e-16
2.527819087155443691e-16
2.521662174901712409e-16
2.515521467177919760e-16
2.509396917044237165e-16
2.503288477676935166e-16
2.497196102368213827e-16
2.491119744526016855e-16
2.485059357673852630e-16
2.479014895675840933e-16
2.472986313410448974e-16
2.466973566091570579e-16
2.460976609042691087e-16
2.454995397696725635e-16
2.449029887595852023e-16
2.443079746959576635e-16
2.437145507527566046e-16
2.431226836616402859e-16
2.425323406105776419e-16
2.419435741379408789e-16
2.413563231528610019e-16
2.407706397745392626e-16
2.401864633726796542e-16
2.396038177875583296e-16
2.390226986803697565e-16
2.384431017230544135e-16
2.378650225982811397e-16
2.372884569994292374e-16
2.367134006305710183e-16
2.361398219838956016e-16
2.355677442178627650e-16
2.349971900796931796e-16
2.344281011853791197e-16
2.338605004081919107e-16
2.332943835146888957e-16
2.327297196844078016e-16
2.321665580028715250e-16
2.316048411749156989e-16
2.310445916056028322e-16
2.304858051129096516e-16
2.299284775253026632e-16
2.293725786936699049e-16
2.288181306556907124e-16
2.282651550581608353e-16
2.277135704054167750e-16
2.271634499415208511e-16
2.266147637680383188e-16
2.260674823916067675e-16
2.255216273115495283e-16
2.249771692488803463e-16
2.244341546275656732e-16
2.238925290866877214e-16
2.233523137741411140e-16
2.228135046494893050e-16
2.222760729642251204e-16
2.217400396064355665e-16
2.212054005651840687e-16
2.206721274048516464e-16
2.201402650983204089e-16
2.196097609058483136e-16
2.190806112232960383e-16
2.185528605962389934e-16
2.180264329892591915e-16
2.175013967509214035e-16
2.169777002029230269e-16
2.164553634950971925e-16
2.159343828167074045e-16
2.154147308516081294e-16
2.148964275031611664e-16
2.143794689883415200e-16
2.138638282873075290e-16
2.133495250601854944e-16
2.128365324823984981e-16
2.123248700533259644e-16
2.118145340354689726e-16
2.113054978948727307e-16
2.107977808929747419e-16
2.102913566873427737e-16
2.097862669281583631e-16
2.092824402851041428e-16
2.087799183387867557e-16
2.082786974146257918e-16
2.077787516430984353e-16
2.072800997417824996e-16
2.067827380631457660e-16
2.062866410172622031e-16
2.057918052257790244e-16
2.052982491026225728e-16
2.048059690354230693e-16
2.043149398013704780e-16
2.038251580530818783e-16
2.033366419061074528e-16
2.028493877830143707e-16
2.023633708225010979e-16
2.018785877079978915e-16
2.013950773935938338e-16
2.009127729413507047e-16
2.004317132411710067e-16
1.999518947675970946e-16
1.994732723782676616e-16
1.989959052415294649e-16
1.985197483104327164e-16
1.980447983295463902e-16
1.975710725499718021e-16
1.970985470758913214e-16
1.966272186741582569e-16
1.961571043862667039e-16
1.956882007632666922e-16
1.952204842506241039e-16
1.947539516580859433e-16
1.942886198159041958e-16
1.938244654974509504e-16
1.933614855973926334e-16
1.928996967545382223e-16
1.924390759906377158e-16
1.919796202215087747e-16
1.915213458844429000e-16
1.910642302467423003e-16
1.906082896131032846e-16
1.901535014132713592e-16
1.896998625984316539e-16
1.892473892760869451e-16
1.887960591168917383e-16
1.883458690929610237e-16
1.878968161830789944e-16
1.874489162354896351e-16
1.870021472375231634e-16
1.865565249099008214e-16
1.861120273969217501e-16
1.856686517123083973e-16
1.852263948764023951e-16
1.847852723573122242e-16
1.843452626088646468e-16
1.839063626720503206e-16
1.834685695944460293e-16
1.830318985958782643e-16
1.825963103375507688e-16
1.821618561800457593e-16
1.817284789055570344e-16
1.812962115873706143e-16
1.808650154569654570e-16
1.804349233312370157e-16
1.800059321113154702e-16
1.795780034507921739e-16
1.791511697867552419e-16
1.787253930509449069e-16
1.783007054293305756e-16
1.778770864949681079e-16
1.774545506895265770e-16
1.770330604953903805e-16
1.766126476032872257e-16
1.761932918743234614e-16
1.757749904763785397e-16
1.753577405837540538e-16
1.749415393771650610e-16
1.745264008964866090e-16
1.741122885668015898e-16
1.736992332311041410e-16
1.732871985789398643e-16
1.728762152247650613e-16
1.724662637081666591e-16
1.720573413114612770e-16
1.716494617406251986e-16
1.712425893940082938e-16
1.708367380512710401e-16
1.704319212539163145e-16
1.700281037850338996e-16
1.696253153730356453e-16
1.692235210550394847e-16
1.688227503307377224e-16
1.684229684893249482e-16
1.680242048036514350e-16
1.676264406295233523e-16
1.672296733230692347e-16
1.668339002464522549e-16
1.664391031270865001e-16
1.660453106788304014e-16
1.656525045827931681e-16
1.652606822251919690e-16
1.648698409982357904e-16
1.644799629475561860e-16
1.640910762393989406e-16
1.637031628741508604e-16
1.633162202679011319e-16
1.629302307166144596e-16
1.625452219564731066e-16
1.621611762390267885e-16
1.617780760455546803e-16
1.613959487942921578e-16
1.610147620747487841e-16
1.606345283023545262e-16
1.602552596781339831e-16
1.598769241396966791e-16
1.594995339545628133e-16
1.591230866031117393e-16
1.587475795715743093e-16
1.583730103520237291e-16
1.579993620280836061e-16
1.576266609853005525e-16
1.572548759574875177e-16
1.568840331288003481e-16
1.565141014568290537e-16
1.561450927758691740e-16
1.557770046180097467e-16
1.554098345211101793e-16
1.550435660347053387e-16
1.546782247479356743e-16
1.543137802789375643e-16
1.539502441820351536e-16
1.535876140293467228e-16
1.532258736851703315e-16
1.528650482904610222e-16
1.525051080389121324e-16
1.521460642933068819e-16
1.517879146838709224e-16
1.514306568463718260e-16
1.510742749846022012e-16
1.507187802817201851e-16
1.503641703894788520e-16
1.500104429651387576e-16
1.496575824304540143e-16
1.493056129843219224e-16
1.489544927228220598e-16
1.486042589016506314e-16
1.482548960125368428e-16
1.479063887453486352e-16
1.475587478901418145e-16
1.472119582423192186e-16
1.468660305062758007e-16
1.465209623921554289e-16
1.461767516155131627e-16
1.458333831810675763e-16
1.454908676245925830e-16
1.451492026772701085e-16
1.448083734986621385e-16
1.444683904997887456e-16
1.441292514273866146e-16
1.437909540335409569e-16
1.434534836818158754e-16
1.431168382709798433e-16
1.427810280074162758e-16
1.424460506634472301e-16
1.421119040166997053e-16
1.417785736811771307e-16
1.414460697029308130e-16
1.411143777947598642e-16
1.407835079232926066e-16
1.404534578914994036e-16
1.401242135592843246e-16
1.397957728709309229e-16
1.394681574974750413e-16
1.391413414960068245e-16
1.388153228244496991e-16
1.384901111768895179e-16
1.381656927021465648e-16
1.378420886644112109e-16
1.375192619717959684e-16
1.371972338552468598e-16
1.368760021724847452e-16
1.365555533153309913e-16
1.362358967469893915e-16
1.359170189861461945e-16
1.355989294282230598e-16
1.352816146841472489e-16
1.349650840753967662e-16
1.346493243044719916e-16
1.343343446195212302e-16
1.340201318139544992e-16
1.337066950631990597e-16
1.333940212509163111e-16
1.330821194804155794e-16
1.327709767249565432e-16
1.324605910692906565e-16
1.321509715094378483e-16
1.318421051516130058e-16
1.315340009212034737e-16
1.312266460124147940e-16
1.309200492805868898e-16
1.306141980072793962e-16
1.303090903062796172e-16
1.300047349287158442e-16
1.297011298806559562e-16
1.293982520599791669e-16
1.290961207483031264e-16
1.287947339652281048e-16
1.284940688506530067e-16
1.281941444694109340e-16
1.278949588545705517e-16
1.275964997146648511e-16
1.272987652043601301e-16
1.270017637369338215e-16
1.267054729282924240e-16
1.264099215981284654e-16
1.261150772640890904e-16
1.258209584255805990e-16
1.255275530806355595e-16
1.252348694462693935e-16
1.249428856038994134e-16
1.246516197766929708e-16
1.243610700509404395e-16
1.240712147369561709e-16
1.237820718536970415e-16
1.234936395005941222e-16
1.232058962143251792e-16
1.229188598120570613e-16
1.226325186930043785e-16
1.223468710792867554e-16
1.220619151968236611e-16
1.217776588840151480e-16
1.214940906962588223e-16
1.212112088701550832e-16
1.209290116458697346e-16
1.206475067384146540e-16
1.203666828562868854e-16
1.200865382513637354e-16
1.198070711792851063e-16
1.195282798994487379e-16
1.192501719769791393e-16
1.189727270413927944e-16
1.186959619341005699e-16
1.184198656278880779e-16
1.181444455702483655e-16
1.178696816724662867e-16
1.175955905258081693e-16
1.173221521807050562e-16
1.170493831046383774e-16
1.167772724917784368e-16
1.165058186432673733e-16
1.162350198639414626e-16
1.159648833713839634e-16
1.156953896277479066e-16
1.154265458900416248e-16
1.151583592914251729e-16
1.148908192783728760e-16
1.146239241781372074e-16
1.143576636024055545e-16
1.140920533554016887e-16
1.138270830247706864e-16
1.135627509523592681e-16
1.132990554836494965e-16
1.130360035320453872e-16
1.127735762910643796e-16
1.125117807121057529e-16
1.122506151551391482e-16
1.119900864261871584e-16
1.117301759773677592e-16
1.114708906521938372e-16
1.112122371772979608e-16
1.109541971962815670e-16
1.106967774728933515e-16
1.104399763922492279e-16
1.101838005766321066e-16
1.099282319217133267e-16
1.096732770863988142e-16
1.094189426158211539e-16
1.091652105923025230e-16
1.089120875972330453e-16
1.086595720406065216e-16
1.084076623359485821e-16
1.081563569217837845e-16
1.079056543259035338e-16
1.076555531006942415e-16
1.074060438852686801e-16
1.071571410990780744e-16
1.069088353590878900e-16
1.066611173978950830e-16
1.064140014753172073e-16
1.061674705256516039e-16
1.059215309545502906e-16
1.056761813386257328e-16
1.054314202575395160e-16
1.051872462939979328e-16
1.049436503946095919e-16
1.047006464535851424e-16
1.044582178114119890e-16
1.042163707017639024e-16
1.039751037222008838e-16
1.037344154733022748e-16
1.034943045586623820e-16
1.032547621336948613e-16
1.030157943120985004e-16
1.027774071045798120e-16
1.025395769312746381e-16
1.023023246056660535e-16
1.020656413506571190e-16
1.018295184965515591e-16
1.015939620163054534e-16
1.013589705398630469e-16
1.011245427001407292e-16
1.008906699419092949e-16
1.006573581460796454e-16
1.004246059541704274e-16
1.001924048956852054e-16
9.996076787317789748e-17
9.972967933208170589e-17
9.949914504039425941e-17
9.926915663931475167e-17
9.903972684209104320e-17
9.881084030564887255e-17
9.858249576863558243e-17
9.835470580416552330e-17
9.812745522572141152e-17
9.790074277959530524e-17
9.767458090038846379e-17
9.744895455645531559e-17
9.722386929641643624e-17
9.699931703383079360e-17
9.677530327438817907e-17
9.655182670786617484e-17
9.632887927079741209e-17
9.610646612127677671e-17
9.588458561761531749e-17
9.566322949350717995e-17
9.544240279055750361e-17
9.522209729679793734e-17
9.500232457317900833e-17
9.478306332114723149e-17
9.456433159837063823e-17
9.434611474197790006e-17
9.412841120993417689e-17
9.391122590757566615e-17
9.369455723158448622e-17
9.347839718387911374e-17
9.326275061264440059e-17
9.304760957229071274e-17
9.283297887320347316e-17
9.261885062192498235e-17
9.240522959134668378e-17
9.219211420452253776e-17
9.197949664564560379e-17
9.176738163205587597e-17
9.155576139918792163e-17
9.134463445054913495e-17
9.113400544835600538e-17
9.092387283787836938e-17
9.071422895598605469e-17
9.050507231995112919e-17
9.029640751968438598e-17
9.008823301512301398e-17
8.988054124319058401e-17
8.967333073482505749e-17
8.946660600878866685e-17
8.926036553957114953e-17
8.905459592018055714e-17
8.884931352294721134e-17
8.864449906781161024e-17
8.844016292869000007e-17
8.823630359798761779e-17
8.803291373269346718e-17
8.782999189401834269e-17
8.762754244465038044e-17
8.742555811337108955e-17
8.722404322896886182e-17
8.702299056775578919e-17
8.682239870749807087e-17
8.662227192653007124e-17
8.642260307174686662e-17
8.622339073073182065e-17
8.602463913196724513e-17
8.582634141501638876e-17
8.562850288810041971e-17
8.543111226699321682e-17
8.523418621891229053e-17
8.503770793775378479e-17
8.484168845150413566e-17
8.464612212906168995e-17
8.445100889744172697e-17
8.425635414521804715e-17
8.406215229647948115e-17
8.386840327530122369e-17
8.367511241024003217e-17
8.348227417999980872e-17
8.328988850577398987e-17
8.309795530773935530e-17
8.290647983542225967e-17
8.271545663939129123e-17
8.252488563701882916e-17
8.233477201939842730e-17
8.214510513409164408e-17
8.195589542666537168e-17
8.176714275573688952e-17
8.157883657643302033e-17
8.139098722175981937e-17
8.120358421777520326e-17
8.101663782301481032e-17
8.083014789254515842e-17
8.064410405806364646e-17
8.045851646764976904e-17
8.027337482265904399e-17
8.008868919809510712e-17
7.990445440504079787e-17
7.972067537030934764e-17
7.953734193326108013e-17
7.935446402459710215e-17
7.917203652260633351e-17
7.899005437423818739e-17
7.880852740325272946e-17
7.862745545667909430e-17
7.844682857705187485e-17
7.826665159761932247e-17
7.808692928253060079e-17
7.790765177415299227e-17
7.772882868619332760e-17
7.755045504445834172e-17
7.737253074194209735e-17
7.719505567081965933e-17
7.701802972245302347e-17
7.684145278739671245e-17
7.666532475540374163e-17
7.648964473506529405e-17
7.631440871761108112e-17
7.613961661208004171e-17
7.596525426855868633e-17
7.579132629315267873e-17
7.561781862838943200e-17
7.544473584322934389e-17
7.527206397201309258e-17
7.509980754688347059e-17
7.492795269337468469e-17
7.475649934970081919e-17
7.458544740427341915e-17
7.441478311827267986e-17
7.424451093318668189e-17
7.407461719987343916e-17
7.390510632409814409e-17
7.373596474580382492e-17
7.356719683533093835e-17
7.339878912112204423e-17
7.323074152070718299e-17
7.306304950106315637e-17
7.289570854234662272e-17
7.272871413785826540e-17
7.256206179400688738e-17
7.239574703027365357e-17
7.222976537917640723e-17
7.206411238623392470e-17
7.189877931285726544e-17
7.173377033945389371e-17
7.156907247093455971e-17
7.140468985407275553e-17
7.124060957865527837e-17
7.107682731141884897e-17
7.091334714901399475e-17
7.075016469574027911e-17
7.058725885023452019e-17
7.042465040741898029e-17
7.026231001865763033e-17
7.010025005769866664e-17
6.993846619248232821e-17
6.977694588812749302e-17
6.961568492351640815e-17
6.945468724846337403e-17
6.929394045082914444e-17
6.913344034619317177e-17
6.897319083635399953e-17
6.881318767692343950e-17
6.865341059972630772e-17
6.849387153316815252e-17
6.833456626983751898e-17
