# te
3.504347324371337891e+00
4.232124805450439453e+00
4.247311115264892578e+00
3.860600233078002930e+00
3.302008628845214844e+00
2.714637279510498047e+00
2.182303428649902344e+00
1.744253873825073242e+00
1.417825698852539062e+00
1.205509185791015625e+00
1.098395705223083496e+00
1.071776747703552246e+00
1.094085574150085449e+00
1.145349860191345215e+00
1.214909195899963379e+00
1.290710449218750000e+00
1.362778544425964355e+00
1.428098320960998535e+00
1.482806205749511719e+00
1.534461975097656250e+00
1.588268876075744629e+00
1.645678162574768066e+00
1.707915186882019043e+00
1.770806074142456055e+00
1.838765501976013184e+00
1.909442067146301270e+00
1.973902463912963867e+00
2.035155534744262695e+00
2.083952188491821289e+00
2.127868890762329102e+00
2.158876180648803711e+00
2.174997806549072266e+00
2.180551528930664062e+00
2.172297954559326172e+00
2.162911653518676758e+00
2.145397186279296875e+00
2.118387222290039062e+00
2.081756114959716797e+00
2.034517765045166016e+00
1.976487517356872559e+00
1.910465240478515625e+00
1.838640809059143066e+00
1.757258772850036621e+00
1.661894798278808594e+00
1.550472974777221680e+00
1.421837210655212402e+00
1.277297616004943848e+00
1.118759274482727051e+00
9.485285878181457520e-01
7.684578299522399902e-01
5.784790515899658203e-01
3.779844939708709717e-01
1.661833226680755615e-01
-5.799461901187896729e-02
-2.966119945049285889e-01
-5.514183640480041504e-01
-8.216921687126159668e-01
-1.106266021728515625e+00
-1.404492616653442383e+00
-1.716131448745727539e+00
-2.041082859039306641e+00
-2.379356861114501953e+00
-2.731036901473999023e+00
-3.096133232116699219e+00
-3.474456071853637695e+00
-3.865389585494995117e+00
-4.268194198608398438e+00
-4.682202339172363281e+00
-5.107046127319335938e+00
-5.542807579040527344e+00
-5.990412235260009766e+00
-6.450715541839599609e+00
-6.923683166503906250e+00
-7.410023212432861328e+00
-7.908768177032470703e+00
-8.417969703674316406e+00
-8.939135551452636719e+00
-9.470052719116210938e+00
-1.001074314117431641e+01
-1.056138801574707031e+01
-1.112134838104248047e+01
-1.169089126586914062e+01
-1.226805400848388672e+01
-1.285310459136962891e+01
-1.344625282287597656e+01
-1.404600238800048828e+01
-1.465153789520263672e+01
-1.526353549957275391e+01
-1.588044071197509766e+01
-1.650294303894042969e+01
-1.713030433654785156e+01
-1.776254844665527344e+01
-1.839969444274902344e+01
-1.904028129577636719e+01
-1.968581390380859375e+01
-2.033334350585937500e+01
-2.098437881469726562e+01
-2.163819503784179688e+01
-2.229258918762207031e+01
-2.294906425476074219e+01
-2.360541725158691406e+01
-2.426241111755371094e+01
-2.491857910156250000e+01
-2.557394790649414062e+01
-2.622779273986816406e+01
-2.687939262390136719e+01
-2.752876853942871094e+01
-2.817445755004882812e+01
-2.881648254394531250e+01
-2.945411300659179688e+01
-3.008732986450195312e+01
-3.071535873413085938e+01
-3.133743095397949219e+01
-3.195277786254882812e+01
-3.256137084960937500e+01
-3.316243743896484375e+01
-3.375595474243164062e+01
-3.434040069580078125e+01
-3.491575241088867188e+01
-3.548123931884765625e+01
-3.603609466552734375e+01
-3.658102416992187500e+01
-3.711378097534179688e+01
-3.763432693481445312e+01
-3.814264297485351562e+01
-3.863869857788085938e+01
-3.912023544311523438e+01
-3.958797073364257812e+01
-4.004039001464843750e+01
-4.047821426391601562e+01
-4.089995193481445312e+01
-4.130633926391601562e+01
-4.169515609741210938e+01
-4.206713867187500000e+01
-4.242079925537109375e+01
-4.275688171386718750e+01
-4.307390213012695312e+01
-4.337185668945312500e+01
-4.365000152587890625e+01
-4.390833282470703125e+01
-4.414611434936523438e+01
-4.436259460449218750e+01
-4.455851745605468750e+01
-4.473239898681640625e+01
-4.488349151611328125e+01
-4.501254272460937500e+01
-4.511880493164062500e+01
-4.520227813720703125e+01
-4.526147460937500000e+01
-4.529713058471679688e+01
-4.530923080444335938e+01
-4.529626846313476562e+01
-4.525896453857421875e+01
-4.519729995727539062e+01
-4.511050033569335938e+01
-4.499929428100585938e+01
-4.486217498779296875e+01
-4.469985961914062500e+01
-4.451158523559570312e+01
-4.429807662963867188e+01
-4.405856323242187500e+01
-4.379228210449218750e+01
-4.349995803833007812e+01
-4.318082046508789062e+01
-4.283485412597656250e+01
-4.246277236938476562e+01
-4.206307601928710938e+01
-4.163647842407226562e+01
-4.118296432495117188e+01
-4.070176315307617188e+01
-4.019285964965820312e+01
-3.965697097778320312e+01
-3.909407806396484375e+01
-3.850341415405273438e+01
-3.788495635986328125e+01
-3.723944473266601562e+01
-3.656612777709960938e+01
-3.586573791503906250e+01
-3.513753128051757812e+01
-3.438298416137695312e+01
-3.360060501098632812e+01
-3.279186630249023438e+01
-3.195602798461914062e+01
-3.109381866455078125e+01
-3.020523643493652344e+01
-2.929027175903320312e+01
-2.834966468811035156e+01
-2.738340377807617188e+01
-2.639148521423339844e+01
-2.537389945983886719e+01
-2.433138465881347656e+01
-2.326467895507812500e+01
-2.217302703857421875e+01
-2.105791473388671875e+01
-1.991858482360839844e+01
-1.875652313232421875e+01
-1.757097816467285156e+01
-1.636268424987792969e+01
-1.513237857818603516e+01
-1.388005638122558594e+01
-1.260645866394042969e+01
-1.131084346771240234e+01
-9.995440483093261719e+00
-8.659581184387207031e+00
-7.303711891174316406e+00
-5.928426742553710938e+00
-4.534247398376464844e+00
-3.121619939804077148e+00
-1.691153764724731445e+00
-2.433992326259613037e-01
1.221078515052795410e+00
2.701848030090332031e+00
4.198240280151367188e+00
5.709288597106933594e+00
7.235364437103271484e+00
8.775278091430664062e+00
1.032828617095947266e+01
1.189438819885253906e+01
1.347209739685058594e+01
1.506141376495361328e+01
1.666159439086914062e+01
1.827189445495605469e+01
1.989157295227050781e+01
2.152062416076660156e+01
2.315756797790527344e+01
2.480240058898925781e+01
2.645363616943359375e+01
2.811052894592285156e+01
2.977382278442382812e+01
3.144128990173339844e+01
3.311367416381835938e+01
3.478874206542968750e+01
3.646649169921875000e+01
3.814618682861328125e+01
3.982707595825195312e+01
4.150842666625976562e+01
4.318947982788085938e+01
4.487024688720703125e+01
4.654849243164062500e+01
4.822496414184570312e+01
4.989742660522460938e+01
5.156662750244140625e+01
5.323107528686523438e+01
5.489003372192382812e+01
5.654275131225585938e+01
5.818923568725585938e+01
5.982799148559570312e+01
6.145828247070312500e+01
6.307936096191406250e+01
6.469122314453125000e+01
6.629238128662109375e+01
6.788208007812500000e+01
6.945956420898437500e+01
7.102408599853515625e+01
7.257785797119140625e+01
7.411270904541015625e+01
7.563307189941406250e+01
7.713896179199218750e+01
7.863034057617187500e+01
8.009977722167968750e+01
8.155470275878906250e+01
8.299510955810546875e+01
8.441354370117187500e+01
8.580999755859375000e+01
8.719190216064453125e+01
8.854438018798828125e+01
8.988227844238281250e+01
9.119817352294921875e+01
9.249204254150390625e+01
9.375644683837890625e+01
9.499880981445312500e+01
9.621911621093750000e+01
9.740993499755859375e+01
9.857868194580078125e+01
9.971792602539062500e+01
1.008350753784179688e+02
1.019152603149414062e+02
1.029733505249023438e+02
1.040093154907226562e+02
1.050082855224609375e+02
1.059776916503906250e+02
1.069175338745117188e+02
1.078277740478515625e+02
1.087084350585937500e+02
1.095520553588867188e+02
1.103660507202148438e+02
1.111504364013671875e+02
1.119051666259765625e+02
1.126228485107421875e+02
1.133034439086914062e+02
1.139543762207031250e+02
1.145681991577148438e+02
1.151523513793945312e+02
1.156919479370117188e+02
1.162018508911132812e+02
1.166820373535156250e+02
1.171176605224609375e+02
1.175161132812500000e+02
1.178773956298828125e+02
1.182089385986328125e+02
1.184958801269531250e+02
1.187530593872070312e+02
1.189656448364257812e+02
1.191484756469726562e+02
1.192867050170898438e+02
1.193877487182617188e+02
1.194590301513671875e+02
1.194857177734375000e+02
1.194752120971679688e+02
1.194275283813476562e+02
1.193426513671875000e+02
1.192131652832031250e+02
1.190539398193359375e+02
1.188500823974609375e+02
1.186090316772460938e+02
1.183308105468750000e+02
1.180153961181640625e+02
1.176627883911132812e+02
1.172730102539062500e+02
1.168386001586914062e+02
1.163744201660156250e+02
1.158730697631835938e+02
1.153270874023437500e+02
1.147513427734375000e+02
1.141309814453125000e+02
1.134734115600585938e+02
1.127860946655273438e+02
1.120615768432617188e+02
1.112924423217773438e+02
1.104935379028320312e+02
1.096648635864257812e+02
1.087915649414062500e+02
1.078885040283203125e+02
1.069482421875000000e+02
1.059707870483398438e+02
1.049635543823242188e+02
1.039191284179687500e+02
1.028449249267578125e+02
1.017409667968750000e+02
1.005998001098632812e+02
9.942885589599609375e+01
9.822814178466796875e+01
9.699022674560546875e+01
9.572254180908203125e+01
9.443251037597656250e+01
9.310527801513671875e+01
9.174826812744140625e+01
9.036147308349609375e+01
8.895234680175781250e+01
8.751343536376953125e+01
8.604476165771484375e+01
8.455374908447265625e+01
8.303297424316406250e+01
8.148988342285156250e+01
7.992446899414062500e+01
7.833674621582031250e+01
7.672672271728515625e+01
7.508695983886718750e+01
7.343234252929687500e+01
7.175246429443359375e+01
7.005252838134765625e+01
6.833255004882812500e+01
6.659400939941406250e+01
6.483692932128906250e+01
6.306204605102539062e+01
6.127010726928710938e+01
5.946261596679687500e+01
5.763882446289062500e+01
5.580171585083007812e+01
5.394981002807617188e+01
5.208533859252929688e+01
5.020830917358398438e+01
4.831946945190429688e+01
4.642031478881835938e+01
4.451084899902343750e+01
4.259256744384765625e+01
4.066472625732421875e+01
3.873030471801757812e+01
3.678782653808593750e+01
3.483952713012695312e+01
3.288615036010742188e+01
3.092696189880371094e+01
2.896494102478027344e+01
2.699935150146484375e+01
2.503167915344238281e+01
2.306267738342285156e+01
2.109309577941894531e+01
1.912368392944335938e+01
1.715592956542968750e+01
1.518984127044677734e+01
1.322616767883300781e+01
1.126640033721923828e+01
9.310545921325683594e+00
7.360095977783203125e+00
5.415650367736816406e+00
3.477957963943481445e+00
1.547843098640441895e+00
-3.740428686141967773e-01
-2.286809682846069336e+00
-4.189775943756103516e+00
-6.082027435302734375e+00
-7.962970256805419922e+00
-9.831711769104003906e+00
-1.168773365020751953e+01
-1.352940082550048828e+01
-1.535745811462402344e+01
-1.716967391967773438e+01
-1.896605110168457031e+01
-2.074584388732910156e+01
-2.250757026672363281e+01
-2.425197029113769531e+01
-2.597756195068359375e+01
-2.768359756469726562e+01
-2.936933898925781250e+01
-3.103478431701660156e+01
-3.267919158935546875e+01
-3.430107116699218750e+01
-3.590043258666992188e+01
-3.747652053833007812e+01
-3.902860641479492188e+01
-4.055667495727539062e+01
-4.205851364135742188e+01
-4.353485488891601562e+01
-4.498495483398437500e+01
-4.640733718872070312e+01
-4.780348205566406250e+01
-4.917116165161132812e+01
-5.051111984252929688e+01
-5.182260894775390625e+01
-5.310489273071289062e+01
-5.435797500610351562e+01
-5.558036041259765625e+01
-5.677353668212890625e+01
-5.793528366088867188e+01
-5.906632995605468750e+01
-6.016520309448242188e+01
-6.123190689086914062e+01
-6.226642608642578125e+01
-6.326802444458007812e+01
-6.423670196533203125e+01
-6.517173004150390625e+01
-6.607308197021484375e+01
-6.694004058837890625e+01
-6.777259063720703125e+01
-6.857073974609375000e+01
-6.933448028564453125e+01
-7.006307983398437500e+01
-7.075653076171875000e+01
-7.141409301757812500e+01
-7.203652191162109375e+01
-7.262380981445312500e+01
-7.317524719238281250e+01
-7.369084930419921875e+01
-7.417211914062500000e+01
-7.461311340332031250e+01
-7.502426910400390625e+01
-7.539073181152343750e+01
-7.572738647460937500e+01
-7.602681732177734375e+01
-7.628903198242187500e+01
-7.651405334472656250e+01
-7.670932769775390625e+01
-7.686000823974609375e+01
-7.698097229003906250e+01
-7.705738830566406250e+01
-7.710411834716796875e+01
-7.711375427246093750e+01
-7.709373474121093750e+01
-7.702922821044921875e+01
-7.693509674072265625e+01
-7.680393981933593750e+01
-7.664320373535156250e+01
-7.644546508789062500e+01
-7.621075439453125000e+01
-7.594650268554687500e+01
-7.565273284912109375e+01
-7.531460571289062500e+01
-7.495442199707031250e+01
-7.455733489990234375e+01
-7.412336730957031250e+01
-7.365996551513671875e+01
-7.316864013671875000e+01
-7.264344024658203125e+01
-7.208737182617187500e+01
-7.150119018554687500e+01
-7.088491058349609375e+01
-7.023929595947265625e+01
-6.956436157226562500e+01
-6.886012268066406250e+01
-6.812882232666015625e+01
-6.736973571777343750e+01
-6.658362579345703125e+01
-6.577050018310546875e+01
-6.493187713623046875e+01
-6.406701660156250000e+01
-6.317816925048828125e+01
-6.226460266113281250e+01
-6.132634353637695312e+01
-6.036562347412109375e+01
-5.938173294067382812e+01
-5.837615203857421875e+01
-5.734890747070312500e+01
-5.630075454711914062e+01
-5.523318099975585938e+01
-5.414621353149414062e+01
-5.303985214233398438e+01
-5.191560363769531250e+01
-5.077496719360351562e+01
-4.961721038818359375e+01
-4.844308471679687500e+01
-4.725408935546875000e+01
-4.605098724365234375e+01
-4.483378982543945312e+01
-4.360324478149414062e+01
-4.236011886596679688e+01
-4.110589981079101562e+01
-3.984060668945312500e+01
-3.856499481201171875e+01
-3.727981948852539062e+01
-3.598657608032226562e+01
-3.468453979492187500e+01
-3.337595367431640625e+01
-3.206082534790039062e+01
-3.073916435241699219e+01
-2.941321945190429688e+01
-2.808300018310546875e+01
-2.674926567077636719e+01
-2.541276741027832031e+01
-2.407426071166992188e+01
-2.273450660705566406e+01
-2.139425659179687500e+01
-2.005500984191894531e+01
-1.871678161621093750e+01
-1.738032341003417969e+01
-1.604713630676269531e+01
-1.471723365783691406e+01
-1.339211273193359375e+01
-1.207178783416748047e+01
-1.075775718688964844e+01
-9.450032234191894531e+00
-8.150113105773925781e+00
-6.858012199401855469e+00
-5.575153827667236328e+00
-4.301847934722900391e+00
-3.038850069046020508e+00
-1.786842107772827148e+00
-5.466538071632385254e-01
6.811820864677429199e-01
1.895828127861022949e+00
3.096629381179809570e+00
4.282830715179443359e+00
5.453784465789794922e+00
6.608762264251708984e+00
7.747035026550292969e+00
8.867873191833496094e+00
9.970994949340820312e+00
1.105515098571777344e+01
1.211961174011230469e+01
1.316439247131347656e+01
1.418876266479492188e+01
1.519199562072753906e+01
1.617410469055175781e+01
1.713287353515625000e+01
1.806906318664550781e+01
1.898194122314453125e+01
1.987077713012695312e+01
2.073484802246093750e+01
2.157490730285644531e+01
2.238874053955078125e+01
2.317635917663574219e+01
2.393778419494628906e+01
2.467153930664062500e+01
2.537912368774414062e+01
2.605832481384277344e+01
2.670989799499511719e+01
2.733237266540527344e+01
2.792650794982910156e+01
2.849157142639160156e+01
2.902609634399414062e+01
2.953157424926757812e+01
3.000579833984375000e+01
3.044952201843261719e+01
3.086201858520507812e+01
3.124329948425292969e+01
3.159263801574707031e+01
3.191004753112792969e+01
3.219480133056640625e+01
3.244765472412109375e+01
3.266713333129882812e+01
3.285400009155273438e+01
3.300678253173828125e+01
3.312697601318359375e+01
3.321310806274414062e+01
3.326594161987304688e+01
3.328400421142578125e+01
3.326879501342773438e+01
3.321883773803710938e+01
3.313489532470703125e+01
3.301697921752929688e+01
3.286436843872070312e+01
3.267707824707031250e+01
3.245589065551757812e+01
3.220008850097656250e+01
3.190969467163085938e+01
3.158548164367675781e+01
3.122673797607421875e+01
3.083349037170410156e+01
3.040651512145996094e+01
2.994508743286132812e+01
2.944998741149902344e+01
2.892123794555664062e+01
2.835886955261230469e+01
2.776216888427734375e+01
2.713264656066894531e+01
2.647033309936523438e+01
2.577525901794433594e+01
2.504744911193847656e+01
2.428767585754394531e+01
2.349671173095703125e+01
2.267309570312500000e+01
2.181834602355957031e+01
2.093323326110839844e+01
2.001704025268554688e+01
1.906979751586914062e+01
1.809301757812500000e+01
1.708673095703125000e+01
1.605096626281738281e+01
1.498574924468994141e+01
1.389185142517089844e+01
1.277004623413085938e+01
1.162036037445068359e+01
1.044356727600097656e+01
9.239691734313964844e+00
8.009509086608886719e+00
6.753787517547607422e+00
5.471813678741455078e+00
4.165845394134521484e+00
2.834721088409423828e+00
1.480030179023742676e+00
1.019494161009788513e-01
-1.298898458480834961e+00
-2.721890687942504883e+00
-4.166553020477294922e+00
-5.632188796997070312e+00
-7.118248939514160156e+00
-8.624111175537109375e+00
-1.014922618865966797e+01
-1.169289875030517578e+01
-1.325413227081298828e+01
-1.483305168151855469e+01
-1.642889022827148438e+01
-1.804014587402343750e+01
-1.966605377197265625e+01
-2.130734252929687500e+01
-2.296250724792480469e+01
-2.463078308105468750e+01
-2.631141090393066406e+01
-2.800362777709960938e+01
-2.970667457580566406e+01
-3.142052841186523438e+01
-3.314368820190429688e+01
-3.487613677978515625e+01
-3.661636734008789062e+01
-3.836436080932617188e+01
-4.011860656738281250e+01
-4.187835693359375000e+01
-4.364432525634765625e+01
-4.541427230834960938e+01
-4.718742370605468750e+01
-4.896377563476562500e+01
-5.074255752563476562e+01
-5.252226638793945312e+01
-5.430289077758789062e+01
-5.608365249633789062e+01
-5.786306381225585938e+01
-5.964109802246093750e+01
-6.141699218750000000e+01
-6.318924713134765625e+01
-6.495784759521484375e+01
-6.672052764892578125e+01
-6.847878265380859375e+01
-7.022959899902343750e+01
-7.197370147705078125e+01
-7.370959472656250000e+01
-7.543727111816406250e+01
-7.715594482421875000e+01
-7.886412048339843750e+01
-8.056179046630859375e+01
-8.224594879150390625e+01
-8.392253112792968750e+01
-8.558259582519531250e+01
-8.723355865478515625e+01
-8.886054229736328125e+01
-9.047837829589843750e+01
-9.208706665039062500e+01
-9.367171478271484375e+01
-9.523973083496093750e+01
-9.679110717773437500e+01
-9.831838989257812500e+01
-9.983643341064453125e+01
-1.013229370117187500e+02
-1.028002243041992188e+02
-1.042459945678710938e+02
-1.056751403808593750e+02
-1.070876617431640625e+02
-1.084687118530273438e+02
-1.098257369995117188e+02
-1.111661758422851562e+02
-1.124751815795898438e+02
-1.137602081298828125e+02
-1.150212478637695312e+02
-1.162508850097656250e+02
-1.174565734863281250e+02
-1.186383209228515625e+02
-1.197887191772460938e+02
-1.209077529907226562e+02
-1.220028839111328125e+02
-1.230667037963867188e+02
-1.240992050170898438e+02
-1.251004028320312500e+02
-1.260703125000000000e+02
-1.270089492797851562e+02
-1.279237670898437500e+02
-1.287998962402343750e+02
-1.296447753906250000e+02
-1.304510192871093750e+02
-1.312334594726562500e+02
-1.319772796630859375e+02
-1.326898956298828125e+02
-1.333639068603515625e+02
-1.340067596435546875e+02
-1.346184692382812500e+02
-1.351841735839843750e+02
-1.357261657714843750e+02
-1.362221832275390625e+02
-1.366870880126953125e+02
-1.371209259033203125e+02
-1.375088043212890625e+02
-1.378656158447265625e+02
-1.381839447021484375e+02
-1.384638061523437500e+02
-1.387051849365234375e+02
-1.389081420898437500e+02
-1.390800781250000000e+02
-1.392061614990234375e+02
-1.393012542724609375e+02
-1.393505249023437500e+02
-1.393688201904296875e+02
-1.393487548828125000e+02
-1.392903289794921875e+02
-1.391861419677734375e+02
-1.390510864257812500e+02
-1.388777465820312500e+02
-1.386661987304687500e+02
-1.384164276123046875e+02
-1.381285095214843750e+02
-1.378024444580078125e+02
-1.374382781982421875e+02
-1.370434570312500000e+02
-1.366031799316406250e+02
-1.361323394775390625e+02
-1.356235198974609375e+02
-1.350767669677734375e+02
-1.344920959472656250e+02
-1.338695526123046875e+02
-1.332091674804687500e+02
-1.325109863281250000e+02
-1.317824554443359375e+02
-1.310161743164062500e+02
-1.302121887207031250e+02
-1.293705291748046875e+02
-1.284986419677734375e+02
-1.275891571044921875e+02
-1.266495132446289062e+02
-1.256797561645507812e+02
-1.246724853515625000e+02
-1.236277465820312500e+02
-1.225604019165039062e+02
-1.214556503295898438e+02
-1.203209457397460938e+02
-1.191563262939453125e+02
-1.179618225097656250e+02
-1.167374572753906250e+02
-1.154832763671875000e+02
-1.141918640136718750e+02
-1.128781356811523438e+02
-1.115346832275390625e+02
-1.101615371704101562e+02
-1.087587356567382812e+02
-1.073263092041015625e+02
-1.058717269897460938e+02
-1.043875732421875000e+02
-1.028813323974609375e+02
-1.013530349731445312e+02
-9.980269622802734375e+01
-9.822292327880859375e+01
-9.662863159179687500e+01
-9.501239776611328125e+01
-9.336683654785156250e+01
-9.170684051513671875e+01
-9.002500915527343750e+01
-8.832138061523437500e+01
-8.659598541259765625e+01
-8.485628509521484375e+01
-8.309488677978515625e+01
-8.131925201416015625e+01
-7.952198028564453125e+01
-7.771798706054687500e+01
-7.589241790771484375e+01
-7.405274963378906250e+01
-7.219826507568359375e+01
-7.033273315429687500e+01
-6.845616149902343750e+01
-6.656784820556640625e+01
-6.467081451416015625e+01
-6.276359176635742188e+01
-6.084770584106445312e+01
-5.892318344116210938e+01
-5.699007034301757812e+01
-5.504987335205078125e+01
-5.310189437866210938e+01
-5.114690017700195312e+01
-4.918567276000976562e+01
-4.722047042846679688e+01
-4.525133514404296875e+01
-4.327977752685546875e+01
-4.130657958984375000e+01
-3.933400344848632812e+01
-3.736207962036132812e+01
-3.539158630371093750e+01
-3.342330169677734375e+01
-3.145651817321777344e+01
-2.949275016784667969e+01
-2.753128623962402344e+01
-2.557365417480468750e+01
-2.361988067626953125e+01
-2.167074775695800781e+01
-1.972702789306640625e+01
-1.779024314880371094e+01
-1.586116695404052734e+01
-1.394057846069335938e+01
-1.202999877929687500e+01
-1.012945842742919922e+01
-8.240477561950683594e+00
-6.363834381103515625e+00
-4.498817920684814453e+00
-2.647617578506469727e+00
-8.097458481788635254e-01
1.013797402381896973e+00
2.822540283203125000e+00
4.615936279296875000e+00
6.393491268157958984e+00
8.154754638671875000e+00
9.899173736572265625e+00
1.162623786926269531e+01
1.333536529541015625e+01
1.502619457244873047e+01
1.669865989685058594e+01
1.834980201721191406e+01
1.998112106323242188e+01
2.159039306640625000e+01
2.317688941955566406e+01
2.474061775207519531e+01
2.627936363220214844e+01
2.779462051391601562e+01
2.928491592407226562e+01
3.075025939941406250e+01
3.219140625000000000e+01
3.360687637329101562e+01
3.499743270874023438e+01
3.636233520507812500e+01
3.770159530639648438e+01
3.901374053955078125e+01
4.029953002929687500e+01
4.155747604370117188e+01
4.278759765625000000e+01
4.398841857910156250e+01
4.516069030761718750e+01
4.630294418334960938e+01
4.741518020629882812e+01
4.849593734741210938e+01
4.954595565795898438e+01
5.056450653076171875e+01
5.155086517333984375e+01
5.250429153442382812e+01
5.342554092407226562e+01
5.431388854980468750e+01
5.516933441162109375e+01
5.599114990234375000e+01
5.678083038330078125e+01
5.753691101074218750e+01
5.826013565063476562e+01
5.894977188110351562e+01
5.960658264160156250e+01
6.022908401489257812e+01
6.081803131103515625e+01
6.137343597412109375e+01
6.189456176757812500e+01
6.238143157958984375e+01
6.283405303955078125e+01
6.325246047973632812e+01
6.363594436645507812e+01
6.398454666137695312e+01
6.429904174804687500e+01
6.457799530029296875e+01
6.482217407226562500e+01
6.503162384033203125e+01
6.520637512207031250e+01
6.534646606445312500e+01
6.545193481445312500e+01
6.552282714843750000e+01
6.555842590332031250e+01
6.556026458740234375e+01
6.552763366699218750e+01
6.546056365966796875e+01
6.535984802246093750e+01
6.522477722167968750e+01
6.505612182617187500e+01
6.485318756103515625e+01
6.461749267578125000e+01
6.434833526611328125e+01
6.404649353027343750e+01
6.371200561523437500e+01
6.334491348266601562e+01
6.294598388671875000e+01
6.251601409912109375e+01
6.205428695678710938e+01
6.156159210205078125e+01
6.103795623779296875e+01
6.048416900634765625e+01
5.990026855468750000e+01
5.928702926635742188e+01
5.864374923706054688e+01
5.797120285034179688e+01
5.726944351196289062e+01
5.653923034667968750e+01
5.578136062622070312e+01
5.499512100219726562e+01
5.418203735351562500e+01
5.334140777587890625e+01
5.247400283813476562e+01
5.158061599731445312e+01
5.066127395629882812e+01
4.971750640869140625e+01
4.874786376953125000e+01
4.775460815429687500e+01
4.673704147338867188e+01
4.569668579101562500e+01
4.463282775878906250e+01
4.354625701904296875e+01
4.243847656250000000e+01
4.130877304077148438e+01
4.015865325927734375e+01
3.898740005493164062e+01
3.779577255249023438e+01
3.658528900146484375e+01
3.535597229003906250e+01
3.410783767700195312e+01
3.284315109252929688e+01
3.156043815612792969e+01
3.026269721984863281e+01
2.894847297668457031e+01
2.761926651000976562e+01
2.627510643005371094e+01
2.491749954223632812e+01
2.354647254943847656e+01
2.216204643249511719e+01
2.076572799682617188e+01
1.935754966735839844e+01
1.793827056884765625e+01
1.650865936279296875e+01
1.506948375701904297e+01
1.362002277374267578e+01
1.216252899169921875e+01
1.069702816009521484e+01
9.224285125732421875e+00
7.745066642761230469e+00
6.259396553039550781e+00
4.768041133880615234e+00
3.271396636962890625e+00
1.770674586296081543e+00
2.661213278770446777e-01
-1.241644620895385742e+00
-2.752020597457885742e+00
-4.264492034912109375e+00
-5.778634548187255859e+00
-7.293740749359130859e+00
-8.809341430664062500e+00
-1.032489204406738281e+01
-1.183962726593017578e+01
-1.335352325439453125e+01
-1.486536788940429688e+01
-1.637439346313476562e+01
-1.788057518005371094e+01
-1.938240623474121094e+01
-2.088060379028320312e+01
-2.237291908264160156e+01
-2.385932159423828125e+01
-2.533979606628417969e+01
-2.681208610534667969e+01
-2.827693748474121094e+01
-2.973286247253417969e+01
-3.117912101745605469e+01
-3.261497116088867188e+01
-3.404115676879882812e+01
-3.545619583129882812e+01
-3.686008834838867188e+01
-3.825209045410156250e+01
-3.963294601440429688e+01
-4.100117874145507812e+01
-4.235752105712890625e+01
-4.370050048828125000e+01
-4.503085327148437500e+01
-4.634709930419921875e+01
-4.764923477172851562e+01
-4.893652343750000000e+01
-5.020896530151367188e+01
-5.146582031250000000e+01
-5.270634078979492188e+01
-5.392979049682617188e+01
-5.513617324829101562e+01
-5.632324981689453125e+01
-5.749177932739257812e+01
-5.864026641845703125e+01
-5.976871871948242188e+01
-6.087564849853515625e+01
-6.196254348754882812e+01
-6.302940750122070312e+01
-6.407550048828125000e+01
-6.510156250000000000e+01
-6.610759735107421875e+01
-6.709285736083984375e+01
-6.805735778808593750e+01
-6.900108337402343750e+01
-6.992256164550781250e+01
-7.082105255126953125e+01
-7.169580078125000000e+01
-7.254756164550781250e+01
-7.337410736083984375e+01
-7.417543792724609375e+01
-7.495229339599609375e+01
-7.570468139648437500e+01
-7.643186187744140625e+01
-7.713382720947265625e+01
-7.781132507324218750e+01
-7.846064758300781250e+01
-7.909294128417968750e+01
-7.969408416748046875e+01
-8.026408386230468750e+01
-8.081780242919921875e+01
-8.134040069580078125e+01
-8.183934783935546875e+01
-8.231467437744140625e+01
-8.275896453857421875e+01
-8.317970275878906250e+01
-8.357689666748046875e+01
-8.394316101074218750e+01
-8.428594207763671875e+01
-8.459784698486328125e+01
-8.488633728027343750e+01
-8.515145111083984375e+01
-8.538576507568359375e+01
-8.559676361083984375e+01
-8.578445434570312500e+01
-8.594145965576171875e+01
-8.606779479980468750e+01
-8.617092132568359375e+01
-8.625086212158203125e+01
-8.630766296386718750e+01
-8.633392333984375000e+01
-8.633708953857421875e+01
-8.630976867675781250e+01
-8.625942230224609375e+01
-8.618607330322265625e+01
-8.608232879638671875e+01
-8.596308135986328125e+01
-8.580605316162109375e+01
-8.563359069824218750e+01
-8.543827056884765625e+01
-8.521270751953125000e+01
-8.496434783935546875e+01
-8.469323730468750000e+01
-8.439939880371093750e+01
-8.407542419433593750e+01
-8.373622131347656250e+01
-8.336694335937500000e+01
-8.298248291015625000e+01
-8.256802368164062500e+01
-8.213842773437500000e+01
-8.167889404296875000e+01
-8.120430755615234375e+01
-8.069982147216796875e+01
-8.018033599853515625e+01
-7.964588165283203125e+01
-7.908163452148437500e+01
-7.850247192382812500e+01
-7.790099334716796875e+01
-7.728466796875000000e+01
-7.664610290527343750e+01
-7.598530578613281250e+01
-7.530974578857421875e+01
-7.461648559570312500e+01
-7.390480041503906250e+01
-7.317694091796875000e+01
-7.243145751953125000e+01
-7.166986846923828125e+01
-7.089218902587890625e+01
-7.009919738769531250e+01
-6.929091644287109375e+01
-6.846737670898437500e+01
-6.763008880615234375e+01
-6.677908325195312500e+01
-6.591437530517578125e+01
-6.503675079345703125e+01
-6.414698791503906250e+01
-6.324508666992187500e+01
-6.233108901977539062e+01
-6.140575790405273438e+01
-6.046987915039062500e+01
-5.952347564697265625e+01
-5.856730651855468750e+01
-5.760214233398437500e+01
-5.662728118896484375e+01
-5.564422988891601562e+01
-5.465301513671875000e+01
-5.365365600585937500e+01
-5.264842605590820312e+01
-5.163584899902343750e+01
-5.061745071411132812e+01
-4.959399414062500000e+01
-4.856550979614257812e+01
-4.753202819824218750e+01
-4.649431228637695312e+01
-4.545313644409179688e+01
-4.440927124023437500e+01
-4.336199951171875000e+01
-4.231283569335937500e+01
-4.126181030273437500e+01
-4.020968627929687500e+01
-3.915649414062500000e+01
-3.810300445556640625e+01
-3.704999160766601562e+01
-3.599747848510742188e+01
-3.494623184204101562e+01
-3.389628982543945312e+01
-3.284840774536132812e+01
-3.180336952209472656e+01
-3.076119804382324219e+01
-2.972265815734863281e+01
-2.868778038024902344e+01
-2.765730476379394531e+01
-2.663196945190429688e+01
-2.561177444458007812e+01
-2.459671401977539062e+01
-2.358827018737792969e+01
-2.258569717407226562e+01
-2.159047698974609375e+01
-2.060260772705078125e+01
-1.962208175659179688e+01
-1.865038490295410156e+01
-1.768676948547363281e+01
-1.673197746276855469e+01
-1.578674125671386719e+01
-1.485106468200683594e+01
-1.392494106292724609e+01
-1.300985145568847656e+01
-1.210505104064941406e+01
-1.121202182769775391e+01
-1.033001708984375000e+01
-9.459775924682617188e+00
-8.602037429809570312e+00
-7.756055831909179688e+00
-6.923314094543457031e+00
-6.103806495666503906e+00
-5.298050880432128906e+00
-4.505820274353027344e+00
-3.727705955505371094e+00
-2.963926315307617188e+00
-2.214849948883056641e+00
-1.480769991874694824e+00
-7.619059085845947266e-01
-5.862545967102050781e-02
6.288520693778991699e-01
1.300262808799743652e+00
1.955313324928283691e+00
2.593754529953002930e+00
3.215307712554931641e+00
3.819813013076782227e+00
4.407051563262939453e+00
4.976878643035888672e+00
5.528925418853759766e+00
6.063121318817138672e+00
6.579173564910888672e+00
7.077011585235595703e+00
7.556341171264648438e+00
8.017091751098632812e+00
8.459119796752929688e+00
8.881832122802734375e+00
9.286200523376464844e+00
9.670744895935058594e+00
1.003623390197753906e+01
1.038195037841796875e+01
1.070866680145263672e+01
1.101566791534423828e+01
1.130298042297363281e+01
1.157063198089599609e+01
1.181865310668945312e+01
1.204706859588623047e+01
1.225516605377197266e+01
1.244371414184570312e+01
1.261274051666259766e+01
1.276227569580078125e+01
1.289160156250000000e+01
1.300074863433837891e+01
1.309048461914062500e+01
1.316009807586669922e+01
1.321035766601562500e+01
1.324129104614257812e+01
1.325218391418457031e+01
1.324306392669677734e+01
1.321470165252685547e+01
1.316712665557861328e+01
1.309962081909179688e+01
1.301295757293701172e+01
1.290716361999511719e+01
1.278226661682128906e+01
1.263903808593750000e+01
1.247601985931396484e+01
1.229472637176513672e+01
1.209518432617187500e+01
1.187742233276367188e+01
1.164072513580322266e+01
1.138660621643066406e+01
1.111435127258300781e+01
1.082398796081542969e+01
1.051628684997558594e+01
1.019053173065185547e+01
9.847496032714843750e+00
9.487949371337890625e+00
9.111176490783691406e+00
8.717948913574218750e+00
8.308293342590332031e+00
7.882238864898681641e+00
7.439812183380126953e+00
6.982528686523437500e+00
6.508929252624511719e+00
6.019784927368164062e+00
5.515941143035888672e+00
4.997054100036621094e+00
4.463597297668457031e+00
3.915817022323608398e+00
3.354033470153808594e+00
2.778641223907470703e+00
2.189738273620605469e+00
1.587867498397827148e+00
9.731264114379882812e-01
3.459096252918243408e-01
-2.934625744819641113e-01
-9.446698427200317383e-01
-1.607466101646423340e+00
-2.281538724899291992e+00
-2.966544389724731445e+00
-3.662185907363891602e+00
-4.368134975433349609e+00
-5.084071159362792969e+00
-5.809525966644287109e+00
-6.544327735900878906e+00
-7.287932395935058594e+00
-8.040168762207031250e+00
-8.800642967224121094e+00
-9.568958282470703125e+00
-1.034479713439941406e+01
-1.112791061401367188e+01
-1.191768455505371094e+01
-1.271342372894287109e+01
-1.351584911346435547e+01
-1.432345294952392578e+01
-1.513695335388183594e+01
-1.595558452606201172e+01
-1.677783966064453125e+01
-1.760517692565917969e+01
-1.843609046936035156e+01
-1.927055740356445312e+01
-2.010855484008789062e+01
-2.094931411743164062e+01
-2.179207038879394531e+01
-2.263680076599121094e+01
-2.348274040222167969e+01
-2.433060646057128906e+01
-2.517963409423828125e+01
-2.602831459045410156e+01
-2.687736511230468750e+01
-2.772602462768554688e+01
-2.857426643371582031e+01
-2.942132377624511719e+01
-3.026717758178710938e+01
-3.111105728149414062e+01
-3.195368385314941406e+01
-3.279280471801757812e+01
-3.362989044189453125e+01
-3.446270370483398438e+01
-3.529274368286132812e+01
-3.611925888061523438e+01
-3.694150924682617188e+01
-3.775876235961914062e+01
-3.857101058959960938e+01
-3.937900161743164062e+01
-4.018051528930664062e+01
-4.097703170776367188e+01
-4.176707458496093750e+01
-4.255064010620117188e+01
-4.332773208618164062e+01
-4.409686660766601562e+01
-4.485953521728515625e+01
-4.561425018310546875e+01
-4.636101150512695312e+01
-4.709908294677734375e+01
-4.782921218872070312e+01
-4.854991149902343750e+01
-4.926118087768554688e+01
-4.996302795410156250e+01
-5.065544891357421875e+01
-5.133845138549804688e+01
-5.201055145263671875e+01
-5.267174530029296875e+01
-5.332278442382812500e+01
-5.396218109130859375e+01
-5.459068679809570312e+01
-5.520829772949218750e+01
-5.581278228759765625e+01
-5.640638351440429688e+01
-5.698761367797851562e+01
-5.755572891235351562e+01
-5.811147689819335938e+01
-5.865411758422851562e+01
-5.918365097045898438e+01
-5.970008087158203125e+01
-6.020266342163085938e+01
-6.069214630126953125e+01
-6.116704559326171875e+01
-6.162810897827148438e+01
-6.207459259033203125e+01
-6.250724029541015625e+01
-6.292457199096679688e+01
-6.332732772827148438e+01
-6.371477890014648438e+01
-6.408765411376953125e+01
-6.444448852539062500e+01
-6.478600311279296875e+01
-6.511222839355468750e+01
-6.542316436767578125e+01
-6.571810150146484375e+01
-6.599780273437500000e+01
-6.626080322265625000e+01
-6.650861358642578125e+01
-6.674050140380859375e+01
-6.695650482177734375e+01
-6.715589904785156250e+01
-6.733944702148437500e+01
-6.750717163085937500e+01
-6.765760803222656250e+01
-6.779300689697265625e+01
-6.791191101074218750e+01
-6.801358795166015625e+01
-6.810030364990234375e+01
-6.816984558105468750e+01
-6.822371673583984375e+01
-6.826045227050781250e+01
-6.828157043457031250e+01
-6.828634643554687500e+01
-6.827480316162109375e+01
-6.824769592285156250e+01
-6.820357513427734375e+01
-6.814395141601562500e+01
-6.806808471679687500e+01
-6.797676086425781250e+01
-6.786924743652343750e+01
-6.774556732177734375e+01
-6.760649871826171875e+01
-6.745130157470703125e+01
-6.728000640869140625e+01
-6.709338378906250000e+01
-6.689144897460937500e+01
-6.667423248291015625e+01
-6.644174957275390625e+01
-6.619403076171875000e+01
-6.593108367919921875e+01
-6.565368652343750000e+01
-6.536185455322265625e+01
-6.505487060546875000e+01
-6.473349761962890625e+01
-6.439851379394531250e+01
-6.404917144775390625e+01
-6.368552398681640625e+01
-6.330831527709960938e+01
-6.291757202148437500e+01
-6.251257705688476562e+01
-6.209484100341796875e+01
-6.166364288330078125e+01
-6.121973800659179688e+01
-6.076316070556640625e+01
-6.029392623901367188e+01
-5.981204986572265625e+01
-5.931830978393554688e+01
-5.881271743774414062e+01
-5.829529571533203125e+01
-5.776681137084960938e+01
-5.722654724121093750e+01
-5.667525482177734375e+01
-5.611296844482421875e+01
-5.553970336914062500e+01
-5.495697021484375000e+01
-5.436329650878906250e+01
-5.376020431518554688e+01
-5.314770126342773438e+01
-5.252581405639648438e+01
-5.189456939697265625e+01
-5.125472259521484375e+01
-5.060630035400390625e+01
-4.995006179809570312e+01
-4.928529357910156250e+01
-4.861275482177734375e+01
-4.793321228027343750e+01
-4.724668502807617188e+01
-4.655245590209960938e+01
-4.585202407836914062e+01
-4.514542007446289062e+01
-4.443191909790039062e+01
-4.371376800537109375e+01
-4.298950958251953125e+01
-4.225990295410156250e+01
-4.152497100830078125e+01
-4.078621673583984375e+01
-4.004218292236328125e+01
-3.929511642456054688e+01
-3.854355621337890625e+01
-3.778900527954101562e+01
-3.703074264526367188e+01
-3.626953506469726562e+01
-3.550614547729492188e+01
-3.474059677124023438e+01
-3.397216415405273438e+01
-3.320236206054687500e+01
-3.243120193481445312e+01
-3.165871047973632812e+01
-3.088565635681152344e+01
-3.011205482482910156e+01
-2.933792686462402344e+01
-2.856329917907714844e+01
-2.778967475891113281e+01
-2.701705360412597656e+01
-2.624469947814941406e+01
-2.547335433959960938e+01
-2.470376205444335938e+01
-2.393667221069335938e+01
-2.317059516906738281e+01
-2.240701866149902344e+01
-2.164594459533691406e+01
-2.088737678527832031e+01
-2.013205718994140625e+01
-1.937998962402343750e+01
-1.863191604614257812e+01
-1.788709640502929688e+01
-1.714627647399902344e+01
-1.640945434570312500e+01
-1.567812156677246094e+01
-1.495078945159912109e+01
-1.422894859313964844e+01
-1.351185607910156250e+01
-1.280100059509277344e+01
-1.209563922882080078e+01
-1.139651679992675781e+01
-1.070289325714111328e+01
-1.001625442504882812e+01
-9.336603164672851562e+00
-8.663196563720703125e+00
-7.997522830963134766e+00
-7.338840484619140625e+00
-6.687893867492675781e+00
-6.044684886932373047e+00
-5.409437656402587891e+00
-4.782524585723876953e+00
-4.164022922515869141e+00
-3.554081201553344727e+00
-2.952924728393554688e+00
-2.360778093338012695e+00
-1.777790546417236328e+00
-1.204187154769897461e+00
-6.401176452636718750e-01
-8.580663055181503296e-02
4.586701691150665283e-01
9.930883049964904785e-01
1.517230868339538574e+00
2.030992507934570312e+00
2.534192800521850586e+00
3.026726961135864258e+00
3.508377790451049805e+00
3.979069232940673828e+00
4.438651561737060547e+00
4.887051582336425781e+00
5.323987483978271484e+00
5.749475479125976562e+00
6.163459300994873047e+00
6.565733909606933594e+00
6.956315517425537109e+00
7.335000514984130859e+00
7.701730728149414062e+00
8.056523323059082031e+00
8.399174690246582031e+00
8.729774475097656250e+00
9.048117637634277344e+00
9.354000091552734375e+00
9.648404121398925781e+00
9.930084228515625000e+00
1.019905853271484375e+01
1.045608615875244141e+01
1.070118618011474609e+01
1.093288898468017578e+01
1.115269756317138672e+01
1.136063098907470703e+01
1.155521965026855469e+01
1.173796749114990234e+01
1.190740489959716797e+01
1.206503677368164062e+01
1.221013736724853516e+01
1.234197998046875000e+01
1.246206855773925781e+01
1.256967926025390625e+01
1.266482639312744141e+01
1.274753093719482422e+01
1.281780815124511719e+01
1.287641906738281250e+01
1.292189502716064453e+01
1.295573902130126953e+01
1.297722625732421875e+01
1.298637485504150391e+01
1.298394393920898438e+01
1.296920776367187500e+01
1.294218635559082031e+01
1.290363788604736328e+01
1.285358047485351562e+01
1.279128742218017578e+01
1.271752071380615234e+01
1.263155555725097656e+01
1.253415012359619141e+01
1.242606639862060547e+01
1.230657768249511719e+01
1.217570400238037109e+01
1.203345966339111328e+01
1.188060760498046875e+01
1.171716499328613281e+01
1.154314804077148438e+01
1.135783195495605469e+01
1.116272258758544922e+01
1.095709037780761719e+01
1.074169921875000000e+01
1.051582241058349609e+01
1.028022098541259766e+01
1.003491210937500000e+01
9.779913902282714844e+00
9.515243530273437500e+00
9.241662979125976562e+00
8.959187507629394531e+00
8.667093276977539062e+00
8.366883277893066406e+00
8.057832717895507812e+00
7.739959239959716797e+00
7.414022445678710938e+00
7.080041885375976562e+00
6.738775730133056641e+00
6.388905525207519531e+00
6.031786441802978516e+00
5.667212963104248047e+00
5.295573711395263672e+00
4.916961669921875000e+00
4.531616687774658203e+00
4.139704704284667969e+00
3.741466522216796875e+00
3.337142944335937500e+00
2.926825523376464844e+00
2.510755062103271484e+00
2.089172124862670898e+00
1.662168145179748535e+00
1.230058312416076660e+00
7.930088639259338379e-01
3.511116206645965576e-01
-9.531860798597335815e-02
-5.460412502288818359e-01
-1.000905036926269531e+00
-1.459691524505615234e+00
-1.922190189361572266e+00
-2.388160228729248047e+00
-2.857480287551879883e+00
-3.329797983169555664e+00
-3.804947376251220703e+00
-4.282762527465820312e+00
-4.762928485870361328e+00
-5.245352745056152344e+00
-5.729721069335937500e+00
-6.215943813323974609e+00
-6.703643798828125000e+00
-7.192744731903076172e+00
-7.683020114898681641e+00
-8.174319267272949219e+00
-8.666490554809570312e+00
-9.159158706665039062e+00
-9.652248382568359375e+00
-1.014560699462890625e+01
-1.063900852203369141e+01
-1.113170719146728516e+01
-1.162444496154785156e+01
-1.211647319793701172e+01
-1.260779094696044922e+01
-1.309765243530273438e+01
-1.358605289459228516e+01
-1.407373523712158203e+01
-1.455920982360839844e+01
-1.504321670532226562e+01
-1.552500820159912109e+01
-1.600458335876464844e+01
-1.648193931579589844e+01
-1.695707321166992188e+01
-1.742923927307128906e+01
-1.789843368530273438e+01
-1.836465454101562500e+01
-1.882715606689453125e+01
-1.928667831420898438e+01
-1.974247550964355469e+01
-2.019454383850097656e+01
-2.064213943481445312e+01
-2.108600044250488281e+01
-2.152538108825683594e+01
-2.196028137207031250e+01
-2.239069557189941406e+01
-2.281587791442871094e+01
-2.323657226562500000e+01
-2.365202713012695312e+01
-2.406224441528320312e+01
-2.446722030639648438e+01
-2.486620521545410156e+01
-2.525920104980468750e+01
-2.564694595336914062e+01
-2.602869415283203125e+01
-2.640444564819335938e+01
-2.677344894409179688e+01
-2.713570594787597656e+01
-2.749195480346679688e+01
-2.784219169616699219e+01
-2.818493270874023438e+01
-2.852091407775878906e+01
-2.884940719604492188e+01
-2.917115974426269531e+01
-2.948619079589843750e+01
-2.979302406311035156e+01
-3.009315299987792969e+01
-3.038585090637207031e+01
-3.067112541198730469e+01
-3.094824790954589844e+01
-3.121797370910644531e+01
-3.148031044006347656e+01
-3.173452949523925781e+01
-3.198063850402832031e+01
-3.221865463256835938e+01
-3.244932937622070312e+01
-3.267192840576171875e+01
-3.288572692871093750e+01
-3.309221649169921875e+01
-3.328992843627929688e+01
-3.347886657714843750e+01
-3.366053771972656250e+01
-3.383345794677734375e+01
-3.399764251708984375e+01
-3.415385055541992188e+01
-3.430134201049804688e+01
-3.444087982177734375e+01
-3.457172775268554688e+01
-3.469389724731445312e+01
-3.480814743041992188e+01
-3.491373825073242188e+01
-3.501068878173828125e+01
-3.509974670410156250e+01
-3.517944717407226562e+01
-3.525127792358398438e+01
-3.531451416015625000e+01
-3.536916351318359375e+01
-3.541524124145507812e+01
-3.545275115966796875e+01
-3.548171615600585938e+01
-3.550288009643554688e+01
-3.551552200317382812e+01
-3.551964187622070312e+01
-3.551525878906250000e+01
-3.550312805175781250e+01
-3.548251342773437500e+01
-3.545343017578125000e+01
-3.541662979125976562e+01
-3.537137985229492188e+01
-3.531769561767578125e+01
-3.525633239746093750e+01
-3.518729782104492188e+01
-3.510986709594726562e+01
-3.502479171752929688e+01
-3.493209075927734375e+01
-3.483177566528320312e+01
-3.472385787963867188e+01
-3.460835647583007812e+01
-3.448528289794921875e+01
-3.435539627075195312e+01
-3.421796035766601562e+01
-3.407299804687500000e+01
-3.392126083374023438e+01
-3.376276397705078125e+01
-3.359678268432617188e+01
-3.342480850219726562e+01
-3.324537658691406250e+01
-3.305998229980468750e+01
-3.286789703369140625e+01
-3.266913986206054688e+01
-3.246446228027343750e+01
-3.225313568115234375e+01
-3.203666305541992188e+01
-3.181357002258300781e+01
-3.158535575866699219e+01
-3.135055160522460938e+01
-3.111139869689941406e+01
-3.086568260192871094e+01
-3.061564445495605469e+01
-3.035981178283691406e+01
-3.009894371032714844e+01
-2.983379745483398438e+01
-2.956289863586425781e+01
-2.928774833679199219e+01
-2.900836372375488281e+01
-2.872401046752929688e+01
-2.843619155883789062e+01
-2.814343261718750000e+01
-2.784723472595214844e+01
-2.754687118530273438e+01
-2.724309730529785156e+01
-2.693592834472656250e+01
-2.662537193298339844e+01
-2.631145095825195312e+01
-2.599417304992675781e+01
-2.567429733276367188e+01
-2.535184097290039062e+01
-2.502606773376464844e+01
-2.469848442077636719e+01
-2.436761283874511719e+01
-2.403495788574218750e+01
-2.370053100585937500e+01
-2.336359405517578125e+01
-2.302563476562500000e+01
-2.268517112731933594e+01
-2.234369468688964844e+01
-2.200120735168457031e+01
-2.165696907043457031e+01
-2.131172752380371094e+01
-2.096548652648925781e+01
-2.061824798583984375e+01
-2.027075958251953125e+01
-1.992228126525878906e+01
-1.957356071472167969e+01
-1.922459793090820312e+01
-1.887540245056152344e+01
-1.852671432495117188e+01
-1.817779731750488281e+01
-1.782939910888671875e+01
-1.748151969909667969e+01
-1.713416671752929688e+01
-1.678733825683593750e+01
-1.644178581237792969e+01
-1.609676742553710938e+01
-1.575377464294433594e+01
-1.541132164001464844e+01
-1.507015705108642578e+01
-1.473102855682373047e+01
-1.439319324493408203e+01
-1.405739974975585938e+01
-1.372290802001953125e+01
-1.339120769500732422e+01
-1.306156063079833984e+01
-1.273396873474121094e+01
-1.240917778015136719e+01
-1.208644962310791016e+01
-1.176653003692626953e+01
-1.144942378997802734e+01
-1.113587570190429688e+01
-1.082440471649169922e+01
-1.051649856567382812e+01
-1.021216201782226562e+01
-9.910655975341796875e+00
-9.612725257873535156e+00
-9.318374633789062500e+00
-9.027607917785644531e+00
-8.741169929504394531e+00
-8.458321571350097656e+00
-8.179068565368652344e+00
-7.904154777526855469e+00
-7.633584499359130859e+00
-7.367359638214111328e+00
-7.105473041534423828e+00
-6.848660469055175781e+00
-6.595426082611083984e+00
-6.347173690795898438e+00
-6.103598117828369141e+00
-5.864839076995849609e+00
-5.630813598632812500e+00
-5.401736259460449219e+00
-5.177598953247070312e+00
-4.958467483520507812e+00
-4.744481563568115234e+00
-4.535559177398681641e+00
-4.331839561462402344e+00
-4.133315563201904297e+00
-3.940200567245483398e+00
-3.752337694168090820e+00
-3.569866895675659180e+00
-3.392855167388916016e+00
-3.221292495727539062e+00
-3.055320262908935547e+00
-2.894855260848999023e+00
-2.739963054656982422e+00
-2.590709924697875977e+00
-2.447161674499511719e+00
-2.309235572814941406e+00
-2.176997184753417969e+00
-2.050586938858032227e+00
-1.929847717285156250e+00
-1.814845442771911621e+00
-1.705645799636840820e+00
-1.602314710617065430e+00
-1.504695177078247070e+00
-1.413001656532287598e+00
-1.327002763748168945e+00
-1.246912956237792969e+00
-1.172649383544921875e+00
-1.104203820228576660e+00
-1.041641950607299805e+00
-9.848811030387878418e-01
-9.339126944541931152e-01
-8.888027071952819824e-01
-8.494684100151062012e-01
-8.159754872322082520e-01
-7.882413864135742188e-01
-7.662575244903564453e-01
-7.500599622726440430e-01
-7.395661473274230957e-01
-7.347749471664428711e-01
-7.356556653976440430e-01
-7.421844601631164551e-01
-7.543438076972961426e-01
-7.720857858657836914e-01
-7.953848838806152344e-01
-8.241857886314392090e-01
-8.584704995155334473e-01
-8.981836438179016113e-01
-9.432998299598693848e-01
-9.937636852264404297e-01
-1.049527406692504883e+00
-1.110557913780212402e+00
-1.176681399345397949e+00
-1.247938990592956543e+00
-1.324245572090148926e+00
-1.405516386032104492e+00
-1.491740584373474121e+00
-1.582759022712707520e+00
-1.678635239601135254e+00
-1.779135823249816895e+00
-1.884324193000793457e+00
-1.994115352630615234e+00
-2.108424663543701172e+00
-2.227166652679443359e+00
-2.350256681442260742e+00
-2.477609634399414062e+00
-2.609214782714843750e+00
-2.744913101196289062e+00
-2.884619474411010742e+00
-3.028323173522949219e+00
-3.175939083099365234e+00
-3.327308177947998047e+00
-3.482345342636108398e+00
-3.641040086746215820e+00
-3.803232669830322266e+00
-3.968912839889526367e+00
-4.137921333312988281e+00
-4.310246944427490234e+00
-4.485656738281250000e+00
-4.664214134216308594e+00
-4.845759868621826172e+00
-5.030134201049804688e+00
-5.217326641082763672e+00
-5.407104492187500000e+00
-5.599530220031738281e+00
-5.794445514678955078e+00
-5.991689682006835938e+00
-6.191178798675537109e+00
-6.392902374267578125e+00
-6.596700668334960938e+00
-6.802414417266845703e+00
-7.010108470916748047e+00
-7.219555377960205078e+00
-7.430677413940429688e+00
-7.643322467803955078e+00
-7.857562065124511719e+00
-8.073169708251953125e+00
-8.290067672729492188e+00
-8.508102416992187500e+00
-8.727347373962402344e+00
-8.947575569152832031e+00
-9.168931007385253906e+00
-9.390668869018554688e+00
-9.612784385681152344e+00
-9.836017608642578125e+00
-1.005962371826171875e+01
-1.028359699249267578e+01
-1.050793552398681641e+01
-1.073263454437255859e+01
-1.095769309997558594e+01
-1.118236255645751953e+01
-1.140664100646972656e+01
-1.163126659393310547e+01
-1.185475063323974609e+01
-1.207857608795166016e+01
-1.230199718475341797e+01
-1.252426528930664062e+01
-1.274612236022949219e+01
-1.296756362915039062e+01
-1.318784332275390625e+01
-1.340695858001708984e+01
-1.362490463256835938e+01
-1.384167957305908203e+01
-1.405727863311767578e+01
-1.427169990539550781e+01
-1.448493957519531250e+01
-1.469624996185302734e+01
-1.490562915802001953e+01
-1.511381530761718750e+01
-1.532006359100341797e+01
-1.552437114715576172e+01
-1.572673320770263672e+01
-1.592714405059814453e+01
-1.612560653686523438e+01
-1.632136917114257812e+01
-1.651442909240722656e+01
-1.670627212524414062e+01
-1.689466285705566406e+01
-1.708108520507812500e+01
-1.726404953002929688e+01
-1.744503784179687500e+01
-1.762256050109863281e+01
-1.779811286926269531e+01
-1.797020912170410156e+01
-1.813885688781738281e+01
-1.830554771423339844e+01
-1.846805763244628906e+01
-1.862787818908691406e+01
-1.878426742553710938e+01
-1.893798065185546875e+01
-1.908827781677246094e+01
-1.923441886901855469e+01
-1.937789726257324219e+01
-1.951723289489746094e+01
-1.965317153930664062e+01
-1.978572082519531250e+01
-1.991488647460937500e+01
-2.003992652893066406e+01
-2.016159439086914062e+01
-2.027915191650390625e+01
-2.039334487915039062e+01
-2.050343704223632812e+01
-2.060943222045898438e+01
-2.071208381652832031e+01
-2.081064796447753906e+01
-2.090513038635253906e+01
-2.099554061889648438e+01
-2.108188247680664062e+01
-2.116416168212890625e+01
-2.124238204956054688e+01
-2.131654739379882812e+01
-2.138592529296875000e+01
-2.145200157165527344e+01
-2.151404190063476562e+01
-2.157130813598632812e+01
-2.162454795837402344e+01
-2.167376708984375000e+01
-2.171822738647460938e+01
-2.175867843627929688e+01
-2.179512405395507812e+01
-2.182757186889648438e+01
-2.185527992248535156e+01
-2.187900161743164062e+01
-2.189799690246582031e+01
-2.191301345825195312e+01
-2.192405891418457031e+01
-2.193039321899414062e+01
-2.193276405334472656e+01
-2.193043708801269531e+01
-2.192415809631347656e+01
-2.191319084167480469e+01
-2.189828491210937500e+01
-2.187944412231445312e+01
-2.185593986511230469e+01
-2.182851982116699219e+01
-2.179644775390625000e+01
-2.176122474670410156e+01
-2.172062301635742188e+01
-2.167688369750976562e+01
-2.162852859497070312e+01
-2.157630920410156250e+01
-2.151949119567871094e+01
-2.145882606506347656e+01
-2.139506340026855469e+01
-2.132598686218261719e+01
-2.125382995605468750e+01
-2.117786026000976562e+01
-2.109808540344238281e+01
-2.101451301574707031e+01
-2.092641067504882812e+01
-2.083527183532714844e+01
-2.074110412597656250e+01
-2.064243125915527344e+01
-2.054074668884277344e+01
-2.043531799316406250e+01
-2.032614898681640625e+01
-2.021399688720703125e+01
-2.009812355041503906e+01
-1.997928047180175781e+01
-1.985673522949218750e+01
-1.973123741149902344e+01
-1.960279655456542969e+01
-1.947142028808593750e+01
-1.933637619018554688e+01
-1.919841194152832031e+01
-1.905828285217285156e+01
-1.891450881958007812e+01
-1.876783943176269531e+01
-1.861903190612792969e+01
-1.846735000610351562e+01
-1.831279945373535156e+01
-1.815613174438476562e+01
-1.799661445617675781e+01
-1.783425712585449219e+01
-1.766980743408203125e+01
-1.750327682495117188e+01
-1.733467292785644531e+01
-1.716400337219238281e+01
-1.699053382873535156e+01
-1.681576156616210938e+01
-1.663894844055175781e+01
-1.646010208129882812e+01
-1.627923011779785156e+01
-1.609633445739746094e+01
-1.591215991973876953e+01
-1.572671318054199219e+01
-1.553925228118896484e+01
-1.535052585601806641e+01
-1.516053485870361328e+01
-1.496928596496582031e+01
-1.477603626251220703e+01
-1.458227634429931641e+01
-1.438726997375488281e+01
-1.419101715087890625e+01
-1.399352359771728516e+01
-1.379553318023681641e+01
-1.359705257415771484e+01
-1.339733982086181641e+01
-1.319714355468750000e+01
-1.299572277069091797e+01
-1.279456710815429688e+01
-1.259293842315673828e+01
-1.239009571075439453e+01
-1.218752956390380859e+01
-1.198450088500976562e+01
-1.178101158142089844e+01
-1.157781028747558594e+01
-1.137489891052246094e+01
-1.117153835296630859e+01
-1.096847629547119141e+01
-1.076497268676757812e+01
-1.056251621246337891e+01
-1.035962486267089844e+01
-1.015778827667236328e+01
-9.956267356872558594e+00
-9.755064964294433594e+00
-9.554186820983886719e+00
-9.354376792907714844e+00
-9.155638694763183594e+00
-8.957234382629394531e+00
-8.759910583496093750e+00
-8.562926292419433594e+00
-8.367772102355957031e+00
-8.172966003417968750e+00
-7.979253292083740234e+00
-7.787381172180175781e+00
-7.596610069274902344e+00
-7.406943798065185547e+00
-7.219129085540771484e+00
-7.031682968139648438e+00
-6.846838951110839844e+00
-6.663186073303222656e+00
-6.481095314025878906e+00
-6.300711154937744141e+00
-6.122104167938232422e+00
-5.945271492004394531e+00
-5.770209789276123047e+00
-5.597064018249511719e+00
-5.425830841064453125e+00
-5.256506919860839844e+00
-5.089312076568603516e+00
-4.924168109893798828e+00
-4.761072158813476562e+00
-4.600243568420410156e+00
-4.441530704498291016e+00
-4.285078048706054688e+00
-4.130882740020751953e+00
-3.979089975357055664e+00
-3.829547405242919922e+00
-3.682475090026855469e+00
-3.537795305252075195e+00
-3.395578384399414062e+00
-3.255896091461181641e+00
-3.118744611740112305e+00
-2.984120368957519531e+00
-2.852094888687133789e+00
-2.722738504409790039e+00
-2.596048355102539062e+00
-2.472020387649536133e+00
-2.350651979446411133e+00
-2.232087850570678711e+00
-2.116325139999389648e+00
-2.003285646438598633e+00
-1.893114686012268066e+00
-1.785734891891479492e+00
-1.681217074394226074e+00
-1.579631924629211426e+00
-1.480902075767517090e+00
-1.385098218917846680e+00
-1.292291522026062012e+00
-1.202404141426086426e+00
-1.115507006645202637e+00
-1.031522393226623535e+00
-9.505957365036010742e-01
-8.726493120193481445e-01
-7.977538108825683594e-01
-7.258318066596984863e-01
-6.569541096687316895e-01
-5.911174416542053223e-01
-5.283182859420776367e-01
-4.685534536838531494e-01
-4.118561148643493652e-01
-3.582134246826171875e-01
-3.076415956020355225e-01
-2.601198554039001465e-01
-2.156496345996856689e-01
-1.742175221443176270e-01
-1.358249634504318237e-01
-1.004585698246955872e-01
-6.811978667974472046e-02
-3.878776356577873230e-02
-1.245653443038463593e-02
1.087988354265689850e-02
3.124233148992061615e-02
4.864273220300674438e-02
6.309151649475097656e-02
7.460135966539382935e-02
8.318827301263809204e-02
8.887419849634170532e-02
9.168556332588195801e-02
9.164653718471527100e-02
8.878317475318908691e-02
8.312002569437026978e-02
7.468239963054656982e-02
6.349632143974304199e-02
4.958710819482803345e-02
3.298078477382659912e-02
1.370414625853300095e-02
-8.216767571866512299e-03
-3.275665640830993652e-02
-5.988873913884162903e-02
-8.958548307418823242e-02
-1.218137890100479126e-01
-1.565383225679397583e-01
-1.937244981527328491e-01
-2.333362251520156860e-01
-2.753408253192901611e-01
-3.197077512741088867e-01
-3.663864433765411377e-01
-4.153560698032379150e-01
-4.665735065937042236e-01
-5.200029611587524414e-01
-5.756089091300964355e-01
-6.333554983139038086e-01
-6.931996345520019531e-01
-7.551131248474121094e-01
-8.190378546714782715e-01
-8.849456310272216797e-01
-9.527784585952758789e-01
-1.022500514984130859e+00
-1.094053864479064941e+00
-1.167381167411804199e+00
-1.242508292198181152e+00
-1.319320678710937500e+00
-1.397815227508544922e+00
-1.477914333343505859e+00
-1.559615135192871094e+00
-1.642839789390563965e+00
-1.727585434913635254e+00
-1.813774466514587402e+00
-1.901403546333312988e+00
-1.990395784378051758e+00
-2.080673217773437500e+00
-2.172232866287231445e+00
-2.264997005462646484e+00
-2.358962774276733398e+00
-2.453978300094604492e+00
-2.550114870071411133e+00
-2.647294998168945312e+00
-2.745441198348999023e+00
-2.844549894332885742e+00
-2.944544076919555664e+00
-3.045272111892700195e+00
-3.146878957748413086e+00
-3.249213218688964844e+00
-3.352197170257568359e+00
-3.455827951431274414e+00
-3.560028076171875000e+00
-3.664793968200683594e+00
-3.769973993301391602e+00
-3.875714063644409180e+00
-3.981713533401489258e+00
-4.088191986083984375e+00
-4.194849014282226562e+00
-4.301755905151367188e+00
-4.408910274505615234e+00
-4.516158580780029297e+00
-4.623499393463134766e+00
-4.730928421020507812e+00
-4.838294506072998047e+00
-4.945594310760498047e+00
-5.052824497222900391e+00
-5.159907817840576172e+00
-5.266767024993896484e+00
-5.373323917388916016e+00
-5.479650497436523438e+00
-5.585669040679931641e+00
-5.691227436065673828e+00
-5.796397209167480469e+00
-5.901026248931884766e+00
-6.005185604095458984e+00
-6.108725070953369141e+00
-6.211719036102294922e+00
-6.314020633697509766e+00
-6.415632247924804688e+00
-6.516479969024658203e+00
-6.616640567779541016e+00
-6.715967178344726562e+00
-6.814385890960693359e+00
-6.911974906921386719e+00
-7.008659362792968750e+00
-7.104366779327392578e+00
-7.199100494384765625e+00
-7.292786121368408203e+00
-7.385425567626953125e+00
-7.476946830749511719e+00
-7.567425727844238281e+00
-7.656715393066406250e+00
-7.744741916656494141e+00
-7.831657409667968750e+00
-7.917238235473632812e+00
-8.001562118530273438e+00
-8.084556579589843750e+00
-8.166221618652343750e+00
-8.246561050415039062e+00
-8.325574874877929688e+00
-8.402596473693847656e+00
-8.478667259216308594e+00
-8.553789138793945312e+00
-8.626478195190429688e+00
-8.698221206665039062e+00
-8.768278121948242188e+00
-8.836648941040039062e+00
-8.903335571289062500e+00
-8.968341827392578125e+00
-9.031666755676269531e+00
-9.094055175781250000e+00
-9.154024124145507812e+00
-9.212317466735839844e+00
-9.268937110900878906e+00
-9.323884010314941406e+00
-9.377160072326660156e+00
-9.428767204284667969e+00
-9.478707313537597656e+00
-9.526238441467285156e+00
-9.572105407714843750e+00
-9.616310119628906250e+00
-9.658853530883789062e+00
-9.699737548828125000e+00
-9.738221168518066406e+00
-9.775048255920410156e+00
-9.809478759765625000e+00
-9.843002319335937500e+00
-9.874135971069335938e+00
-9.902885437011718750e+00
-9.929997444152832031e+00
-9.955475807189941406e+00
-9.979324340820312500e+00
-1.000080585479736328e+01
-1.001992225646972656e+01
-1.003742313385009766e+01
-1.005331134796142578e+01
-1.006759071350097656e+01
-1.007952404022216797e+01
-1.008911323547363281e+01
-1.009710693359375000e+01
-1.010350990295410156e+01
-1.010758209228515625e+01
-1.011007118225097656e+01
-1.011098194122314453e+01
-1.010957431793212891e+01
-1.010585212707519531e+01
-1.010056591033935547e+01
-1.009371662139892578e+01
-1.008530807495117188e+01
-1.007460498809814453e+01
-1.006235122680664062e+01
-1.004780864715576172e+01
-1.003172588348388672e+01
-1.001410579681396484e+01
-9.994210243225097656e+00
-9.972784996032714844e+00
-9.949837684631347656e+00
-9.925368309020996094e+00
-9.898640632629394531e+00
-9.871144294738769531e+00
-9.841396331787109375e+00
-9.809402465820312500e+00
-9.776653289794921875e+00
-9.741665840148925781e+00
-9.705929756164550781e+00
-9.667965888977050781e+00
-9.628518104553222656e+00
-9.587592124938964844e+00
-9.545192718505859375e+00
-9.501322746276855469e+00
-9.455987930297851562e+00
-9.409192085266113281e+00
-9.361681938171386719e+00
-9.311975479125976562e+00
-9.260820388793945312e+00
-9.208962440490722656e+00
-9.154920578002929688e+00
-9.100181579589843750e+00
-9.044006347656250000e+00
-8.987140655517578125e+00
-8.928099632263183594e+00
-8.868372917175292969e+00
-8.807962417602539062e+00
-8.746129035949707031e+00
-8.682873725891113281e+00
-8.618944168090820312e+00
-8.553597450256347656e+00
-8.486838340759277344e+00
-8.420155525207519531e+00
-8.352063179016113281e+00
-8.282566070556640625e+00
-8.212409019470214844e+00
-8.141595840454101562e+00
-8.070126533508300781e+00
-7.998006820678710938e+00
-7.924494266510009766e+00
-7.850335121154785156e+00
-7.775531768798828125e+00
-7.700087070465087891e+00
-7.624003887176513672e+00
-7.548027515411376953e+00
-7.470451831817626953e+00
-7.392690658569335938e+00
-7.314374923706054688e+00
-7.235657691955566406e+00
-7.156390666961669922e+00
-7.076726436614990234e+00
-6.996667385101318359e+00
-6.916215896606445312e+00
-6.835524082183837891e+00
-6.754443645477294922e+00
-6.673128128051757812e+00
-6.591579437255859375e+00
-6.509874820709228516e+00
-6.428015708923339844e+00
-6.346005916595458984e+00
-6.263921737670898438e+00
-6.181766033172607422e+00
-6.099542140960693359e+00
-6.017399311065673828e+00
-5.935267925262451172e+00
-5.853149414062500000e+00
-5.771195411682128906e+00
-5.689333915710449219e+00
-5.607642173767089844e+00
-5.526122570037841797e+00
-5.444848537445068359e+00
-5.363819122314453125e+00
-5.283033847808837891e+00
-5.202565670013427734e+00
-5.122414112091064453e+00
-5.042651653289794922e+00
-4.963204383850097656e+00
-4.884219646453857422e+00
-4.805622100830078125e+00
-4.727559089660644531e+00
-4.649881839752197266e+00
-4.572737216949462891e+00
-4.496199607849121094e+00
-4.420118808746337891e+00
-4.344642639160156250e+00
-4.269770622253417969e+00
-4.195575237274169922e+00
-4.122056484222412109e+00
-4.049139022827148438e+00
-3.976970434188842773e+00
-3.905475616455078125e+00
-3.834801673889160156e+00
-3.764874458312988281e+00
-3.695692300796508789e+00
-3.627328872680664062e+00
-3.559782981872558594e+00
-3.493129014968872070e+00
-3.427364826202392578e+00
-3.362415790557861328e+00
-3.298429965972900391e+00
-3.235405683517456055e+00
-3.173268556594848633e+00
-3.112091302871704102e+00
-3.051947593688964844e+00
-2.992762327194213867e+00
-2.934609174728393555e+00
-2.877412080764770508e+00
-2.821393966674804688e+00
-2.766330718994140625e+00
-2.712369680404663086e+00
-2.659510612487792969e+00
-2.607752084732055664e+00
-2.557093381881713867e+00
-2.507607936859130859e+00
-2.459220647811889648e+00
-2.412004709243774414e+00
-2.365959405899047852e+00
-2.321083784103393555e+00
-2.277377128601074219e+00
-2.234912157058715820e+00
-2.193612337112426758e+00
-2.153549432754516602e+00
-2.114646434783935547e+00
-2.077049016952514648e+00
-2.040606260299682617e+00
-2.005463600158691406e+00
-1.971544384956359863e+00
-1.938920140266418457e+00
-1.907439708709716797e+00
-1.877323150634765625e+00
-1.848419189453125000e+00
-1.820724844932556152e+00
-1.794386744499206543e+00
-1.769252896308898926e+00
-1.745395302772521973e+00
-1.722736835479736328e+00
-1.701423645019531250e+00
-1.681303858757019043e+00
-1.662523984909057617e+00
-1.644932389259338379e+00
-1.628600955009460449e+00
-1.613526701927185059e+00
-1.599707126617431641e+00
-1.587139368057250977e+00
-1.575820922851562500e+00
-1.565749049186706543e+00
-1.556846618652343750e+00
-1.549259781837463379e+00
-1.542762756347656250e+00
-1.537575721740722656e+00
-1.533547639846801758e+00
-1.530749797821044922e+00
-1.529105424880981445e+00
-1.528611898422241211e+00
-1.529340505599975586e+00
-1.531214475631713867e+00
-1.534231066703796387e+00
-1.538387656211853027e+00
-1.543681383132934570e+00
-1.550109863281250000e+00
-1.557670116424560547e+00
-1.566285133361816406e+00
-1.575952529907226562e+00
-1.586743474006652832e+00
-1.598581314086914062e+00
-1.611463427543640137e+00
-1.625386834144592285e+00
-1.640348911285400391e+00
-1.656272649765014648e+00
-1.673230528831481934e+00
-1.691148161888122559e+00
-1.710026621818542480e+00
-1.729866743087768555e+00
-1.750669240951538086e+00
-1.772361040115356445e+00
-1.795017004013061523e+00
-1.818564057350158691e+00
