# tt
1.154730957031250000e+03
1.096680297851562500e+03
1.036776489257812500e+03
9.894401245117187500e+02
9.548441772460937500e+02
9.308812866210937500e+02
9.148288574218750000e+02
9.049602050781250000e+02
8.998942871093750000e+02
8.981132202148437500e+02
9.001105957031250000e+02
9.037536010742187500e+02
9.087432861328125000e+02
9.141613769531250000e+02
9.217719726562500000e+02
9.313895263671875000e+02
9.416571655273437500e+02
9.533901367187500000e+02
9.648256225585937500e+02
9.768031616210937500e+02
9.892693481445312500e+02
1.001793151855468750e+03
1.014760986328125000e+03
1.028269409179687500e+03
1.041816650390625000e+03
1.055846069335937500e+03
1.070199462890625000e+03
1.084639404296875000e+03
1.099533325195312500e+03
1.114253784179687500e+03
1.129579833984375000e+03
1.145034179687500000e+03
1.160578247070312500e+03
1.176659545898437500e+03
1.192473144531250000e+03
1.208626831054687500e+03
1.225061645507812500e+03
1.241868530273437500e+03
1.258767822265625000e+03
1.275769653320312500e+03
1.292853637695312500e+03
1.310065673828125000e+03
1.327377807617187500e+03
1.344985107421875000e+03
1.362795288085937500e+03
1.380832763671875000e+03
1.398983642578125000e+03
1.417357055664062500e+03
1.435913452148437500e+03
1.454677490234375000e+03
1.473707397460937500e+03
1.492828247070312500e+03
1.512088256835937500e+03
1.531386962890625000e+03
1.550927001953125000e+03
1.570786010742187500e+03
1.590898925781250000e+03
1.611275390625000000e+03
1.631775756835937500e+03
1.652560424804687500e+03
1.673501953125000000e+03
1.694623413085937500e+03
1.715948120117187500e+03
1.737499633789062500e+03
1.759361206054687500e+03
1.781412109375000000e+03
1.803665649414062500e+03
1.826135253906250000e+03
1.848760375976562500e+03
1.871506103515625000e+03
1.894591308593750000e+03
1.917963256835937500e+03
1.941718139648437500e+03
1.965878173828125000e+03
1.990286743164062500e+03
2.014893188476562500e+03
2.039691772460937500e+03
2.064676269531250000e+03
2.089841308593750000e+03
2.115347412109375000e+03
2.141057373046875000e+03
2.167074951171875000e+03
2.193354980468750000e+03
2.219853027343750000e+03
2.246666992187500000e+03
2.273722900390625000e+03
2.300940673828125000e+03
2.328389404296875000e+03
2.356063476562500000e+03
2.383884765625000000e+03
2.412002197265625000e+03
2.440269287109375000e+03
2.468762207031250000e+03
2.497482666015625000e+03
2.526359130859375000e+03
2.555541015625000000e+03
2.584956787109375000e+03
2.614533691406250000e+03
2.644422363281250000e+03
2.674476074218750000e+03
2.704771484375000000e+03
2.735309814453125000e+03
2.766019287109375000e+03
2.796976074218750000e+03
2.828107421875000000e+03
2.859415771484375000e+03
2.890977050781250000e+03
2.922718994140625000e+03
2.954643554687500000e+03
2.986677734375000000e+03
3.018895996093750000e+03
3.051371826171875000e+03
3.083881835937500000e+03
3.116648437500000000e+03
3.149447753906250000e+03
3.182427978515625000e+03
3.215588867187500000e+03
3.248780517578125000e+03
3.282151367187500000e+03
3.315552490234375000e+03
3.349057128906250000e+03
3.382664794921875000e+03
3.416374755859375000e+03
3.450112548828125000e+03
3.483951660156250000e+03
3.517816894531250000e+03
3.551707763671875000e+03
3.585624023437500000e+03
3.619565185546875000e+03
3.653529785156250000e+03
3.687519042968750000e+03
3.721457763671875000e+03
3.755421142578125000e+03
3.789408691406250000e+03
3.823272460937500000e+03
3.857086181640625000e+03
3.890924560546875000e+03
3.924565185546875000e+03
3.958230468750000000e+03
3.991772460937500000e+03
4.025190429687500000e+03
4.058560058593750000e+03
4.091731445312500000e+03
4.124780273437500000e+03
4.157705566406250000e+03
4.190434082031250000e+03
4.222965332031250000e+03
4.255374023437500000e+03
4.287585449218750000e+03
4.319599609375000000e+03
4.351342773437500000e+03
4.382960937500000000e+03
4.414380371093750000e+03
4.445599121093750000e+03
4.476542968750000000e+03
4.507358886718750000e+03
4.537973144531250000e+03
4.568383300781250000e+03
4.598588867187500000e+03
4.628515136718750000e+03
4.658236328125000000e+03
4.687750000000000000e+03
4.716907226562500000e+03
4.745856445312500000e+03
4.774447753906250000e+03
4.802828613281250000e+03
4.830776367187500000e+03
4.858512207031250000e+03
4.885812011718750000e+03
4.912824218750000000e+03
4.939399902343750000e+03
4.965611328125000000e+03
4.991458496093750000e+03
5.016939941406250000e+03
5.041907226562500000e+03
5.066508300781250000e+03
5.090668945312500000e+03
5.114314941406250000e+03
5.137595703125000000e+03
5.160362792968750000e+03
5.182689453125000000e+03
5.204502441406250000e+03
5.225875488281250000e+03
5.246810058593750000e+03
5.267156250000000000e+03
5.287063476562500000e+03
5.306531738281250000e+03
5.325412597656250000e+03
5.343854492187500000e+03
5.361709472656250000e+03
5.379125976562500000e+03
5.395955566406250000e+03
5.412346679687500000e+03
5.428151367187500000e+03
5.443443359375000000e+03
5.458223632812500000e+03
5.472492187500000000e+03
5.486248535156250000e+03
5.499418457031250000e+03
5.512076660156250000e+03
5.524149414062500000e+03
5.535635253906250000e+03
5.546534667968750000e+03
5.556847167968750000e+03
5.566572753906250000e+03
5.575710449218750000e+03
5.584186523437500000e+03
5.592000976562500000e+03
5.599300781250000000e+03
5.605938964843750000e+03
5.611988281250000000e+03
5.617448730468750000e+03
5.622246093750000000e+03
5.626454589843750000e+03
5.630072753906250000e+03
5.633102050781250000e+03
5.635466796875000000e+03
5.637241699218750000e+03
5.638352050781250000e+03
5.638871093750000000e+03
5.638726074218750000e+03
5.637915039062500000e+03
5.636513183593750000e+03
5.634445312500000000e+03
5.631785156250000000e+03
5.628459472656250000e+03
5.624541015625000000e+03
5.620030761718750000e+03
5.614853515625000000e+03
5.609008789062500000e+03
5.602645019531250000e+03
5.595613769531250000e+03
5.587915039062500000e+03
5.579696289062500000e+03
5.570809570312500000e+03
5.561402343750000000e+03
5.551326660156250000e+03
5.540656250000000000e+03
5.529391113281250000e+03
5.517604492187500000e+03
5.505148925781250000e+03
5.492171386718750000e+03
5.478598144531250000e+03
5.464428710937500000e+03
5.449737304687500000e+03
5.434449218750000000e+03
5.418638671875000000e+03
5.402305175781250000e+03
5.385448730468750000e+03
5.367995117187500000e+03
5.350018554687500000e+03
5.331592773437500000e+03
5.312569335937500000e+03
5.293022460937500000e+03
5.272952636718750000e+03
5.252434082031250000e+03
5.231392089843750000e+03
5.209827148437500000e+03
5.187886718750000000e+03
5.165424316406250000e+03
5.142511718750000000e+03
5.119225097656250000e+03
5.095489257812500000e+03
5.071304687500000000e+03
5.046745605468750000e+03
5.021737304687500000e+03
4.996354492187500000e+03
4.970597167968750000e+03
4.944390136718750000e+03
4.917809082031250000e+03
4.890927246093750000e+03
4.863670898437500000e+03
4.836040039062500000e+03
4.808034179687500000e+03
4.779802734375000000e+03
4.751121582031250000e+03
4.722214843750000000e+03
4.693007324218750000e+03
4.663499511718750000e+03
4.633765136718750000e+03
4.603656738281250000e+03
4.573396484375000000e+03
4.542835449218750000e+03
4.512048339843750000e+03
4.480960937500000000e+03
4.449721679687500000e+03
4.418256347656250000e+03
4.386638671875000000e+03
4.354795410156250000e+03
4.322799804687500000e+03
4.290578613281250000e+03
4.258279296875000000e+03
4.225753906250000000e+03
4.193151367187500000e+03
4.160396484375000000e+03
4.127489746093750000e+03
4.094431396484375000e+03
4.061369628906250000e+03
4.028156005859375000e+03
3.994864990234375000e+03
3.961496337890625000e+03
3.928124267578125000e+03
3.894675292968750000e+03
3.861223144531250000e+03
3.827694091796875000e+03
3.794162109375000000e+03
3.760627441406250000e+03
3.727164794921875000e+03
3.693625244140625000e+03
3.660158203125000000e+03
3.626762695312500000e+03
3.593364990234375000e+03
3.560039794921875000e+03
3.526712402343750000e+03
3.493531738281250000e+03
3.460423828125000000e+03
3.427463134765625000e+03
3.394574707031250000e+03
3.361759277343750000e+03
3.329091308593750000e+03
3.296570312500000000e+03
3.264197021484375000e+03
3.231970947265625000e+03
3.199967041015625000e+03
3.168036376953125000e+03
3.136328125000000000e+03
3.104841796875000000e+03
3.073503662109375000e+03
3.042387939453125000e+03
3.011494384765625000e+03
2.980823730468750000e+03
2.950375732421875000e+03
2.920224853515625000e+03
2.890296630859375000e+03
2.860591552734375000e+03
2.831183837890625000e+03
2.801999511718750000e+03
2.773186767578125000e+03
2.744597412109375000e+03
2.716305908203125000e+03
2.688312255859375000e+03
2.660690917968750000e+03
2.633367431640625000e+03
2.606268066406250000e+03
2.579615234375000000e+03
2.553186767578125000e+03
2.527130859375000000e+03
2.501447753906250000e+03
2.476063232421875000e+03
2.451126220703125000e+03
2.426487792968750000e+03
2.402222412109375000e+03
2.378329589843750000e+03
2.354809814453125000e+03
2.331737060546875000e+03
2.309037109375000000e+03
2.286710205078125000e+03
2.264755615234375000e+03
2.243248046875000000e+03
2.222113037109375000e+03
2.201424804687500000e+03
2.181109375000000000e+03
2.161240478515625000e+03
2.141744140625000000e+03
2.122694580078125000e+03
2.104091308593750000e+03
2.085860595703125000e+03
2.068150634765625000e+03
2.050812988281250000e+03
2.033921752929687500e+03
2.017402587890625000e+03
2.001404296875000000e+03
1.985852050781250000e+03
1.970671997070312500e+03
1.955938232421875000e+03
1.941724731445312500e+03
1.927883422851562500e+03
1.914488037109375000e+03
1.901613037109375000e+03
1.889109863281250000e+03
1.877052612304687500e+03
1.865441406250000000e+03
1.854350219726562500e+03
1.843630737304687500e+03
1.833357055664062500e+03
1.823529174804687500e+03
1.814146972656250000e+03
1.805210571289062500e+03
1.796719604492187500e+03
1.788674438476562500e+03
1.781000366210937500e+03
1.773846191406250000e+03
1.767063354492187500e+03
1.760725830078125000e+03
1.754833496093750000e+03
1.749312500000000000e+03
1.744236572265625000e+03
1.739606201171875000e+03
1.735346313476562500e+03
1.731531860351562500e+03
1.728162475585937500e+03
1.725163940429687500e+03
1.722535888671875000e+03
1.720352905273437500e+03
1.718540405273437500e+03
1.717172851562500000e+03
1.716175781250000000e+03
1.715548950195312500e+03
1.715292602539062500e+03
1.715406494140625000e+03
1.715890625000000000e+03
1.716744873046875000e+03
1.717895019531250000e+03
1.719489379882812500e+03
1.721379638671875000e+03
1.723639648437500000e+03
1.726195434570312500e+03
1.729120849609375000e+03
1.732416137695312500e+03
1.736006835937500000e+03
1.739892822265625000e+03
1.744074218750000000e+03
1.748550781250000000e+03
1.753396728515625000e+03
1.758537841796875000e+03
1.763899780273437500e+03
1.769556762695312500e+03
1.775508422851562500e+03
1.781755249023437500e+03
1.788222412109375000e+03
1.794910156250000000e+03
1.801892456054687500e+03
1.809095336914062500e+03
1.816518432617187500e+03
1.824161865234375000e+03
1.832099487304687500e+03
1.840182983398437500e+03
1.848561035156250000e+03
1.857084594726562500e+03
1.865828247070312500e+03
1.874717407226562500e+03
1.883826538085937500e+03
1.893080932617187500e+03
1.902555053710937500e+03
1.912100219726562500e+03
1.921864990234375000e+03
1.931700805664062500e+03
1.941681640625000000e+03
1.951881958007812500e+03
1.962153076171875000e+03
1.972494873046875000e+03
1.983055664062500000e+03
1.993612792968750000e+03
2.004314575195312500e+03
2.015160888671875000e+03
2.026003051757812500e+03
2.036915283203125000e+03
2.047971801757812500e+03
2.059023925781250000e+03
2.070145751953125000e+03
2.081263183593750000e+03
2.092449951171875000e+03
2.103632080078125000e+03
2.114883544921875000e+03
2.126130126953125000e+03
2.137445800781250000e+03
2.148681884765625000e+03
2.159987304687500000e+03
2.171287109375000000e+03
2.182507324218750000e+03
2.193721679687500000e+03
2.204930419921875000e+03
2.216059326171875000e+03
2.227182128906250000e+03
2.238224609375000000e+03
2.249186767578125000e+03
2.260143066406250000e+03
2.271018554687500000e+03
2.281813476562500000e+03
2.292527587890625000e+03
2.303235107421875000e+03
2.313787353515625000e+03
2.324184570312500000e+03
2.334574462890625000e+03
2.344809326171875000e+03
2.354888427734375000e+03
2.364885986328125000e+03
2.374727539062500000e+03
2.384487792968750000e+03
2.394017578125000000e+03
2.403465332031250000e+03
2.412757324218750000e+03
2.421967041015625000e+03
2.430946044921875000e+03
2.439768554687500000e+03
2.448434570312500000e+03
2.456943847656250000e+03
2.465296630859375000e+03
2.473492187500000000e+03
2.481382080078125000e+03
2.489189697265625000e+03
2.496766357421875000e+03
2.504112304687500000e+03
2.511302490234375000e+03
2.518261962890625000e+03
2.525065673828125000e+03
2.531639648437500000e+03
2.537983886718750000e+03
2.544098632812500000e+03
2.550058349609375000e+03
2.555789062500000000e+03
2.561290771484375000e+03
2.566638427734375000e+03
2.571683105468750000e+03
2.576573730468750000e+03
2.581162109375000000e+03
2.585596679687500000e+03
2.589803955078125000e+03
2.593709228515625000e+03
2.597387207031250000e+03
2.600838378906250000e+03
2.604062255859375000e+03
2.607059814453125000e+03
2.609830810546875000e+03
2.612301025390625000e+03
2.614545410156250000e+03
2.616563720703125000e+03
2.618356689453125000e+03
2.619924072265625000e+03
2.621266113281250000e+03
2.622308837890625000e+03
2.623126464843750000e+03
2.623719726562500000e+03
2.624088623046875000e+03
2.624232910156250000e+03
2.624079101562500000e+03
2.623701416015625000e+03
2.623100097656250000e+03
2.622275146484375000e+03
2.621227050781250000e+03
2.619955810546875000e+03
2.618387451171875000e+03
2.616670898437500000e+03
2.614657470703125000e+03
2.612496337890625000e+03
2.610038574218750000e+03
2.607358886718750000e+03
2.604532226562500000e+03
2.601409423828125000e+03
2.598139892578125000e+03
2.594574707031250000e+03
2.590863037109375000e+03
2.586930419921875000e+03
2.582777099609375000e+03
2.578402832031250000e+03
2.573882568359375000e+03
2.569141601562500000e+03
2.564180419921875000e+03
2.559073242187500000e+03
2.553746093750000000e+03
2.548273193359375000e+03
2.542580078125000000e+03
2.536741699218750000e+03
2.530758056640625000e+03
2.524554687500000000e+03
2.518131835937500000e+03
2.511638183593750000e+03
2.504925537109375000e+03
2.498067871093750000e+03
2.491065673828125000e+03
2.483844238281250000e+03
2.476552978515625000e+03
2.469116943359375000e+03
2.461462646484375000e+03
2.453738525390625000e+03
2.445870117187500000e+03
2.437932128906250000e+03
2.429776123046875000e+03
2.421625000000000000e+03
2.413255859375000000e+03
2.404817626953125000e+03
2.396310302734375000e+03
2.387733886718750000e+03
2.379014648437500000e+03
2.370226562500000000e+03
2.361369628906250000e+03
2.352369873046875000e+03
2.343376220703125000e+03
2.334239746093750000e+03
2.325109619140625000e+03
2.315911132812500000e+03
2.306645019531250000e+03
2.297385253906250000e+03
2.287983398437500000e+03
2.278588134765625000e+03
2.269199707031250000e+03
2.259743896484375000e+03
2.250295166015625000e+03
2.240779052734375000e+03
2.231270263671875000e+03
2.221768798828125000e+03
2.212200195312500000e+03
2.202713134765625000e+03
2.193159179687500000e+03
2.183686523437500000e+03
2.174146728515625000e+03
2.164688720703125000e+03
2.155237792968750000e+03
2.145794189453125000e+03
2.136432373046875000e+03
2.127077392578125000e+03
2.117729980468750000e+03
2.108463867187500000e+03
2.099205322265625000e+03
2.090028076171875000e+03
2.080932617187500000e+03
2.071918457031250000e+03
2.062911865234375000e+03
2.054061035156250000e+03
2.045217529296875000e+03
2.036455566406250000e+03
2.027849609375000000e+03
2.019250732421875000e+03
2.010807861328125000e+03
2.002446533203125000e+03
1.994241333007812500e+03
1.986043090820312500e+03
1.978075317382812500e+03
1.970114624023437500e+03
1.962310058593750000e+03
1.954661254882812500e+03
1.947093994140625000e+03
1.939682861328125000e+03
1.932427490234375000e+03
1.925253662109375000e+03
1.918235961914062500e+03
1.911374023437500000e+03
1.904668090820312500e+03
1.898118041992187500e+03
1.891724121093750000e+03
1.885411499023437500e+03
1.879329467773437500e+03
1.873403198242187500e+03
1.867632812500000000e+03
1.862018310546875000e+03
1.856634277343750000e+03
1.851331665039062500e+03
1.846259521484375000e+03
1.841343261718750000e+03
1.836657104492187500e+03
1.832052734375000000e+03
1.827752319335937500e+03
1.823532958984375000e+03
1.819543334960937500e+03
1.815783081054687500e+03
1.812177856445312500e+03
1.808727416992187500e+03
1.805505737304687500e+03
1.802512695312500000e+03
1.799674194335937500e+03
1.797063842773437500e+03
1.794607666015625000e+03
1.792379394531250000e+03
1.790304687500000000e+03
1.788457763671875000e+03
1.786838378906250000e+03
1.785372192382812500e+03
1.784207275390625000e+03
1.783120849609375000e+03
1.782335693359375000e+03
1.781702880859375000e+03
1.781296752929687500e+03
1.781042480468750000e+03
1.781014404296875000e+03
1.781212402343750000e+03
1.781562011718750000e+03
1.782137207031250000e+03
1.782938110351562500e+03
1.783964233398437500e+03
1.785141357421875000e+03
1.786468994140625000e+03
1.788095703125000000e+03
1.789873046875000000e+03
1.791800537109375000e+03
1.793952148437500000e+03
1.796328125000000000e+03
1.798853759765625000e+03
1.801603149414062500e+03
1.804502075195312500e+03
1.807624145507812500e+03
1.810895507812500000e+03
1.814389892578125000e+03
1.818032958984375000e+03
1.821899047851562500e+03
1.825913085937500000e+03
1.830149780273437500e+03
1.834460327148437500e+03
1.838992797851562500e+03
1.843747314453125000e+03
1.848574951171875000e+03
1.853624267578125000e+03
1.858820556640625000e+03
1.864163818359375000e+03
1.869653930664062500e+03
1.875290649414062500e+03
1.881073608398437500e+03
1.887077270507812500e+03
1.893152465820312500e+03
1.899373535156250000e+03
1.905740234375000000e+03
1.912252441406250000e+03
1.918909912109375000e+03
1.925638183593750000e+03
1.932511352539062500e+03
1.939529174804687500e+03
1.946617553710937500e+03
1.953850097656250000e+03
1.961226806640625000e+03
1.968598754882812500e+03
1.976189086914062500e+03
1.983774291992187500e+03
1.991577270507812500e+03
1.999374755859375000e+03
2.007315551757812500e+03
2.015324829101562500e+03
2.023402587890625000e+03
2.031548583984375000e+03
2.039762451171875000e+03
2.048044189453125000e+03
2.056468017578125000e+03
2.064885009765625000e+03
2.073369384765625000e+03
2.081920898437500000e+03
2.090539306640625000e+03
2.099149902343750000e+03
2.107827148437500000e+03
2.116571044921875000e+03
2.125306640625000000e+03
2.134033935546875000e+03
2.142827148437500000e+03
2.151611816406250000e+03
2.160461669921875000e+03
2.169302734375000000e+03
2.178134765625000000e+03
2.186882812500000000e+03
2.195695312500000000e+03
2.204498535156250000e+03
2.213291503906250000e+03
2.222074707031250000e+03
2.230847412109375000e+03
2.239535400390625000e+03
2.248213134765625000e+03
2.256806152343750000e+03
2.265462890625000000e+03
2.273960449218750000e+03
2.282521972656250000e+03
2.290924316406250000e+03
2.299390136718750000e+03
2.307697021484375000e+03
2.315993164062500000e+03
2.324278320312500000e+03
2.332404296875000000e+03
2.340519531250000000e+03
2.348475341796875000e+03
2.356419921875000000e+03
2.364279785156250000e+03
2.371979736328125000e+03
2.379668945312500000e+03
2.387198242187500000e+03
2.394642333984375000e+03
2.401927001953125000e+03
2.409125732421875000e+03
2.416239257812500000e+03
2.423193115234375000e+03
2.429986816406250000e+03
2.436695068359375000e+03
2.443317626953125000e+03
2.449780273437500000e+03
2.456083007812500000e+03
2.462299804687500000e+03
2.468356689453125000e+03
2.474327636718750000e+03
2.480138671875000000e+03
2.485714843750000000e+03
2.491205322265625000e+03
2.496535400390625000e+03
2.501705322265625000e+03
2.506714843750000000e+03
2.511563964843750000e+03
2.516178466796875000e+03
2.520706787109375000e+03
2.525000244140625000e+03
2.529133056640625000e+03
2.533031250000000000e+03
2.536843017578125000e+03
2.540419677734375000e+03
2.543835937500000000e+03
2.547017333984375000e+03
2.550111816406250000e+03
2.552971679687500000e+03
2.555596191406250000e+03
2.558134765625000000e+03
2.560364501953125000e+03
2.562508056640625000e+03
2.564417480468750000e+03
2.566092773437500000e+03
2.567533691406250000e+03
2.568815429687500000e+03
2.569863525390625000e+03
2.570677734375000000e+03
2.571333007812500000e+03
2.571754882812500000e+03
2.572018066406250000e+03
2.572048339843750000e+03
2.571845703125000000e+03
2.571485107421875000e+03
2.570965820312500000e+03
2.570214599609375000e+03
2.569230957031250000e+03
2.568015380859375000e+03
2.566567871093750000e+03
2.564963134765625000e+03
2.563052246093750000e+03
2.560984375000000000e+03
2.558685302734375000e+03
2.556155029296875000e+03
2.553468261718750000e+03
2.550550537109375000e+03
2.547476562500000000e+03
2.544171875000000000e+03
2.540637207031250000e+03
2.536946533203125000e+03
2.533025878906250000e+03
2.528949462890625000e+03
2.524569091796875000e+03
2.520033691406250000e+03
2.515268554687500000e+03
2.510274169921875000e+03
2.505125000000000000e+03
2.499747070312500000e+03
2.494214355468750000e+03
2.488453369140625000e+03
2.482463623046875000e+03
2.476320068359375000e+03
2.470022216796875000e+03
2.463571044921875000e+03
2.456891845703125000e+03
2.449984863281250000e+03
2.442924804687500000e+03
2.435637207031250000e+03
2.428196533203125000e+03
2.420603759765625000e+03
2.412783935546875000e+03
2.404738037109375000e+03
2.396614501953125000e+03
2.388265380859375000e+03
2.379764648437500000e+03
2.371113037109375000e+03
2.362311035156250000e+03
2.353358398437500000e+03
2.344255615234375000e+03
2.335002929687500000e+03
2.325526367187500000e+03
2.315974609375000000e+03
2.306348144531250000e+03
2.296498535156250000e+03
2.286500244140625000e+03
2.276428222656250000e+03
2.266208007812500000e+03
2.255840087890625000e+03
2.245324707031250000e+03
2.234662109375000000e+03
2.223926757812500000e+03
2.213044677734375000e+03
2.202016357421875000e+03
2.190990478515625000e+03
2.179744384765625000e+03
2.168501220703125000e+03
2.157112792968750000e+03
2.145653564453125000e+03
2.134049316406250000e+03
2.122449462890625000e+03
2.110705322265625000e+03
2.098891357421875000e+03
2.087008056640625000e+03
2.075055175781250000e+03
2.063033935546875000e+03
2.050869384765625000e+03
2.038711181640625000e+03
2.026484619140625000e+03
2.014190185546875000e+03
2.001828369140625000e+03
1.989473510742187500e+03
1.976977172851562500e+03
1.964488525390625000e+03
1.951933349609375000e+03
1.939386230468750000e+03
1.926773437500000000e+03
1.914168945312500000e+03
1.901573486328125000e+03
1.888912475585937500e+03
1.876186401367187500e+03
1.863543457031250000e+03
1.850835205078125000e+03
1.838136108398437500e+03
1.825446411132812500e+03
1.812765625000000000e+03
1.800094238281250000e+03
1.787432006835937500e+03
1.774779174804687500e+03
1.762135498046875000e+03
1.749501464843750000e+03
1.736951049804687500e+03
1.724335815429687500e+03
1.711804443359375000e+03
1.699356933593750000e+03
1.686918945312500000e+03
1.674490844726562500e+03
1.662072265625000000e+03
1.649812011718750000e+03
1.637487304687500000e+03
1.625246704101562500e+03
1.613090332031250000e+03
1.601018066406250000e+03
1.588955810546875000e+03
1.576977905273437500e+03
1.565084228515625000e+03
1.553200683593750000e+03
1.541475952148437500e+03
1.529835571289062500e+03
1.518205444335937500e+03
1.506734130859375000e+03
1.495273071289062500e+03
1.483971069335937500e+03
1.472753662109375000e+03
1.461546630859375000e+03
1.450498779296875000e+03
1.439609985351562500e+03
1.428731689453125000e+03
1.418012695312500000e+03
1.407378540039062500e+03
1.396903686523437500e+03
1.386513793945312500e+03
1.376208984375000000e+03
1.366063720703125000e+03
1.356003417968750000e+03
1.346028320312500000e+03
1.336287109375000000e+03
1.326631225585937500e+03
1.317060546875000000e+03
1.307649291992187500e+03
1.298397338867187500e+03
1.289230224609375000e+03
1.280222045898437500e+03
1.271298339843750000e+03
1.262607421875000000e+03
1.254000854492187500e+03
1.245552490234375000e+03
1.237262207031250000e+03
1.229055664062500000e+03
1.221006713867187500e+03
1.213189819335937500e+03
1.205456054687500000e+03
1.197879516601562500e+03
1.190460205078125000e+03
1.183197753906250000e+03
1.176017822265625000e+03
1.169068725585937500e+03
1.162276123046875000e+03
1.155565551757812500e+03
1.149085327148437500e+03
1.142686645507812500e+03
1.136518188476562500e+03
1.130505371093750000e+03
1.124573608398437500e+03
1.118871459960937500e+03
1.113250122070312500e+03
1.107858032226562500e+03
1.102620727539062500e+03
1.097463623046875000e+03
1.092535400390625000e+03
1.087761474609375000e+03
1.083141601562500000e+03
1.078675537109375000e+03
1.074289062500000000e+03
1.070130493164062500e+03
1.066125366210937500e+03
1.062273559570312500e+03
1.058574829101562500e+03
1.055028930664062500e+03
1.051635986328125000e+03
1.048395507812500000e+03
1.045307617187500000e+03
1.042446044921875000e+03
1.039662475585937500e+03
1.037030883789062500e+03
1.034551025390625000e+03
1.032222656250000000e+03
1.030045776367187500e+03
1.028020263671875000e+03
1.026145751953125000e+03
1.024422363281250000e+03
1.022849853515625000e+03
1.021353698730468750e+03
1.020082519531250000e+03
1.018887634277343750e+03
1.017843017578125000e+03
1.016948608398437500e+03
1.016204467773437500e+03
1.015535888671875000e+03
1.015017150878906250e+03
1.014648132324218750e+03
1.014428771972656250e+03
1.014284545898437500e+03
1.014289672851562500e+03
1.014443969726562500e+03
1.014673095703125000e+03
1.015051147460937500e+03
1.015578063964843750e+03
1.016179382324218750e+03
1.016929199218750000e+03
1.017753234863281250e+03
1.018725585937500000e+03
1.019771728515625000e+03
1.020965942382812500e+03
1.022233886718750000e+03
1.023575134277343750e+03
1.025064208984375000e+03
1.026626464843750000e+03
1.028261840820312500e+03
1.030044555664062500e+03
1.031825683593750000e+03
1.033828247070312500e+03
1.035828979492187500e+03
1.037976684570312500e+03
1.040122192382812500e+03
1.042414306640625000e+03
1.044778564453125000e+03
1.047140502929687500e+03
1.049648437500000000e+03
1.052228149414062500e+03
1.054804931640625000e+03
1.057527587890625000e+03
1.060247314453125000e+03
1.063112426757812500e+03
1.065974365234375000e+03
1.068832885742187500e+03
1.071836425781250000e+03
1.074836425781250000e+03
1.077906860351562500e+03
1.081047851562500000e+03
1.084184936523437500e+03
1.087392211914062500e+03
1.090669799804687500e+03
1.093869018554687500e+03
1.097212524414062500e+03
1.100551757812500000e+03
1.103886596679687500e+03
1.107217163085937500e+03
1.110617309570312500e+03
1.114087280273437500e+03
1.117478271484375000e+03
1.120938842773437500e+03
1.124394531250000000e+03
1.127845336914062500e+03
1.131365478515625000e+03
1.134806274414062500e+03
1.138316406250000000e+03
1.141821289062500000e+03
1.145246459960937500e+03
1.148740722656250000e+03
1.152229614257812500e+03
1.155638793945312500e+03
1.159116455078125000e+03
1.162514404296875000e+03
1.165980834960937500e+03
1.169367187500000000e+03
1.172673461914062500e+03
1.176048095703125000e+03
1.179342407226562500e+03
1.182630615234375000e+03
1.185912719726562500e+03
1.189114257812500000e+03
1.192309570312500000e+03
1.195498413085937500e+03
1.198606567382812500e+03
1.201708129882812500e+03
1.204728881835937500e+03
1.207668579101562500e+03
1.210601562500000000e+03
1.213527709960937500e+03
1.216298339843750000e+03
1.219062133789062500e+03
1.221818725585937500e+03
1.224493896484375000e+03
1.227087646484375000e+03
1.229599731445312500e+03
1.232104614257812500e+03
1.234527709960937500e+03
1.236869018554687500e+03
1.239202880859375000e+03
1.241380981445312500e+03
1.243551757812500000e+03
1.245641235351562500e+03
1.247649414062500000e+03
1.249576293945312500e+03
1.251422119140625000e+03
1.253187011718750000e+03
1.254870849609375000e+03
1.256473999023437500e+03
1.258070678710937500e+03
1.259512451171875000e+03
1.260873657226562500e+03
1.262154541015625000e+03
1.263429321289062500e+03
1.264549804687500000e+03
1.265589843750000000e+03
1.266550048828125000e+03
1.267430297851562500e+03
1.268230712890625000e+03
1.268951416015625000e+03
1.269518066406250000e+03
1.270079589843750000e+03
1.270487426757812500e+03
1.270815917968750000e+03
1.271065185546875000e+03
1.271235229492187500e+03
1.271326293945312500e+03
1.271263916015625000e+03
1.271197265625000000e+03
1.270977416992187500e+03
1.270679077148437500e+03
1.270302001953125000e+03
1.269846557617187500e+03
1.269238525390625000e+03
1.268626464843750000e+03
1.267861938476562500e+03
1.267019409179687500e+03
1.266024536132812500e+03
1.265026245117187500e+03
1.263875854492187500e+03
1.262647705078125000e+03
1.261342041015625000e+03
1.259958984375000000e+03
1.258498413085937500e+03
1.256886474609375000e+03
1.255197265625000000e+03
1.253430908203125000e+03
1.251587646484375000e+03
1.249667602539062500e+03
1.247596313476562500e+03
1.245522827148437500e+03
1.243298583984375000e+03
1.240997924804687500e+03
1.238621093750000000e+03
1.236093750000000000e+03
1.233564819335937500e+03
1.230960083007812500e+03
1.228205200195312500e+03
1.225449218750000000e+03
1.222543334960937500e+03
1.219562255859375000e+03
1.216580078125000000e+03
1.213448730468750000e+03
1.210242309570312500e+03
1.207035522460937500e+03
1.203679687500000000e+03
1.200249267578125000e+03
1.196818725585937500e+03
1.193239501953125000e+03
1.189660644531250000e+03
1.185933349609375000e+03
1.182206420898437500e+03
1.178405639648437500e+03
1.174531372070312500e+03
1.170583374023437500e+03
1.166562133789062500e+03
1.162541992187500000e+03
1.158448608398437500e+03
1.154282226562500000e+03
1.150042968750000000e+03
1.145730957031250000e+03
1.141420654296875000e+03
1.137037841796875000e+03
1.132582763671875000e+03
1.128129760742187500e+03
1.123604492187500000e+03
1.119007446289062500e+03
1.114412719726562500e+03
1.109746337890625000e+03
1.105082641601562500e+03
1.100347534179687500e+03
1.095615356445312500e+03
1.090812011718750000e+03
1.085937622070312500e+03
1.081066528320312500e+03
1.076198852539062500e+03
1.071260620117187500e+03
1.066326293945312500e+03
1.061395629882812500e+03
1.056394531250000000e+03
1.051397583007812500e+03
1.046330322265625000e+03
1.041266967773437500e+03
1.036207885742187500e+03
1.031152832031250000e+03
1.026102050781250000e+03
1.020981323242187500e+03
1.015864746093750000e+03
1.010752624511718750e+03
1.005644836425781250e+03
1.000541503906250000e+03
9.953682861328125000e+02
9.902740478515625000e+02
9.851842651367187500e+02
9.800248413085937500e+02
9.749443969726562500e+02
9.697944335937500000e+02
9.647234497070312500e+02
9.596572875976562500e+02
9.545216674804687500e+02
9.494653320312500000e+02
9.444138793945312500e+02
9.394417724609375000e+02
9.344003906250000000e+02
9.294384765625000000e+02
9.244072875976562500e+02
9.194556274414062500e+02
9.145836181640625000e+02
9.096423339843750000e+02
9.047809448242187500e+02
8.999990234375000000e+02
8.951483154296875000e+02
8.903774414062500000e+02
8.856863403320312500e+02
8.809264526367187500e+02
8.763208007812500000e+02
8.716464843750000000e+02
8.670521850585937500e+02
8.625379638671875000e+02
8.580294799804687500e+02
8.535268554687500000e+02
8.491044311523437500e+02
8.447622070312500000e+02
8.404260253906250000e+02
8.361701660156250000e+02
8.319203491210937500e+02
8.277509765625000000e+02
8.236621093750000000e+02
8.195793457031250000e+02
8.155770874023437500e+02
8.115808715820312500e+02
8.076648559570312500e+02
8.038291015625000000e+02
8.000733642578125000e+02
7.963234252929687500e+02
7.926534423828125000e+02
7.889889526367187500e+02
7.854785766601562500e+02
7.819735717773437500e+02
7.785481567382812500e+02
7.752023315429687500e+02
7.719359130859375000e+02
7.686893920898437500e+02
7.655222167968750000e+02
7.624268188476562500e+02
7.593955688476562500e+02
7.564360351562500000e+02
7.535405273437500000e+02
7.507164916992187500e+02
7.479637451171875000e+02
7.452749633789062500e+02
7.426572875976562500e+02
7.401107177734375000e+02
7.376426391601562500e+02
7.352380981445312500e+02
7.329043579101562500e+02
7.306414184570312500e+02
7.284566040039062500e+02
7.263350219726562500e+02
7.242913208007812500e+02
7.223181762695312500e+02
7.204227294921875000e+02
7.185901489257812500e+02
7.168352050781250000e+02
7.151504516601562500e+02
7.135430908203125000e+02
7.120057373046875000e+02
7.105382080078125000e+02
7.091479492187500000e+02
7.078273925781250000e+02
7.065764160156250000e+02
7.054024658203125000e+02
7.042979736328125000e+02
7.032628173828125000e+02
7.023043823242187500e+02
7.014077758789062500e+02
7.005877075195312500e+02
6.998366699218750000e+02
6.991620483398437500e+02
6.985488891601562500e+02
6.980044555664062500e+02
6.975286254882812500e+02
6.971213989257812500e+02
6.967825317382812500e+02
6.965120239257812500e+02
6.963096923828125000e+02
6.961680908203125000e+02
6.960944213867187500e+02
6.960812988281250000e+02
6.961359252929687500e+02
6.962507324218750000e+02
6.964256591796875000e+02
6.966607055664062500e+02
6.969630737304687500e+02
6.973251953125000000e+02
6.977396850585937500e+02
6.982136840820312500e+02
6.987472534179687500e+02
6.993327636718750000e+02
6.999774780273437500e+02
7.006739501953125000e+02
7.014294433593750000e+02
7.022291259765625000e+02
7.030875854492187500e+02
7.039899291992187500e+02
7.049509277343750000e+02
7.059555053710937500e+02
7.070037231445312500e+02
7.081027221679687500e+02
7.092451171875000000e+02
7.104307250976562500e+02
7.116594238281250000e+02
7.129311523437500000e+02
7.142384033203125000e+02
7.155958251953125000e+02
7.169810791015625000e+02
7.184088745117187500e+02
7.198717651367187500e+02
7.213621826171875000e+02
7.228947753906250000e+02
7.244547119140625000e+02
7.260491943359375000e+02
7.276633911132812500e+02
7.293119506835937500e+02
7.309873046875000000e+02
7.326895141601562500e+02
7.344183349609375000e+02
7.361588134765625000e+02
7.379331054687500000e+02
7.397189331054687500e+02
7.415311889648437500e+02
7.433547973632812500e+02
7.451972656250000000e+02
7.470585327148437500e+02
7.489310302734375000e+02
7.508148193359375000e+02
7.527098999023437500e+02
7.546160888671875000e+02
7.565334472656250000e+02
7.584618530273437500e+02
7.603864746093750000e+02
7.623221435546875000e+02
7.642612915039062500e+02
7.662039184570312500e+02
7.681500244140625000e+02
7.700921630859375000e+02
7.720376586914062500e+02
7.739715576171875000e+02
7.759087524414062500e+02
7.778417358398437500e+02
7.797630615234375000e+02
7.816801147460937500e+02
7.835928955078125000e+02
7.854863281250000000e+02
7.873754882812500000e+02
7.892675781250000000e+02
7.911180419921875000e+02
7.929639282226562500e+02
7.948052368164062500e+02
7.965676269531250000e+02
7.983997192382812500e+02
8.001527099609375000e+02
8.019010009765625000e+02
8.036444702148437500e+02
8.053088378906250000e+02
8.070426025390625000e+02
8.086972045898437500e+02
8.102725219726562500e+02
8.119171142578125000e+02
8.134823608398437500e+02
8.150425415039062500e+02
8.165231933593750000e+02
8.179987792968750000e+02
8.194691162109375000e+02
8.208598632812500000e+02
8.222453613281250000e+02
8.235511474609375000e+02
8.248515625000000000e+02
8.261466064453125000e+02
8.273619384765625000e+02
8.285719604492187500e+02
8.297023925781250000e+02
8.308276367187500000e+02
8.318734741210937500e+02
8.328397827148437500e+02
8.338754882812500000e+02
8.347575683593750000e+02
8.356347045898437500e+02
8.365070190429687500e+02
8.373001708984375000e+02
8.380142822265625000e+02
8.387236938476562500e+02
8.393541259765625000e+02
8.399800415039062500e+02
8.405270385742187500e+02
8.409953002929687500e+02
8.414591674804687500e+02
8.418443603515625000e+02
8.422252807617187500e+02
8.425275878906250000e+02
8.427514038085937500e+02
8.429710693359375000e+02
8.431124267578125000e+02
8.431753540039062500e+02
8.432344360351562500e+02
8.432152099609375000e+02
8.431177978515625000e+02
8.430167236328125000e+02
8.428374633789062500e+02
8.425803222656250000e+02
8.423194580078125000e+02
8.419807739257812500e+02
8.415642700195312500e+02
8.411443481445312500e+02
8.405723266601562500e+02
8.399970092773437500e+02
8.394183349609375000e+02
8.387622070312500000e+02
8.380285644531250000e+02
8.372175292968750000e+02
8.363289794921875000e+02
8.354375610351562500e+02
8.344688720703125000e+02
8.334973144531250000e+02
8.323742065429687500e+02
8.312484130859375000e+02
8.300455322265625000e+02
8.288399658203125000e+02
8.275574951171875000e+02
8.261982421875000000e+02
8.247622680664062500e+02
8.233239135742187500e+02
8.218089599609375000e+02
8.202175903320312500e+02
8.185498657226562500e+02
8.168801269531250000e+02
8.151342773437500000e+02
8.133865356445312500e+02
8.115628662109375000e+02
8.096632690429687500e+02
8.076878051757812500e+02
8.057109375000000000e+02
8.036583862304687500e+02
8.016046752929687500e+02
7.994755249023437500e+02
7.972709350585937500e+02
7.950653686523437500e+02
7.927103881835937500e+02
7.904288940429687500e+02
7.880723876953125000e+02
7.856409301757812500e+02
7.831347045898437500e+02
7.806281127929687500e+02
7.780467529296875000e+02
7.754652709960937500e+02
7.728389892578125000e+02
7.701532592773437500e+02
7.674303588867187500e+02
7.646630859375000000e+02
7.618662719726562500e+02
7.590251464843750000e+02
7.561473388671875000e+02
7.532327880859375000e+02
7.502817382812500000e+02
7.473016357421875000e+02
7.442777099609375000e+02
7.412249145507812500e+02
7.381359252929687500e+02
7.350181884765625000e+02
7.318719482421875000e+02
7.286898193359375000e+02
7.254791870117187500e+02
7.222402954101562500e+02
7.189731445312500000e+02
7.156779174804687500e+02
7.123620605468750000e+02
7.090181884765625000e+02
7.056464843750000000e+02
7.022545166015625000e+02
6.988422241210937500e+02
6.954096069335937500e+02
6.919494628906250000e+02
6.884765625000000000e+02
6.849835205078125000e+02
6.814703979492187500e+02
6.779446411132812500e+02
6.743989868164062500e+02
6.708408203125000000e+02
6.672626953125000000e+02
6.636721801757812500e+02
6.600766601562500000e+02
6.564688720703125000e+02
6.528488159179687500e+02
6.492238769531250000e+02
6.455867919921875000e+02
6.419449462890625000e+02
6.382984619140625000e+02
6.346472778320312500e+02
6.309915161132812500e+02
6.273311767578125000e+02
6.236737670898437500e+02
6.200119018554687500e+02
6.163456420898437500e+02
6.126898193359375000e+02
6.090296630859375000e+02
6.053726806640625000e+02
6.017188720703125000e+02
5.980757446289062500e+02
5.944283447265625000e+02
5.907992553710937500e+02
5.871660766601562500e+02
5.835510864257812500e+02
5.799395751953125000e+02
5.763389892578125000e+02
5.727493896484375000e+02
5.691781616210937500e+02
5.656106567382812500e+02
5.620616455078125000e+02
5.585311889648437500e+02
5.550118408203125000e+02
5.515038452148437500e+02
5.480144653320312500e+02
5.445438842773437500e+02
5.410920410156250000e+02
5.376591186523437500e+02
5.342523803710937500e+02
5.308572387695312500e+02
5.274958496093750000e+02
5.241460571289062500e+02
5.208301391601562500e+02
5.175330810546875000e+02
5.142624511718750000e+02
5.110106201171875000e+02
5.077924804687500000e+02
5.046006469726562500e+02
5.014349365234375000e+02
4.982954406738281250e+02
4.951894531250000000e+02
4.921096191406250000e+02
4.890558166503906250e+02
4.860354614257812500e+02
4.830485534667968750e+02
4.800950317382812500e+02
4.771674499511718750e+02
4.742731933593750000e+02
4.714121704101562500e+02
4.685918579101562500e+02
4.657973632812500000e+02
4.630434570312500000e+02
4.603152770996093750e+02
4.576276245117187500e+02
4.549804992675781250e+02
4.523664550781250000e+02
4.497853698730468750e+02
4.472447204589843750e+02
4.447370300292968750e+02
4.422770996093750000e+02
4.398500366210937500e+02
4.374557800292968750e+02
4.351092224121093750e+02
4.327954711914062500e+02
4.305292968750000000e+02
4.282958374023437500e+02
4.261024780273437500e+02
4.239491577148437500e+02
4.218433227539062500e+02
4.197700805664062500e+02
4.177367553710937500e+02
4.157508239746093750e+02
4.137973327636718750e+02
4.118911437988281250e+02
4.100247802734375000e+02
4.081982116699218750e+02
4.064188232421875000e+02
4.046717224121093750e+02
4.029717712402343750e+02
4.013114624023437500e+02
3.996982116699218750e+02
3.981170959472656250e+02
3.965829467773437500e+02
3.950956726074218750e+02
3.936403503417968750e+02
3.922318115234375000e+02
3.908625183105468750e+02
3.895324401855468750e+02
3.882414855957031250e+02
3.869970397949218750e+02
3.857915649414062500e+02
3.846250915527343750e+02
3.835048522949218750e+02
3.824160156250000000e+02
3.813733825683593750e+02
3.803693847656250000e+02
3.794040222167968750e+02
3.784772033691406250e+02
3.775888671875000000e+02
3.767389526367187500e+02
3.759348144531250000e+02
3.751615295410156250e+02
3.744264831542968750e+02
3.737295532226562500e+02
3.730707702636718750e+02
3.724500122070312500e+02
3.718671875000000000e+02
3.713148498535156250e+02
3.708003234863281250e+02
3.703236083984375000e+02
3.698771362304687500e+02
3.694683227539062500e+02
3.690970458984375000e+02
3.687558898925781250e+02
3.684447326660156250e+02
3.681709594726562500e+02
3.679270629882812500e+02
3.677129516601562500e+02
3.675286560058593750e+02
3.673814392089843750e+02
3.672638549804687500e+02
3.671683959960937500e+02
3.671098632812500000e+02
3.670807800292968750e+02
3.670736083984375000e+02
3.670957336425781250e+02
3.671470947265625000e+02
3.672276306152343750e+02
3.673298339843750000e+02
3.674610900878906250e+02
3.676138916015625000e+02
3.677881774902343750e+02
3.679913024902343750e+02
3.682084350585937500e+02
3.684543457031250000e+02
3.687216186523437500e+02
3.690101623535156250e+02
3.693200073242187500e+02
3.696510620117187500e+02
3.700033264160156250e+02
3.703692932128906250e+02
3.707564086914062500e+02
3.711571655273437500e+02
3.715789794921875000e+02
3.720143432617187500e+02
3.724632873535156250e+02
3.729331970214843750e+02
3.734091186523437500e+02
3.739059143066406250e+02
3.744161376953125000e+02
3.749322814941406250e+02
3.754691772460937500e+02
3.760119628906250000e+02
3.765605773925781250e+02
3.771298828125000000e+02
3.776974487304687500e+02
3.782782287597656250e+02
3.788721008300781250e+02
3.794642028808593750e+02
3.800693969726562500e+02
3.806801147460937500e+02
3.812963867187500000e+02
3.819107666015625000e+02
3.825380554199218750e+02
3.831633300781250000e+02
3.837940368652343750e+02
3.844300537109375000e+02
3.850566101074218750e+02
3.856958618164062500e+02
3.863329772949218750e+02
3.869604187011718750e+02
3.876004943847656250e+02
3.882308654785156250e+02
3.888589477539062500e+02
3.894846801757812500e+02
3.901080017089843750e+02
3.907289123535156250e+02
3.913399353027343750e+02
3.919484863281250000e+02
3.925545043945312500e+02
3.931505432128906250e+02
3.937365112304687500e+02
3.943199768066406250e+02
3.948934020996093750e+02
3.954568786621093750e+02
3.960177917480468750e+02
3.965614013671875000e+02
3.971024780273437500e+02
3.976262207031250000e+02
3.981400756835937500e+02
3.986441040039062500e+02
3.991382141113281250e+02
3.996225585937500000e+02
4.000896301269531250e+02
4.005394897460937500e+02
4.009795532226562500e+02
4.014098510742187500e+02
4.018230285644531250e+02
4.022189941406250000e+02
4.026052856445312500e+02
4.029744262695312500e+02
4.033265075683593750e+02
4.036614990234375000e+02
4.039794006347656250e+02
4.042802429199218750e+02
4.045640869140625000e+02
4.048309326171875000e+02
4.050807495117187500e+02
4.053135986328125000e+02
4.055294799804687500e+02
4.057210083007812500e+02
4.058955993652343750e+02
4.060533142089843750e+02
4.061866760253906250e+02
4.063031921386718750e+02
4.063954162597656250e+02
4.064707946777343750e+02
4.065219421386718750e+02
4.065563049316406250e+02
4.065738830566406250e+02
4.065598144531250000e+02
4.065364379882812500e+02
4.064814758300781250e+02
4.064098205566406250e+02
4.063140258789062500e+02
4.062015686035156250e+02
4.060575866699218750e+02
4.058969726562500000e+02
4.057123107910156250e+02
4.055036315917968750e+02
4.052783508300781250e+02
4.050216369628906250e+02
4.047484130859375000e+02
4.044512939453125000e+02
4.041302795410156250e+02
4.037854919433593750e+02
4.034243774414062500e+02
4.030321044921875000e+02
4.026161804199218750e+02
4.021840209960937500e+02
4.017283020019531250e+02
4.012416381835937500e+02
4.007389221191406250e+02
4.002127380371093750e+02
3.996632080078125000e+02
3.990903015136718750e+02
3.984940795898437500e+02
3.978820800781250000e+02
3.972394409179687500e+02
3.965810852050781250e+02
3.958995971679687500e+02
3.951950683593750000e+02
3.944749450683593750e+02
3.937243957519531250e+02
3.929584045410156250e+02
3.921694946289062500e+02
3.913652038574218750e+02
3.905307006835937500e+02
3.896883239746093750e+02
3.888157958984375000e+02
3.879281311035156250e+02
3.870178222656250000e+02
3.860849609375000000e+02
3.851369934082031250e+02
3.841740417480468750e+02
3.831886901855468750e+02
3.821809997558593750e+02
3.811583862304687500e+02
3.801209106445312500e+02
3.790612487792968750e+02
3.779868469238281250e+02
3.768977355957031250e+02
3.757865295410156250e+02
3.746607360839843750e+02
3.735203857421875000e+02
3.723655090332031250e+02
3.711887512207031250e+02
3.700050048828125000e+02
3.687994689941406250e+02
3.675795898437500000e+02
3.663454589843750000e+02
3.651044921875000000e+02
3.638418884277343750e+02
3.625726013183593750e+02
3.612816772460937500e+02
3.599840698242187500e+02
3.586797790527343750e+02
3.573540039062500000e+02
3.560216369628906250e+02
3.546826782226562500e+02
3.533297424316406250e+02
3.519628295898437500e+02
3.505894470214843750e+02
3.492095336914062500e+02
3.478157958984375000e+02
3.464156188964843750e+02
3.450090332031250000e+02
3.435886840820312500e+02
3.421694030761718750e+02
3.407363891601562500e+02
3.392970886230468750e+02
3.378589477539062500e+02
3.364071350097656250e+02
3.349565734863281250e+02
3.334924316406250000e+02
3.320295410156250000e+02
3.305605163574218750e+02
3.290928649902343750e+02
3.276191406250000000e+02
3.261393432617187500e+02
3.246609802246093750e+02
3.231766357421875000e+02
3.216937866210937500e+02
3.202123718261718750e+02
3.187325439453125000e+02
3.172468261718750000e+02
3.157626647949218750e+02
3.142801513671875000e+02
3.127992248535156250e+02
3.113125610351562500e+02
3.098350219726562500e+02
3.083591613769531250e+02
3.068851013183593750e+02
3.054127807617187500e+02
3.039496765136718750e+02
3.024884338378906250e+02
3.010289916992187500e+02
2.995714721679687500e+02
2.981232910156250000e+02
2.966770019531250000e+02
2.952401123046875000e+02
2.938052368164062500e+02
2.923871765136718750e+02
2.909636840820312500e+02
2.895569763183593750e+02
2.881521606445312500e+02
2.867567443847656250e+02
2.853706665039062500e+02
2.839864807128906250e+02
2.826190795898437500e+02
2.812535095214843750e+02
2.799046936035156250e+02
2.785651245117187500e+02
2.772274169921875000e+02
2.759063720703125000e+02
2.745946044921875000e+02
2.732994689941406250e+02
2.720061340332031250e+02
2.707294006347656250e+02
2.694692993164062500e+02
2.682109680175781250e+02
2.669692077636718750e+02
2.657440490722656250e+02
2.645280456542968750e+02
2.633285522460937500e+02
2.621382141113281250e+02
2.609643859863281250e+02
2.597996826171875000e+02
2.586514587402343750e+02
2.575197448730468750e+02
2.564045104980468750e+02
2.552983093261718750e+02
2.542085571289062500e+02
2.531352386474609375e+02
2.520783843994140625e+02
2.510379333496093750e+02
2.500064544677734375e+02
2.489913787841796875e+02
2.480000915527343750e+02
2.470177764892578125e+02
2.460517883300781250e+02
2.451095886230468750e+02
2.441762847900390625e+02
2.432593078613281250e+02
2.423660430908203125e+02
2.414816741943359375e+02
2.406210021972656250e+02
2.397765960693359375e+02
2.389484405517578125e+02
2.381365203857421875e+02
2.373408355712890625e+02
2.365613708496093750e+02
2.358055114746093750e+02
2.350583801269531250e+02
2.343347778320312500e+02
2.336272735595703125e+02
2.329358062744140625e+02
2.322678070068359375e+02
2.316083374023437500e+02
2.309722747802734375e+02
2.303520812988281250e+02
2.297478179931640625e+02
2.291667938232421875e+02
2.286016082763671875e+02
2.280522003173828125e+02
2.275185089111328125e+02
2.270005493164062500e+02
2.265057220458984375e+02
2.260265197753906250e+02
2.255629425048828125e+02
2.251149291992187500e+02
2.246824645996093750e+02
2.242729492187500000e+02
2.238789215087890625e+02
2.234928894042968750e+02
2.231371307373046875e+02
2.227893371582031250e+02
2.224568786621093750e+02
2.221471557617187500e+02
2.218452758789062500e+02
2.215660858154296875e+02
2.213020782470703125e+02
2.210532836914062500e+02
2.208195953369140625e+02
2.206010437011718750e+02
2.203975524902343750e+02
2.202091064453125000e+02
2.200282592773437500e+02
2.198697967529296875e+02
2.197263031005859375e+02
2.195976715087890625e+02
2.194839477539062500e+02
2.193776245117187500e+02
2.192935485839843750e+02
2.192167968750000000e+02
2.191547851562500000e+02
2.191075134277343750e+02
2.190674438476562500e+02
2.190494689941406250e+02
2.190312194824218750e+02
2.190349884033203125e+02
2.190458679199218750e+02
2.190712585449218750e+02
2.191111450195312500e+02
2.191580963134765625e+02
2.192120208740234375e+02
2.192803955078125000e+02
2.193631896972656250e+02
2.194454803466796875e+02
2.195495605468750000e+02
2.196531219482421875e+02
2.197709960937500000e+02
2.199031524658203125e+02
2.200347442626953125e+02
2.201805725097656250e+02
2.203332061767578125e+02
2.204925842285156250e+02
2.206661529541015625e+02
2.208390197753906250e+02
2.210260314941406250e+02
2.212122802734375000e+02
2.214126129150390625e+02
2.216121520996093750e+02
2.218183288574218750e+02
2.220385131835937500e+02
2.222578430175781250e+02
2.224837188720703125e+02
2.227161102294921875e+02
2.229475860595703125e+02
2.231855163574218750e+02
2.234299316406250000e+02
2.236733398437500000e+02
2.239231567382812500e+02
2.241793823242187500e+02
2.244345245361328125e+02
2.246960296630859375e+02
2.249564208984375000e+02
2.252156524658203125e+02
2.254812011718750000e+02
2.257455444335937500e+02
2.260161590576171875e+02
2.262780914306640625e+02
2.265462036132812500e+02
2.268130645751953125e+02
2.270786437988281250e+02
2.273503417968750000e+02
2.276132812500000000e+02
2.278748626708984375e+02
2.281424865722656250e+02
2.284012756347656250e+02
2.286586608886718750e+02
2.289145965576171875e+02
2.291691131591796875e+02
2.294221649169921875e+02
2.296738128662109375e+02
2.299166107177734375e+02
2.301579742431640625e+02
2.303905029296875000e+02
2.306290588378906250e+02
2.308588104248046875e+02
2.310796966552734375e+02
2.312992401123046875e+02
2.315173797607421875e+02
2.317192687988281250e+02
2.319272460937500000e+02
2.321264495849609375e+02
2.323168182373046875e+02
2.324984283447265625e+02
2.326787109375000000e+02
2.328501892089843750e+02
2.330203704833984375e+02
2.331817626953125000e+02
2.333344268798828125e+02
2.334783325195312500e+02
2.336135101318359375e+02
2.337399444580078125e+02
2.338650970458984375e+02
2.339815216064453125e+02
2.340817871093750000e+02
2.341807861328125000e+02
2.342710723876953125e+02
2.343452453613281250e+02
2.344181365966796875e+02
2.344749298095703125e+02
2.345304718017578125e+02
2.345698852539062500e+02
2.346006469726562500e+02
2.346301879882812500e+02
2.346361999511718750e+02
2.346409759521484375e+02
2.346371307373046875e+02
2.346172027587890625e+02
2.345886535644531250e+02
2.345440216064453125e+02
2.344982452392578125e+02
2.344363861083984375e+02
2.343659210205078125e+02
2.342794342041015625e+02
2.341843414306640625e+02
2.340806579589843750e+02
2.339609527587890625e+02
2.338326873779296875e+02
2.336958618164062500e+02
2.335430450439453125e+02
2.333817596435546875e+02
2.332045593261718750e+02
2.330189056396484375e+02
2.328248138427734375e+02
2.326148986816406250e+02
2.323891906738281250e+02
2.321551055908203125e+02
2.319127044677734375e+02
2.316545867919921875e+02
2.313881835937500000e+02
2.311061096191406250e+02
2.308083801269531250e+02
2.305098419189453125e+02
2.301883239746093750e+02
2.298586273193359375e+02
2.295207977294921875e+02
2.291674652099609375e+02
2.288060607910156250e+02
2.284291534423828125e+02
2.280442504882812500e+02
2.276439208984375000e+02
2.272356109619140625e+02
2.268119049072265625e+02
2.263802947998046875e+02
2.259408264160156250e+02
2.254785766601562500e+02
2.250159301757812500e+02
2.245380554199218750e+02
2.240449371337890625e+02
2.235514984130859375e+02
2.230354156494140625e+02
2.225190887451171875e+02
2.219876251220703125e+02
2.214410705566406250e+02
2.208868713378906250e+02
2.203250579833984375e+02
2.197482147216796875e+02
2.191712341308593750e+02
2.185718841552734375e+02
2.179724426269531250e+02
2.173580627441406250e+02
2.167362213134765625e+02
2.160995330810546875e+02
2.154554290771484375e+02
2.148039245605468750e+02
2.141450653076171875e+02
2.134788818359375000e+02
2.127979431152343750e+02
2.121097106933593750e+02
2.114141998291015625e+02
2.107114410400390625e+02
2.099940185546875000e+02
2.092767944335937500e+02
2.085449523925781250e+02
2.078059234619140625e+02
2.070671691894531250e+02
2.063138275146484375e+02
2.055533599853515625e+02
2.047857818603515625e+02
2.040110931396484375e+02
2.032368011474609375e+02
2.024479827880859375e+02
2.016521606445312500e+02
2.008567352294921875e+02
2.000468750000000000e+02
1.992374572753906250e+02
1.984210815429687500e+02
1.975977630615234375e+02
1.967675170898437500e+02
1.959377899169921875e+02
1.951011657714843750e+02
1.942576751708984375e+02
1.934147644042968750e+02
1.925575714111328125e+02
1.917084350585937500e+02
1.908450469970703125e+02
1.899823303222656250e+02
1.891202697753906250e+02
1.882514495849609375e+02
1.873833618164062500e+02
1.865085449218750000e+02
1.856270294189453125e+02
1.847462921142578125e+02
1.838663177490234375e+02
1.829797058105468750e+02
1.820939025878906250e+02
1.812089538574218750e+02
1.803248291015625000e+02
1.794341430664062500e+02
1.785443420410156250e+02
1.776480102539062500e+02
1.767600402832031250e+02
1.758655853271484375e+02
1.749720764160156250e+02
1.740869750976562500e+02
1.731954193115234375e+02
1.723049011230468750e+02
1.714154052734375000e+02
1.705269317626953125e+02
1.696394805908203125e+02
1.687530670166015625e+02
1.678676605224609375e+02
1.669832763671875000e+02
1.660999145507812500e+02
1.652250213623046875e+02
1.643436889648437500e+02
1.634707946777343750e+02
1.625989227294921875e+02
1.617280578613281250e+02
1.608656158447265625e+02
1.599967651367187500e+02
1.591363372802734375e+02
1.582843475341796875e+02
1.574259338378906250e+02
1.565759277343750000e+02
1.557343597412109375e+02
1.548937835693359375e+02
1.540541839599609375e+02
1.532230224609375000e+02
1.523928222656250000e+02
1.515710601806640625e+02
1.507502746582031250e+02
1.499378967285156250e+02
1.491339263916015625e+02
1.483309478759765625e+02
1.475363464355468750e+02
1.467427520751953125e+02
1.459575195312500000e+02
1.451807098388671875e+02
1.444048614501953125e+02
1.436374206542968750e+02
1.428783569335937500e+02
1.421202545166015625e+02
1.413779907226562500e+02
1.406366577148437500e+02
1.399037322998046875e+02
1.391791687011718750e+02
1.384555664062500000e+02
1.377477874755859375e+02
1.370409393310546875e+02
1.363424682617187500e+02
1.356523742675781250e+02
1.349706420898437500e+02
1.342972869873046875e+02
1.336322937011718750e+02
1.329682312011718750e+02
1.323199768066406250e+02
1.316800689697265625e+02
1.310410919189453125e+02
1.304178619384765625e+02
1.297955169677734375e+02
1.291888885498046875e+02
1.285905609130859375e+02
1.279930572509765625e+02
1.274112396240234375e+02
1.268376464843750000e+02
1.262722778320312500e+02
1.257151031494140625e+02
1.251661224365234375e+02
1.246253051757812500e+02
1.240926437377929688e+02
1.235681228637695312e+02
1.230517120361328125e+02
1.225508499145507812e+02
1.220506439208984375e+02
1.215659332275390625e+02
1.210892944335937500e+02
1.206132583618164062e+02
1.201526794433593750e+02
1.197075424194335938e+02
1.192629623413085938e+02
1.188263626098632812e+02
1.184051513671875000e+02
1.179844665527343750e+02
1.175791244506835938e+02
1.171817169189453125e+02
1.167921905517578125e+02
1.164105529785156250e+02
1.160367813110351562e+02
1.156708602905273438e+02
1.153202056884765625e+02
1.149699325561523438e+02
1.146348800659179688e+02
1.143076324462890625e+02
1.139881439208984375e+02
1.136764221191406250e+02
1.133724288940429688e+02
1.130761566162109375e+02
1.127950134277343750e+02
1.125141525268554688e+02
1.122483749389648438e+02
1.119828262329101562e+02
1.117323532104492188e+02
1.114895172119140625e+02
1.112542724609375000e+02
1.110266265869140625e+02
1.108065719604492188e+02
1.105866394042968750e+02
1.103816833496093750e+02
1.101842575073242188e+02
1.099943542480468750e+02
1.098119583129882812e+02
1.096370544433593750e+02
1.094696273803710938e+02
1.093096618652343750e+02
1.091571502685546875e+02
1.090120620727539062e+02
1.088744049072265625e+02
1.087441558837890625e+02
1.086138687133789062e+02
1.084983749389648438e+02
1.083828353881835938e+02
1.082746276855468750e+02
1.081811981201171875e+02
1.080876617431640625e+02
1.079940032958984375e+02
1.079150619506835938e+02
1.078433990478515625e+02
1.077715759277343750e+02
1.077070007324218750e+02
1.076496734619140625e+02
1.075921249389648438e+02
1.075492248535156250e+02
1.075060882568359375e+02
1.074626998901367188e+02
1.074339065551757812e+02
1.074048385620117188e+02
1.073829116821289062e+02
1.073606796264648438e+02
1.073455581665039062e+02
1.073375244140625000e+02
1.073291473388671875e+02
1.073278350830078125e+02
1.073261566162109375e+02
1.073389358520507812e+02
1.073438873291015625e+02
1.073558502197265625e+02
1.073748092651367188e+02
1.073933258056640625e+02
1.074113693237304688e+02
1.074363784790039062e+02
1.074683227539062500e+02
1.074923400878906250e+02
1.075306930541992188e+02
1.075610809326171875e+02
1.075983657836914062e+02
1.076425170898437500e+02
1.076786651611328125e+02
1.077216644287109375e+02
1.077715225219726562e+02
1.078133697509765625e+02
1.078620758056640625e+02
1.079101943969726562e+02
1.079577407836914062e+02
1.080121231079101562e+02
1.080659408569335938e+02
1.081191635131835938e+02
1.081718139648437500e+02
1.082238616943359375e+02
1.082753372192382812e+02
1.083336410522460938e+02
1.083913650512695312e+02
1.084410781860351562e+02
1.084976272583007812e+02
1.085535888671875000e+02
1.086089401245117188e+02
1.086637115478515625e+02
1.087178955078125000e+02
1.087714691162109375e+02
1.088170242309570312e+02
1.088694152832031250e+02
1.089211959838867188e+02
1.089723892211914062e+02
1.090229873657226562e+02
1.090655364990234375e+02
1.091149215698242188e+02
1.091562728881835938e+02
1.091970214843750000e+02
1.092371673583984375e+02
1.092767028808593750e+02
1.093156356811523438e+02
1.093465194702148438e+02
1.093842239379882812e+02
1.094139022827148438e+02
1.094429550170898438e+02
1.094639816284179688e+02
1.094843750000000000e+02
1.095115966796875000e+02
1.095233459472656250e+02
1.095418930053710938e+02
1.095523986816406250e+02
1.095623016357421875e+02
1.095715713500976562e+02
1.095727920532226562e+02
1.095733871459960938e+02
1.095659332275390625e+02
1.095578536987304688e+02
1.095491485595703125e+02
1.095324096679687500e+02
1.095150680541992188e+02
1.094971237182617188e+02
1.094711761474609375e+02
1.094446487426757812e+02
1.094101333618164062e+02
1.093750762939453125e+02
1.093320312500000000e+02
1.092884750366210938e+02
1.092444000244140625e+02
1.091923675537109375e+02
1.091324310302734375e+02
1.090719985961914062e+02
1.090111007690429688e+02
1.089422836303710938e+02
1.088730392456054688e+02
1.087959136962890625e+02
1.087109222412109375e+02
1.086255035400390625e+02
1.085396804809570312e+02
1.084460220336914062e+02
1.083445510864257812e+02
1.082426834106445312e+02
1.081330337524414062e+02
1.080230178833007812e+02
1.079052276611328125e+02
1.077871017456054688e+02
1.076612167358398438e+02
1.075350189208984375e+02
1.074010848999023438e+02
1.072668457031250000e+02
1.071174774169921875e+02
1.069752655029296875e+02
1.068253555297851562e+02
1.066677627563476562e+02
1.065099334716796875e+02
1.063444442749023438e+02
1.061787261962890625e+02
1.060053787231445312e+02
1.058244018554687500e+02
1.056432342529296875e+02
1.054618911743164062e+02
1.052655181884765625e+02
1.050764236450195312e+02
1.048797531127929688e+02
1.046755218505859375e+02
1.044637298583984375e+02
1.042592544555664062e+02
1.040398178100585938e+02
1.038202896118164062e+02
1.036006851196289062e+02
1.033735809326171875e+02
1.031389694213867188e+02
1.029043121337890625e+02
1.026696090698242188e+02
1.024274444580078125e+02
1.021778259277343750e+02
1.019281921386718750e+02
1.016785507202148438e+02
1.014214859008789062e+02
1.011570053100585938e+02
1.008925476074218750e+02
1.006206970214843750e+02
1.003488845825195312e+02
1.000771255493164062e+02
9.979801177978515625e+01
9.951895141601562500e+01
9.923255157470703125e+01
9.894624328613281250e+01
9.865260314941406250e+01
9.835907745361328125e+01
9.805824279785156250e+01
9.775753021240234375e+01
9.745696258544921875e+01
9.714910888671875000e+01
9.684142303466796875e+01
9.653389739990234375e+01
9.621912384033203125e+01
9.590453338623046875e+01
9.558271789550781250e+01
9.526853942871093750e+01
9.493971252441406250e+01
9.461853790283203125e+01
9.429017639160156250e+01
9.396206665039062500e+01
9.363419342041015625e+01
9.329917144775390625e+01
9.296441650390625000e+01
9.262995147705078125e+01
9.228834533691406250e+01
9.195447540283203125e+01
9.161348724365234375e+01
9.127281951904296875e+01
9.092505645751953125e+01
9.058506774902343750e+01
9.023799133300781250e+01
8.989128112792968750e+01
8.954495239257812500e+01
8.919155883789062500e+01
8.884599304199218750e+01
8.849338531494140625e+01
8.814860534667968750e+01
8.779679107666015625e+01
8.744538116455078125e+01
8.709436035156250000e+01
8.674374389648437500e+01
8.638610076904296875e+01
8.603630065917968750e+01
8.568690490722656250e+01
8.533049011230468750e+01
8.498191070556640625e+01
8.462632751464843750e+01
8.427858734130859375e+01
8.392382812500000000e+01
8.356949615478515625e+01
8.322301483154296875e+01
8.286952972412109375e+01
8.252389526367187500e+01
8.217126464843750000e+01
8.182649230957031250e+01
8.148215484619140625e+01
8.113082122802734375e+01
8.078734588623046875e+01
8.044432067871093750e+01
8.010173034667968750e+01
7.975958251953125000e+01
7.941787719726562500e+01
7.907662200927734375e+01
7.874324798583984375e+01
7.840288543701171875e+01
7.807041168212890625e+01
7.773839569091796875e+01
7.740682220458984375e+01
7.707869720458984375e+01
7.675176239013671875e+01
7.642603302001953125e+01
7.610300445556640625e+01
7.578118133544921875e+01
7.546205902099609375e+01
7.514562988281250000e+01
7.483042144775390625e+01
7.451791381835937500e+01
7.420811462402343750e+01
7.390028381347656250e+01
7.359515380859375000e+01
7.329273986816406250e+01
7.299229431152343750e+01
7.269531250000000000e+01
7.240029144287109375e+01
7.210873413085937500e+01
7.181909942626953125e+01
7.153279113769531250e+01
7.124902343750000000e+01
7.096846771240234375e+01
7.068959045410156250e+01
7.041380310058593750e+01
7.014105224609375000e+01
