# te
2.654346227645874023e+00
3.507603168487548828e+00
3.691930532455444336e+00
3.470368862152099609e+00
3.056983232498168945e+00
2.587301254272460938e+00
2.142829418182373047e+00
1.761613011360168457e+00
1.463134407997131348e+00
1.255077719688415527e+00
1.139174699783325195e+00
1.094673633575439453e+00
1.097204804420471191e+00
1.131003379821777344e+00
1.183125257492065430e+00
1.243306517601013184e+00
1.302556991577148438e+00
1.354302644729614258e+00
1.394532918930053711e+00
1.427073240280151367e+00
1.456966996192932129e+00
1.486292481422424316e+00
1.516440391540527344e+00
1.549014925956726074e+00
1.585134506225585938e+00
1.623761534690856934e+00
1.663102984428405762e+00
1.700501322746276855e+00
1.733233451843261719e+00
1.759175658226013184e+00
1.776049256324768066e+00
1.780355811119079590e+00
1.769791960716247559e+00
1.748052597045898438e+00
1.718819499015808105e+00
1.679720401763916016e+00
1.627968788146972656e+00
1.565174221992492676e+00
1.494044899940490723e+00
1.416499733924865723e+00
1.331296682357788086e+00
1.236404299736022949e+00
1.129790782928466797e+00
1.009424448013305664e+00
8.737521767616271973e-01
7.231351733207702637e-01
5.584130287170410156e-01
3.804255723953247070e-01
1.900124847888946533e-01
-1.214566361159086227e-02
-2.260049730539321899e-01
-4.516807198524475098e-01
-6.892881989479064941e-01
-9.389426708221435547e-01
-1.200780153274536133e+00
-1.475019693374633789e+00
-1.761900901794433594e+00
-2.061663627624511719e+00
-2.374547719955444336e+00
-2.700759410858154297e+00
-3.040372371673583984e+00
-3.393426418304443359e+00
-3.759961366653442383e+00
-4.140017986297607422e+00
-4.533521175384521484e+00
-4.939937591552734375e+00
-5.358619213104248047e+00
-5.788918018341064453e+00
-6.230185508728027344e+00
-6.681926250457763672e+00
-7.144251346588134766e+00
-7.617425441741943359e+00
-8.101713180541992188e+00
-8.597376823425292969e+00
-9.104537963867187500e+00
-9.622751235961914062e+00
-1.015142631530761719e+01
-1.068997478485107422e+01
-1.123780727386474609e+01
-1.179437923431396484e+01
-1.235933208465576172e+01
-1.293235111236572266e+01
-1.351312255859375000e+01
-1.410133171081542969e+01
-1.469664287567138672e+01
-1.529864025115966797e+01
-1.590688610076904297e+01
-1.652093887329101562e+01
-1.714036560058593750e+01
-1.776471328735351562e+01
-1.839350700378417969e+01
-1.902624893188476562e+01
-1.966244888305664062e+01
-2.030161857604980469e+01
-2.094326400756835938e+01
-2.158689689636230469e+01
-2.223202323913574219e+01
-2.287815284729003906e+01
-2.352479553222656250e+01
-2.417145919799804688e+01
-2.481765174865722656e+01
-2.546288299560546875e+01
-2.610666275024414062e+01
-2.674849700927734375e+01
-2.738789749145507812e+01
-2.802436828613281250e+01
-2.865742492675781250e+01
-2.928657150268554688e+01
-2.991131973266601562e+01
-3.053116035461425781e+01
-3.114553451538085938e+01
-3.175386619567871094e+01
-3.235557556152343750e+01
-3.295008850097656250e+01
-3.353682708740234375e+01
-3.411522293090820312e+01
-3.468468856811523438e+01
-3.524465179443359375e+01
-3.579453659057617188e+01
-3.633377075195312500e+01
-3.686177444458007812e+01
-3.737796783447265625e+01
-3.788177490234375000e+01
-3.837262725830078125e+01
-3.884994506835937500e+01
-3.931314468383789062e+01
-3.976165771484375000e+01
-4.019490432739257812e+01
-4.061231231689453125e+01
-4.101332855224609375e+01
-4.139747238159179688e+01
-4.176431274414062500e+01
-4.211339950561523438e+01
-4.244428253173828125e+01
-4.275651931762695312e+01
-4.304966354370117188e+01
-4.332327270507812500e+01
-4.357690048217773438e+01
-4.381009674072265625e+01
-4.402241897583007812e+01
-4.421342468261718750e+01
-4.438265609741210938e+01
-4.452968215942382812e+01
-4.465404891967773438e+01
-4.475531768798828125e+01
-4.483303451538085938e+01
-4.488675689697265625e+01
-4.491603851318359375e+01
-4.492043685913085938e+01
-4.489954757690429688e+01
-4.485316467285156250e+01
-4.478110885620117188e+01
-4.468322372436523438e+01
-4.455933761596679688e+01
-4.440928268432617188e+01
-4.423289108276367188e+01
-4.402999877929687500e+01
-4.380043411254882812e+01
-4.354402923583984375e+01
-4.326062011718750000e+01
-4.295003890991210938e+01
-4.261211776733398438e+01
-4.224668502807617188e+01
-4.185358047485351562e+01
-4.143263244628906250e+01
-4.098367309570312500e+01
-4.050653839111328125e+01
-4.000105667114257812e+01
-3.946706390380859375e+01
-3.890438842773437500e+01
-3.831286621093750000e+01
-3.769232940673828125e+01
-3.704261016845703125e+01
-3.636354446411132812e+01
-3.565500640869140625e+01
-3.491711044311523438e+01
-3.414999008178710938e+01
-3.335380554199218750e+01
-3.252870941162109375e+01
-3.167484474182128906e+01
-3.079236602783203125e+01
-2.988142395019531250e+01
-2.894216537475585938e+01
-2.797474288940429688e+01
-2.697930908203125000e+01
-2.595601081848144531e+01
-2.490500068664550781e+01
-2.382642936706542969e+01
-2.272044372558593750e+01
-2.158719825744628906e+01
-2.042684173583984375e+01
-1.923952293395996094e+01
-1.802539634704589844e+01
-1.678460884094238281e+01
-1.551731204986572266e+01
-1.422365474700927734e+01
-1.290379047393798828e+01
-1.155786800384521484e+01
-1.018603610992431641e+01
-8.788537979125976562e+00
-7.365970134735107422e+00
-5.919021606445312500e+00
-4.448380947113037109e+00
-2.954736232757568359e+00
-1.438776373863220215e+00
9.881036728620529175e-02
1.657335638999938965e+00
3.236110925674438477e+00
4.834447860717773438e+00
6.451658248901367188e+00
8.087053298950195312e+00
9.739945411682128906e+00
1.140964412689208984e+01
1.309546375274658203e+01
1.479671382904052734e+01
1.651270484924316406e+01
1.824275207519531250e+01
1.998616600036621094e+01
2.174225425720214844e+01
2.351033401489257812e+01
2.528971481323242188e+01
2.707970428466796875e+01
2.887962341308593750e+01
3.068877029418945312e+01
3.250646972656250000e+01
3.433202743530273438e+01
3.616475296020507812e+01
3.800395965576171875e+01
3.984896087646484375e+01
4.169906616210937500e+01
4.355358505249023438e+01
4.541183471679687500e+01
4.727312469482421875e+01
4.913676452636718750e+01
5.100206756591796875e+01
5.286834335327148438e+01
5.473490524291992188e+01
5.660106277465820312e+01
5.846612930297851562e+01
6.032942199707031250e+01
6.219024276733398438e+01
6.404790496826171875e+01
6.590172576904296875e+01
6.775100708007812500e+01
6.959507751464843750e+01
7.143323516845703125e+01
7.326478576660156250e+01
7.508905029296875000e+01
7.690534973144531250e+01
7.871297454833984375e+01
8.051122283935546875e+01
8.229938507080078125e+01
8.407674407958984375e+01
8.584259033203125000e+01
8.759622192382812500e+01
8.933690643310546875e+01
9.106393432617187500e+01
9.277661132812500000e+01
9.447421264648437500e+01
9.615602874755859375e+01
9.782134246826171875e+01
9.946944427490234375e+01
1.010996322631835938e+02
1.027111740112304688e+02
1.043033752441406250e+02
1.058755111694335938e+02
1.074268798828125000e+02
1.089567489624023438e+02
1.104644470214843750e+02
1.119492187500000000e+02
1.134103775024414062e+02
1.148471984863281250e+02
1.162589721679687500e+02
1.176449890136718750e+02
1.190045394897460938e+02
1.203369064331054688e+02
1.216413726806640625e+02
1.229172363281250000e+02
1.241637878417968750e+02
1.253803024291992188e+02
1.265660705566406250e+02
1.277203903198242188e+02
1.288425292968750000e+02
1.299317932128906250e+02
1.309874725341796875e+02
1.320088348388671875e+02
1.329951934814453125e+02
1.339458007812500000e+02
1.348599853515625000e+02
1.357370147705078125e+02
1.365761871337890625e+02
1.373767547607421875e+02
1.381380615234375000e+02
1.388593444824218750e+02
1.395399169921875000e+02
1.401790618896484375e+02
1.407760620117187500e+02
1.413302154541015625e+02
1.418408050537109375e+02
1.423072509765625000e+02
1.427295074462890625e+02
1.431076507568359375e+02
1.434417572021484375e+02
1.437319335937500000e+02
1.439782409667968750e+02
1.441807708740234375e+02
1.443395996093750000e+02
1.444548034667968750e+02
1.445264892578125000e+02
1.445547332763671875e+02
1.445395965576171875e+02
1.444811859130859375e+02
1.443795776367187500e+02
1.442348480224609375e+02
1.440470733642578125e+02
1.438163604736328125e+02
1.435427703857421875e+02
1.432264099121093750e+02
1.428673248291015625e+02
1.424656372070312500e+02
1.420213928222656250e+02
1.415346984863281250e+02
1.410056304931640625e+02
1.404342803955078125e+02
1.398207244873046875e+02
1.391650543212890625e+02
1.384673309326171875e+02
1.377276458740234375e+02
1.369460906982421875e+02
1.361227264404296875e+02
1.352576751708984375e+02
1.343509979248046875e+02
1.334027557373046875e+02
1.324130706787109375e+02
1.313819885253906250e+02
1.303096160888671875e+02
1.291960296630859375e+02
1.280413208007812500e+02
1.268455581665039062e+02
1.256088333129882812e+02
1.243312301635742188e+02
1.230128250122070312e+02
1.216536941528320312e+02
1.202539367675781250e+02
1.188136215209960938e+02
1.173328475952148438e+02
1.158116836547851562e+02
1.142502212524414062e+02
1.126485366821289062e+02
1.110068435668945312e+02
1.093258590698242188e+02
1.076064300537109375e+02
1.058494033813476562e+02
1.040556411743164062e+02
1.022259750366210938e+02
1.003612594604492188e+02
9.846233367919921875e+01
9.653005981445312500e+01
9.456528472900390625e+01
9.256883239746093750e+01
9.054158782958984375e+01
8.848436737060546875e+01
8.639803314208984375e+01
8.428342437744140625e+01
8.214139556884765625e+01
7.997280120849609375e+01
7.777847290039062500e+01
7.555926513671875000e+01
7.331604003906250000e+01
7.104962158203125000e+01
6.876087188720703125e+01
6.645063018798828125e+01
6.411975860595703125e+01
6.176908874511718750e+01
5.939947128295898438e+01
5.701176452636718750e+01
5.460680770874023438e+01
5.218544769287109375e+01
4.974853897094726562e+01
4.729692077636718750e+01
4.483144378662109375e+01
4.235296249389648438e+01
3.986231613159179688e+01
3.736035537719726562e+01
3.484793090820312500e+01
3.232588195800781250e+01
2.979506683349609375e+01
2.725632667541503906e+01
2.471050834655761719e+01
2.215846443176269531e+01
1.960103988647460938e+01
1.703908348083496094e+01
1.447344017028808594e+01
1.190496158599853516e+01
9.334493637084960938e+00
6.762882709503173828e+00
4.190979480743408203e+00
1.619629144668579102e+00
-9.503191709518432617e-01
-3.518022537231445312e+00
-6.082653045654296875e+00
-8.643387794494628906e+00
-1.119940280914306641e+01
-1.374987602233886719e+01
-1.629398155212402344e+01
-1.883090019226074219e+01
-2.135980606079101562e+01
-2.387987709045410156e+01
-2.639028549194335938e+01
-2.889021492004394531e+01
-3.137883758544921875e+01
-3.385533142089843750e+01
-3.631887435913085938e+01
-3.876863861083984375e+01
-4.120380401611328125e+01
-4.362354660034179688e+01
-4.602704620361328125e+01
-4.841347503662109375e+01
-5.078201675415039062e+01
-5.313183593750000000e+01
-5.546212005615234375e+01
-5.777204132080078125e+01
-6.006077957153320312e+01
-6.232750320434570312e+01
-6.457140350341796875e+01
-6.679164123535156250e+01
-6.898740386962890625e+01
-7.115785980224609375e+01
-7.330220031738281250e+01
-7.541958618164062500e+01
-7.750920104980468750e+01
-7.957021331787109375e+01
-8.160181427001953125e+01
-8.360317230224609375e+01
-8.557347106933593750e+01
-8.751187896728515625e+01
-8.941757202148437500e+01
-9.128972625732421875e+01
-9.312752532958984375e+01
-9.493014526367187500e+01
-9.669676208496093750e+01
-9.842654418945312500e+01
-1.001186752319335938e+02
-1.017723312377929688e+02
-1.033866958618164062e+02
-1.049609375000000000e+02
-1.064942321777343750e+02
-1.079857559204101562e+02
-1.094346923828125000e+02
-1.108403396606445312e+02
-1.122025909423828125e+02
-1.135214157104492188e+02
-1.147968215942382812e+02
-1.160288009643554688e+02
-1.172173538208007812e+02
-1.183624954223632812e+02
-1.194642028808593750e+02
-1.205224838256835938e+02
-1.215373458862304688e+02
-1.225087661743164062e+02
-1.234367523193359375e+02
-1.243213043212890625e+02
-1.251624298095703125e+02
-1.259601058959960938e+02
-1.267143554687500000e+02
-1.274251632690429688e+02
-1.280925292968750000e+02
-1.287164459228515625e+02
-1.292969055175781250e+02
-1.298339385986328125e+02
-1.303275146484375000e+02
-1.307776489257812500e+02
-1.311843109130859375e+02
-1.315475463867187500e+02
-1.318673095703125000e+02
-1.321436157226562500e+02
-1.323764801025390625e+02
-1.325658721923828125e+02
-1.327117919921875000e+02
-1.328142700195312500e+02
-1.328732757568359375e+02
-1.328888092041015625e+02
-1.328608856201171875e+02
-1.327894897460937500e+02
-1.326746215820312500e+02
-1.325162811279296875e+02
-1.323144683837890625e+02
-1.320691680908203125e+02
-1.317804107666015625e+02
-1.314481506347656250e+02
-1.310724182128906250e+02
-1.306532287597656250e+02
-1.301905364990234375e+02
-1.296843414306640625e+02
-1.291346740722656250e+02
-1.285415191650390625e+02
-1.279048843383789062e+02
-1.272247467041015625e+02
-1.265011138916015625e+02
-1.257341156005859375e+02
-1.249244308471679688e+02
-1.240728302001953125e+02
-1.231801071166992188e+02
-1.222470932006835938e+02
-1.212745361328125000e+02
-1.202632446289062500e+02
-1.192140274047851562e+02
-1.181276702880859375e+02
-1.170049667358398438e+02
-1.158467178344726562e+02
-1.146537017822265625e+02
-1.134267196655273438e+02
-1.121665725708007812e+02
-1.108740539550781250e+02
-1.095499496459960938e+02
-1.081950683593750000e+02
-1.068101730346679688e+02
-1.053961029052734375e+02
-1.039536132812500000e+02
-1.024835281372070312e+02
-1.009866180419921875e+02
-9.946369934082031250e+01
-9.791553497314453125e+01
-9.634295654296875000e+01
-9.474672698974609375e+01
-9.312766265869140625e+01
-9.148654937744140625e+01
-8.982417297363281250e+01
-8.814134216308593750e+01
-8.643885040283203125e+01
-8.471747589111328125e+01
-8.297802734375000000e+01
-8.122129821777343750e+01
-7.944808197021484375e+01
-7.765916442871093750e+01
-7.585534667968750000e+01
-7.403742980957031250e+01
-7.220619201660156250e+01
-7.036244201660156250e+01
-6.850696563720703125e+01
-6.664056396484375000e+01
-6.476402282714843750e+01
-6.287814712524414062e+01
-6.098371887207031250e+01
-5.908154296875000000e+01
-5.717240524291992188e+01
-5.525710678100585938e+01
-5.333643722534179688e+01
-5.141119766235351562e+01
-4.948217773437500000e+01
-4.755020904541015625e+01
-4.561611175537109375e+01
-4.368071746826171875e+01
-4.174485015869140625e+01
-3.980933761596679688e+01
-3.787501525878906250e+01
-3.594269561767578125e+01
-3.401322174072265625e+01
-3.208740615844726562e+01
-3.016609001159667969e+01
-2.825009155273437500e+01
-2.634024238586425781e+01
-2.443736839294433594e+01
-2.254229354858398438e+01
-2.065585136413574219e+01
-1.877886581420898438e+01
-1.691216468811035156e+01
-1.505657291412353516e+01
-1.321292304992675781e+01
-1.138203907012939453e+01
-9.564748764038085938e+00
-7.761879444122314453e+00
-5.974259376525878906e+00
-4.202714920043945312e+00
-2.448073863983154297e+00
-7.111632227897644043e-01
1.007189273834228516e+00
2.706156492233276367e+00
4.384911060333251953e+00
6.042625427246093750e+00
7.678472995758056641e+00
9.291625022888183594e+00
1.088125514984130859e+01
1.244653606414794922e+01
1.398663997650146484e+01
1.550073909759521484e+01
1.698800849914550781e+01
1.844761657714843750e+01
1.987874031066894531e+01
2.128055000305175781e+01
2.265221977233886719e+01
2.399291992187500000e+01
2.530182456970214844e+01
2.657810592651367188e+01
2.782093811035156250e+01
2.902949142456054688e+01
3.020294189453125000e+01
3.134045791625976562e+01
3.244121551513671875e+01
3.350450897216796875e+01
3.453013229370117188e+01
3.551800155639648438e+01
3.646803665161132812e+01
3.738014984130859375e+01
3.825426101684570312e+01
3.909028625488281250e+01
3.988814544677734375e+01
4.064775085449218750e+01
4.136902236938476562e+01
4.205187606811523438e+01
4.269622802734375000e+01
4.330199432373046875e+01
4.386909866333007812e+01
4.439744567871093750e+01
4.488696289062500000e+01
4.533756637573242188e+01
4.574916458129882812e+01
4.612168121337890625e+01
4.645503616333007812e+01
4.674913787841796875e+01
4.700391006469726562e+01
4.721926498413085938e+01
4.739512634277343750e+01
4.753140258789062500e+01
4.762801742553710938e+01
4.768488311767578125e+01
4.770191574096679688e+01
4.767903900146484375e+01
4.761616516113281250e+01
4.751321029663085938e+01
4.737009429931640625e+01
4.718672943115234375e+01
4.696303558349609375e+01
4.669893264770507812e+01
4.639433670043945312e+01
4.604916000366210938e+01
4.566331863403320312e+01
4.523673629760742188e+01
4.476932525634765625e+01
4.426100158691406250e+01
4.371168899536132812e+01
4.312129592895507812e+01
4.248974609375000000e+01
4.181694793701171875e+01
4.110282897949218750e+01
4.034729766845703125e+01
3.955028152465820312e+01
3.871168136596679688e+01
3.783142852783203125e+01
3.690956115722656250e+01
3.594664764404296875e+01
3.494338989257812500e+01
3.390048599243164062e+01
3.281862640380859375e+01
3.169851875305175781e+01
3.054084777832031250e+01
2.934632110595703125e+01
2.811563301086425781e+01
2.684947967529296875e+01
2.554855918884277344e+01
2.421357154846191406e+01
2.284521293640136719e+01
2.144417953491210938e+01
2.001116752624511719e+01
1.854687690734863281e+01
1.705200576782226562e+01
1.552725124359130859e+01
1.397330856323242188e+01
1.239087677001953125e+01
1.078065395355224609e+01
9.143337249755859375e+00
7.479622840881347656e+00
5.790209293365478516e+00
4.075794696807861328e+00
2.337075471878051758e+00
5.747494697570800781e-01
-1.210485696792602539e+00
-3.017932653427124023e+00
-4.846893787384033203e+00
-6.696671962738037109e+00
-8.566569328308105469e+00
-1.045588874816894531e+01
-1.236393165588378906e+01
-1.429000282287597656e+01
-1.623340225219726562e+01
-1.819343376159667969e+01
-2.016940116882324219e+01
-2.216060256958007812e+01
-2.416634559631347656e+01
-2.618593025207519531e+01
-2.821865844726562500e+01
-3.026383399963378906e+01
-3.232075881958007812e+01
-3.438873672485351562e+01
-3.646706771850585938e+01
-3.855505371093750000e+01
-4.065200424194335938e+01
-4.275721359252929688e+01
-4.486998748779296875e+01
-4.698961257934570312e+01
-4.911530303955078125e+01
-5.124626541137695312e+01
-5.338169097900390625e+01
-5.552078628540039062e+01
-5.766275024414062500e+01
-5.980678558349609375e+01
-6.195208740234375000e+01
-6.409786224365234375e+01
-6.624330139160156250e+01
-6.838761138916015625e+01
-7.052999877929687500e+01
-7.266964721679687500e+01
-7.480577850341796875e+01
-7.693757629394531250e+01
-7.906423950195312500e+01
-8.118498229980468750e+01
-8.329899597167968750e+01
-8.540547943115234375e+01
-8.750364685058593750e+01
-8.959267425537109375e+01
-9.167178344726562500e+01
-9.374016571044921875e+01
-9.579701995849609375e+01
-9.784155273437500000e+01
-9.987295532226562500e+01
-1.018904342651367188e+02
-1.038931884765625000e+02
-1.058804168701171875e+02
-1.078513259887695312e+02
-1.098051147460937500e+02
-1.117409820556640625e+02
-1.136581115722656250e+02
-1.155557327270507812e+02
-1.174330368041992188e+02
-1.192892074584960938e+02
-1.211234588623046875e+02
-1.229349899291992188e+02
-1.247229919433593750e+02
-1.264866867065429688e+02
-1.282252655029296875e+02
-1.299379119873046875e+02
-1.316238403320312500e+02
-1.332822418212890625e+02
-1.349123382568359375e+02
-1.365133056640625000e+02
-1.380843811035156250e+02
-1.396247100830078125e+02
-1.411335296630859375e+02
-1.426100311279296875e+02
-1.440535278320312500e+02
-1.454636993408203125e+02
-1.468403778076171875e+02
-1.481833496093750000e+02
-1.494924468994140625e+02
-1.507674560546875000e+02
-1.520081939697265625e+02
-1.532144622802734375e+02
-1.543860778808593750e+02
-1.555228271484375000e+02
-1.566245422363281250e+02
-1.576910095214843750e+02
-1.587220611572265625e+02
-1.597174835205078125e+02
-1.606770782470703125e+02
-1.616006622314453125e+02
-1.624880523681640625e+02
-1.633390502929687500e+02
-1.641534423828125000e+02
-1.649310760498046875e+02
-1.656717224121093750e+02
-1.663751983642578125e+02
-1.670413208007812500e+02
-1.676698913574218750e+02
-1.682607116699218750e+02
-1.688135986328125000e+02
-1.693283538818359375e+02
-1.698047790527343750e+02
-1.702426910400390625e+02
-1.706418914794921875e+02
-1.710021820068359375e+02
-1.713233947753906250e+02
-1.716053009033203125e+02
-1.718477478027343750e+02
-1.720505065917968750e+02
-1.722133941650390625e+02
-1.723362121582031250e+02
-1.724187927246093750e+02
-1.724609375000000000e+02
-1.724624176025390625e+02
-1.724230957031250000e+02
-1.723427276611328125e+02
-1.722211456298828125e+02
-1.720581665039062500e+02
-1.718535614013671875e+02
-1.716071777343750000e+02
-1.713187866210937500e+02
-1.709882354736328125e+02
-1.706153106689453125e+02
-1.701997985839843750e+02
-1.697416687011718750e+02
-1.692413177490234375e+02
-1.686993255615234375e+02
-1.681162414550781250e+02
-1.674925994873046875e+02
-1.668289642333984375e+02
-1.661259155273437500e+02
-1.653839721679687500e+02
-1.646036987304687500e+02
-1.637856597900390625e+02
-1.629303894042968750e+02
-1.620384674072265625e+02
-1.611104278564453125e+02
-1.601468353271484375e+02
-1.591482391357421875e+02
-1.581152038574218750e+02
-1.570482635498046875e+02
-1.559479827880859375e+02
-1.548149261474609375e+02
-1.536496429443359375e+02
-1.524526672363281250e+02
-1.512245788574218750e+02
-1.499659118652343750e+02
-1.486772308349609375e+02
-1.473591003417968750e+02
-1.460120544433593750e+02
-1.446366577148437500e+02
-1.432334594726562500e+02
-1.418030090332031250e+02
-1.403458862304687500e+02
-1.388626098632812500e+02
-1.373537750244140625e+02
-1.358199005126953125e+02
-1.342615509033203125e+02
-1.326792907714843750e+02
-1.310736541748046875e+02
-1.294452056884765625e+02
-1.277945098876953125e+02
-1.261221084594726562e+02
-1.244285507202148438e+02
-1.227144088745117188e+02
-1.209802246093750000e+02
-1.192265472412109375e+02
-1.174539413452148438e+02
-1.156629562377929688e+02
-1.138541564941406250e+02
-1.120280838012695312e+02
-1.101852951049804688e+02
-1.083263320922851562e+02
-1.064517745971679688e+02
-1.045621948242187500e+02
-1.026582794189453125e+02
-1.007407684326171875e+02
-9.881035614013671875e+01
-9.686779785156250000e+01
-9.491379547119140625e+01
-9.294908142089843750e+01
-9.097437286376953125e+01
-8.899039459228515625e+01
-8.699787902832031250e+01
-8.499754333496093750e+01
-8.299010467529296875e+01
-8.097628784179687500e+01
-7.895682525634765625e+01
-7.693243408203125000e+01
-7.490383148193359375e+01
-7.287175750732421875e+01
-7.083691406250000000e+01
-6.880003356933593750e+01
-6.676184082031250000e+01
-6.472306060791015625e+01
-6.268441390991210938e+01
-6.064662170410156250e+01
-5.861040496826171875e+01
-5.657649993896484375e+01
-5.454561233520507812e+01
-5.251848220825195312e+01
-5.049581909179687500e+01
-4.847835159301757812e+01
-4.646680450439453125e+01
-4.446189498901367188e+01
-4.246435165405273438e+01
-4.047489929199218750e+01
-3.849425506591796875e+01
-3.652314376831054688e+01
-3.456229019165039062e+01
-3.261241912841796875e+01
-3.067425155639648438e+01
-2.874850845336914062e+01
-2.683591842651367188e+01
-2.493719863891601562e+01
-2.305307579040527344e+01
-2.118427276611328125e+01
-1.933151054382324219e+01
-1.749551582336425781e+01
-1.567700958251953125e+01
-1.387671375274658203e+01
-1.209535408020019531e+01
-1.033365249633789062e+01
-8.592332839965820312e+00
-6.872047901153564453e+00
-5.173178195953369141e+00
-3.496034622192382812e+00
-1.840927720069885254e+00
-2.081681042909622192e-01
1.401933431625366211e+00
2.989066362380981445e+00
4.552919387817382812e+00
6.093182563781738281e+00
7.609545230865478516e+00
9.101696014404296875e+00
1.056932449340820312e+01
1.201211929321289062e+01
1.342977142333984375e+01
1.482196903228759766e+01
1.618840026855468750e+01
1.752875709533691406e+01
1.884272575378417969e+01
2.012999725341796875e+01
2.139026260375976562e+01
2.262320899963378906e+01
2.382852363586425781e+01
2.500589942932128906e+01
2.615502548217773438e+01
2.727558898925781250e+01
2.836728096008300781e+01
2.942978668212890625e+01
3.046280288696289062e+01
3.146601104736328125e+01
3.243910598754882812e+01
3.338177871704101562e+01
3.429370880126953125e+01
3.517459487915039062e+01
3.602412033081054688e+01
3.684198379516601562e+01
3.762786102294921875e+01
3.838145065307617188e+01
3.910243606567382812e+01
3.979051589965820312e+01
4.044536972045898438e+01
4.106669235229492188e+01
4.165417098999023438e+01
4.220749282836914062e+01
4.272635269165039062e+01
4.321043395996093750e+01
4.365943145751953125e+01
4.407303237915039062e+01
4.445092010498046875e+01
4.479279327392578125e+01
4.509833908081054688e+01
4.536734390258789062e+01
4.560002517700195312e+01
4.579669570922851562e+01
4.595766830444335938e+01
4.608325958251953125e+01
4.617378616333007812e+01
4.622955703735351562e+01
4.625088882446289062e+01
4.623809814453125000e+01
4.619149398803710938e+01
4.611139678955078125e+01
4.599811553955078125e+01
4.585197448730468750e+01
4.567327499389648438e+01
4.546234130859375000e+01
4.521948242187500000e+01
4.494501876831054688e+01
4.463925933837890625e+01
4.430252075195312500e+01
4.393511962890625000e+01
4.353736114501953125e+01
4.310957336425781250e+01
4.265205764770507812e+01
4.216513824462890625e+01
4.164912414550781250e+01
4.110433197021484375e+01
4.053108215332031250e+01
3.992967605590820312e+01
3.930043792724609375e+01
3.864368057250976562e+01
3.795971298217773438e+01
3.724885940551757812e+01
3.651142501831054688e+01
3.574772644042968750e+01
3.495808410644531250e+01
3.414280700683593750e+01
3.330221176147460938e+01
3.243661117553710938e+01
3.154631805419921875e+01
3.063165092468261719e+01
2.969292640686035156e+01
2.873044967651367188e+01
2.774454307556152344e+01
2.673551940917968750e+01
2.570369148254394531e+01
2.464937400817871094e+01
2.357288360595703125e+01
2.247453498840332031e+01
2.135463905334472656e+01
2.021351242065429688e+01
1.905151748657226562e+01
1.786921501159667969e+01
1.666721725463867188e+01
1.544612979888916016e+01
1.420656490325927734e+01
1.294913005828857422e+01
1.167443466186523438e+01
1.038308906555175781e+01
9.075702667236328125e+00
7.752883911132812500e+00
6.415243625640869141e+00
5.063389778137207031e+00
3.697932958602905273e+00
2.319481849670410156e+00
9.286458492279052734e-01
-4.739651381969451904e-01
-1.887742042541503906e+00
-3.312075376510620117e+00
-4.746355533599853516e+00
-6.189973831176757812e+00
-7.642319679260253906e+00
-9.102785110473632812e+00
-1.057075881958007812e+01
-1.204563331604003906e+01
-1.352679824829101562e+01
-1.501364326477050781e+01
-1.650556182861328125e+01
-1.800194168090820312e+01
-1.950217628479003906e+01
-2.100565147399902344e+01
-2.251176071166992188e+01
-2.401989746093750000e+01
-2.552944755554199219e+01
-2.703980445861816406e+01
-2.855035591125488281e+01
-3.006049728393554688e+01
-3.156961250305175781e+01
-3.307709884643554688e+01
-3.458234405517578125e+01
-3.608473968505859375e+01
-3.758367156982421875e+01
-3.907853317260742188e+01
-4.056872177124023438e+01
-4.205361938476562500e+01
-4.353261947631835938e+01
-4.500511169433593750e+01
-4.647048950195312500e+01
-4.792813491821289062e+01
-4.937745285034179688e+01
-5.081782150268554688e+01
-5.224868392944335938e+01
-5.366964340209960938e+01
-5.508035278320312500e+01
-5.648046875000000000e+01
-5.786964416503906250e+01
-5.924753189086914062e+01
-6.061378097534179688e+01
-6.196805572509765625e+01
-6.330998992919921875e+01
-6.463925933837890625e+01
-6.595549774169921875e+01
-6.725837707519531250e+01
-6.854753112792968750e+01
-6.982263183593750000e+01
-7.108331298828125000e+01
-7.232923889160156250e+01
-7.356006622314453125e+01
-7.477543640136718750e+01
-7.597502136230468750e+01
-7.715844726562500000e+01
-7.832539367675781250e+01
-7.947550201416015625e+01
-8.060842132568359375e+01
-8.172381591796875000e+01
-8.282132720947265625e+01
-8.390061187744140625e+01
-8.496132659912109375e+01
-8.600312042236328125e+01
-8.702565765380859375e+01
-8.802857208251953125e+01
-8.901153564453125000e+01
-8.997418975830078125e+01
-9.091619873046875000e+01
-9.183718872070312500e+01
-9.273685455322265625e+01
-9.361481475830078125e+01
-9.447074127197265625e+01
-9.530426788330078125e+01
-9.611507415771484375e+01
-9.690280151367187500e+01
-9.766709899902343750e+01
-9.840761566162109375e+01
-9.912401580810546875e+01
-9.981594848632812500e+01
-1.004830627441406250e+02
-1.011250228881835938e+02
-1.017414703369140625e+02
-1.023320617675781250e+02
-1.028964538574218750e+02
-1.034342956542968750e+02
-1.039453277587890625e+02
-1.044296035766601562e+02
-1.048872756958007812e+02
-1.053184890747070312e+02
-1.057233963012695312e+02
-1.061021270751953125e+02
-1.064548416137695312e+02
-1.067816772460937500e+02
-1.070827789306640625e+02
-1.073582992553710938e+02
-1.076083831787109375e+02
-1.078331604003906250e+02
-1.080327911376953125e+02
-1.082074279785156250e+02
-1.083572082519531250e+02
-1.084822616577148438e+02
-1.085827560424804688e+02
-1.086588287353515625e+02
-1.087106246948242188e+02
-1.087383041381835938e+02
-1.087419891357421875e+02
-1.087218246459960938e+02
-1.086779708862304688e+02
-1.086105804443359375e+02
-1.085197753906250000e+02
-1.084057312011718750e+02
-1.082685546875000000e+02
-1.081084289550781250e+02
-1.079254684448242188e+02
-1.077198410034179688e+02
-1.074916839599609375e+02
-1.072411422729492188e+02
-1.069683685302734375e+02
-1.066735000610351562e+02
-1.063566818237304688e+02
-1.060180587768554688e+02
-1.056577911376953125e+02
-1.052760009765625000e+02
-1.048728561401367188e+02
-1.044484863281250000e+02
-1.040030441284179688e+02
-1.035366744995117188e+02
-1.030495223999023438e+02
-1.025417327880859375e+02
-1.020134506225585938e+02
-1.014648284912109375e+02
-1.008960037231445312e+02
-1.003071212768554688e+02
-9.969833374023437500e+01
-9.906977844238281250e+01
-9.842165374755859375e+01
-9.775434875488281250e+01
-9.706829071044921875e+01
-9.636390686035156250e+01
-9.564165496826171875e+01
-9.490193176269531250e+01
-9.414520263671875000e+01
-9.337188720703125000e+01
-9.258242034912109375e+01
-9.177723693847656250e+01
-9.095676422119140625e+01
-9.012143707275390625e+01
-8.927170562744140625e+01
-8.840797424316406250e+01
-8.753069305419921875e+01
-8.664030456542968750e+01
-8.573722076416015625e+01
-8.482188415527343750e+01
-8.389473724365234375e+01
-8.295620727539062500e+01
-8.200671386718750000e+01
-8.104670715332031250e+01
-8.007662200927734375e+01
-7.909687042236328125e+01
-7.810791778564453125e+01
-7.711016845703125000e+01
-7.610407257080078125e+01
-7.509004974365234375e+01
-7.406855010986328125e+01
-7.304000091552734375e+01
-7.200482940673828125e+01
-7.096347045898437500e+01
-6.991635894775390625e+01
-6.886392974853515625e+01
-6.780661773681640625e+01
-6.674485015869140625e+01
-6.567906951904296875e+01
-6.460969543457031250e+01
-6.353717422485351562e+01
-6.246192932128906250e+01
-6.138440704345703125e+01
-6.030503082275390625e+01
-5.922423171997070312e+01
-5.814244842529296875e+01
-5.706011199951171875e+01
-5.597765731811523438e+01
-5.489551925659179688e+01
-5.381412887573242188e+01
-5.273392105102539062e+01
-5.165532302856445312e+01
-5.057875442504882812e+01
-4.950455093383789062e+01
-4.843303298950195312e+01
-4.736452484130859375e+01
-4.629933166503906250e+01
-4.523777770996093750e+01
-4.418018722534179688e+01
-4.312687301635742188e+01
-4.207815551757812500e+01
-4.103435134887695312e+01
-3.999578475952148438e+01
-3.896276473999023438e+01
-3.793561935424804688e+01
-3.691465759277343750e+01
-3.590020751953125000e+01
-3.489258193969726562e+01
-3.389210128784179688e+01
-3.289908599853515625e+01
-3.191385078430175781e+01
-3.093671798706054688e+01
-2.996800231933593750e+01
-2.900802230834960938e+01
-2.805710220336914062e+01
-2.711555480957031250e+01
-2.618370056152343750e+01
-2.526185989379882812e+01
-2.435034942626953125e+01
-2.344948577880859375e+01
-2.255959129333496094e+01
-2.168098258972167969e+01
-2.081398010253906250e+01
-1.995889854431152344e+01
-1.911606025695800781e+01
-1.828578186035156250e+01
-1.746838188171386719e+01
-1.666418075561523438e+01
-1.587349414825439453e+01
-1.509664344787597656e+01
-1.433394432067871094e+01
-1.358572006225585938e+01
-1.285228347778320312e+01
-1.213395690917968750e+01
-1.143105792999267578e+01
-1.074390506744384766e+01
-1.007281684875488281e+01
-9.418110847473144531e+00
-8.780107498168945312e+00
-8.159124374389648438e+00
-7.555480003356933594e+00
-6.969493389129638672e+00
-6.401424407958984375e+00
-5.851300239562988281e+00
-5.319089889526367188e+00
-4.804761409759521484e+00
-4.308284759521484375e+00
-3.829627513885498047e+00
-3.368759393692016602e+00
-2.925648450851440430e+00
-2.500263690948486328e+00
-2.092574119567871094e+00
-1.702548265457153320e+00
-1.330155014991760254e+00
-9.753630757331848145e-01
-6.381412744522094727e-01
-3.184583187103271484e-01
-1.628300547599792480e-02
2.684158682823181152e-01
5.356695652008056641e-01
7.855092287063598633e-01
1.017966151237487793e+00
1.233071565628051758e+00
1.430856704711914062e+00
1.611352801322937012e+00
1.774590969085693359e+00
1.920602560043334961e+00
2.049418926239013672e+00
2.161070823669433594e+00
2.255589962005615234e+00
2.333007574081420898e+00
2.393354415893554688e+00
2.436662197113037109e+00
2.462961912155151367e+00
2.472284793853759766e+00
2.464662075042724609e+00
2.440125226974487305e+00
2.398705005645751953e+00
2.340432882308959961e+00
2.265340089797973633e+00
2.173458099365234375e+00
2.064817667007446289e+00
1.939450502395629883e+00
1.797387242317199707e+00
1.638659834861755371e+00
1.463298916816711426e+00
1.271335959434509277e+00
1.062802076339721680e+00
8.377286791801452637e-01
5.961468219757080078e-01
3.380878567695617676e-01
6.358291208744049072e-02
-2.272933572530746460e-01
-5.342929363250732422e-01
-8.571243882179260254e-01
-1.195496439933776855e+00
-1.549117565155029297e+00
-1.917696237564086914e+00
-2.300941467285156250e+00
-2.698561429977416992e+00
-3.110264778137207031e+00
-3.535760402679443359e+00
-3.974756479263305664e+00
-4.426962375640869141e+00
-4.892085075378417969e+00
-5.369834899902343750e+00
-5.859920024871826172e+00
-6.362048625946044922e+00
-6.875929832458496094e+00
-7.401270866394042969e+00
-7.937781333923339844e+00
-8.485171318054199219e+00
-9.043147087097167969e+00
-9.611417770385742188e+00
-1.018969249725341797e+01
-1.077767944335937500e+01
-1.137508773803710938e+01
-1.198162555694580078e+01
-1.259700202941894531e+01
-1.322092533111572266e+01
-1.385310268402099609e+01
-1.449324607849121094e+01
-1.514105987548828125e+01
-1.579625701904296875e+01
-1.645854377746582031e+01
-1.712762641906738281e+01
-1.780321693420410156e+01
-1.848502540588378906e+01
-1.917275619506835938e+01
-1.986611938476562500e+01
-2.056482315063476562e+01
-2.126857948303222656e+01
-2.197709274291992188e+01
-2.269007492065429688e+01
-2.340723037719726562e+01
-2.412827110290527344e+01
-2.485290527343750000e+01
-2.558084106445312500e+01
-2.631178665161132812e+01
-2.704545021057128906e+01
-2.778154373168945312e+01
-2.851976966857910156e+01
-2.925984573364257812e+01
-3.000149154663085938e+01
-3.074444389343261719e+01
-3.148842239379882812e+01
-3.223315811157226562e+01
-3.297837829589843750e+01
-3.372381591796875000e+01
-3.446919250488281250e+01
-3.521424102783203125e+01
-3.595869064331054688e+01
-3.670226287841796875e+01
-3.744469833374023438e+01
-3.818571090698242188e+01
-3.892503738403320312e+01
-3.966240310668945312e+01
-4.039753341674804688e+01
-4.113016891479492188e+01
-4.186002349853515625e+01
-4.258683395385742188e+01
-4.331032180786132812e+01
-4.403022384643554688e+01
-4.474626159667968750e+01
-4.545816421508789062e+01
-4.616566467285156250e+01
-4.686848831176757812e+01
-4.756636047363281250e+01
-4.825901412963867188e+01
-4.894617462158203125e+01
-4.962757110595703125e+01
-5.030292892456054688e+01
-5.097198104858398438e+01
-5.163445663452148438e+01
-5.229007720947265625e+01
-5.293857192993164062e+01
-5.357967758178710938e+01
-5.421311187744140625e+01
-5.483861923217773438e+01
-5.545590591430664062e+01
-5.606470870971679688e+01
-5.666476821899414062e+01
-5.725579833984375000e+01
-5.783753204345703125e+01
-5.840969467163085938e+01
-5.897201538085937500e+01
-5.952423095703125000e+01
-6.006605911254882812e+01
-6.059722900390625000e+01
-6.111747360229492188e+01
-6.162652206420898438e+01
-6.212409973144531250e+01
-6.260997009277343750e+01
-6.308406448364257812e+01
-6.354634475708007812e+01
-6.399677276611328125e+01
-6.443531799316406250e+01
-6.486193084716796875e+01
-6.527658843994140625e+01
-6.567925262451171875e+01
-6.606988525390625000e+01
-6.644844818115234375e+01
-6.681490325927734375e+01
-6.716922760009765625e+01
-6.751136779785156250e+01
-6.784130096435546875e+01
-6.815898132324218750e+01
-6.846437835693359375e+01
-6.875745391845703125e+01
-6.903816986083984375e+01
-6.930650329589843750e+01
-6.956240081787109375e+01
-6.980583190917968750e+01
-7.003675842285156250e+01
-7.025514984130859375e+01
-7.046096801757812500e+01
-7.065417480468750000e+01
-7.083473968505859375e+01
-7.100261688232421875e+01
-7.115777587890625000e+01
-7.130018615722656250e+01
-7.142979431152343750e+01
-7.154658508300781250e+01
-7.165051269531250000e+01
-7.174153900146484375e+01
-7.181963348388671875e+01
-7.188475036621093750e+01
-7.193685913085937500e+01
-7.197592926025390625e+01
-7.200190734863281250e+01
-7.201477813720703125e+01
-7.201450347900390625e+01
-7.200102996826171875e+01
-7.197433471679687500e+01
-7.193437957763671875e+01
-7.188112640380859375e+01
-7.181453704833984375e+01
-7.173458099365234375e+01
-7.164122009277343750e+01
-7.153441619873046875e+01
-7.141413879394531250e+01
-7.128034973144531250e+01
-7.113303375244140625e+01
-7.097236633300781250e+01
-7.079849243164062500e+01
-7.061161804199218750e+01
-7.041191864013671875e+01
-7.019956970214843750e+01
-6.997474670410156250e+01
-6.973764038085937500e+01
-6.948843383789062500e+01
-6.922729492187500000e+01
-6.895441436767578125e+01
-6.866996765136718750e+01
-6.837414550781250000e+01
-6.806710815429687500e+01
-6.774905395507812500e+01
-6.742015838623046875e+01
-6.708059692382812500e+01
-6.673056030273437500e+01
-6.637022399902343750e+01
-6.599975585937500000e+01
-6.561935424804687500e+01
-6.522919464111328125e+01
-6.482945251464843750e+01
-6.442031860351562500e+01
-6.400196075439453125e+01
-6.357456207275390625e+01
-6.313831710815429688e+01
-6.269338607788085938e+01
-6.223996734619140625e+01
-6.177822875976562500e+01
-6.130836105346679688e+01
-6.083053588867187500e+01
-6.034493637084960938e+01
-5.985174179077148438e+01
-5.935113525390625000e+01
-5.884329986572265625e+01
-5.832841110229492188e+01
-5.780664443969726562e+01
-5.727819442749023438e+01
-5.674323654174804688e+01
-5.620194625854492188e+01
-5.565450286865234375e+01
-5.510109710693359375e+01
-5.454190063476562500e+01
-5.397709655761718750e+01
-5.340686416625976562e+01
-5.283138656616210938e+01
-5.225084304809570312e+01
-5.166541290283203125e+01
-5.107527923583984375e+01
-5.048062515258789062e+01
-4.988166427612304688e+01
-4.927861022949218750e+01
-4.867168045043945312e+01
-4.806108856201171875e+01
-4.744705581665039062e+01
-4.682979202270507812e+01
-4.620951843261718750e+01
-4.558644485473632812e+01
-4.496079635620117188e+01
-4.433277893066406250e+01
-4.370261764526367188e+01
-4.307052230834960938e+01
-4.243671035766601562e+01
-4.180139923095703125e+01
-4.116480636596679688e+01
-4.052714538574218750e+01
-3.988862991333007812e+01
-3.924948120117187500e+01
-3.860991287231445312e+01
-3.797013473510742188e+01
-3.733037567138671875e+01
-3.669084548950195312e+01
-3.605175781250000000e+01
-3.541333007812500000e+01
-3.477577972412109375e+01
-3.413932418823242188e+01
-3.350417709350585938e+01
-3.287055206298828125e+01
-3.223867034912109375e+01
-3.160874366760253906e+01
-3.098098754882812500e+01
-3.035562515258789062e+01
-2.973286437988281250e+01
-2.911292839050292969e+01
-2.849602890014648438e+01
-2.788237953186035156e+01
-2.727220153808593750e+01
-2.666570854187011719e+01
-2.606311607360839844e+01
-2.546464157104492188e+01
-2.487050056457519531e+01
-2.428090858459472656e+01
-2.369608306884765625e+01
-2.311623764038085938e+01
-2.254159164428710938e+01
-2.197235679626464844e+01
-2.140875434875488281e+01
-2.085099792480468750e+01
-2.029930114746093750e+01
-1.975385856628417969e+01
-1.921477317810058594e+01
-1.868211555480957031e+01
-1.815596771240234375e+01
-1.763640213012695312e+01
-1.712349891662597656e+01
-1.661733055114746094e+01
-1.611797904968261719e+01
-1.562551689147949219e+01
-1.514002132415771484e+01
-1.466156864166259766e+01
-1.419023513793945312e+01
-1.372609996795654297e+01
-1.326923656463623047e+01
-1.281972408294677734e+01
-1.237763690948486328e+01
-1.194305324554443359e+01
-1.151604843139648438e+01
-1.109669971466064453e+01
-1.068508243560791016e+01
-1.028127574920654297e+01
-9.885354042053222656e+00
-9.497394561767578125e+00
-9.117473602294921875e+00
-8.745668411254882812e+00
-8.382054328918457031e+00
-8.026709556579589844e+00
-7.679708957672119141e+00
-7.341130256652832031e+00
-7.011049747467041016e+00
-6.689543247222900391e+00
-6.376688480377197266e+00
-6.072561264038085938e+00
-5.777238368988037109e+00
-5.490796566009521484e+00
-5.213311672210693359e+00
-4.944861412048339844e+00
-4.685521602630615234e+00
-4.435368537902832031e+00
-4.194478988647460938e+00
-3.962930440902709961e+00
-3.740798234939575195e+00
-3.528159618377685547e+00
-3.325090646743774414e+00
-3.131668329238891602e+00
-2.947969198226928711e+00
-2.774069309234619141e+00
-2.610045671463012695e+00
-2.455975055694580078e+00
-2.311933517456054688e+00
-2.177969694137573242e+00
-2.054018735885620117e+00
-1.939988732337951660e+00
-1.835786461830139160e+00
-1.741319775581359863e+00
-1.656495332717895508e+00
-1.581221103668212891e+00
-1.515404105186462402e+00
-1.458951950073242188e+00
-1.411771893501281738e+00
-1.373771190643310547e+00
-1.344857335090637207e+00
-1.324937462806701660e+00
-1.313919305801391602e+00
-1.311710000038146973e+00
-1.318216919898986816e+00
-1.333347439765930176e+00
-1.357008814811706543e+00
-1.389108657836914062e+00
-1.429553985595703125e+00
-1.478252530097961426e+00
-1.535111427307128906e+00
-1.600037932395935059e+00
-1.672939777374267578e+00
-1.753723740577697754e+00
-1.842298030853271484e+00
-1.938569068908691406e+00
-2.042444705963134766e+00
-2.153832435607910156e+00
-2.272639513015747070e+00
-2.398773193359375000e+00
-2.532140493392944336e+00
-2.672649383544921875e+00
-2.820206880569458008e+00
-2.974720716476440430e+00
-3.136097669601440430e+00
-3.304245710372924805e+00
-3.479071378707885742e+00
-3.660483121871948242e+00
-3.848387479782104492e+00
-4.042692184448242188e+00
-4.243304252624511719e+00
-4.450130939483642578e+00
-4.663080692291259766e+00
-4.882059574127197266e+00
-5.106976032257080078e+00
-5.337736129760742188e+00
-5.574248313903808594e+00
-5.816420078277587891e+00
-6.064157485961914062e+00
-6.317358970642089844e+00
-6.575881958007812500e+00
-6.839573860168457031e+00
-7.108281612396240234e+00
-7.381853103637695312e+00
-7.660136222839355469e+00
-7.942978382110595703e+00
-8.230226516723632812e+00
-8.521728515625000000e+00
-8.817332267761230469e+00
-9.116884231567382812e+00
-9.420231819152832031e+00
-9.727224349975585938e+00
-1.003770828247070312e+01
-1.035153007507324219e+01
-1.066853904724121094e+01
-1.098858070373535156e+01
-1.131150436401367188e+01
-1.163715648651123047e+01
-1.196538448333740234e+01
-1.229603767395019531e+01
-1.262896060943603516e+01
-1.296400260925292969e+01
-1.330101203918457031e+01
-1.363983440399169922e+01
-1.398031711578369141e+01
-1.432230949401855469e+01
-1.466565799713134766e+01
-1.501021003723144531e+01
-1.535581302642822266e+01
-1.570231533050537109e+01
-1.604956436157226562e+01
-1.639740562438964844e+01
-1.674568939208984375e+01
-1.709426307678222656e+01
-1.744297027587890625e+01
-1.779166221618652344e+01
-1.814018630981445312e+01
-1.848838806152343750e+01
-1.883611488342285156e+01
-1.918321800231933594e+01
-1.952954101562500000e+01
-1.987493133544921875e+01
-2.021924018859863281e+01
-2.056231117248535156e+01
-2.090399551391601562e+01
-2.124413681030273438e+01
-2.158258438110351562e+01
-2.191918563842773438e+01
-2.225378608703613281e+01
-2.258625030517578125e+01
-2.291647720336914062e+01
-2.324438476562500000e+01
-2.356988906860351562e+01
-2.389290428161621094e+01
-2.421334838867187500e+01
-2.453113555908203125e+01
-2.484618186950683594e+01
-2.515840339660644531e+01
-2.546771812438964844e+01
-2.577403831481933594e+01
-2.607728195190429688e+01
-2.637736511230468750e+01
-2.667420005798339844e+01
-2.696770858764648438e+01
-2.725780105590820312e+01
-2.754439544677734375e+01
-2.782741165161132812e+01
-2.810675811767578125e+01
-2.838235664367675781e+01
-2.865411949157714844e+01
-2.892196273803710938e+01
-2.918580436706542969e+01
-2.944555664062500000e+01
-2.970114135742187500e+01
-2.995246887207031250e+01
-3.019945526123046875e+01
-3.044201850891113281e+01
-3.068007659912109375e+01
-3.091353988647460938e+01
-3.114233016967773438e+01
-3.136635780334472656e+01
-3.158554267883300781e+01
-3.179979515075683594e+01
-3.200903701782226562e+01
-3.221318435668945312e+01
-3.241214752197265625e+01
-3.260584640502929688e+01
-3.279419708251953125e+01
-3.297711563110351562e+01
-3.315451431274414062e+01
-3.332630920410156250e+01
-3.349242019653320312e+01
-3.365275955200195312e+01
-3.380724716186523438e+01
-3.395579147338867188e+01
-3.409831619262695312e+01
-3.423473739624023438e+01
-3.436496353149414062e+01
-3.448891448974609375e+01
-3.460652923583984375e+01
-3.471781539916992188e+01
-3.482281112670898438e+01
-3.492154693603515625e+01
-3.501405715942382812e+01
-3.510037994384765625e+01
-3.518054199218750000e+01
-3.525458145141601562e+01
-3.532253265380859375e+01
-3.538442230224609375e+01
-3.544029617309570312e+01
-3.549017715454101562e+01
-3.553410339355468750e+01
-3.557210922241210938e+01
-3.560422515869140625e+01
-3.563049316406250000e+01
-3.565093231201171875e+01
-3.566558837890625000e+01
-3.567449188232421875e+01
-3.567767333984375000e+01
-3.567517089843750000e+01
-3.566701507568359375e+01
-3.565324020385742188e+01
-3.563388061523437500e+01
-3.560897445678710938e+01
-3.557854461669921875e+01
-3.554263305664062500e+01
-3.550127410888671875e+01
-3.545449447631835938e+01
-3.540233612060546875e+01
-3.534482192993164062e+01
-3.528199768066406250e+01
-3.521389007568359375e+01
-3.514053726196289062e+01
-3.506196594238281250e+01
-3.497821426391601562e+01
-3.488931655883789062e+01
-3.479530715942382812e+01
-3.469621276855468750e+01
-3.459207916259765625e+01
-3.448292922973632812e+01
-3.436879730224609375e+01
-3.424972534179687500e+01
-3.412574005126953125e+01
-3.399687957763671875e+01
-3.386317062377929688e+01
-3.372465133666992188e+01
-3.358135986328125000e+01
-3.343332290649414062e+01
-3.328057861328125000e+01
-3.312316131591796875e+01
-3.296117401123046875e+01
-3.279470443725585938e+01
-3.262385177612304688e+01
-3.244870758056640625e+01
-3.226937866210937500e+01
-3.208596038818359375e+01
-3.189854621887207031e+01
-3.170723915100097656e+01
-3.151212882995605469e+01
-3.131332206726074219e+01
-3.111090850830078125e+01
-3.090498924255371094e+01
-3.069566154479980469e+01
-3.048302268981933594e+01
-3.026716804504394531e+01
-3.004819869995117188e+01
-2.982621192932128906e+01
-2.960130119323730469e+01
-2.937356567382812500e+01
-2.914310646057128906e+01
-2.891001701354980469e+01
-2.867439270019531250e+01
-2.843633651733398438e+01
-2.819594764709472656e+01
-2.795331382751464844e+01
-2.770853805541992188e+01
-2.746172332763671875e+01
-2.721295738220214844e+01
-2.696234321594238281e+01
-2.670997619628906250e+01
-2.645595359802246094e+01
-2.620037651062011719e+01
-2.594333839416503906e+01
-2.568493652343750000e+01
-2.542527198791503906e+01
-2.516444015502929688e+01
-2.490253639221191406e+01
-2.463966369628906250e+01
-2.437591361999511719e+01
-2.411138534545898438e+01
-2.384617996215820312e+01
-2.358038902282714844e+01
-2.331411552429199219e+01
-2.304745292663574219e+01
-2.278050041198730469e+01
-2.251335525512695312e+01
-2.224611282348632812e+01
-2.197887611389160156e+01
-2.171173667907714844e+01
-2.144479179382324219e+01
-2.117811393737792969e+01
-2.091177558898925781e+01
-2.064584922790527344e+01
-2.038040542602539062e+01
-2.011551666259765625e+01
-1.985125160217285156e+01
-1.958768463134765625e+01
-1.932488632202148438e+01
-1.906292724609375000e+01
-1.880187797546386719e+01
-1.854181480407714844e+01
-1.828280258178710938e+01
-1.802491569519042969e+01
-1.776822662353515625e+01
-1.751280593872070312e+01
-1.725872230529785156e+01
-1.700605392456054688e+01
-1.675486373901367188e+01
-1.650522994995117188e+01
-1.625722122192382812e+01
-1.601090812683105469e+01
-1.576636219024658203e+01
-1.552365779876708984e+01
-1.528286170959472656e+01
-1.504405021667480469e+01
-1.480729103088378906e+01
-1.457265567779541016e+01
-1.434021759033203125e+01
-1.411004734039306641e+01
-1.388221645355224609e+01
-1.365679645538330078e+01
-1.343385887145996094e+01
-1.321347427368164062e+01
-1.299571418762207031e+01
-1.278065013885498047e+01
-1.256835460662841797e+01
-1.235889720916748047e+01
-1.215235042572021484e+01
-1.194878482818603516e+01
-1.174827384948730469e+01
-1.155088615417480469e+01
-1.135669517517089844e+01
-1.116577243804931641e+01
-1.097818756103515625e+01
-1.079401302337646484e+01
-1.061332035064697266e+01
-1.043618011474609375e+01
-1.026266479492187500e+01
-1.009284496307373047e+01
-9.926780700683593750e+00
-9.764480590820312500e+00
-9.605942726135253906e+00
-9.451164245605468750e+00
-9.300142288208007812e+00
-9.152873992919921875e+00
-9.009358406066894531e+00
-8.869590759277343750e+00
-8.733569145202636719e+00
-8.601291656494140625e+00
-8.472754478454589844e+00
-8.347956657409667969e+00
-8.226893424987792969e+00
-8.109562873840332031e+00
-7.995964527130126953e+00
-7.886093139648437500e+00
-7.779946327209472656e+00
-7.677522182464599609e+00
-7.578818321228027344e+00
-7.483831405639648438e+00
-7.392560005187988281e+00
-7.304999351501464844e+00
-7.221148967742919922e+00
-7.141005516052246094e+00
-7.064565658569335938e+00
-6.991827011108398438e+00
-6.922787189483642578e+00
-6.857444286346435547e+00
-6.795794010162353516e+00
-6.737834930419921875e+00
-6.683564662933349609e+00
-6.632979869842529297e+00
-6.586078166961669922e+00
-6.542856693267822266e+00
-6.503313064575195312e+00
-6.467444896697998047e+00
-6.435248851776123047e+00
-6.406723022460937500e+00
-6.381864070892333984e+00
-6.360670089721679688e+00
-6.343138217926025391e+00
-6.329265594482421875e+00
-6.319049358367919922e+00
-6.312487602233886719e+00
-6.309576988220214844e+00
-6.310315608978271484e+00
-6.314700603485107422e+00
-6.322728633880615234e+00
-6.334397792816162109e+00
-6.349705219268798828e+00
-6.368638992309570312e+00
-6.391150951385498047e+00
-6.417182445526123047e+00
-6.446676254272460938e+00
-6.479573726654052734e+00
-6.515817642211914062e+00
-6.555348873138427734e+00
-6.598111152648925781e+00
-6.644045352935791016e+00
-6.693093776702880859e+00
-6.745198726654052734e+00
-6.800302028656005859e+00
-6.858346462249755859e+00
-6.919272899627685547e+00
-6.983025074005126953e+00
-7.049542903900146484e+00
-7.118770122528076172e+00
-7.190648078918457031e+00
-7.265119552612304688e+00
-7.342125892639160156e+00
-7.421609401702880859e+00
-7.503511905670166016e+00
-7.587775707244873047e+00
-7.674344062805175781e+00
-7.763156414031982422e+00
-7.854156494140625000e+00
-7.947287082672119141e+00
-8.042489051818847656e+00
-8.139704704284667969e+00
-8.238876342773437500e+00
-8.339945793151855469e+00
-8.442854881286621094e+00
-8.547546386718750000e+00
-8.653962135314941406e+00
-8.762043952941894531e+00
-8.871733665466308594e+00
-8.982974052429199219e+00
-9.095707893371582031e+00
-9.209875106811523438e+00
-9.325419425964355469e+00
-9.442281723022460938e+00
-9.560405731201171875e+00
-9.679732322692871094e+00
-9.800203323364257812e+00
-9.921761512756347656e+00
-1.004434967041015625e+01
-1.016790771484375000e+01
-1.029237937927246094e+01
-1.041770648956298828e+01
-1.054382991790771484e+01
-1.067069435119628906e+01
-1.079824256896972656e+01
-1.092642021179199219e+01
-1.105517101287841797e+01
-1.118444061279296875e+01
-1.131417369842529297e+01
-1.144431400299072266e+01
-1.157480812072753906e+01
-1.170559883117675781e+01
-1.183663272857666016e+01
-1.196785354614257812e+01
-1.209920597076416016e+01
-1.223063564300537109e+01
-1.236208629608154297e+01
-1.249350357055664062e+01
-1.262483119964599609e+01
-1.275601482391357422e+01
-1.288699913024902344e+01
-1.301772880554199219e+01
-1.314814758300781250e+01
-1.327820205688476562e+01
-1.340783691406250000e+01
-1.353699493408203125e+01
-1.366562271118164062e+01
-1.379366302490234375e+01
-1.392106342315673828e+01
-1.404776668548583984e+01
-1.417371845245361328e+01
-1.429886341094970703e+01
-1.442314624786376953e+01
-1.454651069641113281e+01
-1.466890335083007812e+01
-1.479026794433593750e+01
-1.491055011749267578e+01
-1.502969264984130859e+01
-1.514764308929443359e+01
-1.526434230804443359e+01
-1.537973880767822266e+01
-1.549377632141113281e+01
-1.560639953613281250e+01
-1.571755123138427734e+01
-1.582717895507812500e+01
-1.593522739410400391e+01
-1.604163932800292969e+01
-1.614636039733886719e+01
-1.624933624267578125e+01
-1.635051155090332031e+01
-1.644982910156250000e+01
-1.654723548889160156e+01
-1.664267539978027344e+01
-1.673609924316406250e+01
-1.682749176025390625e+01
-1.691683769226074219e+01
-1.700412559509277344e+01
-1.708934593200683594e+01
-1.717248725891113281e+01
-1.725353622436523438e+01
-1.733248138427734375e+01
-1.740931129455566406e+01
-1.748401451110839844e+01
-1.755657958984375000e+01
-1.762699508666992188e+01
-1.769524955749511719e+01
-1.776132965087890625e+01
-1.782522583007812500e+01
-1.788692665100097656e+01
-1.794641876220703125e+01
-1.800369071960449219e+01
-1.805873107910156250e+01
-1.811153030395507812e+01
-1.816207504272460938e+01
-1.821035194396972656e+01
-1.825635147094726562e+01
-1.830006408691406250e+01
-1.834147262573242188e+01
-1.838056945800781250e+01
-1.841734313964843750e+01
-1.845178031921386719e+01
-1.848386955261230469e+01
-1.851360130310058594e+01
-1.854096221923828125e+01
-1.856593894958496094e+01
-1.858852386474609375e+01
-1.860870361328125000e+01
-1.862646484375000000e+01
-1.864179801940917969e+01
-1.865468978881835938e+01
-1.866513061523437500e+01
-1.867310905456542969e+01
-1.867860984802246094e+01
-1.868162345886230469e+01
-1.868214225769042969e+01
-1.868014907836914062e+01
-1.867563247680664062e+01
-1.866858482360839844e+01
-1.865899085998535156e+01
-1.864684104919433594e+01
-1.863212394714355469e+01
-1.861482429504394531e+01
-1.859493637084960938e+01
-1.857245063781738281e+01
-1.854739379882812500e+01
-1.851979255676269531e+01
-1.848968124389648438e+01
-1.845709037780761719e+01
-1.842204856872558594e+01
-1.838458633422851562e+01
-1.834473419189453125e+01
-1.830252456665039062e+01
-1.825798606872558594e+01
-1.821114730834960938e+01
-1.816204452514648438e+01
-1.811070442199707031e+01
-1.805715751647949219e+01
-1.800143623352050781e+01
-1.794356918334960938e+01
-1.788358497619628906e+01
-1.782151985168457031e+01
-1.775740051269531250e+01
-1.769125556945800781e+01
-1.762312126159667969e+01
-1.755302429199218750e+01
-1.748099708557128906e+01
-1.740706634521484375e+01
-1.733126449584960938e+01
-1.725362586975097656e+01
-1.717417716979980469e+01
-1.709294700622558594e+01
-1.700997161865234375e+01
-1.692527770996093750e+01
-1.683889579772949219e+01
-1.675085639953613281e+01
-1.666119194030761719e+01
-1.656993103027343750e+01
-1.647710609436035156e+01
-1.638274574279785156e+01
-1.628688049316406250e+01
-1.618954277038574219e+01
-1.609076309204101562e+01
-1.599056911468505859e+01
-1.588899421691894531e+01
-1.578606605529785156e+01
-1.568181800842285156e+01
-1.557627964019775391e+01
-1.546948146820068359e+01
-1.536145305633544922e+01
-1.525222682952880859e+01
-1.514183044433593750e+01
-1.503029823303222656e+01
-1.491765785217285156e+01
-1.480394268035888672e+01
-1.468919086456298828e+01
-1.457343959808349609e+01
-1.445673370361328125e+01
-1.433911037445068359e+01
-1.422060966491699219e+01
-1.410127162933349609e+01
-1.398113727569580078e+01
-1.386024475097656250e+01
-1.373863506317138672e+01
-1.361634731292724609e+01
-1.349342060089111328e+01
-1.336989784240722656e+01
-1.324581718444824219e+01
-1.312121868133544922e+01
-1.299614143371582031e+01
-1.287062644958496094e+01
-1.274471378326416016e+01
-1.261844253540039062e+01
-1.249185371398925781e+01
-1.236498546600341797e+01
-1.223787879943847656e+01
-1.211057376861572266e+01
-1.198311138153076172e+01
-1.185552883148193359e+01
-1.172786808013916016e+01
-1.160016822814941406e+01
-1.147246932983398438e+01
-1.134481239318847656e+01
-1.121723651885986328e+01
-1.108977985382080078e+01
-1.096248531341552734e+01
-1.083539104461669922e+01
-1.070853710174560547e+01
-1.058196353912353516e+01
-1.045571136474609375e+01
-1.032981872558593750e+01
-1.020432662963867188e+01
-1.007927513122558594e+01
-9.954703330993652344e+00
-9.830652236938476562e+00
-9.707159996032714844e+00
-9.584268569946289062e+00
-9.462016105651855469e+00
-9.340443611145019531e+00
-9.219592094421386719e+00
-9.099498748779296875e+00
-8.980205535888671875e+00
-8.861751556396484375e+00
-8.744176864624023438e+00
-8.627517700195312500e+00
-8.511794090270996094e+00
-8.397025108337402344e+00
-8.283224105834960938e+00
-8.170411109924316406e+00
-8.058600425720214844e+00
-7.947811603546142578e+00
-7.838058948516845703e+00
-7.729361534118652344e+00
-7.621734619140625000e+00
-7.515195846557617188e+00
-7.409761905670166016e+00
-7.305449485778808594e+00
-7.202275753021240234e+00
-7.100256919860839844e+00
-6.999410629272460938e+00
-6.899753570556640625e+00
-6.801302433013916016e+00
-6.704074382781982422e+00
-6.608085632324218750e+00
-6.513353824615478516e+00
-6.419895172119140625e+00
-6.327726840972900391e+00
-6.236865997314453125e+00
-6.147328853607177734e+00
-6.059133052825927734e+00
-5.972294807434082031e+00
-5.886830806732177734e+00
-5.802758693695068359e+00
-5.720095157623291016e+00
-5.638856410980224609e+00
-5.559060096740722656e+00
-5.480722427368164062e+00
-5.403861045837402344e+00
-5.328492164611816406e+00
-5.254632472991943359e+00
-5.182299613952636719e+00
-5.111510276794433594e+00
-5.042280673980712891e+00
-4.974628448486328125e+00
-4.908569812774658203e+00
-4.844122409820556641e+00
-4.781301975250244141e+00
-4.720126628875732422e+00
-4.660612106323242188e+00
-4.602776527404785156e+00
-4.546635150909423828e+00
-4.492206096649169922e+00
-4.439506053924560547e+00
-4.388551712036132812e+00
-4.339354991912841797e+00
-4.291908264160156250e+00
-4.246199131011962891e+00
-4.202214717864990234e+00
-4.159943580627441406e+00
-4.119372367858886719e+00
-4.080488681793212891e+00
-4.043279647827148438e+00
-4.007733821868896484e+00
-3.973838090896606445e+00
-3.941580295562744141e+00
-3.910947322845458984e+00
-3.881927013397216797e+00
-3.854506969451904297e+00
-3.828674793243408203e+00
-3.804417848587036133e+00
-3.781723737716674805e+00
-3.760579824447631836e+00
-3.740973472595214844e+00
-3.722892522811889648e+00
-3.706324338912963867e+00
-3.691256523132324219e+00
-3.677676916122436523e+00
-3.665572166442871094e+00
-3.654930353164672852e+00
-3.645739078521728516e+00
-3.637985706329345703e+00
-3.631657600402832031e+00
-3.626742124557495117e+00
-3.623227357864379883e+00
-3.621100664138793945e+00
-3.620349407196044922e+00
-3.620960950851440430e+00
-3.622922658920288086e+00
-3.626222848892211914e+00
-3.630848169326782227e+00
-3.636786460876464844e+00
-3.644025564193725586e+00
-3.652552843093872070e+00
-3.662355184555053711e+00
-3.673420906066894531e+00
-3.685737133026123047e+00
-3.699291229248046875e+00
-3.714071035385131836e+00
-3.730064153671264648e+00
-3.747257947921752930e+00
-3.765639543533325195e+00
-3.785197019577026367e+00
-3.805917501449584961e+00
-3.827788591384887695e+00
-3.850795984268188477e+00
-3.874915599822998047e+00
-3.900123357772827148e+00
-3.926392793655395508e+00
-3.953698873519897461e+00
-3.982016086578369141e+00
-4.011319637298583984e+00
-4.041583538055419922e+00
-4.072782039642333984e+00
-4.104890823364257812e+00
-4.137884140014648438e+00
-4.171735763549804688e+00
-4.206421375274658203e+00
-4.241915225982666016e+00
-4.278192043304443359e+00
-4.315226078033447266e+00
-4.352992057800292969e+00
-4.391465187072753906e+00
-4.430619239807128906e+00
-4.470429420471191406e+00
-4.510869979858398438e+00
-4.551915645599365234e+00
-4.593541145324707031e+00
-4.635721206665039062e+00
-4.678430080413818359e+00
-4.721642494201660156e+00
-4.765333652496337891e+00
-4.809477329254150391e+00
-4.854048252105712891e+00
-4.899021625518798828e+00
-4.944371700286865234e+00
-4.990073204040527344e+00
-5.036100387573242188e+00
-5.082428455352783203e+00
-5.129031181335449219e+00
-5.175884246826171875e+00
-5.222961902618408203e+00
-5.270237922668457031e+00
-5.317687988281250000e+00
-5.365286350250244141e+00
-5.413007259368896484e+00
-5.460826396942138672e+00
-5.508717060089111328e+00
-5.556654930114746094e+00
-5.604613780975341797e+00
-5.652568817138671875e+00
-5.700494289398193359e+00
-5.748364925384521484e+00
-5.796155929565429688e+00
-5.843840599060058594e+00
-5.891396522521972656e+00
-5.938805103302001953e+00
-5.986050605773925781e+00
-6.033115863800048828e+00
-6.079985141754150391e+00
-6.126643180847167969e+00
-6.173071861267089844e+00
-6.219256401062011719e+00
-6.265180110931396484e+00
-6.310826778411865234e+00
-6.356179714202880859e+00
-6.401223182678222656e+00
-6.445940971374511719e+00
-6.490316867828369141e+00
-6.534334182739257812e+00
-6.577977180480957031e+00
-6.621229171752929688e+00
-6.664073944091796875e+00
-6.706495761871337891e+00
-6.748477458953857422e+00
-6.790003776550292969e+00
-6.831058025360107422e+00
-6.871623992919921875e+00
-6.911685943603515625e+00
-6.951226234436035156e+00
-6.990230083465576172e+00
-7.028681278228759766e+00
-7.066561698913574219e+00
-7.103857517242431641e+00
-7.140551090240478516e+00
-7.176626205444335938e+00
-7.212066173553466797e+00
-7.246856689453125000e+00
-7.280979633331298828e+00
-7.314419269561767578e+00
-7.347159862518310547e+00
-7.379184722900390625e+00
-7.410478115081787109e+00
-7.441022396087646484e+00
-7.470802783966064453e+00
-7.499802589416503906e+00
-7.528005599975585938e+00
-7.555395603179931641e+00
-7.581955432891845703e+00
-7.607670307159423828e+00
-7.632523536682128906e+00
-7.656497955322265625e+00
-7.679579257965087891e+00
-7.701748371124267578e+00
-7.722991466522216797e+00
-7.743294715881347656e+00
-7.762657642364501953e+00
-7.781083583831787109e+00
-7.798574447631835938e+00
-7.815133571624755859e+00
-7.830763816833496094e+00
-7.845467567443847656e+00
-7.859248638153076172e+00
-7.872108936309814453e+00
-7.884051322937011719e+00
-7.895078659057617188e+00
-7.905194759368896484e+00
-7.914401531219482422e+00
-7.922701358795166016e+00
-7.930098533630371094e+00
-7.936594009399414062e+00
-7.942192554473876953e+00
-7.946895599365234375e+00
-7.950706481933593750e+00
-7.953626632690429688e+00
-7.955662250518798828e+00
-7.956812381744384766e+00
-7.957082271575927734e+00
-7.956474304199218750e+00
-7.954990863800048828e+00
-7.952635288238525391e+00
-7.949409008026123047e+00
-7.945316314697265625e+00
-7.940359592437744141e+00
-7.934541702270507812e+00
-7.927865982055664062e+00
-7.920334339141845703e+00
-7.911949634552001953e+00
-7.902715682983398438e+00
-7.892634391784667969e+00
-7.881708621978759766e+00
-7.869941711425781250e+00
-7.857336044311523438e+00
-7.843894004821777344e+00
-7.829619407653808594e+00
-7.814514636993408203e+00
-7.798583030700683594e+00
-7.781826496124267578e+00
-7.764248371124267578e+00
-7.745851516723632812e+00
-7.726638317108154297e+00
-7.706611156463623047e+00
-7.685774803161621094e+00
-7.664131164550781250e+00
-7.641681671142578125e+00
-7.618432998657226562e+00
-7.594394683837890625e+00
-7.569581031799316406e+00
-7.544003963470458984e+00
-7.517678260803222656e+00
-7.490615367889404297e+00
-7.462829113006591797e+00
-7.434332847595214844e+00
-7.405138969421386719e+00
-7.375261306762695312e+00
-7.344712257385253906e+00
-7.313504695892333984e+00
-7.281652927398681641e+00
-7.249168872833251953e+00
-7.216065883636474609e+00
-7.182357788085937500e+00
-7.148056507110595703e+00
-7.113175392150878906e+00
-7.077727794647216797e+00
-7.041727542877197266e+00
-7.005186080932617188e+00
-6.968117237091064453e+00
-6.930534839630126953e+00
-6.892451763153076172e+00
-6.853879928588867188e+00
-6.814833164215087891e+00
-6.775324344635009766e+00
-6.735366821289062500e+00
-6.694973468780517578e+00
-6.654157638549804688e+00
-6.612932682037353516e+00
-6.571310520172119141e+00
-6.529305458068847656e+00
-6.486929893493652344e+00
-6.444196701049804688e+00
-6.401119709014892578e+00
-6.357711791992187500e+00
-6.313985347747802734e+00
-6.269954681396484375e+00
-6.225631713867187500e+00
-6.181029796600341797e+00
-6.136162281036376953e+00
-6.091042041778564453e+00
-6.045682430267333984e+00
-6.000096321105957031e+00
-5.954297065734863281e+00
-5.908297061920166016e+00
-5.862110137939453125e+00
-5.815748691558837891e+00
-5.769226074218750000e+00
-5.722556114196777344e+00
-5.675755023956298828e+00
-5.628838062286376953e+00
-5.581821918487548828e+00
-5.534722805023193359e+00
-5.487556934356689453e+00
-5.440340518951416016e+00
-5.393090248107910156e+00
-5.345822334289550781e+00
-5.298552036285400391e+00
-5.251296520233154297e+00
-5.204072475433349609e+00
-5.156895637512207031e+00
-5.109782218933105469e+00
-5.062747955322265625e+00
-5.015810012817382812e+00
-4.968984127044677734e+00
-4.922287464141845703e+00
-4.875734806060791016e+00
-4.829343795776367188e+00
-4.783129692077636719e+00
-4.737109184265136719e+00
-4.691298484802246094e+00
-4.645714282989501953e+00
-4.600372314453125000e+00
-4.555288791656494141e+00
-4.510480403900146484e+00
-4.465962886810302734e+00
-4.421752929687500000e+00
-4.377866744995117188e+00
-4.334320545196533203e+00
-4.291130542755126953e+00
-4.248312950134277344e+00
-4.205884933471679688e+00
-4.163860797882080078e+00
-4.122258663177490234e+00
-4.081093788146972656e+00
-4.040382862091064453e+00
-4.000142574310302734e+00
-3.960387945175170898e+00
-3.921135902404785156e+00
-3.882403373718261719e+00
-3.844205617904663086e+00
-3.806559324264526367e+00
-3.769480466842651367e+00
-3.732985973358154297e+00
-3.697091817855834961e+00
-3.661813735961914062e+00
-3.627168655395507812e+00
-3.593172788619995117e+00
-3.559837102890014648e+00
-3.527153253555297852e+00
-3.495108127593994141e+00
-3.463688611984252930e+00
-3.432880878448486328e+00
-3.402672290802001953e+00
-3.373049020767211914e+00
-3.343997716903686523e+00
-3.315505504608154297e+00
-3.287558794021606445e+00
-3.260144233703613281e+00
-3.233248710632324219e+00
-3.206858634948730469e+00
-3.180960893630981445e+00
-3.155542135238647461e+00
-3.130589485168457031e+00
-3.106088876724243164e+00
-3.082027435302734375e+00
-3.058391809463500977e+00
-3.035168647766113281e+00
-3.012344598770141602e+00
-2.989906549453735352e+00
-2.967840909957885742e+00
-2.946134805679321289e+00
-2.924774646759033203e+00
-2.903746843338012695e+00
-2.883038520812988281e+00
-2.862636089324951172e+00
-2.842526435852050781e+00
-2.822696447372436523e+00
-2.803132534027099609e+00
-2.783821344375610352e+00
-2.764749765396118164e+00
-2.745904207229614258e+00
-2.727271556854248047e+00
-2.708838701248168945e+00
-2.690591812133789062e+00
-2.672518014907836914e+00
-2.654603958129882812e+00
-2.636836290359497070e+00
-2.619201660156250000e+00
-2.601686716079711914e+00
-2.584278345108032227e+00
-2.566962957382202148e+00
-2.549727678298950195e+00
-2.532558441162109375e+00
-2.515442848205566406e+00
-2.498367071151733398e+00
-2.481317996978759766e+00
-2.464282035827636719e+00
