# pp
8.752831121534085320e-09
5.323847956454880483e-09
3.679494708779807857e-09
2.733746543294549422e-09
2.127642189242430298e-09
1.711180281477974560e-09
1.410366492473448536e-09
1.184862955941238285e-09
1.010640310865336461e-09
8.730569384034827901e-10
7.620667293152493917e-10
6.710723414806370850e-10
5.955069714047601887e-10
5.319912234208373693e-10
4.780402017419559267e-10
4.318095216596935548e-10
3.918869154558838308e-10
3.571387478456697029e-10
3.266818347632512500e-10
2.998455984323549589e-10
2.760905484290705839e-10
2.549547022041460257e-10
2.360591123912424854e-10
2.190998067147413082e-10
2.038253172487788473e-10
1.900217291144465283e-10
1.775063571802017359e-10
1.661168667740959648e-10
1.557173045760862419e-10
1.462028008260988774e-10
1.374831937778326470e-10
1.294726198640013550e-10
1.220955122887603679e-10
1.152878048193825441e-10
1.089938031338127698e-10
1.031641403033890604e-10
9.775512663519916338e-11
9.272755000413349284e-11
8.804663090206742095e-11
8.368161625557949124e-11
7.960532051769230137e-11
7.579354573437861402e-11
7.222466112520763403e-11
6.887927717467471051e-11
6.573989353909722530e-11
6.279046406213935222e-11
6.001645266651313169e-11
5.740472680025773630e-11
5.494339545469388821e-11
5.262162309728711726e-11
5.042938464333519174e-11
4.835751799492050052e-11
4.639767501488539765e-11
4.454223525871123768e-11
4.278420251152800182e-11
4.111706271083699987e-11
3.953482071185701265e-11
3.803197539767044598e-11
3.660347122499203640e-11
3.524467517717097517e-11
3.395139321018619875e-11
3.271976829392409007e-11
3.154623047692850661e-11
3.042747126967673099e-11
2.936039697100779680e-11
2.834204258110013687e-11
2.736963342417913222e-11
2.644059188248759165e-11
2.555252073775671990e-11
2.470317329426454847e-11
2.389039855818803151e-11
2.311217878730715169e-11
2.236663310675793086e-11
2.165200653308289064e-11
2.096667099311126948e-11
2.030914693301822356e-11
1.967805843247896619e-11
1.907211473095289283e-11
1.849010393784021801e-11
1.793088357199713412e-11
1.739336489392114148e-11
1.687652038019288750e-11
1.637938300608983144e-11
1.590104200687890689e-11
1.544063530347303942e-11
1.499733555874426343e-11
1.457035901937869459e-11
1.415896616546669135e-11
1.376245875297266618e-11
1.338017539920241312e-11
1.301148429946728061e-11
1.265578643149635310e-11
1.231251509218761367e-11
1.198113383740800772e-11
1.166113457298957935e-11
1.135203578439286825e-11
1.105338089366370120e-11
1.076473673334703772e-11
1.048569212795528483e-11
1.021585657442948418e-11
9.954859013789981793e-12
9.702346686857711075e-12
9.457984067545615517e-12
9.221451867779127169e-12
8.992446108611041748e-12
8.770677252555080913e-12
8.555869392578798108e-12
8.347759493574454215e-12
8.146096682470045457e-12
7.950640561881230187e-12
7.761157668416885813e-12
7.577424195692476992e-12
7.399226478011961865e-12
7.226360450037344069e-12
7.058631139546967917e-12
6.895852190995402327e-12
6.737845417763847626e-12
6.584440381150791419e-12
6.435473994300333526e-12
6.290790149400680769e-12
6.150239366609461445e-12
6.013678463276425125e-12
5.880970242138701918e-12
5.751983197260114190e-12
5.626591236574488763e-12
5.504673419974516864e-12
5.386113711962755563e-12
5.270800747950644832e-12
5.158627613355297117e-12
5.049491342475212382e-12
4.943291879600145968e-12
4.839932827937553799e-12
4.739321568092994776e-12
4.641369084846888788e-12
4.545989803042977739e-12
4.453101432047875373e-12
4.362624818276758985e-12
4.274483805313406328e-12
4.188605101183423089e-12
4.104918152368071463e-12
4.023355024172568052e-12
3.943850287087323073e-12
3.866340908803529351e-12
3.790766151565711749e-12
3.717067474563769451e-12
3.645188441085414413e-12
3.575074630167161690e-12
3.506673552498030187e-12
3.439934570345062994e-12
3.374808824886522335e-12
3.311249173972388012e-12
3.249210111418099569e-12
3.188647697327855266e-12
3.129519495174659155e-12
3.071784511776952706e-12
3.015403140021466276e-12
2.960337104190548104e-12
2.906549407760452226e-12
2.854004283544610332e-12
2.802667146063108376e-12
2.752504546026264763e-12
2.703484126826493619e-12
2.655574582938526634e-12
2.608745620133612512e-12
2.562967917418493410e-12
2.518213090614852192e-12
2.474453657499504089e-12
2.431663004429908292e-12
2.389815354383664407e-12
2.348885736344429153e-12
2.308849955970314379e-12
2.269684567484189591e-12
2.231366846728506546e-12
2.193874765330253541e-12
2.157186929740034364e-12
2.121282452182750130e-12
2.086141041945286007e-12
2.051743020111524572e-12
2.018069298169386804e-12
1.985101357472803438e-12
1.952821229520152745e-12
1.921211477012587070e-12
1.890255175657514183e-12
1.859935896684218550e-12
1.830237690040223963e-12
1.801145068238552203e-12
1.772642990827486198e-12
1.744716849455807105e-12
1.717352453507805142e-12
1.690536016283585418e-12
1.664254141701349354e-12
1.638493811499462645e-12
1.613242372917162103e-12
1.588487526833731398e-12
1.564217316346954533e-12
1.540420115772519039e-12
1.517084620046908406e-12
1.494199834517121423e-12
1.471755065101328898e-12
1.449739946870342575e-12
1.428144546085505493e-12
1.406959232062857681e-12
1.386174630164234556e-12
1.365781613913194642e-12
1.345771297388310879e-12
1.326135027882836716e-12
1.306864378820232936e-12
1.287951142915516766e-12
1.269387325572813867e-12
1.251165138509935051e-12
1.233276993601173176e-12
1.215715496929917158e-12
1.198473443043023725e-12
1.181543809399241996e-12
1.164919751004307634e-12
1.148594595225637789e-12
1.132561836779861752e-12
1.116815132886690032e-12
1.101348298582916195e-12
1.086155302190587521e-12
1.071230260933637807e-12
1.056567436697502273e-12
1.042161231926467112e-12
1.028006185653718938e-12
1.014096969659255021e-12
1.000428384751029103e-12
9.869953571648743592e-13
9.737929350789389925e-13
9.608162852385354784e-13
9.480606896874612517e-13
9.355215426020188325e-13
9.231943472240974940e-13
9.110747128898340754e-13
8.991583521504984760e-13
8.874410779823819449e-13
8.759188010825957312e-13
8.645875272478027700e-13
8.534433548330207945e-13
8.424824722877456308e-13
8.317011557667472338e-13
8.210957668129974463e-13
8.106627501102734884e-13
8.003986313030850831e-13
7.903000148816572363e-13
7.803635821297831869e-13
7.705860891334496856e-13
7.609643648482042153e-13
7.514953092233248399e-13
7.421758913809094150e-13
7.330031685661057120e-13
7.239743452693614285e-13
7.150867071562814271e-13
7.063375985112590998e-13
6.977244207768671565e-13
6.892446311347767771e-13
6.808957812395151877e-13
6.726753153152831004e-13
6.645809317285776157e-13
6.566103718535094385e-13
6.487612733785612935e-13
6.410313290671937610e-13
6.334184244088257096e-13
6.259204839460253658e-13
6.185353376619023713e-13
6.112608654300706855e-13
6.040951225127652712e-13
5.970361996814442603e-13
5.900821013597445189e-13
5.832308772278428882e-13
5.764807367865047249e-13
5.698299218647589564e-13
5.632765953432797648e-13
5.568189612107800980e-13
5.504553692762362220e-13
5.441841988174052740e-13
5.380037568407988862e-13
5.319123877413345555e-13
5.259085691252297140e-13
5.199908054932235946e-13
5.141575351084896781e-13
5.084072302825057142e-13
5.027384851659124686e-13
4.971499184830948178e-13
4.916400881805990617e-13
4.862075832496096939e-13
4.808511042495046319e-13
4.755693742182638389e-13
4.703610603630543501e-13
4.652248582307404083e-13
4.601595656472798370e-13
4.551640010232588069e-13
4.502369314268540358e-13
4.453771498266645018e-13
4.405835430580711954e-13
4.358550168267369939e-13
4.311904295735210336e-13
4.265886634370569845e-13
4.220486867945310615e-13
4.175694853396965239e-13
4.131500095253414565e-13
4.087892643286881723e-13
4.044863411574410081e-13
4.002403460498513592e-13
3.960503436220130461e-13
3.919154171789880673e-13
3.878347218576896643e-13
3.838074262658257826e-13
3.798326607870705407e-13
3.759095729741738103e-13
3.720373765930441371e-13
3.682152978245612182e-13
3.644425275434008551e-13
3.607182724130170858e-13
3.570418001893939573e-13
3.534123900811796103e-13
3.498292886557719287e-13
3.462917570143597546e-13
3.427991126787904709e-13
3.393506837455281294e-13
3.359457681063454697e-13
3.325836770444488619e-13
3.292637739966565345e-13
3.259854321723684270e-13
3.227479968063404931e-13
3.195508254837721769e-13
3.163933240420475839e-13
3.132749073577559869e-13
3.101949643759649520e-13
3.071528954425381178e-13
3.041481455846879722e-13
3.011801681975479919e-13
2.982483926184749803e-13
2.953522587183856457e-13
2.924912477779650904e-13
2.896648488307553366e-13
2.868725285726301857e-13
2.841137634402308064e-13
2.813880682795724008e-13
2.786949651254230834e-13
2.760339552554943891e-13
2.734045489627940975e-13
2.708062921953248080e-13
2.682387375719836503e-13
2.657014184084342139e-13
2.631938763711180314e-13
2.607156862505065347e-13
2.582664290321196893e-13
2.558456677367179256e-13
2.534529731265682860e-13
2.510879506879223244e-13
2.487502271971933059e-13
2.464394161414365879e-13
2.441551376702496753e-13
2.418970400775300949e-13
2.396647765137003237e-13
2.374579840479480911e-13
2.352763059408629267e-13
2.331194116643070955e-13
2.309869752162479826e-13
2.288786556032962848e-13
2.267941175900018651e-13
2.247330503692662051e-13
2.226951473551368207e-13
2.206800879767472927e-13
2.186875570220221485e-13
2.167172620614296566e-13
2.147689146048877720e-13
2.128422131075143491e-13
2.109368610153520019e-13
2.090525830365361734e-13
2.071891075582306560e-13
2.053461507730266391e-13
2.035234335251215884e-13
2.017206965150611171e-13
1.999376838814746635e-13
1.981741283646080689e-13
1.964297670430697606e-13
1.947043555511243031e-13
1.929976527380213106e-13
1.913094067920895179e-13
1.896393699506154268e-13
1.879873118021411328e-13
1.863530049434617119e-13
1.847362119940163235e-13
1.831366993546128537e-13
1.815542496612474244e-13
1.799886483664594791e-13
1.784396715794959688e-13
1.769070989433625375e-13
1.753907253012857326e-13
1.738903481351262863e-13
1.724057561720158042e-13
1.709367414435508158e-13
1.694831102210962888e-13
1.680446712494321710e-13
1.666212250653206882e-13
1.652125752974989929e-13
1.638185389225404926e-13
1.624389352368914802e-13
1.610735770138534277e-13
1.597222845815557493e-13
1.583848918361585684e-13
1.570612347140424660e-13
1.557511417901277609e-13
1.544544442195238046e-13
1.531709847760951336e-13
1.519006081509177049e-13
1.506431521232373049e-13
1.493984568921046222e-13
1.481663821039434394e-13
1.469467550614403039e-13
1.457394395182835073e-13
1.445443004539601092e-13
1.433611719839015053e-13
1.421899230207397141e-13
1.410304080986892842e-13
1.398824838839464821e-13
1.387460242245791561e-13
1.376208743861794521e-13
1.365069118451981178e-13
1.354040151727565740e-13
1.343120356435450561e-13
1.332308553056664428e-13
1.321603434894937800e-13
1.311003714079575939e-13
1.300508254859143189e-13
1.290115668373911292e-13
1.279824850994146258e-13
1.269634708882320752e-13
1.259543906296472299e-13
1.249551380201034162e-13
1.239655954843193656e-13
1.229856471128734711e-13
1.220151904912652762e-13
1.210541007465880512e-13
1.201022783138699015e-13
1.191596245055038212e-13
1.182260191537836076e-13
1.173013663053160637e-13
1.163855599969618011e-13
1.154784957427133534e-13
1.145800810515006838e-13
1.136902034664278697e-13
1.128087730292344541e-13
1.119357005689832625e-13
1.110708778050694348e-13
1.102142179983756557e-13
1.093656255038847682e-13
1.085250059889552238e-13
1.076922763675208170e-13
1.068673380105141933e-13
1.060501128377013968e-13
1.052405234178095907e-13
1.044384752299556528e-13
1.036438928954463196e-13
1.028566930415695985e-13
1.020767934089812970e-13
1.013041212136247615e-13
1.005385877514298737e-13
9.978012214541942270e-14
9.902865410413132889e-14
9.828409807856448072e-14
9.754638561146317668e-14
9.681544110846013706e-14
9.609118996891289542e-14
9.537356606093560804e-14
9.466248902403594554e-14
9.395789443255438209e-14
9.325971838984729569e-14
9.256788335396614129e-14
9.188232707021081636e-14
9.120298090088478186e-14
9.052977709680863414e-14
8.986265549080149051e-14
8.920154317728830420e-14
8.854638151822923473e-14
8.789711235420069115e-14
8.725366530194393013e-14
8.661598367435790736e-14
8.598400506625287598e-14
8.535766786825238323e-14
8.473691727026090004e-14
8.412168703919462801e-14
8.351192373765792848e-14
8.290757436183779184e-14
8.230857493968588127e-14
8.171487378977131337e-14
8.112641409990839358e-14
8.054313977187703253e-14
7.996500081457893502e-14
7.939193697715315067e-14
7.882389950273077818e-14
7.826084002772212416e-14
7.770270033139631947e-14
7.714943323974931817e-14
7.660098696776939213e-14
7.605731037200918106e-14
7.551835780296142359e-14
7.498407438184578431e-14
7.445441574803140333e-14
7.392933860214217332e-14
7.340879093462397571e-14
7.289273066324355915e-14
7.238111153914331144e-14
7.187388787474153019e-14
7.137101891634149273e-14
7.087245557981545221e-14
7.037815808275059003e-14
6.988808695227328709e-14
6.940219470301424276e-14
6.892044279941214763e-14
6.844278895027046667e-14
6.796919537468359753e-14
6.749960877359845109e-14
6.703400817077649980e-14
6.657234124642015584e-14
6.611457197518314811e-14
6.566067212443216774e-14
6.521058367970134635e-14
6.476427933900892193e-14
6.432173169451637989e-14
6.388288466588556773e-14
6.344771174323355562e-14
6.301617935070374684e-14
6.258824041146634203e-14
6.216387597581568911e-14
6.174303982076928057e-14
6.132569990489222205e-14
6.091182443267074600e-14
6.050136892337044985e-14
6.009431532235108190e-14
5.969061994932688040e-14
5.929025244826457793e-14
5.889318884827190928e-14
5.849938079583139497e-14
5.810880508182416053e-14
5.772143842276742081e-14
5.733723403670019909e-14
5.695616937581907156e-14
5.657821610642056384e-14
5.620333481692156067e-14
5.583150917797402539e-14
5.546270047848434345e-14
5.509688164733103560e-14
5.473402581895132779e-14
5.437409570196667811e-14
5.401707572736960416e-14
5.366292926162771175e-14
5.331163062569943362e-14
5.296315958594649487e-14
5.261747657749634861e-14
5.227456290257362068e-14
5.193439979593576575e-14
5.159694911653323651e-14
5.126219267398001661e-14
5.093010749962495663e-14
5.060066147253454960e-14
5.027384149818730117e-14
4.994961600389901526e-14
4.962796300631264775e-14
4.930886068034644581e-14
4.899227857390665344e-14
4.867820416875738677e-14
4.836660752871130745e-14
4.805746775652749180e-14
4.775076829593141101e-14
4.744647597492245827e-14
4.714457472962424025e-14
4.684504844825634337e-14
4.654786497547152554e-14
4.625300867599012497e-14
4.596045996135549001e-14
4.567019165680305243e-14
4.538219236149177494e-14
4.509643535565074757e-14
4.481290187097724422e-14
4.453157327300472361e-14
4.425242376554467596e-14
4.397544244304302076e-14
4.370060393814080104e-14
4.342789038990310940e-14
4.315728754882527259e-14
4.288876735308980116e-14
4.262231596295681344e-14
4.235791950517347081e-14
4.209555075791980349e-14
4.183519624478092165e-14
4.157683920286810173e-14
4.132045655090062272e-14
4.106603834752093569e-14
4.081356189080618366e-14
4.056301110363944154e-14
4.031437002247064882e-14
4.006761671031872017e-14
3.982274165235063945e-14
3.957972326966252645e-14
3.933854624644059738e-14
3.909919828528746121e-14
3.886165555324487963e-14
3.862590601290854167e-14
3.839193727595550314e-14
3.815972571972907096e-14
3.792925921779649051e-14
3.770052290512489184e-14
3.747349663640050207e-14
3.724817126848952871e-14
3.702452698614732669e-14
3.680254952495506897e-14
3.658222472317695487e-14
3.636353342008837808e-14
3.614646687056942781e-14
3.593100622582275586e-14
3.571713789204757446e-14
3.550485081503842553e-14
3.529412426892736148e-14
3.508494749813897886e-14
3.487730973728746744e-14
3.467119085841488409e-14
3.446658038568385404e-14
3.426346554550357470e-14
3.406182912676173791e-14
3.386166316549831387e-14
3.366295072791305499e-14
3.346567954621617975e-14
3.326983744009337345e-14
3.307540802257298614e-14
3.288238367234371463e-14
3.269074826485244600e-14
3.250049009868269427e-14
3.231159961320999884e-14
3.212405909968784239e-14
3.193785924897032786e-14
3.175299074669682161e-14
3.156943638474003359e-14
3.138718709272870070e-14
3.120623186423842373e-14
3.102655594813857675e-14
3.084815239741697960e-14
3.067100669484627901e-14
3.049510826155987122e-14
3.032044659342067808e-14
3.014700763202304365e-14
2.997478472584996593e-14
2.980376403811572745e-14
2.963393546999257417e-14
2.946528899367337556e-14
2.929781465216726541e-14
2.913149914889435889e-14
2.896633614795685691e-14
2.880230965577881011e-14
2.863941897678797813e-14
2.847765052490122662e-14
2.831700073713002610e-14
2.815746274558126911e-14
2.799902337064376545e-14
2.784167915130260202e-14
2.768542653082062176e-14
2.753025262585601657e-14
2.737615093270812435e-14
2.722311799622709607e-14
2.707114131411582783e-14
2.692022048272444962e-14
2.677034318653466862e-14
2.662150607023750993e-14
2.647369995770765801e-14
2.632691865969431254e-14
2.618115601807317445e-14
2.603640590597642810e-14
2.589265947303569124e-14
2.574991346496083437e-14
2.560815914804566902e-14
2.546739060102393253e-14
2.532760193257843807e-14
2.518878466058013995e-14
2.505093562659514535e-14
2.491404645952608557e-14
2.477811146393932401e-14
2.464312497311381727e-14
2.450908134914488821e-14
2.437597251318928290e-14
2.424379540346729697e-14
2.411253962472518966e-14
2.398220459246240234e-14
2.385278006223678534e-14
2.372426305869929903e-14
2.359664821254999375e-14
2.346992556997543719e-14
2.334409223538768159e-14
2.321914524984449215e-14
2.309507487384058421e-14
2.297187600543749397e-14
2.284954576495618733e-14
2.272807468599931331e-14
2.260746211604032566e-14
2.248769872408728555e-14
2.236878171125288493e-14
2.225070403466061637e-14
2.213346083077770916e-14
2.201704726049129822e-14
2.190145786933065576e-14
2.178668266731668368e-14
2.167271515780349348e-14
2.155954488055050656e-14
2.144716347596020443e-14
2.133556265013480316e-14
2.122473225256932159e-14
2.111466607761241181e-14
2.100535413951068267e-14
2.089678845563057397e-14
2.078896110591410587e-14
2.068186423250373763e-14
2.057548822288163366e-14
2.046982719276415093e-14
2.036486990239177415e-14
2.026061237027237676e-14
2.015704354242755063e-14
2.005415775558095234e-14
1.995194762214700718e-14
1.985040240900855057e-14
1.974951662483740838e-14
1.964928477168241114e-14
1.954969638040493532e-14
1.945074444035095494e-14
1.935242362038966253e-14
1.925472375344252898e-14
1.915764122681306900e-14
1.906116604019940627e-14
1.896529306214132389e-14
1.887001405158013729e-14
1.877532241451736890e-14
1.868121160823136774e-14
1.858767514096348791e-14
1.849470507499132689e-14
1.840229654324434736e-14
1.831044173489158199e-14
1.821913439828244617e-14
1.812836833034726237e-14
1.803813594605842259e-14
1.794843259459156961e-14
1.785925081180473379e-14
1.777058462340614843e-14
1.768242810142413534e-14
1.759477536391970701e-14
1.750761921979546300e-14
1.742095525745923507e-14
1.733477506941964817e-14
1.724907566372295472e-14
1.716384876895294734e-14
1.707909013765682238e-14
1.699479487977609298e-14
1.691095816887103602e-14
1.682757970270383618e-14
1.674465913484148114e-14
1.666219235916096897e-14
1.658017781548035077e-14
1.649861516171841274e-14
1.641750039505064543e-14
1.633683438240608103e-14
1.625661316682981486e-14
1.617683640104154119e-14
1.609750136895720390e-14
1.601860655134863109e-14
1.594015043035708499e-14
1.586213148962169483e-14
1.578454709058714938e-14
1.570739686380095763e-14
1.563067819365539974e-14
1.555438959972781378e-14
1.547852960312695348e-14
1.540309565115052105e-14
1.532808736256705420e-14
1.525350220673624603e-14
1.517933873940913419e-14
1.510559551789990000e-14
1.503227110119905419e-14
1.495936302961429713e-14
1.488687090399852638e-14
1.481479128307684235e-14
1.474312477379160903e-14
1.467186797323995141e-14
1.460102048008500594e-14
1.453058089205431072e-14
1.446054588837315761e-14
1.439091507249192330e-14
1.432168801633238506e-14
1.425286145414739516e-14
1.418443404213808687e-14
1.411640535774040359e-14
1.404877221307353550e-14
1.398153510092186649e-14
1.391469086848605636e-14
1.384823909246232257e-14
1.378217755868559354e-14
1.371650495866543848e-14
1.365121998566425499e-14
1.358632133478756529e-14
1.352180685158886535e-14
1.345767610103729895e-14
1.339392694695628754e-14
1.333055785866083190e-14
1.326756629222812444e-14
1.320494864846072133e-14
1.314270299117859508e-14
1.308082576876928782e-14
1.301931426921921995e-14
1.295816579702235109e-14
1.289737767312254908e-14
1.283694645902569477e-14
1.277687029720237149e-14
1.271714503157125126e-14
1.265776959938581406e-14
1.259873990189825898e-14
1.254005413841744480e-14
1.248170976101053149e-14
1.242370277396953684e-14
1.236603214819720346e-14
1.230869394285136468e-14
1.225168570748820306e-14
1.219500642190469754e-14
1.213865222611804757e-14
1.208262071398196215e-14
1.202690811308713770e-14
1.197151481931359188e-14
1.191643571952458273e-14
1.186166984594663087e-14
1.180721486433288196e-14
1.175306712964507296e-14
1.169922436865881105e-14
1.164568562521432494e-14
1.159244732839720084e-14
1.153950724583402175e-14
1.148686315857014235e-14
1.143451286102071657e-14
1.138245416092109868e-14
1.133068363814648678e-14
1.127920038817566043e-14
1.122800225812319244e-14
1.117708589700381980e-14
1.112644920748266372e-14
1.107609129643336446e-14
1.102600769835629854e-14
1.097619872724123566e-14
1.092666114391995449e-14
1.087739291324796527e-14
1.082839086778117948e-14
1.077965415972778144e-14
1.073118079028789245e-14
1.068296765552094614e-14
1.063501391590695034e-14
1.058731658935898983e-14
1.053987415098462213e-14
1.049268516344328062e-14
1.044574926968651843e-14
1.039906289096680592e-14
1.035262569270417608e-14
1.030643626525525742e-14
1.026049216624009488e-14
1.021479305596133500e-14
1.016933754526848658e-14
1.012412323675842019e-14
1.007914877912408033e-14
1.003441382667465289e-14
9.989915034769738342e-15
9.945652078550802389e-15
9.901624608208443353e-15
9.857829345478409830e-15
9.814265961144458854e-15
9.770933148928247086e-15
9.727828663511647047e-15
9.684951233643766963e-15
9.642300524778256345e-15
9.599874332409874161e-15
9.557671403475278106e-15
9.515691399967585269e-15
9.473931255576136153e-15
9.432390651405224063e-15
9.391068358316619808e-15
9.349963153139019147e-15
9.309072944405527717e-15
9.268397408674149806e-15
9.227934479699314651e-15
9.187682977915438696e-15
9.147642576823051249e-15
9.107811247433235696e-15
9.068187827079991063e-15
9.028770330647644667e-15
8.989559268999707229e-15
8.950551846385193924e-15
8.911747750209388253e-15
8.873145845404188847e-15
8.834744205762757985e-15
8.796541725594767633e-15
8.758538088920552788e-15
8.720731403930577314e-15
8.683120580675931196e-15
8.645704534391634437e-15
8.608482185491036144e-15
8.571452459559776594e-15
8.534613538082757394e-15
8.497965111181909675e-15
8.461506087625488861e-15
8.425234642872018315e-15
8.389149706833780052e-15
8.353250935859897466e-15
8.317535822243679589e-15
8.282004748562779849e-15
8.246655944286664361e-15
8.211488365287882106e-15
8.176500278154863994e-15
8.141691353909243332e-15
8.107060563674577537e-15
8.072606204822544885e-15
8.038327947745920858e-15
8.004224110029825823e-15
7.970293698084830820e-15
7.936535723135109313e-15
7.902949855004876331e-15
7.869533802045542368e-15
7.836287248596254245e-15
7.803209225052925648e-15
7.770298132092025601e-15
7.737553653581705212e-15
7.704974834082068202e-15
7.672560102462416852e-15
7.640308526579397318e-15
7.608219790036608314e-15
7.576291742618501873e-15
7.544524081454340640e-15
7.512916490091543810e-15
7.481466858784077645e-15
7.450174884441628510e-15
7.419039666180727574e-15
7.388059727225572686e-15
7.357234188364887647e-15
7.326562746397323497e-15
7.296043950284608595e-15
7.265676933494632434e-15
7.235461392976906236e-15
7.205395347831292733e-15
7.175478507468691164e-15
7.145710022011640178e-15
7.116089045725555020e-15
7.086614197868304786e-15
7.057285187973690878e-15
7.028100651278920070e-15
6.999059770043425040e-15
6.970162254031685103e-15
6.941406762099045975e-15
6.912792488298059030e-15
6.884318127435537990e-15
6.855983955130466459e-15
6.827788210447117670e-15
6.799730668921014623e-15
6.771810597216710756e-15
6.744026771394607320e-15
6.716378475599809569e-15
6.688865484082644093e-15
6.661486593491736526e-15
6.634241097675667195e-15
6.607128293680665685e-15
6.580147481746495350e-15
6.553297965302098802e-15
6.526578584694243726e-15
6.499989122666426674e-15
6.473528892105989912e-15
6.447196752748652621e-15
6.420992033602389989e-15
6.394914516502144587e-15
6.368962633597546887e-15
6.343136619383671436e-15
6.317435365106771935e-15
6.291858214823643018e-15
6.266404081540676387e-15
6.241072755471032554e-15
6.215863589527735145e-15
6.190775514736036104e-15
6.165808320815151476e-15
6.140960950634490417e-15
6.116232777762500056e-15
6.091623178573154533e-15
6.067131942284653285e-15
6.042757627892719053e-15
6.018500033121905468e-15
5.994358545527627358e-15
5.970332156840080906e-15
5.946420664392101397e-15
5.922623464011294746e-15
5.898939564025677544e-15
5.875368374006628634e-15
5.851909690974894150e-15
5.828562157427192278e-15
5.805325578347910708e-15
5.782199750608853111e-15
5.759183340658048072e-15
5.736276153242507144e-15
5.713477616260893517e-15
5.690786793808125943e-15
5.668203126625975164e-15
5.645726419253994151e-15
5.623355753104322975e-15
5.601090586728825315e-15
5.578930736981831568e-15
5.556874959052279669e-15
5.534923076976254986e-15
5.513074560812956104e-15
5.491328882968638437e-15
5.469685176401754573e-15
5.448143264706950419e-15
5.426702290158990959e-15
5.405361741421974261e-15
5.384121441850335720e-15
5.362980547503603248e-15
5.341938553749062684e-15
5.320994632496236407e-15
5.300148937097071685e-15
5.279400320401480995e-15
5.258748612212432946e-15
5.238193318861549290e-15
5.217733634198577885e-15
5.197369075380843559e-15
5.177099472045535801e-15
5.156924030892992371e-15
5.136842275377088578e-15
5.116853731027797830e-15
5.096957925447978602e-15
5.077154388310038344e-15
5.057442651352485370e-15
5.037821656533131431e-15
5.018291539574736387e-15
4.998851838300598790e-15
4.979502092586204919e-15
4.960241268369326772e-15
4.941069493382042865e-15
4.921986313543251594e-15
4.902990147995916614e-15
4.884082251350505282e-15
4.865261050467257604e-15
4.846526110531528362e-15
4.827876998578137006e-15
4.809313829172477955e-15
4.790835078013482246e-15
4.772441405431335381e-15
4.754132375017183925e-15
4.735906489945981090e-15
4.717763866764956824e-15
4.699704085459667159e-15
4.681726727841704418e-15
4.663831377545406878e-15
4.646017620024524249e-15
4.628284534082940039e-15
4.610632235009094118e-15
4.593060324492930143e-15
4.575568405947651317e-15
4.558155587637664415e-15
4.540821979870400343e-15
4.523566700830859134e-15
4.506389857514973243e-15
4.489290577919973294e-15
4.472268965817853698e-15
4.455323681443845128e-15
4.438455309198227809e-15
4.421663467500857408e-15
4.404946840290658655e-15
4.388305997861060886e-15
4.371739639661957702e-15
4.355248326755239402e-15
4.338830773909726583e-15
4.322487533127733507e-15
4.306217784247209359e-15
4.290020720559336412e-15
4.273896436723629661e-15
4.257844576020503347e-15
4.241864344974824955e-15
4.225956269343217705e-15
4.210119123232043619e-15
4.194352564468912352e-15
4.178656679235373444e-15
4.163030695619610795e-15
4.147474697104973825e-15
4.131987920230538186e-15
4.116570445853060450e-15
4.101221105597538282e-15
4.085940396394045227e-15
4.070727979288756058e-15
4.055582706224386898e-15
4.040505062301380955e-15
4.025493912762261094e-15
4.010549337470183602e-15
3.995671407286570374e-15
3.980859007100814634e-15
3.966112602920259332e-15
3.951431092532826669e-15
3.936814164832284432e-15
3.922262274732824193e-15
3.907774339022634472e-15
3.893350427928241396e-15
3.878989853083250596e-15
3.864692682422906203e-15
3.850458234996742179e-15
3.836286577222060724e-15
3.822177404611748489e-15
3.808129688211543339e-15
3.794143862596169494e-15
3.780219269161683684e-15
3.766355616071960138e-15
3.752552966756219010e-15
3.738810673183536124e-15
3.725128097546771361e-15
3.711505654207134273e-15
3.697942360325330046e-15
3.684438623751475981e-15
3.670993472819887717e-15
3.657607308987309652e-15
3.644279171627854194e-15
3.631008787153416752e-15
3.617796547600773793e-15
3.604641508611503695e-15
3.591543728017858489e-15
3.578502604402835838e-15
3.565518193673471946e-15
3.552589900778100474e-15
3.539717779749377573e-15
3.526901241834622601e-15
3.514140023325753110e-15
3.501433861579487159e-15
3.488782806985177294e-15
3.476186283149851454e-15
3.463644030655654717e-15
3.451155791142181276e-15
3.438721307304628100e-15
3.426340322891904046e-15
3.414012883163795200e-15
3.401738131180981449e-15
3.389515819456453405e-15
3.377346291237645276e-15
3.365228703873616568e-15
3.353163104083932585e-15
3.341149242898780238e-15
3.329186872385814492e-15
3.317275173952631169e-15
3.305414764586506855e-15
3.293604829466540734e-15
3.281845129985912483e-15
3.270135707333952972e-15
3.258476042524671201e-15
3.246865899842827147e-15
3.235305044521636929e-15
3.223793514771291108e-15
3.212330802339272875e-15
3.200916676538774724e-15
3.189550912447049451e-15
3.178233287244729911e-15
3.166963579000256694e-15
3.155741566668346539e-15
3.144567030088432766e-15
3.133439491023936312e-15
3.122358993205342526e-15
3.111325319083859215e-15
3.100338251989155889e-15
3.089397323438184148e-15
3.078502574282967404e-15
3.067653790446331356e-15
3.056850262524497992e-15
3.046092527006679621e-15
3.035379877684422716e-15
3.024712108391238694e-15
3.014089013764031089e-15
3.003510629897265514e-15
2.992976270261720238e-15
2.982486211769254444e-15
2.972040247941850485e-15
2.961637703395193596e-15
2.951278615337230502e-15
2.940962784021339022e-15
2.930690010493368498e-15
2.920460096590172513e-15
2.910272844938116757e-15
2.900127832442416357e-15
2.890025092537835980e-15
2.879964430182368818e-15
2.869945651117529958e-15
2.859968340752348192e-15
2.850032530156824981e-15
2.840137808915020864e-15
2.830284206947051443e-15
2.820471317970629698e-15
2.810699170785962481e-15
2.800967149912385908e-15
2.791275498897194040e-15
2.781624030329574736e-15
2.772012138573467980e-15
2.762440061735338159e-15
2.752907200633225068e-15
2.743413789807410901e-15
2.733959236457809131e-15
2.724543771619770862e-15
2.715167010936079357e-15
2.705828575599889562e-15
2.696528491758610706e-15
2.687266582938937793e-15
2.678042476043052375e-15
2.668856392010292902e-15
2.659707762923741360e-15
2.650596418637518860e-15
2.641522382418311424e-15
2.632485290384025344e-15
2.623485164855586035e-15
2.614521645563956890e-15
2.605594753909181417e-15
2.596703946045479182e-15
2.587849431829590246e-15
2.579031043053540375e-15
2.570248244438183346e-15
2.561501241208972019e-15
2.552789503704633500e-15
2.544113053448997382e-15
2.535471908332563613e-15
2.526865547005080886e-15
2.518294167197363950e-15
2.509757253023538272e-15
2.501254648404246129e-15
2.492786546704356325e-15
2.484352440101797159e-15
2.475952346722966390e-15
2.467585938469164798e-15
2.459253232657793170e-15
2.450953904402657765e-15
2.442687970233598112e-15
2.434455275900302283e-15
2.426255334802935207e-15
2.418088330750667532e-15
2.409953946744144367e-15
2.401852033815022647e-15
2.393782606235397537e-15
2.385745351643389169e-15
2.377739962019903064e-15
2.369766613221930463e-15
2.361824838496091218e-15
2.353914811130998503e-15
2.346036069196438744e-15
2.338188783455615509e-15
2.330372496749149947e-15
2.322587068504677743e-15
2.314832665758809349e-15
2.307108838394477099e-15
2.299415599242338744e-15
2.291752656351228140e-15
2.284120021886820118e-15
2.276517406718770768e-15
2.268944823649923394e-15
2.261401992749119968e-15
2.253888785897210407e-15
2.246405075445978027e-15
2.238950879202494426e-15
2.231525923821726329e-15
2.224130083079605391e-15
2.216763231219837276e-15
2.209425242953107267e-15
2.202115993456274454e-15
2.194835498480756060e-15
2.187583353120220320e-15
2.180359436329000965e-15
2.173163902974754718e-15
2.165996354277283463e-15
2.158856806702813775e-15
2.151745138652874850e-15
2.144661228988336574e-15
2.137604689245767533e-15
2.130575803141704394e-15
2.123574183858082767e-15
2.116599714306759855e-15
2.109652408724853910e-15
2.102732018504916284e-15
2.095838427850085465e-15
2.088971521387789569e-15
2.082131312150002072e-15
2.075317556193574567e-15
2.068530139428028200e-15
2.061768948184134656e-15
2.055033869213157671e-15
2.048324789686081132e-15
2.041641597192821003e-15
2.034984179741432914e-15
2.028352303396022427e-15
2.021745980725398722e-15
2.015165100974328474e-15
2.008609553802533004e-15
2.002079109628385916e-15
1.995573779926260352e-15
1.989093455583115246e-15
1.982637792557449792e-15
1.976206920512890916e-15
1.969800731544062739e-15
1.963419118154691466e-15
1.957061743096843065e-15
1.950728732399489141e-15
1.944419752146661504e-15
1.938134926581795982e-15
1.931874150193316296e-15
1.925637094051757636e-15
1.919423657366891230e-15
1.913233961143114481e-15
1.907067901677727707e-15
1.900925156702440711e-15
1.894805626928674310e-15
1.888709429980100966e-15
1.882636248329849373e-15
1.876586197951606188e-15
1.870558964446076030e-15
1.864554450323700280e-15
1.858572558444077254e-15
1.852613401537837518e-15
1.846676462968348405e-15
1.840762271783971805e-15
1.834870107132299069e-15
1.829000082005217294e-15
1.823152305218239585e-15
1.817326273260039645e-15
1.811522298388200463e-15
1.805740082765313661e-15
1.799979532749426970e-15
1.794240356686538544e-15
1.788522859405888735e-15
1.782826748849168310e-15
1.777151932738442815e-15
1.771498125060803460e-15
1.765865623418420301e-15
1.760253949441583544e-15
1.754663397192478924e-15
1.749093493164741877e-15
1.743544339059765300e-15
1.738015657094405964e-15
1.732507734375627477e-15
1.727020106945558961e-15
1.721552873696702402e-15
1.716105946007255009e-15
1.710679052759939524e-15
1.705272290793753993e-15
1.699885391600019496e-15
1.694518450669667232e-15
1.689171380995309296e-15
1.683843917940904071e-15
1.678536155023578223e-15
1.673247830150788908e-15
1.667979035543768049e-15
1.662729511627946209e-15
1.657499349348942970e-15
1.652288291624886804e-15
1.647096256766683743e-15
1.641923334744536128e-15
1.636769276694990818e-15
1.631634007223413058e-15
1.626517618932433833e-15
1.621419867403204451e-15
1.616340678020791995e-15
1.611280141495268292e-15
1.606237852696506471e-15
1.601214067042873542e-15
1.596208545876543212e-15
1.591221215863074600e-15
1.586252003919772455e-15
1.581300837215289770e-15
1.576367802190188897e-15
1.571452507628679649e-15
1.566555041320965399e-15
1.561675487940875418e-15
1.556813462070637521e-15
1.551969049716214415e-15
1.547142179793985161e-15
1.542332781468270762e-15
1.537540784150879775e-15
1.532766117500649395e-15
1.528008711422979042e-15
1.523268346063461317e-15
1.518545103406923690e-15
1.513838914081670415e-15
1.509149561313773053e-15
1.504477272291643535e-15
1.499821683850395050e-15
1.495182729898506213e-15
1.490560633691806117e-15
1.485955037402312294e-15
1.481365875611850381e-15
1.476793225418934142e-15
1.472237019597303450e-15
1.467697050346791640e-15
1.463173253133181647e-15
1.458665702980142635e-15
1.454174333594495133e-15
1.449698941030420432e-15
1.445239461631858071e-15
1.440795968409945926e-15
1.436368260254281252e-15
1.431956274157218856e-15
1.427560081653985978e-15
1.423179484428466999e-15
1.418814420118107335e-15
1.414464826570594286e-15
1.410130773400904948e-15
1.405812066151345926e-15
1.401508644306074577e-15
1.397220447751427888e-15
1.392947416575395022e-15
1.388689619246083226e-15
1.384446739232148274e-15
1.380218972925728667e-15
1.376006006852794629e-15
1.371807909619354578e-15
1.367624747412650672e-15
1.363456211285119263e-15
1.359302492080734988e-15
1.355163283830355655e-15
1.351038652871041718e-15
1.346928541486648454e-15
1.342832892158521483e-15
1.338751647565125605e-15
1.334684630744928039e-15
1.330631905838779965e-15
1.326593416103642738e-15
1.322569104992142034e-15
1.318558798759576862e-15
1.314562559845996936e-15
1.310580332278331494e-15
1.306611944681863037e-15
1.302657458251443472e-15
1.298716817585093746e-15
1.294789853644365124e-15
1.290876513159145963e-15
1.286976855700181732e-15
1.283090826615207454e-15
1.279218259922685543e-15
1.275359103059903537e-15
1.271513414021266392e-15
1.267681138898484837e-15
1.263862005445496402e-15
1.260056180885991481e-15
1.256263611861029930e-15
1.252484029991635565e-15
1.248717599692119169e-15
1.244964161636085941e-15
1.241223664820504969e-15
1.237496163846067671e-15
1.233781501542441613e-15
1.230079627420930233e-15
1.226390491160641885e-15
1.222714042608205649e-15
1.219050231777477678e-15
1.215399008849245969e-15
1.211760425925216415e-15
1.208134229918931918e-15
1.204520475889116459e-15
1.200919217419199680e-15
1.197330207076883246e-15
1.193753499256796670e-15
1.190189047775663985e-15
1.186636806601010832e-15
1.183096729850910055e-15
1.179568674564382920e-15
1.176052790107362530e-15
1.172548837072756587e-15
1.169056867399451474e-15
1.165576835946291783e-15
1.162108602909109300e-15
1.158652219207424938e-15
1.155207640138408921e-15
1.151774727753868174e-15
1.148353531975952570e-15
1.144944008537960590e-15
1.141546021322006738e-15
1.138159619274348753e-15
1.134784667480667208e-15
1.131421214245777120e-15
1.128069125847845778e-15
1.124728449959484024e-15
1.121399054040365709e-15
1.118080896307520240e-15
1.114774023498567185e-15
1.111478304821421985e-15
1.108193786404013137e-15
1.104920338608798191e-15
1.101657920318029292e-15
1.098406576757867329e-15
1.095166094212749079e-15
1.091936603958444829e-15
1.088717979186931554e-15
1.085510263949696306e-15
1.082313248458893007e-15
1.079127061125217766e-15
1.075951494092087350e-15
1.072786674360631620e-15
1.069632478432167878e-15
1.066488866616813327e-15
1.063355717718782653e-15
1.060233155971870026e-15
1.057121060029089556e-15
1.054019390708436169e-15
1.050928028919774562e-15
1.047847096197058349e-15
1.044776394057728769e-15
1.041715964060054907e-15
1.038665847152608665e-15
1.035625770729299541e-15
1.032595933125098310e-15
1.029576141592102905e-15
1.026566437368891599e-15
1.023566783727300500e-15
1.020577144056901436e-15
1.017597406050992169e-15
1.014627609890455933e-15
1.011667644237644189e-15
1.008717548752743262e-15
1.005777287398889175e-15
1.002846750278707426e-15
9.999259026724304076e-16
9.970147832207992981e-16
9.941133563400704450e-16
9.912215140192286479e-16
9.883392219668023514e-16
9.854665178326169423e-16
9.826032949954238479e-16
9.797495906200177220e-16
9.769052990031825318e-16
9.740703863823955108e-16
9.712448190982202637e-16
9.684286333601923611e-16
9.656217252710269546e-16
9.628240614851543010e-16
9.600356087594869577e-16
9.572564023749858157e-16
9.544862721180666182e-16
9.517253215675774929e-16
9.489734494724523126e-16
9.462306231050246426e-16
9.434968098391617436e-16
9.407719771501064053e-16
9.380560926143150324e-16
9.353491239092953368e-16
9.326510388134428458e-16
9.299618052058738613e-16
9.272813910662566429e-16
9.246096999173485829e-16
9.219468293649944842e-16
9.192926188826052666e-16
9.166471014027031034e-16
9.140102454002402071e-16
9.113820194497098232e-16
9.087623295091011020e-16
9.061512076697838917e-16
9.035486227989996917e-16
9.009545439780178258e-16
8.983688793258499687e-16
8.957916608026288990e-16
8.932227974160930429e-16
8.906623207165599666e-16
8.881102008283555346e-16
8.855663479087178852e-16
8.830307331320019683e-16
8.805033872458556316e-16
8.779842807416280938e-16
8.754733252827436219e-16
8.729704923912591466e-16
8.704758120342102362e-16
8.679891969851810665e-16
8.655106768289692887e-16
8.630401650726486539e-16
8.605776336677794983e-16
8.581230546497042157e-16
8.556764568501839934e-16
8.532376987766563560e-16
8.508069220487356456e-16
8.483839297105682895e-16
8.459687506619745483e-16
8.435614128213605221e-16
8.411617777914174662e-16
8.387699287750404498e-16
8.363857831858015910e-16
8.340093138984548885e-16
8.316404397910752775e-16
8.292792423170646114e-16
8.269256402616845928e-16
8.245796068284638644e-16
8.222410622392289441e-16
8.199100862387940626e-16
8.175865463967118280e-16
8.152705216185109854e-16
8.129618806336609603e-16
8.106606496946385740e-16
8.083667509918196822e-16
8.060802617777220389e-16
8.038010530652999665e-16
8.015291504423599505e-16
7.992645279977514783e-16
7.970071095230970343e-16
7.947569201186709917e-16
7.925138842047573326e-16
7.902780265609470338e-16
7.880493216690509790e-16
7.858276948840806493e-16
7.836131705146219393e-16
7.814056746981063832e-16
7.792052322673673496e-16
7.770117707993400891e-16
7.748253149788549440e-16
7.726457929776985773e-16
7.704731815525231218e-16
7.683075049210575162e-16
7.661486921361266405e-16
7.639967201574632322e-16
7.618516127451493238e-16
7.597132998218099990e-16
7.575817585494067282e-16
7.554570122396248211e-16
7.533389458047305411e-16
7.512276285596081388e-16
7.491229918497623540e-16
7.470250131700477469e-16
7.449336700809563450e-16
7.428489402085260370e-16
7.407708458487585721e-16
7.386992753424741853e-16
7.366342513243583490e-16
7.345757956683447164e-16
7.325237981495961166e-16
7.304782809769776105e-16
7.284392222326625352e-16
7.264066000635928634e-16
7.243803926813764546e-16
7.223605783621834183e-16
7.203471354466426746e-16
7.183399575705270848e-16
7.163391931328793081e-16
7.143446515160871598e-16
7.123564796817591590e-16
7.103744886979685338e-16
7.083987412723722564e-16
7.064292161879843569e-16
7.044658102207337848e-16
7.025086667999307084e-16
7.005576011316135006e-16
6.986126743176386084e-16
6.966738654523618658e-16
6.947410734921434862e-16
6.928144384278618457e-16
6.908937795051812591e-16
6.889790771638386339e-16
6.870704693733526162e-16
6.851677777548134661e-16
6.832710609326804679e-16
6.813802208300787891e-16
6.794953927407956879e-16
6.776163242872592668e-16
6.757432269603945107e-16
6.738759268378700531e-16
6.720144805644032846e-16
6.701587923390177940e-16
6.683089182241955162e-16
6.664647632266091469e-16
6.646263828331338647e-16
6.627937570371705559e-16
6.609667920457839050e-16
6.591455424972409450e-16
6.573299153881316838e-16
6.555199647973108251e-16
6.537155985037831049e-16
6.519168700333375797e-16
6.501236879403470166e-16
6.483361052038010424e-16
6.465540311464618961e-16
6.447775182067081915e-16
6.430064764687752025e-16
6.412408875968850178e-16
6.394808032275367747e-16
6.377261345719858816e-16
6.359769327412808902e-16
6.342331096911874668e-16
6.324946473494523059e-16
6.307615960476953653e-16
6.290338688436150913e-16
6.273114478211656538e-16
6.255943825456888266e-16
6.238825871620678841e-16
6.221760439097288589e-16
6.204747350782560254e-16
6.187787092298241570e-16
6.170878819348309795e-16
6.154022356373531603e-16
6.137218181630536733e-16
6.120465461359312914e-16
6.103764021537723282e-16
6.087113688639786023e-16
6.070514289634975250e-16
6.053966290749453672e-16
6.037468239549188268e-16
6.021021239169652447e-16
6.004624479834869836e-16
5.988277791022278886e-16
5.971981002700005309e-16
5.955734567089456680e-16
5.939537068826450885e-16
5.923388965355893202e-16
5.907290709276528033e-16
5.891240911988612527e-16
5.875240639167232750e-16
5.859289119337337868e-16
5.843385592362265559e-16
5.827531108907036223e-16
5.811724907017193660e-16
5.795966235915427993e-16
5.780256131489753054e-16
5.764593251945479166e-16
5.748978623446751849e-16
5.733410915630877158e-16
5.717891145038829411e-16
5.702417992634233601e-16
5.686991889197999429e-16
5.671612681950202786e-16
5.656280218546851988e-16
5.640994347079159065e-16
5.625754916072804149e-16
5.610561774487218595e-16
5.595414210663231622e-16
5.580312640452862039e-16
5.565256914075981185e-16
5.550246882183470332e-16
5.535282395856459431e-16
5.520362757873156974e-16
5.505488373761368616e-16
5.490659095852960319e-16
5.475874235423821241e-16
5.461134731019482805e-16
5.446439355654623920e-16
5.431788504814713858e-16
5.417181500945324491e-16
5.402618735571478497e-16
5.388100063932128378e-16
5.373624816714414109e-16
5.359193902262211987e-16
5.344805609062267012e-16
5.330461361987352425e-16
5.316159979896864711e-16
5.301901327324354190e-16
5.287685780417217993e-16
5.273513197671642911e-16
5.259382931221271012e-16
5.245295351623537378e-16
5.231249816249950882e-16
5.217246691971516765e-16
5.203285839293713652e-16
5.189366623375917001e-16
5.175488911560131406e-16
5.161653060946970728e-16
5.147858441341444834e-16
5.134105405799200463e-16
5.120393329211937970e-16
5.106722561134740729e-16
5.093092481502092573e-16
5.079503436406750583e-16
5.065954810782470474e-16
5.052446472800185962e-16
5.038978763414868137e-16
5.025551074963679058e-16
5.012163276717760971e-16
4.998815704578182493e-16
4.985507758190432599e-16
4.972239307920653608e-16
4.959010684698412133e-16
4.945821295383684129e-16
4.932671011432295064e-16
4.919560158883227941e-16
4.906488151718359062e-16
4.893454862477742073e-16
4.880460164052283411e-16
4.867503929683223628e-16
4.854586477415903786e-16
4.841707232881354536e-16
4.828866070396106811e-16
4.816062864624752755e-16
4.803297927378383041e-16
4.790570258526907783e-16
4.777880605500536519e-16
4.765228407578453418e-16
4.752613541183980512e-16
4.740035883085057663e-16
4.727495310393687405e-16
4.714991700565364002e-16
4.702525353315895329e-16
4.690095301130394177e-16
4.677702264522536464e-16
4.665345283943807969e-16
4.653025073340319779e-16
4.640740681059115605e-16
4.628492403424486171e-16
4.616280529969053821e-16
4.604104120751966727e-16
4.591963873586686729e-16
4.579858856253767051e-16
4.567789760226286783e-16
4.555755660937693606e-16
4.543756844680756152e-16
4.531793194991272872e-16
4.519864599722905908e-16
4.507970948036540778e-16
4.496112129399387552e-16
4.484287643164641515e-16
4.472498161923074995e-16
4.460742796875408603e-16
4.449021829105307023e-16
4.437335149580487442e-16
4.425682649571985548e-16
4.414063840154843023e-16
4.402478996957023669e-16
4.390928012133467024e-16
4.379410778140421007e-16
4.367927187734881830e-16
4.356476761532724527e-16
4.345059768510129277e-16
4.333676102300789407e-16
4.322325289140711002e-16
4.311007594090620331e-16
4.299722911656646507e-16
4.288470773624749108e-16
4.277251441202421896e-16
4.266064809763884628e-16
4.254910416575766199e-16
4.243788519053485784e-16
4.232699013434915455e-16
4.221641442398962636e-16
4.210616059629069806e-16
4.199622411367810709e-16
4.188660748836562862e-16
4.177730621812013137e-16
4.166832279079550874e-16
4.155965273920670379e-16
4.145129852710544408e-16
4.134325914230447961e-16
4.123553016974741670e-16
4.112811064626310943e-16
4.102100298816058900e-16
4.091420283166462212e-16
4.080771256973756624e-16
4.070152787250479028e-16
4.059564778955777393e-16
4.049007467920182875e-16
4.038480755408690162e-16
4.027983887289520096e-16
4.017517753065101754e-16
4.007081275439705636e-16
3.996675012435639307e-16
3.986298544328576300e-16
3.975951778041020554e-16
3.965634940159195295e-16
3.955347615490922444e-16
3.945090028390906346e-16
3.934861451259732119e-16
3.924662424573875399e-16
3.914492539526536500e-16
3.904351704508629209e-16
3.894240138505341518e-16
3.884157437434798534e-16
3.874103510431646681e-16
3.864078266871681246e-16
3.854081616371485474e-16
3.844113772686488070e-16
3.834174339469145173e-16
3.824263227073622016e-16
3.814380346093302943e-16
3.804525607360416701e-16
3.794698921945665183e-16
3.784900201157848221e-16
3.775129651651121408e-16
3.765386593760968082e-16
3.755671528501621689e-16
3.745983781614327117e-16
3.736323849676011705e-16
3.726691063787437389e-16
3.717085916131134996e-16
3.707508029714353692e-16
3.697957032589298940e-16
3.688433410426419788e-16
3.678936790551322626e-16
3.669466805268268352e-16
3.660023933829661879e-16
3.650607528320057912e-16
3.641217785420200404e-16
3.631854897382479293e-16
3.622518223976774305e-16
3.613207959074870737e-16
3.603924018434619684e-16
3.594666318043972119e-16
3.585434502640965542e-16
3.576229032757809023e-16
3.567049283227053635e-16
3.557895442417257387e-16
3.548767427445460965e-16
3.539665155656348121e-16
3.530588544621823643e-16
3.521537248438426497e-16
3.512511451015655744e-16
3.503511070589735662e-16
3.494535765746629390e-16
3.485585720602032399e-16
3.476660857439797014e-16
3.467761098753880277e-16
3.458886111082055945e-16
3.450036075617960368e-16
3.441210915469287825e-16
3.432410300944476973e-16
3.423634410662478460e-16
3.414883168341679784e-16
3.406156248015928540e-16
3.397453825769006674e-16
3.388775578088910030e-16
3.380121679386347647e-16
3.371492054386069700e-16
3.362886383227412351e-16
3.354304837850377710e-16
3.345747100799688232e-16
3.337213342384761658e-16
3.328703247536523116e-16
3.320216984950494335e-16
3.311754241924781708e-16
3.303315185557513918e-16
3.294899505495110548e-16
3.286507367254622362e-16
3.278138462812073312e-16
3.269792722157717130e-16
3.261470308460759778e-16
3.253170917150530378e-16
3.244894709855222230e-16
3.236641384287759497e-16
3.228411100551018685e-16
3.220203330348674091e-16
3.212018689756325420e-16
3.203856425375354428e-16
3.195716922566664122e-16
3.187599885773269058e-16
3.179505470602240175e-16
3.171433160971684120e-16
3.163383335578845949e-16
3.155355924184443553e-16
3.147350416699873449e-16
3.139367186909743490e-16
3.131405946904610265e-16
3.123466629869557968e-16
3.115549385619781609e-16
3.107653713882395553e-16
3.099779980399534241e-16
3.091927902590710343e-16
3.084097414504466604e-16
3.076288662735256943e-16
3.068501158040868826e-16
3.060735260003057210e-16
3.052990483435424504e-16
3.045267184810714891e-16
3.037565090503515588e-16
3.029884137421967936e-16
3.022224262635022569e-16
3.014585403372198323e-16
3.006967497023335222e-16
2.999370481138352394e-16
2.991794293426997612e-16
2.984238871758601265e-16
2.976704355340154295e-16
2.969190279188695394e-16
2.961696783646729008e-16
2.954223807219381779e-16
2.946771288570099799e-16
2.939339166520390758e-16
2.931927380049564106e-16
2.924535868294474679e-16
2.917164375784603873e-16
2.909813232286465661e-16
2.902481988657878321e-16
2.895170971834416547e-16
2.887879736117231109e-16
2.880608414768769754e-16
2.873356948011266246e-16
2.866125276222441297e-16
2.858913151364026363e-16
2.851720704213322654e-16
2.844548062659250209e-16
2.837394606520107455e-16
2.830260838106003944e-16
2.823146326847419552e-16
2.816051200487199466e-16
2.808975400617858916e-16
2.801918868985050757e-16
2.794881365630707131e-16
2.787863015922460371e-16
2.780863762054187686e-16
2.773883366695792503e-16
2.766921953462161268e-16
2.759979464993162579e-16
2.753055666556256612e-16
2.746150680039755374e-16
2.739264272423041376e-16
2.732396564454640453e-16
2.725547499509635128e-16
2.718716847115161904e-16
2.711904726516441997e-16
2.705110909821083413e-16
2.698335516060076905e-16
2.691578319179527518e-16
2.684839437101270316e-16
2.678118815282455036e-16
2.671416230136077538e-16
2.664731629432659141e-16
2.658065128908650094e-16
2.651416507406790106e-16
2.644785879587060683e-16
2.638173025899396174e-16
2.631578059937974738e-16
2.625000763747579200e-16
2.618441086001587609e-16
2.611899138710983589e-16
2.605374706285706322e-16
2.598867899697128735e-16
2.592378504919663396e-16
2.585906471264584945e-16
2.579451748166873740e-16
2.573014444541147086e-16
2.566594508169598485e-16
2.560191570789110489e-16
2.553805899156508630e-16
2.547437284615931857e-16
2.541085677357014454e-16
2.534751183288892562e-16
2.528433441034544751e-16
2.522132711732602648e-16
2.515848944225561287e-16
2.509581781205135234e-16
2.503331480503361813e-16
2.497097687492089314e-16
2.490880657818835035e-16
2.484680190246753366e-16
2.478496386333195739e-16
2.472328896753817145e-16
2.466177823903394663e-16
2.460043267926151770e-16
2.453925031189849580e-16
2.447822918532686444e-16
2.441737177068433258e-16
2.435667611290398879e-16
2.429614173586547122e-16
2.423576816463881896e-16
2.417555492548253444e-16
2.411550154584171480e-16
2.405560755434611425e-16
2.399587248080824096e-16
2.393629586060434537e-16
2.387687724778706340e-16
2.381761620187509256e-16
2.375851228346009457e-16
2.369956505420510289e-16
2.364077407684291538e-16
2.358213614070305093e-16
2.352365637050849519e-16
2.346533154676161568e-16
2.340715849458730345e-16
2.334914227656024301e-16
2.329127698874068852e-16
2.323356765272073828e-16
2.317600840959644931e-16
2.311860155188690137e-16
2.306134665279949590e-16
2.300424328659404379e-16
2.294729102858109897e-16
2.289048945512022283e-16
2.283383814361827347e-16
2.277733404672196261e-16
2.272097939030748948e-16
2.266477636005775204e-16
2.260871931667295627e-16
2.255281045816047266e-16
2.249704936804694005e-16
2.244143306616816784e-16
2.238596627760482803e-16
2.233064346947943255e-16
2.227546679405239586e-16
2.222043583988692801e-16
2.216555019657394730e-16
2.211080694956271469e-16
2.205620821522480972e-16
2.200175607174538266e-16
2.194744265575091348e-16
2.189327501875706746e-16
2.183925027071717878e-16
2.178536556115745611e-16
2.173162295387095304e-16
2.167801961932848042e-16
2.162456002261878361e-16
2.157123891756393160e-16
2.151805833364207588e-16
2.146501787328808699e-16
2.141211475879655166e-16
2.135935099428081463e-16
2.130672618506627576e-16
2.125423758401003692e-16
2.120188951451727842e-16
2.114967688602214948e-16
2.109759932995809928e-16
2.104566111172359332e-16
2.099385488501424215e-16
2.094218720713489014e-16
2.089065307778409968e-16
2.083925441297652874e-16
2.078799082163179511e-16
2.073685965000366983e-16
2.068586279024130824e-16
2.063499985416292852e-16
2.058426821713427662e-16
2.053366974775609282e-16
2.048320184057744045e-16
2.043286634863811035e-16
2.038266288851855564e-16
2.033258888331737155e-16
2.028264616304452607e-16
2.023283216961157392e-16
2.018315088691864476e-16
2.013359542894222958e-16
2.008416977291847667e-16
2.003487354200660383e-16
1.998570422456671248e-16
1.993666359798250624e-16
1.988775128823804726e-16
1.983896481115198654e-16
1.979030381908702962e-16
1.974177006005217507e-16
1.969336316370665240e-16
1.964508068191897869e-16
1.959692227031301540e-16
1.954888964803936549e-16
1.950098244840737213e-16
1.945319825878078270e-16
1.940553673802641405e-16
1.935800160811590197e-16
1.931058641246474988e-16
1.926329486690485463e-16
1.921612661017304072e-16
1.916907728175759982e-16
1.912215254564743388e-16
1.907534805074992005e-16
1.902866346236150819e-16
1.898210041605899603e-16
1.893565659398399946e-16
1.888933166377811373e-16
1.884312724076051149e-16
1.879704297165423797e-16
1.875107657209662595e-16
1.870522771712676945e-16
1.865949801662300090e-16
1.861388523619548024e-16
1.856838907411931780e-16
1.852301112458185038e-16
1.847774917736857803e-16
1.843260293278650477e-16
1.838757396535932742e-16
1.834266008877074944e-16
1.829786286460769609e-16
1.825318012236263102e-16
1.820861156574161936e-16
1.816415873709391407e-16
1.811981948935472593e-16
1.807559352824169322e-16
1.803148056011291556e-16
1.798748210202867334e-16
1.794359603773607358e-16
1.789982387185836354e-16
1.785616350341439095e-16
1.781261464212186613e-16
1.776917699833439523e-16
1.772585205204098779e-16
1.768263773237121366e-16
1.763953375166446379e-16
1.759653982289302480e-16
1.755365740183838061e-16
1.751088271174454920e-16
1.746822067417627071e-16
1.742566579809376602e-16
1.738322125102890906e-16
1.734088331171285779e-16
1.729865512270285000e-16
1.725653638265390649e-16
1.721452341136321318e-16
1.717261931439628376e-16
1.713082043860751829e-16
1.708912986510665527e-16
1.704754563186714422e-16
1.700606911882959608e-16
1.696469672640769067e-16
1.692343148748805249e-16
1.688227146804788217e-16
1.684121639263327609e-16
1.680026598640814431e-16
1.675941997515344389e-16
1.671867969966862033e-16
1.667804165204077077e-16
1.663750878263010235e-16
1.659707760923684297e-16
1.655675105750094909e-16
1.651652724698532791e-16
1.647640589851897557e-16
1.643638830564398901e-16
1.639647104038868694e-16
1.635665540355554871e-16
1.631694267283386058e-16
1.627732945780786359e-16
1.623781858590426988e-16
1.619840669150166494e-16
1.615909657988092820e-16
1.611988491002273187e-16
1.608077446524608750e-16
1.604176344257109949e-16
1.600285157056538589e-16
1.596403857842920165e-16
1.592532269944473561e-16
1.588670666282122777e-16
1.584818869743145746e-16
1.580976853499660789e-16
1.577144590786564272e-16
1.573321908047557472e-16
1.569509072904045885e-16
1.565705911369076830e-16
1.561912396927683617e-16
1.558128358474085533e-16
1.554354059468668420e-16
1.550589328383047437e-16
1.546833995925293415e-16
1.543088322480065929e-16
1.539351996387511760e-16
1.535625134585635136e-16
1.531907851934081708e-16
1.528199840167744312e-16
1.524501214800976803e-16
1.520811949992118095e-16
1.517132019960710382e-16
1.513461398987400776e-16
1.509799923674779907e-16
1.506147844420613834e-16
1.502504860723145905e-16
1.498871221033121050e-16
1.495246627030380410e-16
1.491631190060763515e-16
1.488024884823664075e-16
1.484427686078777313e-16
1.480839434986830284e-16
1.477260374247034582e-16
1.473690211977964346e-16
1.470129056832682158e-16
1.466576884109300039e-16
1.463033538967114080e-16
1.459499260878913752e-16
1.455973764670287186e-16
1.452457158251260006e-16
1.448949418411606492e-16
1.445450521995165756e-16
1.441960317642627193e-16
1.438478911521788767e-16
1.435006280632426929e-16
1.431542402028050649e-16
1.428087126465332377e-16
1.424640684277861973e-16
1.421202675038628607e-16
1.417773453645118360e-16
1.414352871534053304e-16
1.410940782064590554e-16
1.407537287592969364e-16
1.404142242502581661e-16
1.400755748319289768e-16
1.397377782612562557e-16
1.394008323004674999e-16
1.390647225910307750e-16
1.387294591221060952e-16
1.383950396711694910e-16
1.380614500299363142e-16
1.377287000666763322e-16
1.373967875740446399e-16
1.370657103499166686e-16
1.367354543839321086e-16
1.364060176162393782e-16
1.360774097168488377e-16
1.357496285033843117e-16
1.354226717986477077e-16
1.350965258352142495e-16
1.347712001277996572e-16
1.344466810048015711e-16
1.341229779040173604e-16
1.338000886729846277e-16
1.334779997827687266e-16
1.331567092179189638e-16
1.328362375615910962e-16
1.325165600443512243e-16
1.321976746640574531e-16
1.318795905946276324e-16
1.315622945872774584e-16
1.312458068311432321e-16
1.309300919498368160e-16
1.306151701003558989e-16
1.303010391836823495e-16
1.299876861742688754e-16
1.296751199609867952e-16
1.293633275798582266e-16
1.290523178423259664e-16
1.287420778743298263e-16
1.284326164162822110e-16
1.281239206833829383e-16
1.278159993456128159e-16
1.275088397067788850e-16
1.272024503670236535e-16
1.268968187181138054e-16
1.265919532909414722e-16
1.262878415645903297e-16
1.259844815894570631e-16
1.256818817934223254e-16
1.253800297851273033e-16
1.250789339246504250e-16
1.247785819063681538e-16
1.244789820231265955e-16
1.241801220544115045e-16
1.238820000806841641e-16
1.235846242947789686e-16
1.232879926734772866e-16
1.229920831307501771e-16
1.226969138689713577e-16
1.224024828788582138e-16
1.221087683093743468e-16
1.218157881539758417e-16
1.215235404172472970e-16
1.212320132945867114e-16
1.209412049087588971e-16
1.206511231285020919e-16
1.203617465648853463e-16
1.200731024714254416e-16
1.197851598691206332e-16
1.194979362066796255e-16
1.192114199614161319e-16
1.189256188138890724e-16
1.186405118269773258e-16
1.183561161833351384e-16
1.180724299423164149e-16
1.177894323889211770e-16
1.175071405091603194e-16
1.172255523759034734e-16
1.169446474937879516e-16
1.166644426545426292e-16
1.163849267260410275e-16
1.161060979008144721e-16
1.158279543753279928e-16
1.155505034673161144e-16
1.152737342100953239e-16
1.149976448782973746e-16
1.147222337634379108e-16
1.144475081450248357e-16
1.141734572716354009e-16
1.139000794460640391e-16
1.136273729747269172e-16
1.133553361676577457e-16
1.130839761594900731e-16
1.128132735932071949e-16
1.125432443995937328e-16
1.122738780824919244e-16
1.120051816628673395e-16
1.117371360558397758e-16
1.114697569505328492e-16
1.112030253964366098e-16
1.109369569631043269e-16
1.106715413681522463e-16
1.104067769618206797e-16
1.101426620979080710e-16
1.098792035752885526e-16
1.096163828409794982e-16
1.093542067319035149e-16
1.090926819654071319e-16
1.088317985026748937e-16
1.085715547191029987e-16
1.083119407353460601e-16
1.080529714805028225e-16
1.077946370520083823e-16
1.075369358393200260e-16
1.072798662353976687e-16
1.070234347454422742e-16
1.067676235223563662e-16
1.065124391079963411e-16
1.062578799092828321e-16
1.060039523277902716e-16
1.057506387659268685e-16
1.054979456614301770e-16
1.052458793392770618e-16
1.049944223865955613e-16
1.047435811641612327e-16
1.044933541031316964e-16
1.042437474278266938e-16
1.039947439685013052e-16
1.037463499847935978e-16
1.034985716266193208e-16
1.032513919042334445e-16
1.030048170025140581e-16
1.027588453766033703e-16
1.025134754850491149e-16
1.022687057761732433e-16
1.020245346472784365e-16
1.017809604856801742e-16
1.015379741984993752e-16
1.012955891752305847e-16
1.010537963030097440e-16
1.008125865811005838e-16
1.005719732471740586e-16
1.003319399317730262e-16
1.000924924500038918e-16
9.985362921794952585e-17
9.961534865530045688e-17
9.937764918534843748e-17
9.914052201826809759e-17
9.890398004411747810e-17
9.866800728949046843e-17
9.843260940843640203e-17
9.819778484186395947e-17
9.796353203424700423e-17
9.772984943361835811e-17
9.749672845589011427e-17
9.726417464281068656e-17
9.703219343758669626e-17
9.680076234765904092e-17
9.656990079294879734e-17
9.633960025759840099e-17
9.610985232981093848e-17
9.588066241965768065e-17
9.565202900635219963e-17
9.542395057260655469e-17
9.519641881937675704e-17
9.496943907064924910e-17
9.474300981931436801e-17
9.451712284978619443e-17
9.429179011004561356e-17
9.406699670355054018e-17
9.384274784872626590e-17
9.361903543999205781e-17
9.339587124561116295e-17
9.317324057508225172e-17
9.295114201975556020e-17
9.272958721488198369e-17
9.250856162246687502e-17
9.228806384304870299e-17
9.206810538042449220e-17
9.184867184745292401e-17
9.162976825757311820e-17
9.141138677340633839e-17
9.119353236829109422e-17
9.097620359201484562e-17
9.075939275732282124e-17
9.054310513522117071e-17
9.032733971263775903e-17
9.011208923451080482e-17
8.989735898060900136e-17
8.968314174442045701e-17
8.946944894088013386e-17
8.925626103597230141e-17
8.904359555806477676e-17
8.883143922023594823e-17
8.861979109048951363e-17
8.840865630467227496e-17
8.819803386822340864e-17
8.798791676569037323e-17
8.777831007254291133e-17
8.756920682019505303e-17
8.736061204418801338e-17
8.715251882247337736e-17
8.694493215098503448e-17
8.673785104798836154e-17
8.653126866074856439e-17
8.632518992650534762e-17
8.611960803824661565e-17
8.591452208451230966e-17
8.570993694431765436e-17
8.550585164676315434e-17
8.530225947532147571e-17
8.509915952479710133e-17
8.489655659781976818e-17
8.469444973068502092e-17
8.449283229608255092e-17
8.429170339507163290e-17
8.409106775512212242e-17
8.389092441970077818e-17
8.369126126474986712e-17
8.349209415171355622e-17
8.329340543520114764e-17
8.309520533502735032e-17
8.289749290347545426e-17
8.270026170931593356e-17
8.250351086752981852e-17
8.230724494074715698e-17
8.211145756165372082e-17
8.191615325708146905e-17
8.172132570202575447e-17
8.152697401912880264e-17
8.133310268195722980e-17
8.113970542830444995e-17
8.094678138535777241e-17
8.075433497406245229e-17
8.056235600173077203e-17
8.037082891708916928e-17
8.017971846534212303e-17
7.998901570487688638e-17
7.979868035685614588e-17
7.960869834271385195e-17
7.941904002840178272e-17
7.922968107377088060e-17
