# te
9.859752655029296875e-01
1.422242641448974609e+00
1.519479513168334961e+00
1.406146287918090820e+00
1.193890929222106934e+00
9.535816907882690430e-01
7.310124039649963379e-01
5.499131679534912109e-01
4.225378334522247314e-01
3.523654341697692871e-01
3.356969356536865234e-01
3.577179908752441406e-01
3.966468870639801025e-01
4.377300143241882324e-01
4.744559228420257568e-01
4.992053210735321045e-01
5.063142180442810059e-01
4.962981641292572021e-01
4.681908190250396729e-01
4.306906163692474365e-01
3.898102939128875732e-01
3.482459783554077148e-01
3.082913756370544434e-01
2.656982839107513428e-01
2.248018383979797363e-01
1.842935532331466675e-01
1.361439526081085205e-01
8.259163051843643188e-02
1.362508349120616913e-02
-6.223172321915626526e-02
-1.519684940576553345e-01
-2.578560411930084229e-01
-3.761250376701354980e-01
-5.102425217628479004e-01
-6.474470496177673340e-01
-7.937095165252685547e-01
-9.494795799255371094e-01
-1.115334868431091309e+00
-1.293055534362792969e+00
-1.483394384384155273e+00
-1.683218717575073242e+00
-1.889780282974243164e+00
-2.106275320053100586e+00
-2.336569786071777344e+00
-2.582329511642456055e+00
-2.844895839691162109e+00
-3.123291730880737305e+00
-3.415946006774902344e+00
-3.720885515213012695e+00
-4.036478042602539062e+00
-4.362558841705322266e+00
-4.699388504028320312e+00
-5.047411918640136719e+00
-5.407351970672607422e+00
-5.780987262725830078e+00
-6.170029640197753906e+00
-6.573782920837402344e+00
-6.991103172302246094e+00
-7.421369552612304688e+00
-7.864344596862792969e+00
-8.319853782653808594e+00
-8.787811279296875000e+00
-9.268204689025878906e+00
-9.760949134826660156e+00
-1.026576232910156250e+01
-1.078194904327392578e+01
-1.130869102478027344e+01
-1.184524631500244141e+01
-1.239116859436035156e+01
-1.294646739959716797e+01
-1.351200866699218750e+01
-1.408859348297119141e+01
-1.467613029479980469e+01
-1.527527427673339844e+01
-1.588499736785888672e+01
-1.650328826904296875e+01
-1.713158607482910156e+01
-1.776761054992675781e+01
-1.841131401062011719e+01
-1.906281852722167969e+01
-1.972144699096679688e+01
-2.038743591308593750e+01
-2.105879592895507812e+01
-2.173576164245605469e+01
-2.241851043701171875e+01
-2.310548782348632812e+01
-2.379582214355468750e+01
-2.449012756347656250e+01
-2.518678855895996094e+01
-2.588643836975097656e+01
-2.658831787109375000e+01
-2.729242134094238281e+01
-2.799874877929687500e+01
-2.870581054687500000e+01
-2.941509819030761719e+01
-3.012363433837890625e+01
-3.083290481567382812e+01
-3.154216766357421875e+01
-3.224918746948242188e+01
-3.295545578002929688e+01
-3.365874099731445312e+01
-3.435977935791015625e+01
-3.505709457397460938e+01
-3.575067520141601562e+01
-3.643978500366210938e+01
-3.712367248535156250e+01
-3.780234909057617188e+01
-3.847431182861328125e+01
-3.913957214355468750e+01
-3.979737472534179688e+01
-4.044770431518554688e+01
-4.108977890014648438e+01
-4.172283935546875000e+01
-4.234610748291015625e+01
-4.295955657958984375e+01
-4.356241989135742188e+01
-4.415466308593750000e+01
-4.473477935791015625e+01
-4.530273818969726562e+01
-4.585776901245117188e+01
-4.639910125732421875e+01
-4.692745208740234375e+01
-4.744055938720703125e+01
-4.793840408325195312e+01
-4.842094802856445312e+01
-4.888817214965820312e+01
-4.933781814575195312e+01
-4.977059936523437500e+01
-5.018500518798828125e+01
-5.058175659179687500e+01
-5.095937347412109375e+01
-5.131863403320312500e+01
-5.165732192993164062e+01
-5.197620391845703125e+01
-5.227380752563476562e+01
-5.255090713500976562e+01
-5.280603027343750000e+01
-5.303920745849609375e+01
-5.324970245361328125e+01
-5.343754577636718750e+01
-5.360201263427734375e+01
-5.374238204956054688e+01
-5.385941696166992188e+01
-5.395165634155273438e+01
-5.401836776733398438e+01
-5.406032562255859375e+01
-5.407680511474609375e+01
-5.406782531738281250e+01
-5.403192520141601562e+01
-5.396986007690429688e+01
-5.388164901733398438e+01
-5.376581573486328125e+01
-5.362311935424804688e+01
-5.345356750488281250e+01
-5.325643157958984375e+01
-5.303246688842773438e+01
-5.278019714355468750e+01
-5.250038146972656250e+01
-5.219228744506835938e+01
-5.185666656494140625e+01
-5.149279403686523438e+01
-5.109993743896484375e+01
-5.067884826660156250e+01
-5.022879791259765625e+01
-4.974980163574218750e+01
-4.924261093139648438e+01
-4.870574951171875000e+01
-4.813998031616210938e+01
-4.754530715942382812e+01
-4.692100524902343750e+01
-4.626708602905273438e+01
-4.558430099487304688e+01
-4.487266921997070312e+01
-4.413145446777343750e+01
-4.336067199707031250e+01
-4.256110000610351562e+01
-4.173202896118164062e+01
-4.087424087524414062e+01
-3.998702621459960938e+01
-3.907191467285156250e+01
-3.812744522094726562e+01
-3.715515136718750000e+01
-3.615431213378906250e+01
-3.512572479248046875e+01
-3.406940841674804688e+01
-3.298541259765625000e+01
-3.187450790405273438e+01
-3.073673820495605469e+01
-2.957213211059570312e+01
-2.838072586059570312e+01
-2.716330528259277344e+01
-2.592064666748046875e+01
-2.465204238891601562e+01
-2.335901451110839844e+01
-2.204085922241210938e+01
-2.069909477233886719e+01
-1.933301544189453125e+01
-1.794340324401855469e+01
-1.653103446960449219e+01
-1.509594726562500000e+01
-1.363891887664794922e+01
-1.215924644470214844e+01
-1.065919303894042969e+01
-9.138127326965332031e+00
-7.596530437469482422e+00
-6.035035610198974609e+00
-4.454197883605957031e+00
-2.854500532150268555e+00
-1.236589074134826660e+00
3.989500701427459717e-01
2.051515579223632812e+00
3.720639705657958984e+00
5.405616760253906250e+00
7.105445861816406250e+00
8.820459365844726562e+00
1.054943466186523438e+01
1.229158973693847656e+01
1.404688835144042969e+01
1.581380939483642578e+01
1.759231567382812500e+01
1.938162612915039062e+01
2.118096160888671875e+01
2.298954582214355469e+01
2.480733680725097656e+01
2.663281440734863281e+01
2.846594047546386719e+01
3.030519485473632812e+01
3.214979934692382812e+01
3.400045776367187500e+01
3.585490417480468750e+01
3.771384429931640625e+01
3.957501220703125000e+01
4.143837356567382812e+01
4.330314636230468750e+01
4.516855621337890625e+01
4.703381729125976562e+01
4.889815139770507812e+01
5.076152420043945312e+01
5.262166976928710938e+01
5.447929000854492188e+01
5.633212661743164062e+01
5.818087387084960938e+01
6.002402114868164062e+01
6.186079025268554688e+01
6.369038772583007812e+01
6.551279449462890625e+01
6.732647705078125000e+01
6.913064575195312500e+01
7.092454528808593750e+01
7.270812225341796875e+01
7.447986602783203125e+01
7.623901367187500000e+01
7.798478698730468750e+01
7.971643066406250000e+01
8.143613433837890625e+01
8.313570404052734375e+01
8.481957244873046875e+01
8.648770904541015625e+01
8.814009094238281250e+01
8.976925659179687500e+01
9.138262176513671875e+01
9.298014831542968750e+01
9.455438232421875000e+01
9.610530853271484375e+01
9.764031219482421875e+01
9.914452362060546875e+01
1.006327667236328125e+02
1.020975875854492188e+02
1.035389709472656250e+02
1.049494400024414062e+02
1.063364105224609375e+02
1.076998519897460938e+02
1.090323181152343750e+02
1.103412094116210938e+02
1.116190567016601562e+02
1.128732757568359375e+02
1.140889816284179688e+02
1.152809982299804688e+02
1.164493179321289062e+02
1.175790405273437500e+02
1.186775588989257812e+02
1.197448654174804688e+02
1.207809295654296875e+02
1.217857284545898438e+02
1.227517929077148438e+02
1.236865386962890625e+02
1.245899353027343750e+02
1.254619522094726562e+02
1.262951431274414062e+02
1.270894851684570312e+02
1.278523483276367188e+02
1.285763244628906250e+02
1.292687988281250000e+02
1.299148712158203125e+02
1.305293731689453125e+02
1.311123199462890625e+02
1.316487731933593750e+02
1.321461639404296875e+02
1.326044769287109375e+02
1.330310974121093750e+02
1.334111633300781250e+02
1.337595520019531250e+02
1.340613861083984375e+02
1.343315429687500000e+02
1.345551452636718750e+02
1.347396392822265625e+02
1.348924407958984375e+02
1.349987030029296875e+02
1.350658569335937500e+02
1.350938873291015625e+02
1.350828094482421875e+02
1.350251922607421875e+02
1.349358978271484375e+02
1.348000488281250000e+02
1.346250915527343750e+02
1.344110412597656250e+02
1.341578674316406250e+02
1.338655853271484375e+02
1.335341949462890625e+02
1.331562805175781250e+02
1.327466735839843750e+02
1.322979736328125000e+02
1.318027343750000000e+02
1.312758178710937500e+02
1.307023620605468750e+02
1.300897979736328125e+02
1.294455718994140625e+02
1.287622375488281250e+02
1.280323791503906250e+02
1.272708435058593750e+02
1.264776382446289062e+02
1.256379013061523438e+02
1.247665023803710938e+02
1.238560028076171875e+02
1.229063949584960938e+02
1.219251251220703125e+02
1.209047622680664062e+02
1.198527374267578125e+02
1.187690353393554688e+02
1.176462402343750000e+02
1.164917831420898438e+02
1.153056640625000000e+02
1.140804443359375000e+02
1.128235702514648438e+02
1.115424575805664062e+02
1.102222595214843750e+02
1.088703918457031250e+02
1.074868774414062500e+02
1.060791244506835938e+02
1.046397247314453125e+02
1.031686706542968750e+02
1.016734313964843750e+02
1.001465835571289062e+02
9.859557342529296875e+01
9.702043151855468750e+01
9.542116546630859375e+01
9.379779052734375000e+01
9.214289093017578125e+01
9.047135925292968750e+01
8.877280426025390625e+01
8.705243682861328125e+01
8.531027984619140625e+01
8.354784393310546875e+01
8.176514434814453125e+01
7.996292877197265625e+01
7.814196777343750000e+01
7.630377197265625000e+01
7.444759368896484375e+01
7.257644653320312500e+01
7.068885040283203125e+01
6.878705596923828125e+01
6.687108612060546875e+01
6.494168090820312500e+01
6.300036239624023438e+01
6.104714202880859375e+01
5.908352661132812500e+01
5.710878372192382812e+01
5.512591171264648438e+01
5.313343811035156250e+01
5.113360977172851562e+01
4.912718582153320312e+01
4.711344528198242188e+01
4.509537124633789062e+01
4.307224273681640625e+01
4.104556274414062500e+01
3.901609039306640625e+01
3.698459243774414062e+01
3.495181655883789062e+01
3.291928100585937500e+01
3.088699340820312500e+01
2.885572052001953125e+01
2.682695960998535156e+01
2.480073356628417969e+01
2.277854156494140625e+01
2.076100158691406250e+01
1.874886894226074219e+01
1.674298286437988281e+01
1.474400234222412109e+01
1.275283432006835938e+01
1.077016830444335938e+01
8.796934127807617188e+00
6.833741664886474609e+00
4.881496906280517578e+00
2.940734148025512695e+00
1.013102650642395020e+00
-9.021261334419250488e-01
-2.802708148956298828e+00
-4.688629150390625000e+00
-6.559131622314453125e+00
-8.412714958190917969e+00
-1.025010681152343750e+01
-1.206980705261230469e+01
-1.387105941772460938e+01
-1.565310478210449219e+01
-1.741592788696289062e+01
-1.915877342224121094e+01
-2.088013839721679688e+01
-2.258001136779785156e+01
-2.425763130187988281e+01
-2.591224288940429688e+01
-2.754383087158203125e+01
-2.915015029907226562e+01
-3.073193359375000000e+01
-3.228841781616210938e+01
-3.381810379028320312e+01
-3.532247161865234375e+01
-3.679926300048828125e+01
-3.824921417236328125e+01
-3.967156982421875000e+01
-4.106557083129882812e+01
-4.243120193481445312e+01
-4.376696014404296875e+01
-4.507431793212890625e+01
-4.635103607177734375e+01
-4.759783554077148438e+01
-4.881322097778320312e+01
-4.999718093872070312e+01
-5.114969635009765625e+01
-5.227000427246093750e+01
-5.335810470581054688e+01
-5.441322326660156250e+01
-5.543535614013671875e+01
-5.642374801635742188e+01
-5.737837600708007812e+01
-5.829923248291015625e+01
-5.918629455566406250e+01
-6.003881454467773438e+01
-6.085676956176757812e+01
-6.163940811157226562e+01
-6.238745498657226562e+01
-6.310092163085937500e+01
-6.377905273437500000e+01
-6.442185974121093750e+01
-6.503083038330078125e+01
-6.560001373291015625e+01
-6.613983154296875000e+01
-6.663540649414062500e+01
-6.710161590576171875e+01
-6.753102874755859375e+01
-6.792363739013671875e+01
-6.827945709228515625e+01
-6.860591888427734375e+01
-6.888814544677734375e+01
-6.914102935791015625e+01
-6.934969329833984375e+01
-6.952900695800781250e+01
-6.967153930664062500e+01
-6.978472137451171875e+01
-6.985369873046875000e+01
-6.989333343505859375e+01
-6.989618682861328125e+01
-6.986971282958984375e+01
-6.980646514892578125e+01
-6.970645904541015625e+01
-6.957711791992187500e+01
-6.941844940185546875e+01
-6.921559143066406250e+01
-6.899083709716796875e+01
-6.872932434082031250e+01
-6.843106842041015625e+01
-6.810350036621093750e+01
-6.774809265136718750e+01
-6.735891723632812500e+01
-6.693894195556640625e+01
-6.648891448974609375e+01
-6.600884246826171875e+01
-6.549945831298828125e+01
-6.496077728271484375e+01
-6.439279937744140625e+01
-6.379774856567382812e+01
-6.317489242553710938e+01
-6.252497482299804688e+01
-6.184799575805664062e+01
-6.114543533325195312e+01
-6.041656875610351562e+01
-5.966361999511718750e+01
-5.888584518432617188e+01
-5.808325195312500000e+01
-5.725807189941406250e+01
-5.640956115722656250e+01
-5.553920745849609375e+01
-5.464700698852539062e+01
-5.373371887207031250e+01
-5.280081939697265625e+01
-5.184831237792968750e+01
-5.087619781494140625e+01
-4.988596725463867188e+01
-4.887910461425781250e+01
-4.785486602783203125e+01
-4.681400299072265625e+01
-4.575799942016601562e+01
-4.468759918212890625e+01
-4.360280227661132812e+01
-4.250435638427734375e+01
-4.139300155639648438e+01
-4.027022933959960938e+01
-3.913604354858398438e+01
-3.799118423461914062e+01
-3.683639526367187500e+01
-3.567316436767578125e+01
-3.450074768066406250e+01
-3.332138824462890625e+01
-3.213506698608398438e+01
-3.094180679321289062e+01
-2.974382209777832031e+01
-2.854112434387207031e+01
-2.733445167541503906e+01
-2.612454795837402344e+01
-2.491216278076171875e+01
-2.369803810119628906e+01
-2.248291969299316406e+01
-2.126829147338867188e+01
-2.005415916442871094e+01
-1.884126472473144531e+01
-1.763109588623046875e+01
-1.642365455627441406e+01
-1.522042846679687500e+01
-1.402141761779785156e+01
-1.282811069488525391e+01
-1.164050865173339844e+01
-1.046009922027587891e+01
-9.286884307861328125e+00
-8.122276306152343750e+00
-6.966573715209960938e+00
-5.820521354675292969e+00
-4.684790134429931641e+00
-3.560196876525878906e+00
-2.447264671325683594e+00
-1.346819162368774414e+00
-2.595044672489166260e-01
8.139316439628601074e-01
1.872848987579345703e+00
2.916526317596435547e+00
3.944241762161254883e+00
4.955273151397705078e+00
5.949345588684082031e+00
6.925216197967529297e+00
7.882163524627685547e+00
8.820210456848144531e+00
9.738632202148437500e+00
1.063671016693115234e+01
1.151446533203125000e+01
1.236968803405761719e+01
1.320314311981201172e+01
1.401411056518554688e+01
1.480186653137207031e+01
1.556569194793701172e+01
1.630634880065917969e+01
1.702162933349609375e+01
1.771155548095703125e+01
1.837615013122558594e+01
1.901394844055175781e+01
1.962645530700683594e+01
2.021146583557128906e+01
2.076974105834960938e+01
2.129981803894042969e+01
2.180246353149414062e+01
2.227695274353027344e+01
2.272182273864746094e+01
2.313858032226562500e+01
2.352501487731933594e+01
2.388189697265625000e+01
2.420849990844726562e+01
2.450484848022460938e+01
2.477021789550781250e+01
2.500462913513183594e+01
2.520736503601074219e+01
2.537918853759765625e+01
2.551863098144531250e+01
2.562645912170410156e+01
2.570121002197265625e+01
2.574439048767089844e+01
2.575453567504882812e+01
2.573240852355957031e+01
2.567654418945312500e+01
2.558845329284667969e+01
2.546666908264160156e+01
2.531195449829101562e+01
2.512433242797851562e+01
2.490308570861816406e+01
2.464823722839355469e+01
2.436056327819824219e+01
2.403934860229492188e+01
2.368462753295898438e+01
2.329716682434082031e+01
2.287625694274902344e+01
2.242192649841308594e+01
2.193494987487792969e+01
2.141461181640625000e+01
2.086168670654296875e+01
2.027620315551757812e+01
1.965819168090820312e+01
1.900694084167480469e+01
1.832396316528320312e+01
1.760929107666015625e+01
1.686295318603515625e+01
1.608497810363769531e+01
1.527614212036132812e+01
1.443721675872802734e+01
1.356674575805664062e+01
1.266624355316162109e+01
1.173648452758789062e+01
1.077675437927246094e+01
9.787084579467773438e+00
8.768990516662597656e+00
7.722500801086425781e+00
6.647647380828857422e+00
5.544458389282226562e+00
4.413707733154296875e+00
3.256167411804199219e+00
2.071868181228637695e+00
8.615824580192565918e-01
-3.746596276760101318e-01
-1.636085271835327148e+00
-2.921921491622924805e+00
-4.232881546020507812e+00
-5.566706180572509766e+00
-6.924554824829101562e+00
-8.304837226867675781e+00
-9.707373619079589844e+00
-1.113154125213623047e+01
-1.257671546936035156e+01
-1.404242038726806641e+01
-1.552795791625976562e+01
-1.703277587890625000e+01
-1.855625152587890625e+01
-2.009783744812011719e+01
-2.165682983398437500e+01
-2.323223686218261719e+01
-2.482417869567871094e+01
-2.643189430236816406e+01
-2.805388641357421875e+01
-2.968939399719238281e+01
-3.133914947509765625e+01
-3.300165176391601562e+01
-3.467613983154296875e+01
-3.636186218261718750e+01
-3.805806350708007812e+01
-3.976398086547851562e+01
-4.147960281372070312e+01
-4.320343017578125000e+01
-4.493544387817382812e+01
-4.667415237426757812e+01
-4.841953277587890625e+01
-5.017009353637695312e+01
-5.192507171630859375e+01
-5.368519592285156250e+01
-5.544822311401367188e+01
-5.721339797973632812e+01
-5.898070907592773438e+01
-6.074940109252929688e+01
-6.251796722412109375e+01
-6.428639221191406250e+01
-6.605392456054687500e+01
-6.781906127929687500e+01
-6.958178710937500000e+01
-7.134135437011718750e+01
-7.309625244140625000e+01
-7.484646606445312500e+01
-7.658975219726562500e+01
-7.832759857177734375e+01
-8.005699920654296875e+01
-8.177869415283203125e+01
-8.349118804931640625e+01
-8.519445037841796875e+01
-8.688774108886718750e+01
-8.856954956054687500e+01
-9.023986053466796875e+01
-9.189569091796875000e+01
-9.354297637939453125e+01
-9.517278289794921875e+01
-9.679251861572265625e+01
-9.838732147216796875e+01
-9.997203826904296875e+01
-1.015466384887695312e+02
-1.030962600708007812e+02
-1.046283187866210938e+02
-1.061427993774414062e+02
-1.076322631835937500e+02
-1.091115417480468750e+02
-1.105583953857421875e+02
-1.119950942993164062e+02
-1.133994064331054688e+02
-1.147861862182617188e+02
-1.161554718017578125e+02
-1.174924087524414062e+02
-1.188044738769531250e+02
-1.200990829467773438e+02
-1.213614196777343750e+02
-1.225989379882812500e+02
-1.238116455078125000e+02
-1.249921417236328125e+02
-1.261478805541992188e+02
-1.272788772583007812e+02
-1.283777160644531250e+02
-1.294444274902343750e+02
-1.304864807128906250e+02
-1.314964294433593750e+02
-1.324743041992187500e+02
-1.334201507568359375e+02
-1.343339691162109375e+02
-1.352157897949218750e+02
-1.360730590820312500e+02
-1.368909454345703125e+02
-1.376768646240234375e+02
-1.384234619140625000e+02
-1.391455841064453125e+02
-1.398283996582031250e+02
-1.404793853759765625e+02
-1.410910797119140625e+02
-1.416709594726562500e+02
-1.422190704345703125e+02
-1.427205352783203125e+02
-1.431976928710937500e+02
-1.436282501220703125e+02
-1.440271148681640625e+02
-1.443942871093750000e+02
-1.447149353027343750e+02
-1.450039367675781250e+02
-1.452539062500000000e+02
-1.454648284912109375e+02
-1.456367645263671875e+02
-1.457696838378906250e+02
-1.458710784912109375e+02
-1.459261016845703125e+02
-1.459496154785156250e+02
-1.459268035888671875e+02
-1.458725433349609375e+02
-1.457794189453125000e+02
-1.456474761962890625e+02
-1.454692840576171875e+02
-1.452597808837890625e+02
-1.450115661621093750e+02
-1.447246704101562500e+02
-1.443991851806640625e+02
-1.440350952148437500e+02
-1.436324768066406250e+02
-1.431913604736328125e+02
-1.427192382812500000e+02
-1.422012634277343750e+02
-1.416523742675781250e+02
-1.410651550292968750e+02
-1.404396667480468750e+02
-1.397759552001953125e+02
-1.390740356445312500e+02
-1.383339843750000000e+02
-1.375558319091796875e+02
-1.367470397949218750e+02
-1.359002532958984375e+02
-1.350154724121093750e+02
-1.340927734375000000e+02
-1.331396179199218750e+02
-1.321486358642578125e+02
-1.311272735595703125e+02
-1.300755920410156250e+02
-1.289861907958984375e+02
-1.278591461181640625e+02
-1.267093124389648438e+02
-1.255219192504882812e+02
-1.243044128417968750e+02
-1.230568313598632812e+02
-1.217792510986328125e+02
-1.204716796875000000e+02
-1.191341857910156250e+02
-1.177593688964843750e+02
-1.163621368408203125e+02
-1.149350967407226562e+02
-1.134783096313476562e+02
-1.119917984008789062e+02
-1.104756240844726562e+02
-1.089372482299804688e+02
-1.073692779541015625e+02
-1.057792053222656250e+02
-1.041670608520507812e+02
-1.025329055786132812e+02
-1.008693237304687500e+02
-9.919124603271484375e+01
-9.749127197265625000e+01
-9.576202392578125000e+01
-9.401838684082031250e+01
-9.225299072265625000e+01
-9.046587371826171875e+01
-8.865707397460937500e+01
-8.683406066894531250e+01
-8.498945617675781250e+01
-8.313071441650390625e+01
-8.125046539306640625e+01
-7.936360168457031250e+01
-7.745530700683593750e+01
-7.553305816650390625e+01
-7.359613800048828125e+01
-7.164831542968750000e+01
-6.968963623046875000e+01
-6.771939086914062500e+01
-6.574059295654296875e+01
-6.375180053710937500e+01
-6.175454330444335938e+01
-5.974885940551757812e+01
-5.773479080200195312e+01
-5.571387100219726562e+01
-5.368538665771484375e+01
-5.165013504028320312e+01
-4.960889434814453125e+01
-4.756393814086914062e+01
-4.551530075073242188e+01
-4.346451950073242188e+01
-4.141237258911132812e+01
-3.936113739013671875e+01
-3.731084823608398438e+01
-3.526229095458984375e+01
-3.321625900268554688e+01
-3.117204093933105469e+01
-2.913116645812988281e+01
-2.709293746948242188e+01
-2.505887794494628906e+01
-2.302903366088867188e+01
-2.100418472290039062e+01
-1.898511886596679688e+01
-1.697336387634277344e+01
-1.496970176696777344e+01
-1.297491931915283203e+01
-1.099054527282714844e+01
-9.016619682312011719e+00
-7.054669857025146484e+00
-5.105482101440429688e+00
-3.168353796005249023e+00
-1.245481610298156738e+00
6.636126637458801270e-01
2.557921886444091797e+00
4.436965942382812500e+00
6.300194740295410156e+00
8.147109031677246094e+00
9.977254867553710938e+00
1.179007434844970703e+01
1.358505439758300781e+01
1.536160755157470703e+01
1.711936950683593750e+01
1.885827064514160156e+01
2.057534790039062500e+01
2.227209281921386719e+01
2.394628524780273438e+01
2.559718513488769531e+01
2.722480201721191406e+01
2.882691192626953125e+01
3.040501022338867188e+01
3.195761299133300781e+01
3.348472976684570312e+01
3.498711395263671875e+01
3.646327972412109375e+01
3.791398239135742188e+01
3.933848190307617188e+01
4.073678970336914062e+01
4.210742187500000000e+01
4.345112991333007812e+01
4.476643371582031250e+01
4.605333709716796875e+01
4.731037139892578125e+01
4.853827667236328125e+01
4.973557662963867188e+01
5.090227890014648438e+01
5.203689956665039062e+01
5.314019393920898438e+01
5.421142196655273438e+01
5.524985122680664062e+01
5.625474929809570312e+01
5.722685241699218750e+01
5.816543197631835938e+01
5.907050323486328125e+01
5.994131469726562500e+01
6.077936553955078125e+01
6.158317565917968750e+01
6.235350418090820312e+01
6.308960342407226562e+01
6.379222488403320312e+01
6.445989990234375000e+01
6.509336090087890625e+01
6.569262695312500000e+01
6.625695800781250000e+01
6.678636169433593750e+01
6.728086090087890625e+01
6.774046325683593750e+01
6.816448211669921875e+01
6.855294799804687500e+01
6.890664672851562500e+01
6.922412872314453125e+01
6.950617218017578125e+01
6.975282287597656250e+01
6.996410369873046875e+01
7.014006042480468750e+01
7.028073883056640625e+01
7.038616943359375000e+01
7.045564270019531250e+01
7.049068450927734375e+01
7.049060058593750000e+01
7.045542144775390625e+01
7.038591766357421875e+01
7.028139495849609375e+01
7.014263153076171875e+01
6.996892547607421875e+01
6.976180267333984375e+01
6.952055358886718750e+01
6.924595642089843750e+01
6.893804931640625000e+01
6.859687042236328125e+01
6.822321319580078125e+01
6.781783294677734375e+01
6.738005828857421875e+01
6.691063690185546875e+01
6.640962982177734375e+01
6.587779998779296875e+01
6.531520080566406250e+01
6.472261047363281250e+01
6.409931182861328125e+01
6.344609832763671875e+01
6.276301193237304688e+01
6.205081558227539062e+01
6.131030273437500000e+01
6.054076004028320312e+01
5.974372100830078125e+01
5.891847991943359375e+01
5.806581115722656250e+01
5.718649673461914062e+01
5.628058242797851562e+01
5.534958267211914062e+01
5.439204406738281250e+01
5.341025161743164062e+01
5.240349197387695312e+01
5.137328338623046875e+01
5.031892395019531250e+01
4.924119567871093750e+01
4.814161682128906250e+01
4.701945877075195312e+01
4.587625122070312500e+01
4.471126174926757812e+01
4.352527618408203125e+01
4.231979751586914062e+01
4.109486007690429688e+01
3.985048294067382812e+01
3.858892822265625000e+01
3.730873870849609375e+01
3.601290893554687500e+01
3.469998550415039062e+01
3.337147903442382812e+01
3.202741241455078125e+01
3.066930770874023438e+01
2.929718780517578125e+01
2.791107749938964844e+01
2.651249504089355469e+01
2.510146522521972656e+01
2.367875671386718750e+01
2.224514579772949219e+01
2.080139541625976562e+01
1.934679412841796875e+01
1.788360023498535156e+01
1.641183662414550781e+01
1.493227577209472656e+01
1.344568920135498047e+01
1.195210170745849609e+01
1.045228481292724609e+01
8.946638107299804688e+00
7.436376094818115234e+00
5.921751022338867188e+00
4.403383731842041016e+00
2.881880760192871094e+00
1.357760190963745117e+00
-1.685494333505630493e-01
-1.696337103843688965e+00
-3.225130081176757812e+00
-4.754380226135253906e+00
-6.283317565917968750e+00
-7.811914920806884766e+00
-9.338955879211425781e+00
-1.086367034912109375e+01
-1.238602924346923828e+01
-1.390452289581298828e+01
-1.541986274719238281e+01
-1.692979621887207031e+01
-1.843429374694824219e+01
-1.993332672119140625e+01
-2.142464447021484375e+01
-2.290898323059082031e+01
-2.438485527038574219e+01
-2.585151100158691406e+01
-2.730820465087890625e+01
-2.875568389892578125e+01
-3.019244766235351562e+01
-3.161850166320800781e+01
-3.303309631347656250e+01
-3.443696975708007812e+01
-3.582863998413085938e+01
-3.720884323120117188e+01
-3.857608795166015625e+01
-3.993111801147460938e+01
-4.127244186401367188e+01
-4.260005569458007812e+01
-4.391321563720703125e+01
-4.521192169189453125e+01
-4.649541854858398438e+01
-4.776296997070312500e+01
-4.901382446289062500e+01
-5.024798202514648438e+01
-5.146320724487304688e+01
-5.266024017333984375e+01
-5.383760070800781250e+01
-5.499527359008789062e+01
-5.613177490234375000e+01
-5.724858474731445312e+01
-5.834571075439453125e+01
-5.942238998413085938e+01
-6.047938156127929688e+01
-6.151666641235351562e+01
-6.253350830078125000e+01
-6.352989578247070312e+01
-6.450583648681640625e+01
-6.545983123779296875e+01
-6.639114379882812500e+01
-6.729902648925781250e+01
-6.818421173095703125e+01
-6.904446411132812500e+01
-6.987979125976562500e+01
-7.069093322753906250e+01
-7.147789001464843750e+01
-7.223989868164062500e+01
-7.297697448730468750e+01
-7.368984985351562500e+01
-7.437480926513671875e+01
-7.504299163818359375e+01
-7.568026733398437500e+01
-7.628665161132812500e+01
-7.687699890136718750e+01
-7.743647766113281250e+01
-7.797252655029296875e+01
-7.848517608642578125e+01
-7.896703338623046875e+01
-7.942553710937500000e+01
-7.986071777343750000e+01
-8.026517486572265625e+01
-8.064636993408203125e+01
-8.099687957763671875e+01
-8.132417297363281250e+01
-8.162826538085937500e+01
-8.190176391601562500e+01
-8.215211486816406250e+01
-8.237934875488281250e+01
-8.257604980468750000e+01
-8.274226379394531250e+01
-8.288542175292968750e+01
-8.300556182861328125e+01
-8.310270690917968750e+01
-8.316945648193359375e+01
-8.321327209472656250e+01
-8.322672271728515625e+01
-8.321728515625000000e+01
-8.318498229980468750e+01
-8.312239837646484375e+01
-8.304443359375000000e+01
-8.292881011962890625e+01
-8.279785156250000000e+01
-8.264415740966796875e+01
-8.246030426025390625e+01
-8.225376892089843750e+01
-8.202455902099609375e+01
-8.177271270751953125e+01
-8.149081420898437500e+01
-8.119375610351562500e+01
-8.086669921875000000e+01
-8.052452850341796875e+01
-8.015242004394531250e+01
-7.976524353027343750e+01
-7.934817504882812500e+01
-7.891609191894531250e+01
-7.845416259765625000e+01
-7.797727966308593750e+01
-7.748545837402343750e+01
-7.696386718750000000e+01
-7.642739105224609375e+01
-7.586862945556640625e+01
-7.529502868652343750e+01
-7.469918823242187500e+01
-7.408113861083984375e+01
-7.344832611083984375e+01
-7.279779815673828125e+01
-7.212885284423828125e+01
-7.144371795654296875e+01
-7.074095153808593750e+01
-7.002205657958984375e+01
-6.928705596923828125e+01
-6.853672027587890625e+01
-6.777105712890625000e+01
-6.699010467529296875e+01
-6.619537353515625000e+01
-6.538688659667968750e+01
-6.456465911865234375e+01
-6.372945404052734375e+01
-6.288205718994140625e+01
-6.202247238159179688e+01
-6.115073776245117188e+01
-6.026760864257812500e+01
-5.937386322021484375e+01
-5.846950912475585938e+01
-5.755532455444335938e+01
-5.663207626342773438e+01
-5.569903945922851562e+01
-5.475772094726562500e+01
-5.380815505981445312e+01
-5.285035705566406250e+01
-5.188658142089843750e+01
-5.091536331176757812e+01
-4.993821716308593750e+01
-4.895590591430664062e+01
-4.796845626831054688e+01
-4.697588729858398438e+01
-4.597896575927734375e+01
-4.497845840454101562e+01
-4.397513961791992188e+01
-4.296827697753906250e+01
-4.195938873291015625e+01
-4.094849777221679688e+01
-3.993636703491210938e+01
-3.892302322387695312e+01
-3.790922546386718750e+01
-3.689575195312500000e+01
-3.588261795043945312e+01
-3.487059402465820312e+01
-3.385969924926757812e+01
-3.285070419311523438e+01
-3.184437179565429688e+01
-3.084072875976562500e+01
-2.984054374694824219e+01
-2.884382820129394531e+01
-2.785132408142089844e+01
-2.686377906799316406e+01
-2.588117599487304688e+01
-2.490351295471191406e+01
-2.393227195739746094e+01
-2.296670150756835938e+01
-2.200828170776367188e+01
-2.105700874328613281e+01
-2.011287307739257812e+01
-1.917735671997070312e+01
-1.824971199035644531e+01
-1.733067321777343750e+01
-1.642098045349121094e+01
-1.552062511444091797e+01
-1.462960243225097656e+01
-1.374939250946044922e+01
-1.287924480438232422e+01
-1.202064132690429688e+01
-1.117283248901367188e+01
-1.033655548095703125e+01
-9.512546539306640625e+00
-8.700057029724121094e+00
-7.900567054748535156e+00
-7.114071369171142578e+00
-6.341083049774169922e+00
-5.581373691558837891e+00
-4.835531234741210938e+00
-4.103773117065429688e+00
-3.386464834213256836e+00
-2.683897018432617188e+00
-1.996287465095520020e+00
-1.324000954627990723e+00
-6.672547459602355957e-01
-2.631021477282047272e-02
5.985413789749145508e-01
1.207053422927856445e+00
1.798949718475341797e+00
2.374072551727294922e+00
2.932205200195312500e+00
3.473204851150512695e+00
3.996706008911132812e+00
4.502641201019287109e+00
4.990717887878417969e+00
5.460868835449218750e+00
5.912802219390869141e+00
6.346449851989746094e+00
6.761669635772705078e+00
7.157872200012207031e+00
7.536030769348144531e+00
7.894668102264404297e+00
8.234552383422851562e+00
8.554968833923339844e+00
8.856688499450683594e+00
9.138998985290527344e+00
9.401925086975097656e+00
9.645499229431152344e+00
9.869747161865234375e+00
1.007469844818115234e+01
1.025963878631591797e+01
1.042533874511718750e+01
1.057182788848876953e+01
1.069913387298583984e+01
1.080654335021972656e+01
1.089408302307128906e+01
1.096252536773681641e+01
1.101115703582763672e+01
1.104074764251708984e+01
1.105132579803466797e+01
1.104217910766601562e+01
1.101333427429199219e+01
1.096556282043457031e+01
1.089889335632324219e+01
1.081261253356933594e+01
1.070748996734619141e+01
1.058355522155761719e+01
1.044083786010742188e+01
1.028010749816894531e+01
1.009990787506103516e+01
9.901752471923828125e+00
9.685670852661132812e+00
9.451691627502441406e+00
9.199099540710449219e+00
8.929409027099609375e+00
8.641905784606933594e+00
8.336618423461914062e+00
8.014319419860839844e+00
7.674293041229248047e+00
7.317310810089111328e+00
6.944145202636718750e+00
6.554080963134765625e+00
6.147889614105224609e+00
5.725600719451904297e+00
5.287240982055664062e+00
4.832840919494628906e+00
4.363913536071777344e+00
3.879002094268798828e+00
3.378877639770507812e+00
2.864386796951293945e+00
2.335186004638671875e+00
1.791748762130737305e+00
1.234320878982543945e+00
6.632219552993774414e-01
7.884548604488372803e-02
-5.187121629714965820e-01
-1.128908753395080566e+00
-1.751647710800170898e+00
-2.386535882949829102e+00
-3.033253431320190430e+00
-3.691481351852416992e+00
-4.360974311828613281e+00
-5.041420936584472656e+00
-5.732479572296142578e+00
-6.433853149414062500e+00
-7.145214080810546875e+00
-7.866244316101074219e+00
-8.596475601196289062e+00
-9.335736274719238281e+00
-1.008348560333251953e+01
-1.083955097198486328e+01
-1.160354042053222656e+01
-1.237506008148193359e+01
-1.315379047393798828e+01
-1.393948650360107422e+01
-1.473153114318847656e+01
-1.552923488616943359e+01
-1.633331680297851562e+01
-1.714226913452148438e+01
-1.795681571960449219e+01
-1.877618789672851562e+01
-1.959887886047363281e+01
-2.042635154724121094e+01
-2.125709915161132812e+01
-2.209110069274902344e+01
-2.292833137512207031e+01
-2.376802635192871094e+01
-2.460942268371582031e+01
-2.545249557495117188e+01
-2.629648208618164062e+01
-2.714210319519042969e+01
-2.798859024047851562e+01
-2.883444023132324219e+01
-2.968037033081054688e+01
-3.052561759948730469e+01
-3.137015724182128906e+01
-3.221322631835937500e+01
-3.305480194091796875e+01
-3.389411926269531250e+01
-3.473189926147460938e+01
-3.556589126586914062e+01
-3.639756393432617188e+01
-3.722468566894531250e+01
-3.804875183105468750e+01
-3.886901473999023438e+01
-3.968474960327148438e+01
-4.049520492553710938e+01
-4.130039215087890625e+01
-4.210105514526367188e+01
-4.289496994018554688e+01
-4.368363189697265625e+01
-4.446555328369140625e+01
-4.524074172973632812e+01
-4.600920104980468750e+01
-4.676945114135742188e+01
-4.752297973632812500e+01
-4.826830673217773438e+01
-4.900543212890625000e+01
-4.973362731933593750e+01
-5.045363235473632812e+01
-5.116396713256835938e+01
-5.186463546752929688e+01
-5.255564498901367188e+01
-5.323699569702148438e+01
-5.390869522094726562e+01
-5.456926345825195312e+01
-5.521870040893554688e+01
-5.585775375366210938e+01
-5.648493957519531250e+01
-5.710102462768554688e+01
-5.770598602294921875e+01
-5.829761505126953125e+01
-5.887813568115234375e+01
-5.944607925415039062e+01
-6.000070190429687500e+01
-6.054274749755859375e+01
-6.107147979736328125e+01
-6.158689498901367188e+01
-6.208901596069335938e+01
-6.257709121704101562e+01
-6.305186843872070312e+01
-6.351186752319335938e+01
-6.395784378051757812e+01
-6.438905334472656250e+01
-6.480622863769531250e+01
-6.520790863037109375e+01
-6.559484100341796875e+01
-6.596627044677734375e+01
-6.632295227050781250e+01
-6.666341400146484375e+01
-6.698839569091796875e+01
-6.729790496826171875e+01
-6.759196472167968750e+01
-6.786985015869140625e+01
-6.813233947753906250e+01
-6.837796783447265625e+01
-6.860824584960937500e+01
-6.882244873046875000e+01
-6.902061462402343750e+01
-6.920202636718750000e+01
-6.936743164062500000e+01
-6.951687622070312500e+01
-6.964889526367187500e+01
-6.976573944091796875e+01
-6.986593627929687500e+01
-6.994878387451171875e+01
-7.001653289794921875e+01
-7.006698608398437500e+01
-7.010163116455078125e+01
-7.011903381347656250e+01
-7.012069702148437500e+01
-7.010588836669921875e+01
-7.007465362548828125e+01
-7.002774047851562500e+01
-6.996370697021484375e+01
-6.988405609130859375e+01
-6.978807067871093750e+01
-6.967651367187500000e+01
-6.954867553710937500e+01
-6.940457153320312500e+01
-6.924497222900390625e+01
-6.906916809082031250e+01
-6.887718200683593750e+01
-6.866977691650390625e+01
-6.844697570800781250e+01
-6.820881652832031250e+01
-6.795530700683593750e+01
-6.768648529052734375e+01
-6.740236663818359375e+01
-6.710372924804687500e+01
-6.679059600830078125e+01
-6.646223449707031250e+01
-6.611943054199218750e+01
-6.576294708251953125e+01
-6.539207458496093750e+01
-6.500681304931640625e+01
-6.460795593261718750e+01
-6.419551086425781250e+01
-6.376877212524414062e+01
-6.332925033569335938e+01
-6.287621688842773438e+01
-6.241044998168945312e+01
-6.193196487426757812e+01
-6.144079589843750000e+01
-6.093696212768554688e+01
-6.042122268676757812e+01
-5.989361953735351562e+01
-5.935415267944335938e+01
-5.880360794067382812e+01
-5.824126052856445312e+01
-5.766787338256835938e+01
-5.708347702026367188e+01
-5.648809432983398438e+01
-5.588322448730468750e+01
-5.526742172241210938e+01
-5.464218139648437500e+01
-5.400753402709960938e+01
-5.336350631713867188e+01
-5.271011734008789062e+01
-5.204813385009765625e+01
-5.137758255004882812e+01
-5.069922637939453125e+01
-5.001235198974609375e+01
-4.931771850585937500e+01
-4.861609649658203125e+01
-4.790751266479492188e+01
-4.719124603271484375e+01
-4.646880722045898438e+01
-4.574021911621093750e+01
-4.500476074218750000e+01
-4.426468276977539062e+01
-4.351853179931640625e+01
-4.276706695556640625e+01
-4.201031494140625000e+01
-4.124978637695312500e+01
-4.048401641845703125e+01
-3.971525955200195312e+01
-3.894205093383789062e+01
-3.816590881347656250e+01
-3.738610458374023438e+01
-3.660340881347656250e+01
-3.581858825683593750e+01
-3.503166580200195312e+01
-3.424192428588867188e+01
-3.345087432861328125e+01
-3.265853500366210938e+01
-3.186493682861328125e+01
-3.107083702087402344e+01
-3.027626800537109375e+01
-2.948125076293945312e+01
-2.868581199645996094e+01
-2.789145088195800781e+01
-2.709818077087402344e+01
-2.630525779724121094e+01
-2.551342964172363281e+01
-2.472344017028808594e+01
-2.393603897094726562e+01
-2.314974021911621094e+01
-2.236603546142578125e+01
-2.158492279052734375e+01
-2.080640983581542969e+01
-2.003124046325683594e+01
-1.925941848754882812e+01
-1.849168968200683594e+01
-1.772731399536132812e+01
-1.696703720092773438e+01
-1.621086120605468750e+01
-1.546027946472167969e+01
-1.471380233764648438e+01
-1.397292423248291016e+01
-1.323690032958984375e+01
-1.250722408294677734e+01
-1.178315353393554688e+01
-1.106543350219726562e+01
-1.035332584381103516e+01
-9.648319244384765625e+00
-8.950415611267089844e+00
-8.258874893188476562e+00
-7.575187206268310547e+00
-6.898612022399902344e+00
-6.229895114898681641e+00
-5.569039821624755859e+00
-4.916271209716796875e+00
-4.271964550018310547e+00
-3.636197090148925781e+00
-3.009119749069213867e+00
-2.390958547592163086e+00
-1.781939744949340820e+00
-1.182214736938476562e+00
-5.920093059539794922e-01
-1.147490646690130234e-02
5.591624379158020020e-01
1.119825601577758789e+00
1.670288681983947754e+00
2.210333347320556641e+00
2.739852428436279297e+00
3.258664608001708984e+00
3.766663074493408203e+00
4.263629436492919922e+00
4.749486923217773438e+00
5.224082946777343750e+00
5.687344551086425781e+00
6.138987541198730469e+00
6.579029083251953125e+00
7.007412910461425781e+00
7.423931598663330078e+00
7.828603744506835938e+00
8.221222877502441406e+00
8.601731300354003906e+00
8.970147132873535156e+00
9.326264381408691406e+00
9.670172691345214844e+00
1.000166893005371094e+01
1.032054615020751953e+01
1.062778568267822266e+01
1.092214393615722656e+01
1.120363712310791016e+01
1.147302532196044922e+01
1.173032569885253906e+01
1.197406959533691406e+01
1.220575904846191406e+01
1.242541217803955078e+01
1.263155937194824219e+01
1.282570457458496094e+01
1.300637722015380859e+01
1.317508316040039062e+01
1.333109378814697266e+01
1.347368526458740234e+01
1.360435867309570312e+01
1.372239112854003906e+01
1.382779502868652344e+01
1.392059135437011719e+01
1.400079727172851562e+01
1.406916999816894531e+01
1.412424373626708984e+01
1.416751956939697266e+01
1.419827270507812500e+01
1.421651840209960938e+01
1.422302055358886719e+01
1.421704864501953125e+01
1.419862270355224609e+01
1.416850090026855469e+01
1.412670230865478516e+01
1.407250118255615234e+01
1.400665569305419922e+01
1.392844200134277344e+01
1.383861827850341797e+01
1.373794555664062500e+01
1.362569713592529297e+01
1.350189208984375000e+01
1.336654567718505859e+01
1.322041988372802734e+01
1.306353092193603516e+01
1.289589786529541016e+01
1.271679496765136719e+01
1.252772712707519531e+01
1.232796955108642578e+01
1.211828327178955078e+01
1.189794254302978516e+01
1.166770935058593750e+01
1.142760276794433594e+01
1.117763900756835938e+01
1.091783714294433594e+01
1.064895725250244141e+01
1.037101936340332031e+01
1.008329772949218750e+01
9.787295341491699219e+00
9.482290267944335938e+00
9.168296813964843750e+00
8.846078872680664062e+00
8.515653610229492188e+00
8.177782058715820312e+00
7.831144809722900391e+00
7.477098464965820312e+00
7.115437030792236328e+00
6.746550559997558594e+00
6.370531558990478516e+00
5.987621307373046875e+00
5.597986221313476562e+00
5.201867580413818359e+00
4.799505710601806641e+00
4.390993595123291016e+00
3.976572513580322266e+00
3.556483030319213867e+00
3.130817651748657227e+00
2.699891805648803711e+00
2.263872385025024414e+00
1.822851657867431641e+00
1.377145051956176758e+00
9.269933104515075684e-01
4.725485742092132568e-01
1.402954012155532837e-02
-4.483525156974792480e-01
-9.143565893173217773e-01
-1.383860468864440918e+00
-1.856511592864990234e+00
-2.332143545150756836e+00
-2.810589075088500977e+00
-3.291533470153808594e+00
-3.774883985519409180e+00
-4.260324478149414062e+00
-4.747766971588134766e+00
-5.236831665039062500e+00
-5.727441310882568359e+00
-6.219368457794189453e+00
-6.712461471557617188e+00
-7.206568241119384766e+00
-7.701311588287353516e+00
-8.196615219116210938e+00
-8.692325592041015625e+00
-9.188217163085937500e+00
-9.683541297912597656e+00
-1.017903709411621094e+01
-1.067396068572998047e+01
-1.116830444335937500e+01
-1.166132354736328125e+01
-1.215301322937011719e+01
-1.264411449432373047e+01
-1.313313484191894531e+01
-1.362081527709960938e+01
-1.410640716552734375e+01
-1.458990859985351562e+01
-1.507131576538085938e+01
-1.555062198638916016e+01
-1.602708244323730469e+01
-1.650069427490234375e+01
-1.697145271301269531e+01
-1.743861007690429688e+01
-1.790290641784667969e+01
-1.836359214782714844e+01
-1.882066917419433594e+01
-1.927338600158691406e+01
-1.972248268127441406e+01
-2.016721153259277344e+01
-2.060757255554199219e+01
-2.104355621337890625e+01
-2.147441864013671875e+01
-2.190089988708496094e+01
-2.232225227355957031e+01
-2.273847198486328125e+01
-2.314955520629882812e+01
-2.355475234985351562e+01
-2.395406532287597656e+01
-2.434822845458984375e+01
-2.473649597167968750e+01
-2.511886405944824219e+01
-2.549458503723144531e+01
-2.586365890502929688e+01
-2.622682189941406250e+01
-2.658406829833984375e+01
-2.693391227722167969e+01
-2.727709388732910156e+01
-2.761287307739257812e+01
-2.794201278686523438e+01
-2.826451301574707031e+01
-2.857890701293945312e+01
-2.888668441772460938e+01
-2.918711662292480469e+01
-2.948021316528320312e+01
-2.976523780822753906e+01
-3.004294967651367188e+01
-3.031335449218750000e+01
-3.057571983337402344e+01
-3.083005905151367188e+01
-3.107638168334960938e+01
-3.131543540954589844e+01
-3.154649543762207031e+01
-3.176882553100585938e+01
-3.198391914367675781e+01
-3.219030761718750000e+01
-3.238799285888671875e+01
-3.257847595214843750e+01
-3.276028060913085938e+01
-3.293341827392578125e+01
-3.309864044189453125e+01
-3.325521469116210938e+01
-3.340389633178710938e+01
-3.354394531250000000e+01
-3.367538070678710938e+01
-3.379895401000976562e+01
-3.391392898559570312e+01
-3.402031707763671875e+01
-3.411887359619140625e+01
-3.420812225341796875e+01
-3.428955841064453125e+01
-3.436244964599609375e+01
-3.442680358886718750e+01
-3.448263549804687500e+01
-3.452995300292968750e+01
-3.456876373291015625e+01
-3.459983062744140625e+01
-3.462240982055664062e+01
-3.463651657104492188e+01
-3.464215850830078125e+01
-3.464009475708007812e+01
-3.462958908081054688e+01
-3.461064910888671875e+01
-3.458403015136718750e+01
-3.454899978637695312e+01
-3.450556945800781250e+01
-3.445449447631835938e+01
-3.439577865600585938e+01
-3.432869338989257812e+01
-3.425400161743164062e+01
-3.417170715332031250e+01
-3.408182907104492188e+01
-3.398437500000000000e+01
-3.387936401367187500e+01
-3.376680374145507812e+01
-3.364745330810546875e+01
-3.352057647705078125e+01
-3.338619232177734375e+01
-3.324505615234375000e+01
-3.309718322753906250e+01
-3.294183349609375000e+01
-3.278051376342773438e+01
-3.261174774169921875e+01
-3.243703842163085938e+01
-3.225565338134765625e+01
-3.206760406494140625e+01
-3.187364768981933594e+01
-3.167305183410644531e+01
-3.146731758117675781e+01
-3.125497055053710938e+01
-3.103751564025878906e+01
-3.081346702575683594e+01
-3.058507919311523438e+01
-3.035012626647949219e+01
-3.011085891723632812e+01
-2.986579513549804688e+01
-2.961569976806640625e+01
-2.936132049560546875e+01
-2.910119056701660156e+01
-2.883680534362792969e+01
-2.856817436218261719e+01
-2.829457855224609375e+01
-2.801750564575195312e+01
-2.773548316955566406e+01
-2.745001792907714844e+01
-2.716037559509277344e+01
-2.686730957031250000e+01
-2.657083511352539062e+01
-2.627096557617187500e+01
-2.596771049499511719e+01
-2.566108703613281250e+01
-2.535184860229492188e+01
-2.504000663757324219e+01
-2.472483444213867188e+01
-2.440782928466796875e+01
-2.408751869201660156e+01
-2.376539993286132812e+01
-2.344148635864257812e+01
-2.311503601074218750e+01
-2.278754043579101562e+01
-2.245751571655273438e+01
-2.212645149230957031e+01
-2.179434776306152344e+01
-2.146046447753906250e+01
-2.112554931640625000e+01
-2.078960609436035156e+01
-2.045263481140136719e+01
-2.011538124084472656e+01
-1.977710533142089844e+01
-1.943855476379394531e+01
-1.909973144531250000e+01
-1.876063537597656250e+01
-1.842201614379882812e+01
-1.808312988281250000e+01
-1.774472427368164062e+01
-1.740680313110351562e+01
-1.706936645507812500e+01
-1.673241806030273438e+01
-1.639670562744140625e+01
-1.606148529052734375e+01
-1.572824764251708984e+01
-1.539550876617431641e+01
-1.506401634216308594e+01
-1.473451328277587891e+01
-1.440626144409179688e+01
-1.408000564575195312e+01
-1.375500488281250000e+01
-1.343274784088134766e+01
-1.311249637603759766e+01
-1.279425048828125000e+01
-1.247875785827636719e+01
-1.216527652740478516e+01
-1.185455417633056641e+01
-1.154659175872802734e+01
-1.124213600158691406e+01
-1.093970203399658203e+01
-1.064078044891357422e+01
-1.034537410736083984e+01
-1.005274009704589844e+01
-9.763626098632812500e+00
-9.478034973144531250e+00
-9.195968627929687500e+00
-8.918173789978027344e+00
-8.643908500671386719e+00
-8.373175621032714844e+00
-8.106722831726074219e+00
-7.844551086425781250e+00
-7.586662292480468750e+00
-7.333048343658447266e+00
-7.084444046020507812e+00
-6.839354038238525391e+00
-6.599182605743408203e+00
-6.363622188568115234e+00
-6.132813453674316406e+00
-5.906672954559326172e+00
-5.685415267944335938e+00
-5.469031333923339844e+00
-5.257586479187011719e+00
-5.051220417022705078e+00
-4.849850177764892578e+00
-4.653615474700927734e+00
-4.462508201599121094e+00
-4.276741504669189453e+00
-4.096158027648925781e+00
-3.920898675918579102e+00
-3.751027584075927734e+00
-3.586536884307861328e+00
-3.427565813064575195e+00
-3.274031400680541992e+00
-3.125999212265014648e+00
-2.983534812927246094e+00
-2.846703529357910156e+00
-2.715422391891479492e+00
-2.589756965637207031e+00
-2.469846487045288086e+00
-2.355534315109252930e+00
-2.246885538101196289e+00
-2.143965482711791992e+00
-2.046839952468872070e+00
-1.955351591110229492e+00
-1.869714379310607910e+00
-1.789696216583251953e+00
-1.715511679649353027e+00
-1.647077679634094238e+00
-1.584385037422180176e+00
-1.527499556541442871e+00
-1.476337909698486328e+00
-1.430891394615173340e+00
-1.391225576400756836e+00
-1.357257127761840820e+00
-1.329051613807678223e+00
-1.306526064872741699e+00
-1.289671540260314941e+00
-1.278523802757263184e+00
-1.272999763488769531e+00
-1.273097991943359375e+00
-1.278787493705749512e+00
-1.290044188499450684e+00
-1.306850314140319824e+00
-1.329158186912536621e+00
-1.356942415237426758e+00
-1.390147566795349121e+00
-1.428755879402160645e+00
-1.472712039947509766e+00
-1.521990537643432617e+00
-1.576536297798156738e+00
-1.636301517486572266e+00
-1.701253414154052734e+00
-1.771217584609985352e+00
-1.846235752105712891e+00
-1.926222801208496094e+00
-2.011094093322753906e+00
-2.100838661193847656e+00
-2.195297718048095703e+00
-2.294534444808959961e+00
-2.398315668106079102e+00
-2.506705284118652344e+00
-2.619617938995361328e+00
-2.736968755722045898e+00
-2.858673095703125000e+00
-2.984645843505859375e+00
-3.114802122116088867e+00
-3.249131679534912109e+00
-3.387474775314331055e+00
-3.529746532440185547e+00
-3.675936460494995117e+00
-3.825960159301757812e+00
-3.979657888412475586e+00
-4.136944770812988281e+00
-4.297809600830078125e+00
-4.462094783782958984e+00
-4.629787921905517578e+00
-4.800731182098388672e+00
-4.974913120269775391e+00
-5.152100563049316406e+00
-5.332356929779052734e+00
-5.515523433685302734e+00
-5.701440334320068359e+00
-5.890097618103027344e+00
-6.081261157989501953e+00
-6.274994850158691406e+00
-6.471139430999755859e+00
-6.669536113739013672e+00
-6.870099544525146484e+00
-7.072819709777832031e+00
-7.277536869049072266e+00
-7.484090805053710938e+00
-7.692549228668212891e+00
-7.902681827545166016e+00
-8.114413261413574219e+00
-8.327591896057128906e+00
-8.542288780212402344e+00
-8.758277893066406250e+00
-8.975481986999511719e+00
-9.193749427795410156e+00
-9.413151741027832031e+00
-9.633462905883789062e+00
-9.854828834533691406e+00
-1.007650279998779297e+01
-1.029848289489746094e+01
-1.052150917053222656e+01
-1.074483489990234375e+01
-1.096845722198486328e+01
-1.119237327575683594e+01
-1.141658020019531250e+01
-1.164107418060302734e+01
-1.186511135101318359e+01
-1.208868694305419922e+01
-1.231254196166992188e+01
-1.253518581390380859e+01
-1.275810337066650391e+01
-1.298054885864257812e+01
-1.320177459716796875e+01
-1.342252159118652344e+01
-1.364278602600097656e+01
-1.386182308197021484e+01
-1.407963180541992188e+01
-1.429620361328125000e+01
-1.451153945922851562e+01
-1.472563648223876953e+01
-1.493849086761474609e+01
-1.515009880065917969e+01
-1.535971546173095703e+01
-1.556733798980712891e+01
-1.577370738983154297e+01
-1.597807502746582031e+01
-1.618043708801269531e+01
-1.638079643249511719e+01
-1.657914543151855469e+01
-1.677548217773437500e+01
-1.696905899047851562e+01
-1.715987586975097656e+01
-1.734941482543945312e+01
-1.753544425964355469e+01
-1.771944618225097656e+01
-1.789993095397949219e+01
-1.807838249206542969e+01
-1.825331497192382812e+01
-1.842621612548828125e+01
-1.859560966491699219e+01
-1.876149559020996094e+01
-1.892537117004394531e+01
-1.908501243591308594e+01
-1.924190902709960938e+01
-1.939532661437988281e+01
-1.954601287841796875e+01
-1.969322776794433594e+01
-1.983624076843261719e+01
-1.997653770446777344e+01
-2.011264228820800781e+01
-2.024530220031738281e+01
-2.037452125549316406e+01
-2.050031089782714844e+01
-2.062192916870117188e+01
-2.074012565612792969e+01
-2.085416603088378906e+01
-2.096479606628417969e+01
-2.107128143310546875e+01
-2.117362594604492188e+01
-2.127257919311523438e+01
-2.136740303039550781e+01
-2.145810699462890625e+01
-2.154469299316406250e+01
-2.162717056274414062e+01
-2.170554161071777344e+01
-2.177981567382812500e+01
-2.184999656677246094e+01
-2.191534996032714844e+01
-2.197736167907714844e+01
-2.203530311584472656e+01
-2.208843040466308594e+01
-2.213749504089355469e+01
-2.218250274658203125e+01
-2.222271919250488281e+01
-2.225888824462890625e+01
-2.229101943969726562e+01
-2.231911659240722656e+01
-2.234244537353515625e+01
-2.236175155639648438e+01
-2.237630081176757812e+01
-2.238684082031250000e+01
-2.239337730407714844e+01
-2.239517402648925781e+01
-2.239298057556152344e+01
-2.238605499267578125e+01
-2.237515258789062500e+01
-2.235953521728515625e+01
-2.233995056152343750e+01
-2.231640434265136719e+01
-2.228816795349121094e+01
-2.225599288940429688e+01
-2.221914100646972656e+01
-2.217911148071289062e+01
-2.213368225097656250e+01
-2.208509254455566406e+01
-2.203186607360839844e+01
-2.197475433349609375e+01
-2.191302108764648438e+01
-2.184741973876953125e+01
-2.177870368957519531e+01
-2.170465469360351562e+01
-2.162750434875488281e+01
-2.154652404785156250e+01
-2.146172332763671875e+01
-2.137310791015625000e+01
-2.127994537353515625e+01
-2.118373107910156250e+01
-2.108447456359863281e+01
-2.098069763183593750e+01
-2.087389564514160156e+01
-2.076333808898925781e+01
-2.064902687072753906e+01
-2.053172111511230469e+01
-2.041068267822265625e+01
-2.028666496276855469e+01
-2.015893363952636719e+01
-2.002824211120605469e+01
-1.989459609985351562e+01
-1.975801086425781250e+01
-1.961774635314941406e+01
-1.947455787658691406e+01
-1.932919692993164062e+01
-1.918018722534179688e+01
-1.902827644348144531e+01
-1.887422370910644531e+01
-1.871729087829589844e+01
-1.855748558044433594e+01
-1.839556312561035156e+01
-1.823079109191894531e+01
-1.806317329406738281e+01
-1.789346504211425781e+01
-1.772167587280273438e+01
-1.754781341552734375e+01
-1.737188529968261719e+01
-1.719316101074218750e+01
-1.701313591003417969e+01
-1.683107185363769531e+01
-1.664698028564453125e+01
-1.646086692810058594e+01
-1.627273178100585938e+01
-1.608332633972167969e+01
-1.589265155792236328e+01
-1.569996929168701172e+01
-1.550602722167968750e+01
-1.531082916259765625e+01
-1.511437892913818359e+01
-1.491593647003173828e+01
-1.471699428558349609e+01
-1.451681232452392578e+01
-1.431539344787597656e+01
-1.411274147033691406e+01
-1.390960502624511719e+01
-1.370598888397216797e+01
-1.350115013122558594e+01
-1.329584026336669922e+01
-1.308931827545166016e+01
-1.288307476043701172e+01
-1.267636966705322266e+01
-1.246846389770507812e+01
-1.226084995269775391e+01
-1.205278682708740234e+01
-1.184427833557128906e+01
-1.163607215881347656e+01
-1.142817211151123047e+01
-1.121983909606933594e+01
-1.101182079315185547e+01
-1.080337810516357422e+01
-1.059599971771240234e+01
-1.038820648193359375e+01
-1.018148517608642578e+01
-9.975098609924316406e+00
-9.769050598144531250e+00
-9.563344955444335938e+00
-9.358728408813476562e+00
-9.155205726623535156e+00
-8.952037811279296875e+00
-8.749971389770507812e+00
-8.548266410827636719e+00
-8.348415374755859375e+00
-8.148934364318847656e+00
-7.950571060180664062e+00
-7.754072666168212891e+00
-7.558699607849121094e+00
-7.364456176757812500e+00
-7.172090053558349609e+00
-6.980117797851562500e+00
-6.790773868560791016e+00
-6.602648735046386719e+00
-6.416112422943115234e+00
-6.231309413909912109e+00
-6.048311710357666016e+00
-5.867115974426269531e+00
-5.687719345092773438e+00
-5.510266780853271484e+00
-5.334755897521972656e+00
-5.161182403564453125e+00
-4.989767074584960938e+00
-4.820431709289550781e+00
-4.653173923492431641e+00
-4.488213062286376953e+00
-4.325397491455078125e+00
-4.164872646331787109e+00
-4.006635665893554688e+00
-3.850831508636474609e+00
-3.697308778762817383e+00
-3.546287059783935547e+00
-3.397689104080200195e+00
-3.251586198806762695e+00
-3.108049154281616211e+00
-2.967074871063232422e+00
-2.828660249710083008e+00
-2.692876815795898438e+00
-2.559795618057250977e+00
-2.429413080215454102e+00
-2.301726341247558594e+00
-2.176732301712036133e+00
-2.054576635360717773e+00
-1.935255765914916992e+00
-1.818692564964294434e+00
-1.705032229423522949e+00
-1.594197630882263184e+00
-1.486259818077087402e+00
-1.381289958953857422e+00
-1.279210567474365234e+00
-1.180092811584472656e+00
-1.084007978439331055e+00
-9.908784031867980957e-01
-9.007755517959594727e-01
-8.136216998100280762e-01
-7.295624017715454102e-01
-6.485203504562377930e-01
-5.705665349960327148e-01
-4.956236183643341064e-01
-4.237627685070037842e-01
-3.549807667732238770e-01
-2.892745137214660645e-01
-2.266409099102020264e-01
-1.671134531497955322e-01
-1.106792315840721130e-01
-5.735456943511962891e-02
-7.118619047105312347e-03
4.002715647220611572e-02
8.409616351127624512e-02
1.250869482755661011e-01
1.630128920078277588e-01
1.978725641965866089e-01
2.296867668628692627e-01
2.584615051746368408e-01
2.842027544975280762e-01
3.069313168525695801e-01
3.266591429710388184e-01
3.433966338634490967e-01
3.571564853191375732e-01
3.679546713829040527e-01
3.758131563663482666e-01
3.807583451271057129e-01
3.828144371509552002e-01
3.820074498653411865e-01
3.783619105815887451e-01
3.719031512737274170e-01
3.626571595668792725e-01
3.506492972373962402e-01
3.359055817127227783e-01
3.184527158737182617e-01
2.983168661594390869e-01
2.755232155323028564e-01
2.500986158847808838e-01
2.220705300569534302e-01
1.914721280336380005e-01
1.583386659622192383e-01
1.227047592401504517e-01
8.460646867752075195e-02
4.407652094960212708e-02
1.145417219959199429e-03
-4.413628950715065002e-02
-9.174776077270507812e-02
-1.416458785533905029e-01
-1.937949210405349731e-01
-2.481592297554016113e-01
-3.047030568122863770e-01
-3.633833229541778564e-01
-4.241717457771301270e-01
-4.870103299617767334e-01
-5.518708229064941406e-01
-6.186951994895935059e-01
-6.874477267265319824e-01
-7.580705285072326660e-01
-8.305060267448425293e-01
-9.047800898551940918e-01
-9.807779788970947266e-01
-1.058496475219726562e+00
-1.137857794761657715e+00
-1.218858599662780762e+00
-1.301421403884887695e+00
-1.385542631149291992e+00
-1.471145033836364746e+00
-1.558224916458129883e+00
-1.646704792976379395e+00
-1.736506938934326172e+00
-1.827628374099731445e+00
-1.919991016387939453e+00
-2.013591766357421875e+00
-2.108278512954711914e+00
-2.204122543334960938e+00
-2.301045894622802734e+00
-2.398971080780029297e+00
-2.497895002365112305e+00
-2.597739458084106445e+00
-2.698353052139282227e+00
-2.799880504608154297e+00
-2.902170658111572266e+00
-3.005145311355590820e+00
-3.108801126480102539e+00
-3.213060855865478516e+00
-3.317920923233032227e+00
-3.423229217529296875e+00
-3.529131412506103516e+00
-3.635326147079467773e+00
-3.742034196853637695e+00
-3.848954200744628906e+00
-3.956157445907592773e+00
-4.063640594482421875e+00
-4.171251296997070312e+00
-4.278986454010009766e+00
-4.386843681335449219e+00
-4.494669437408447266e+00
-4.602461338043212891e+00
-4.710216045379638672e+00
-4.817855358123779297e+00
-4.925302505493164062e+00
-5.032478809356689453e+00
-5.139456272125244141e+00
-5.246156692504882812e+00
-5.352427959442138672e+00
-5.458341121673583984e+00
-5.563745021820068359e+00
-5.668709754943847656e+00
-5.773084640502929688e+00
-5.876944065093994141e+00
-5.980141639709472656e+00
-6.082677841186523438e+00
-6.184480190277099609e+00
-6.285624027252197266e+00
-6.385962486267089844e+00
-6.485422134399414062e+00
-6.584079265594482422e+00
-6.681860446929931641e+00
-6.778692722320556641e+00
-6.874577522277832031e+00
-6.969442844390869141e+00
-7.063288211822509766e+00
-7.156041622161865234e+00
-7.247778892517089844e+00
-7.338353157043457031e+00
-7.427690982818603516e+00
-7.515941143035888672e+00
-7.602884769439697266e+00
-7.688594818115234375e+00
-7.772999763488769531e+00
-7.856100559234619141e+00
-7.937899112701416016e+00
-8.018396377563476562e+00
-8.096925735473632812e+00
-8.174527168273925781e+00
-8.251201629638671875e+00
-8.325468063354492188e+00
-8.398810386657714844e+00
-8.470487594604492188e+00
-8.540502548217773438e+00
-8.608855247497558594e+00
-8.675547599792480469e+00
-8.740579605102539062e+00
-8.804697036743164062e+00
-8.866415977478027344e+00
-8.926479339599609375e+00
-8.984889030456542969e+00
-9.041646003723144531e+00
-9.096751213073730469e+00
-9.150207519531250000e+00
-9.202014923095703125e+00
-9.251433372497558594e+00
-9.299204826354980469e+00
-9.345333099365234375e+00
-9.389817237854003906e+00
-9.432661056518554688e+00
-9.473120689392089844e+00
-9.511942863464355469e+00
-9.548383712768554688e+00
-9.583934783935546875e+00
-9.617112159729003906e+00
-9.647921562194824219e+00
-9.677108764648437500e+00
-9.704677581787109375e+00
-9.730633735656738281e+00
-9.754235267639160156e+00
-9.775488853454589844e+00
-9.795139312744140625e+00
-9.813191413879394531e+00
-9.829648971557617188e+00
-9.843772888183593750e+00
-9.855566978454589844e+00
-9.865778923034667969e+00
-9.874411582946777344e+00
-9.880725860595703125e+00
-9.885469436645507812e+00
-9.888646125793457031e+00
-9.889516830444335938e+00
-9.888084411621093750e+00
-9.885096549987792969e+00
-9.880558013916015625e+00
-9.874471664428710938e+00
-9.866097450256347656e+00
-9.856185913085937500e+00
-9.843993186950683594e+00
-9.830268859863281250e+00
-9.815017700195312500e+00
-9.797497749328613281e+00
-9.778459548950195312e+00
-9.757904052734375000e+00
-9.735836029052734375e+00
-9.711516380310058594e+00
-9.686434745788574219e+00
-9.659110069274902344e+00
-9.629546165466308594e+00
-9.599231719970703125e+00
-9.566685676574707031e+00
-9.533397674560546875e+00
-9.497885704040527344e+00
-9.460895538330078125e+00
-9.422432899475097656e+00
-9.382500648498535156e+00
-9.341102600097656250e+00
-9.298243522644042969e+00
-9.253926277160644531e+00
-9.208898544311523438e+00
-9.161678314208984375e+00
-9.113012313842773438e+00
-9.063646316528320312e+00
-9.012098312377929688e+00
-8.959856033325195312e+00
-8.906178474426269531e+00
-8.851811408996582031e+00
-8.795271873474121094e+00
-8.738047599792480469e+00
-8.680140495300292969e+00
-8.620810508728027344e+00
-8.560060501098632812e+00
-8.498635292053222656e+00
-8.435792922973632812e+00
-8.371538162231445312e+00
-8.307357788085937500e+00
-8.241768836975097656e+00
-8.174773216247558594e+00
-8.107117652893066406e+00
-8.038803100585937500e+00
-7.969832420349121094e+00
-7.900207996368408203e+00
-7.829188346862792969e+00
-7.757520675659179688e+00
-7.685205936431884766e+00
-7.612246513366699219e+00
-7.538645267486572266e+00
-7.465147972106933594e+00
-7.390047073364257812e+00
-7.314757823944091797e+00
-7.238910198211669922e+00
-7.162654876708984375e+00
-7.085846900939941406e+00
-7.008636474609375000e+00
-6.931025981903076172e+00
-6.853017807006835938e+00
-6.774762630462646484e+00
-6.696115016937255859e+00
-6.617225646972656250e+00
-6.538096427917480469e+00
-6.458804607391357422e+00
-6.379352092742919922e+00
-6.299741744995117188e+00
-6.220050334930419922e+00
-6.140279293060302734e+00
-6.060431957244873047e+00
-5.980659008026123047e+00
-5.900888442993164062e+00
-5.821122646331787109e+00
-5.741512298583984375e+00
-5.661985874176025391e+00
-5.582620620727539062e+00
-5.503417491912841797e+00
-5.424450397491455078e+00
-5.345718383789062500e+00
-5.267220497131347656e+00
-5.189030170440673828e+00
-5.111145973205566406e+00
-5.033641815185546875e+00
-4.956441879272460938e+00
-4.879693508148193359e+00
-4.803322315216064453e+00
-4.727474689483642578e+00
-4.652001380920410156e+00
-4.577051162719726562e+00
-4.502695560455322266e+00
-4.428785324096679688e+00
-4.355468750000000000e+00
-4.282744884490966797e+00
-4.210685729980468750e+00
-4.139291763305664062e+00
-4.068486690521240234e+00
-3.998418569564819336e+00
-3.929011583328247070e+00
-3.860413789749145508e+00
-3.792549610137939453e+00
-3.725417852401733398e+00
-3.659092187881469727e+00
-3.593571424484252930e+00
-3.528928756713867188e+00
-3.465163469314575195e+00
-3.402199506759643555e+00
-3.340185165405273438e+00
-3.279118776321411133e+00
-3.218925714492797852e+00
-3.159678936004638672e+00
-3.101451635360717773e+00
-3.044168710708618164e+00
-2.987902879714965820e+00
-2.932579278945922852e+00
-2.878420114517211914e+00
-2.825200557708740234e+00
-2.773068904876708984e+00
-2.722023725509643555e+00
-2.672064304351806641e+00
-2.623189210891723633e+00
-2.575472116470336914e+00
-2.528837442398071289e+00
-2.483358621597290039e+00
-2.439034700393676758e+00
-2.395864248275756836e+00
-2.353846311569213867e+00
-2.313054323196411133e+00
-2.273411035537719727e+00
-2.234988451004028320e+00
-2.197708845138549805e+00
-2.161718368530273438e+00
-2.126865863800048828e+00
-2.093297004699707031e+00
-2.060934782028198242e+00
-2.029850482940673828e+00
-1.999892711639404297e+00
-1.971282005310058594e+00
-1.943866610527038574e+00
-1.917643904685974121e+00
-1.892759680747985840e+00
-1.869062542915344238e+00
-1.846624135971069336e+00
-1.825367450714111328e+00
-1.805437922477722168e+00
-1.786684393882751465e+00
-1.769252896308898926e+00
-1.752991795539855957e+00
-1.737972736358642578e+00
-1.724192976951599121e+00
-1.711649537086486816e+00
-1.700339913368225098e+00
-1.690261125564575195e+00
-1.681410431861877441e+00
-1.673710942268371582e+00
-1.667308211326599121e+00
-1.661976695060729980e+00
-1.657936573028564453e+00
-1.655036449432373047e+00
-1.653347730636596680e+00
-1.652793407440185547e+00
-1.653370857238769531e+00
-1.655151367187500000e+00
-1.658057928085327148e+00
-1.662088036537170410e+00
-1.667238473892211914e+00
-1.673506617546081543e+00
-1.680889844894409180e+00
-1.689385294914245605e+00
-1.698915958404541016e+00
-1.709478735923767090e+00
-1.721145629882812500e+00
-1.733839392662048340e+00
-1.747556924819946289e+00
-1.762295842170715332e+00
-1.778053402900695801e+00
-1.794752120971679688e+00
-1.812465071678161621e+00
-1.831119775772094727e+00
-1.850720167160034180e+00
-1.871269345283508301e+00
-1.892770886421203613e+00
-1.915153980255126953e+00
-1.938496112823486328e+00
-1.962726593017578125e+00
