# tt
5.457249145507812500e+02
4.693242187500000000e+02
4.177407226562500000e+02
3.857133178710937500e+02
3.680258789062500000e+02
3.610140991210937500e+02
3.617446899414062500e+02
3.680885314941406250e+02
3.788612976074218750e+02
3.928666076660156250e+02
4.098685607910156250e+02
4.286752929687500000e+02
4.499681091308593750e+02
4.718794555664062500e+02
4.950984497070312500e+02
5.197893676757812500e+02
5.452117309570312500e+02
5.724359130859375000e+02
5.998185424804687500e+02
6.281350097656250000e+02
6.572247924804687500e+02
6.865601806640625000e+02
7.164497680664062500e+02
7.469757080078125000e+02
7.776422119140625000e+02
8.089144897460937500e+02
8.406622314453125000e+02
8.726810302734375000e+02
9.053518676757812500e+02
9.379786376953125000e+02
9.712664184570312500e+02
1.004725036621093750e+03
1.038310424804687500e+03
1.072432983398437500e+03
1.106266235351562500e+03
1.140492065429687500e+03
1.175119384765625000e+03
1.210193603515625000e+03
1.245360839843750000e+03
1.280570922851562500e+03
1.315801635742187500e+03
1.351112182617187500e+03
1.386487426757812500e+03
1.422135009765625000e+03
1.457971313476562500e+03
1.494012207031250000e+03
1.530130249023437500e+03
1.566421386718750000e+03
1.602832885742187500e+03
1.639377929687500000e+03
1.676110351562500000e+03
1.712853271484375000e+03
1.749652221679687500e+03
1.786404052734375000e+03
1.823308715820312500e+03
1.860437988281250000e+03
1.897721069335937500e+03
1.935160278320312500e+03
1.972610717773437500e+03
2.010227416992187500e+03
2.047882934570312500e+03
2.085601562500000000e+03
2.123408203125000000e+03
2.161327392578125000e+03
2.199442138671875000e+03
2.237622070312500000e+03
2.275869140625000000e+03
2.314185791015625000e+03
2.352499755859375000e+03
2.390768066406250000e+03
2.429215576171875000e+03
2.467798828125000000e+03
2.506622558593750000e+03
2.545718017578125000e+03
2.584934570312500000e+03
2.624213867187500000e+03
2.663538330078125000e+03
2.702890625000000000e+03
2.742253906250000000e+03
2.781779541015625000e+03
2.821328613281250000e+03
2.861005126953125000e+03
2.900764404296875000e+03
2.940562011718750000e+03
2.980495605468750000e+03
3.020489746093750000e+03
3.060462890625000000e+03
3.100482177734375000e+03
3.140539794921875000e+03
3.180556152343750000e+03
3.220679931640625000e+03
3.260764892578125000e+03
3.300887451171875000e+03
3.341049316406250000e+03
3.381178222656250000e+03
3.421425048828125000e+03
3.461717285156250000e+03
3.501983154296875000e+03
3.542372802734375000e+03
3.582739990234375000e+03
3.623160644531250000e+03
3.663637207031250000e+03
3.704097412109375000e+03
3.744616699218750000e+03
3.785124267578125000e+03
3.825621093750000000e+03
3.866184326171875000e+03
3.906740722656250000e+03
3.947293212890625000e+03
3.987768554687500000e+03
4.028240966796875000e+03
4.068784912109375000e+03
4.109176269531250000e+03
4.149637695312500000e+03
4.189946777343750000e+03
4.230250000000000000e+03
4.270547851562500000e+03
4.310691406250000000e+03
4.350828125000000000e+03
4.390809570312500000e+03
4.430709472656250000e+03
4.470527343750000000e+03
4.510262207031250000e+03
4.549840332031250000e+03
4.589334472656250000e+03
4.628670410156250000e+03
4.667847656250000000e+03
4.706866210937500000e+03
4.745724121093750000e+03
4.784422851562500000e+03
4.822962890625000000e+03
4.861271484375000000e+03
4.899424316406250000e+03
4.937422363281250000e+03
4.975119628906250000e+03
5.012591308593750000e+03
5.049912597656250000e+03
5.086862792968750000e+03
5.123666015625000000e+03
5.160175292968750000e+03
5.196392089843750000e+03
5.232391601562500000e+03
5.268027343750000000e+03
5.303375000000000000e+03
5.338435546875000000e+03
5.373136718750000000e+03
5.407479492187500000e+03
5.441540039062500000e+03
5.475245605468750000e+03
5.508596679687500000e+03
5.541521484375000000e+03
5.574166992187500000e+03
5.606461914062500000e+03
5.638405761718750000e+03
5.669924804687500000e+03
5.701168457031250000e+03
5.732063476562500000e+03
5.762610351562500000e+03
5.792810058593750000e+03
5.822588867187500000e+03
5.852021484375000000e+03
5.881108886718750000e+03
5.909703125000000000e+03
5.937953613281250000e+03
5.965712402343750000e+03
5.993128417968750000e+03
6.019980468750000000e+03
6.046491210937500000e+03
6.072438476562500000e+03
6.097972167968750000e+03
6.122943847656250000e+03
6.147428710937500000e+03
6.171427734375000000e+03
6.194941406250000000e+03
6.217821777343750000e+03
6.240219238281250000e+03
6.262061523437500000e+03
6.283274902343750000e+03
6.304010742187500000e+03
6.324122070312500000e+03
6.343684570312500000e+03
6.362625000000000000e+03
6.381020507812500000e+03
6.398872558593750000e+03
6.416033691406250000e+03
6.432653808593750000e+03
6.448736328125000000e+03
6.464132812500000000e+03
6.478994140625000000e+03
6.493173339843750000e+03
6.506820800781250000e+03
6.519789550781250000e+03
6.532229492187500000e+03
6.543994140625000000e+03
6.555159667968750000e+03
6.565727539062500000e+03
6.575699218750000000e+03
6.585076660156250000e+03
6.593787109375000000e+03
6.601906738281250000e+03
6.609361816406250000e+03
6.616154296875000000e+03
6.622285156250000000e+03
6.627754394531250000e+03
6.632564941406250000e+03
6.636715820312500000e+03
6.640135742187500000e+03
6.642824218750000000e+03
6.644931640625000000e+03
6.646311035156250000e+03
6.647037109375000000e+03
6.647110839843750000e+03
6.646459472656250000e+03
6.645157714843750000e+03
6.643208007812500000e+03
6.640610351562500000e+03
6.637291992187500000e+03
6.633327636718750000e+03
6.628644531250000000e+03
6.623318847656250000e+03
6.617275878906250000e+03
6.610518066406250000e+03
6.603120117187500000e+03
6.595008789062500000e+03
6.586259765625000000e+03
6.576799804687500000e+03
6.566704101562500000e+03
6.555974121093750000e+03
6.544535644531250000e+03
6.532391113281250000e+03
6.519689453125000000e+03
6.506283691406250000e+03
6.492173828125000000e+03
6.477510742187500000e+03
6.462146972656250000e+03
6.446231445312500000e+03
6.429616699218750000e+03
6.412378417968750000e+03
6.394517578125000000e+03
6.376109863281250000e+03
6.357007812500000000e+03
6.337360351562500000e+03
6.317094726562500000e+03
6.296212402343750000e+03
6.274789062500000000e+03
6.252749511718750000e+03
6.230171875000000000e+03
6.207055175781250000e+03
6.183401855468750000e+03
6.159137207031250000e+03
6.134338378906250000e+03
6.109078125000000000e+03
6.083210449218750000e+03
6.056810058593750000e+03
6.029876953125000000e+03
6.002487304687500000e+03
5.974566406250000000e+03
5.946116699218750000e+03
5.917286132812500000e+03
5.887926757812500000e+03
5.858114746093750000e+03
5.827924804687500000e+03
5.797283203125000000e+03
5.766191406250000000e+03
5.734723632812500000e+03
5.702806640625000000e+03
5.670515136718750000e+03
5.637851074218750000e+03
5.604739746093750000e+03
5.571256835937500000e+03
5.537478027343750000e+03
5.503328125000000000e+03
5.468809570312500000e+03
5.433922363281250000e+03
5.398815917968750000e+03
5.363268554687500000e+03
5.327503417968750000e+03
5.291447265625000000e+03
5.255100585937500000e+03
5.218539062500000000e+03
5.181614746093750000e+03
5.144550781250000000e+03
5.107200195312500000e+03
5.069637207031250000e+03
5.031789062500000000e+03
4.993804199218750000e+03
4.955610351562500000e+03
4.917281738281250000e+03
4.878745117187500000e+03
4.840075683593750000e+03
4.801199707031250000e+03
4.762266601562500000e+03
4.723128906250000000e+03
4.683935546875000000e+03
4.644613281250000000e+03
4.605162597656250000e+03
4.565584472656250000e+03
4.526029296875000000e+03
4.486347656250000000e+03
4.446614746093750000e+03
4.406832031250000000e+03
4.367073730468750000e+03
4.327265625000000000e+03
4.287482421875000000e+03
4.247650390625000000e+03
4.207844726562500000e+03
4.168064453125000000e+03
4.128385253906250000e+03
4.088658691406250000e+03
4.049033447265625000e+03
4.009510742187500000e+03
3.970015380859375000e+03
3.930622802734375000e+03
3.891259277343750000e+03
3.852072998046875000e+03
3.812990478515625000e+03
3.774086914062500000e+03
3.735287109375000000e+03
3.696592529296875000e+03
3.658077392578125000e+03
3.619742187500000000e+03
3.581587158203125000e+03
3.543612304687500000e+03
3.505893310546875000e+03
3.468280761718750000e+03
3.430924804687500000e+03
3.393824951171875000e+03
3.356907470703125000e+03
3.320247070312500000e+03
3.283844238281250000e+03
3.247699218750000000e+03
3.211812255859375000e+03
3.176258056640625000e+03
3.140963134765625000e+03
3.105927246093750000e+03
3.071225341796875000e+03
3.036783203125000000e+03
3.002750488281250000e+03
2.968978271484375000e+03
2.935541503906250000e+03
2.902440185546875000e+03
2.869749755859375000e+03
2.837395751953125000e+03
2.805304199218750000e+03
2.773698242187500000e+03
2.742355957031250000e+03
2.711425781250000000e+03
2.680908203125000000e+03
2.650729248046875000e+03
2.621038085937500000e+03
2.591685791015625000e+03
2.562746582031250000e+03
2.534220703125000000e+03
2.506107910156250000e+03
2.478482421875000000e+03
2.451270019531250000e+03
2.424470458984375000e+03
2.398083740234375000e+03
2.372184326171875000e+03
2.346697509765625000e+03
2.321697753906250000e+03
2.297110595703125000e+03
2.273010498046875000e+03
2.249322753906250000e+03
2.226121826171875000e+03
2.203407470703125000e+03
2.181105468750000000e+03
2.159364501953125000e+03
2.138035400390625000e+03
2.117193359375000000e+03
2.096762939453125000e+03
2.076893310546875000e+03
2.057509765625000000e+03
2.038538330078125000e+03
2.020053222656250000e+03
2.002128295898437500e+03
1.984614990234375000e+03
1.967587890625000000e+03
1.951120971679687500e+03
1.935065429687500000e+03
1.919495971679687500e+03
1.904412109375000000e+03
1.889888061523437500e+03
1.875775512695312500e+03
1.862148559570312500e+03
1.849006958007812500e+03
1.836351074218750000e+03
1.824180175781250000e+03
1.812494873046875000e+03
1.801294799804687500e+03
1.790505371093750000e+03
1.780275634765625000e+03
1.770456665039062500e+03
1.761122558593750000e+03
1.752273681640625000e+03
1.743835205078125000e+03
1.735881347656250000e+03
1.728412597656250000e+03
1.721354125976562500e+03
1.714780273437500000e+03
1.708690917968750000e+03
1.703011474609375000e+03
1.697741577148437500e+03
1.692955322265625000e+03
1.688578369140625000e+03
1.684684570312500000e+03
1.681199584960937500e+03
1.678123168945312500e+03
1.675454833984375000e+03
1.673194458007812500e+03
1.671342041015625000e+03
1.669897094726562500e+03
1.668785034179687500e+03
1.668154541015625000e+03
1.667856567382812500e+03
1.667964965820312500e+03
1.668405639648437500e+03
1.669252441406250000e+03
1.670505126953125000e+03
1.672089233398437500e+03
1.674004394531250000e+03
1.676250610351562500e+03
1.678827270507812500e+03
1.681808837890625000e+03
1.685120483398437500e+03
1.688687744140625000e+03
1.692584960937500000e+03
1.696811523437500000e+03
1.701367431640625000e+03
1.706177978515625000e+03
1.711243041992187500e+03
1.716636718750000000e+03
1.722284423828125000e+03
1.728185791015625000e+03
1.734340942382812500e+03
1.740823486328125000e+03
1.747484863281250000e+03
1.754473388671875000e+03
1.761640258789062500e+03
1.769059692382812500e+03
1.776656616210937500e+03
1.784505737304687500e+03
1.792532226562500000e+03
1.800810058593750000e+03
1.809190673828125000e+03
1.817822021484375000e+03
1.826555541992187500e+03
1.835465332031250000e+03
1.844625610351562500e+03
1.853886962890625000e+03
1.863249755859375000e+03
1.872861816406250000e+03
1.882500000000000000e+03
1.892312866210937500e+03
1.902299804687500000e+03
1.912312255859375000e+03
1.922423950195312500e+03
1.932708740234375000e+03
1.943017944335937500e+03
1.953425659179687500e+03
1.963857177734375000e+03
1.974386230468750000e+03
1.984938354492187500e+03
1.995587890625000000e+03
2.006259887695312500e+03
2.017028442382812500e+03
2.027744384765625000e+03
2.038556518554687500e+03
2.049389892578125000e+03
2.060169921875000000e+03
2.070970703125000000e+03
2.081791748046875000e+03
2.092558593750000000e+03
2.103345214843750000e+03
2.114076904296875000e+03
2.124753662109375000e+03
2.135449218750000000e+03
2.146088867187500000e+03
2.156672607421875000e+03
2.167199951171875000e+03
2.177744873046875000e+03
2.188158447265625000e+03
2.198440429687500000e+03
2.208739257812500000e+03
2.218905761718750000e+03
2.228939697265625000e+03
2.238915283203125000e+03
2.248757568359375000e+03
2.258541015625000000e+03
2.268115966796875000e+03
2.277631347656250000e+03
2.287012451171875000e+03
2.296333007812500000e+03
2.305444580078125000e+03
2.314420898437500000e+03
2.323261230468750000e+03
2.331966064453125000e+03
2.340534423828125000e+03
2.348966308593750000e+03
2.357113037109375000e+03
2.365197265625000000e+03
2.373070068359375000e+03
2.380731933593750000e+03
2.388256835937500000e+03
2.395570800781250000e+03
2.402747802734375000e+03
2.409713623046875000e+03
2.416468261718750000e+03
2.423011718750000000e+03
2.429418457031250000e+03
2.435614013671875000e+03
2.441598388671875000e+03
2.447445556640625000e+03
2.453007812500000000e+03
2.458432861328125000e+03
2.463572265625000000e+03
2.468574951171875000e+03
2.473366210937500000e+03
2.477872314453125000e+03
2.482166992187500000e+03
2.486250244140625000e+03
2.490122558593750000e+03
2.493783691406250000e+03
2.497233398437500000e+03
2.500397460937500000e+03
2.503350585937500000e+03
2.506092285156250000e+03
2.508622802734375000e+03
2.510941894531250000e+03
2.513049804687500000e+03
2.514872070312500000e+03
2.516483154296875000e+03
2.517882812500000000e+03
2.519071289062500000e+03
2.520048339843750000e+03
2.520739990234375000e+03
2.521220214843750000e+03
2.521489257812500000e+03
2.521546875000000000e+03
2.521393066406250000e+03
2.521028076171875000e+03
2.520377441406250000e+03
2.519589843750000000e+03
2.518516357421875000e+03
2.517305908203125000e+03
2.515809814453125000e+03
2.514102539062500000e+03
2.512258056640625000e+03
2.510127929687500000e+03
2.507860595703125000e+03
2.505307861328125000e+03
2.502617675781250000e+03
2.499715820312500000e+03
2.496602539062500000e+03
2.493277343750000000e+03
2.489814941406250000e+03
2.486140625000000000e+03
2.482254394531250000e+03
2.478230468750000000e+03
2.473994628906250000e+03
2.469621093750000000e+03
2.465035156250000000e+03
2.460311279296875000e+03
2.455449707031250000e+03
2.450375732421875000e+03
2.445088867187500000e+03
2.439738769531250000e+03
2.434175781250000000e+03
2.428474609375000000e+03
2.422634765625000000e+03
2.416582519531250000e+03
2.410466064453125000e+03
2.404210693359375000e+03
2.397742919921875000e+03
2.391210449218750000e+03
2.384539062500000000e+03
2.377803466796875000e+03
2.370854492187500000e+03
2.363915039062500000e+03
2.356762451171875000e+03
2.349545166015625000e+03
2.342262695312500000e+03
2.334915527343750000e+03
2.327428955078125000e+03
2.319877441406250000e+03
2.312260986328125000e+03
2.304504638671875000e+03
2.296757812500000000e+03
2.288871093750000000e+03
2.280993408203125000e+03
2.273050048828125000e+03
2.265041503906250000e+03
2.257041503906250000e+03
2.248901611328125000e+03
2.240770263671875000e+03
2.232647460937500000e+03
2.224458740234375000e+03
2.216278808593750000e+03
2.208032470703125000e+03
2.199794677734375000e+03
2.191564941406250000e+03
2.183269042968750000e+03
2.175055175781250000e+03
2.166774658203125000e+03
2.158576171875000000e+03
2.150310791015625000e+03
2.142126953125000000e+03
2.133950439453125000e+03
2.125781005859375000e+03
2.117692871093750000e+03
2.109611328125000000e+03
2.101536621093750000e+03
2.093542724609375000e+03
2.085555175781250000e+03
2.077648193359375000e+03
2.069821289062500000e+03
2.062075195312500000e+03
2.054334472656250000e+03
2.046748535156250000e+03
2.039167846679687500e+03
2.031667236328125000e+03
2.024320190429687500e+03
2.016978393554687500e+03
2.009790405273437500e+03
2.002681396484375000e+03
1.995725952148437500e+03
1.988774902343750000e+03
1.982051391601562500e+03
1.975332519531250000e+03
1.968766235351562500e+03
1.962352539062500000e+03
1.956017211914062500e+03
1.949834350585937500e+03
1.943803588867187500e+03
1.937850952148437500e+03
1.932050048828125000e+03
1.926401367187500000e+03
1.920904052734375000e+03
1.915558471679687500e+03
1.910364624023437500e+03
1.905247680664062500e+03
1.900356079101562500e+03
1.895615722656250000e+03
1.891026245117187500e+03
1.886587646484375000e+03
1.882374023437500000e+03
1.878236572265625000e+03
1.874323730468750000e+03
1.870561279296875000e+03
1.867023193359375000e+03
1.863560791015625000e+03
1.860396362304687500e+03
1.857307128906250000e+03
1.854441406250000000e+03
1.851798828125000000e+03
1.849304809570312500e+03
1.846959350585937500e+03
1.844836181640625000e+03
1.842935058593750000e+03
1.841181762695312500e+03
1.839650024414062500e+03
1.838265502929687500e+03
1.837102172851562500e+03
1.836085571289062500e+03
1.835289428710937500e+03
1.834713745117187500e+03
1.834283935546875000e+03
1.834148437500000000e+03
1.834084106445312500e+03
1.834313232421875000e+03
1.834687377929687500e+03
1.835280517578125000e+03
1.836017944335937500e+03
1.836973876953125000e+03
1.838147949218750000e+03
1.839465698242187500e+03
1.841000854492187500e+03
1.842753784179687500e+03
1.844723754882812500e+03
1.846836181640625000e+03
1.849091186523437500e+03
1.851636718750000000e+03
1.854324462890625000e+03
1.857153442382812500e+03
1.860198364257812500e+03
1.863458618164062500e+03
1.866859741210937500e+03
1.870475830078125000e+03
1.874232177734375000e+03
1.878203002929687500e+03
1.882313598632812500e+03
1.886638305664062500e+03
1.891102294921875000e+03
1.895779785156250000e+03
1.900595947265625000e+03
1.905625122070312500e+03
1.910718383789062500e+03
1.916024047851562500e+03
1.921541992187500000e+03
1.927123046875000000e+03
1.932915893554687500e+03
1.938845825195312500e+03
1.944913085937500000e+03
1.951116943359375000e+03
1.957457519531250000e+03
1.963934204101562500e+03
1.970621826171875000e+03
1.977370971679687500e+03
1.984255859375000000e+03
1.991276611328125000e+03
1.998432617187500000e+03
2.005723632812500000e+03
2.013075683593750000e+03
2.020562500000000000e+03
2.028183715820312500e+03
2.035865356445312500e+03
2.043681152343750000e+03
2.051630859375000000e+03
2.059565673828125000e+03
2.067708496093750000e+03
2.075836181640625000e+03
2.084171386718750000e+03
2.092490966796875000e+03
2.100943359375000000e+03
2.109454101562500000e+03
2.118022949218750000e+03
2.126649902343750000e+03
2.135334228515625000e+03
2.144076171875000000e+03
2.152949951171875000e+03
2.161806396484375000e+03
2.170719726562500000e+03
2.179689941406250000e+03
2.188716308593750000e+03
2.197725097656250000e+03
2.206789794921875000e+03
2.215910400390625000e+03
2.225012695312500000e+03
2.234095947265625000e+03
2.243234619140625000e+03
2.252354003906250000e+03
2.261528320312500000e+03
2.270683105468750000e+03
2.279818115234375000e+03
2.288858642578125000e+03
2.297953369140625000e+03
2.307028076171875000e+03
2.316081787109375000e+03
2.325114990234375000e+03
2.334126953125000000e+03
2.343043945312500000e+03
2.351939697265625000e+03
2.360740478515625000e+03
2.369594482421875000e+03
2.378278808593750000e+03
2.387016601562500000e+03
2.395584716796875000e+03
2.404206542968750000e+03
2.412658447265625000e+03
2.421089843750000000e+03
2.429500000000000000e+03
2.437740722656250000e+03
2.445960693359375000e+03
2.454011230468750000e+03
2.462040527343750000e+03
2.469974853515625000e+03
2.477739746093750000e+03
2.485483642578125000e+03
2.493058105468750000e+03
2.500537597656250000e+03
2.507847412109375000e+03
2.515062255859375000e+03
2.522181884765625000e+03
2.529132324218750000e+03
2.535913085937500000e+03
2.542598632812500000e+03
2.549189208984375000e+03
2.555610595703125000e+03
2.561862304687500000e+03
2.568019042968750000e+03
2.574006347656250000e+03
2.579898681640625000e+03
2.585621582031250000e+03
2.591100830078125000e+03
2.596485107421875000e+03
2.601699951171875000e+03
2.606745361328125000e+03
2.611621826171875000e+03
2.616328613281250000e+03
2.620791748046875000e+03
2.625160156250000000e+03
2.629284667968750000e+03
2.633239990234375000e+03
2.636951904296875000e+03
2.640568603515625000e+03
2.643941894531250000e+03
2.647145751953125000e+03
2.650106201171875000e+03
2.652971435546875000e+03
2.655593261718750000e+03
2.657971923828125000e+03
2.660255859375000000e+03
2.662222900390625000e+03
2.664095947265625000e+03
2.665726562500000000e+03
2.667114990234375000e+03
2.668261474609375000e+03
2.669240722656250000e+03
2.669978515625000000e+03
2.670475097656250000e+03
2.670805175781250000e+03
2.670894531250000000e+03
2.670817626953125000e+03
2.670500244140625000e+03
2.669943359375000000e+03
2.669220703125000000e+03
2.668332763671875000e+03
2.667205810546875000e+03
2.665839599609375000e+03
2.664234863281250000e+03
2.662391357421875000e+03
2.660383789062500000e+03
2.658063720703125000e+03
2.655580322265625000e+03
2.652859130859375000e+03
2.649900634765625000e+03
2.646779296875000000e+03
2.643420898437500000e+03
2.639900390625000000e+03
2.636143310546875000e+03
2.632149902343750000e+03
2.627995117187500000e+03
2.623604492187500000e+03
2.619052734375000000e+03
2.614191162109375000e+03
2.609169189453125000e+03
2.603912353515625000e+03
2.598420898437500000e+03
2.592769531250000000e+03
2.586884033203125000e+03
2.580839111328125000e+03
2.574560546875000000e+03
2.568048583984375000e+03
2.561377685546875000e+03
2.554548339843750000e+03
2.547560791015625000e+03
2.540340820312500000e+03
2.532888671875000000e+03
2.525278564453125000e+03
2.517437255859375000e+03
2.509438720703125000e+03
2.501283447265625000e+03
2.492897460937500000e+03
2.484281250000000000e+03
2.475583740234375000e+03
2.466656494140625000e+03
2.457574707031250000e+03
2.448337890625000000e+03
2.438947021484375000e+03
2.429402099609375000e+03
2.419703613281250000e+03
2.409852050781250000e+03
2.399773193359375000e+03
2.389616455078125000e+03
2.379381347656250000e+03
2.368920410156250000e+03
2.358308105468750000e+03
2.347618896484375000e+03
2.336778808593750000e+03
2.325788330078125000e+03
2.314647949218750000e+03
2.303357666015625000e+03
2.291992187500000000e+03
2.280478027343750000e+03
2.268814941406250000e+03
2.257152099609375000e+03
2.245267089843750000e+03
2.233383056640625000e+03
2.221351562500000000e+03
2.209247558593750000e+03
2.196997070312500000e+03
2.184748779296875000e+03
2.172354492187500000e+03
2.159889160156250000e+03
2.147353027343750000e+03
2.134746093750000000e+03
2.122069091796875000e+03
2.109248046875000000e+03
2.096431396484375000e+03
2.083545898437500000e+03
2.070591552734375000e+03
2.057568603515625000e+03
2.044552124023437500e+03
2.031393310546875000e+03
2.018241455078125000e+03
2.005022583007812500e+03
1.991811401367187500e+03
1.978533813476562500e+03
1.965264404296875000e+03
1.952003417968750000e+03
1.938677124023437500e+03
1.925285278320312500e+03
1.911976684570312500e+03
1.898602905273437500e+03
1.885238037109375000e+03
1.871882690429687500e+03
1.858536621093750000e+03
1.845199951171875000e+03
1.831873046875000000e+03
1.818555664062500000e+03
1.805248046875000000e+03
1.791950439453125000e+03
1.778737182617187500e+03
1.765459472656250000e+03
1.752266479492187500e+03
1.739157958984375000e+03
1.726059814453125000e+03
1.712972290039062500e+03
1.699895385742187500e+03
1.686977905273437500e+03
1.673996704101562500e+03
1.661100952148437500e+03
1.648290527343750000e+03
1.635565429687500000e+03
1.622851684570312500e+03
1.610223510742187500e+03
1.597681274414062500e+03
1.585150390625000000e+03
1.572779907226562500e+03
1.560495483398437500e+03
1.548222900390625000e+03
1.536111083984375000e+03
1.524011108398437500e+03
1.512072143554687500e+03
1.500219726562500000e+03
1.488379638671875000e+03
1.476700683593750000e+03
1.465183105468750000e+03
1.453678100585937500e+03
1.442334472656250000e+03
1.431078125000000000e+03
1.419983520507812500e+03
1.408976318359375000e+03
1.398056640625000000e+03
1.387298950195312500e+03
1.376628906250000000e+03
1.366046875000000000e+03
1.355701171875000000e+03
1.345443725585937500e+03
1.335274536132812500e+03
1.325267456054687500e+03
1.315422729492187500e+03
1.305665771484375000e+03
1.296070678710937500e+03
1.286563110351562500e+03
1.277291503906250000e+03
1.268107177734375000e+03
1.259084350585937500e+03
1.250222656250000000e+03
1.241447753906250000e+03
1.232833862304687500e+03
1.224455200195312500e+03
1.216163085937500000e+03
1.208031372070312500e+03
1.200060180664062500e+03
1.192249267578125000e+03
1.184524414062500000e+03
1.177033691406250000e+03
1.169703125000000000e+03
1.162457885742187500e+03
1.155446655273437500e+03
1.148520629882812500e+03
1.141828247070312500e+03
1.135295288085937500e+03
1.128846923828125000e+03
1.122631958007812500e+03
1.116501464843750000e+03
1.110604003906250000e+03
1.104865234375000000e+03
1.099210449218750000e+03
1.093788330078125000e+03
1.088524414062500000e+03
1.083418579101562500e+03
1.078470458984375000e+03
1.073605957031250000e+03
1.068973388671875000e+03
1.064498291015625000e+03
1.060180541992187500e+03
1.056020019531250000e+03
1.052016601562500000e+03
1.048170166015625000e+03
1.044480468750000000e+03
1.040947509765625000e+03
1.037645507812500000e+03
1.034425537109375000e+03
1.031361816406250000e+03
1.028454345703125000e+03
1.025702880859375000e+03
1.023107177734375000e+03
1.020667297363281250e+03
1.018383117675781250e+03
1.016254272460937500e+03
1.014280883789062500e+03
1.012388305664062500e+03
1.010725280761718750e+03
1.009142822265625000e+03
1.007715332031250000e+03
1.006442443847656250e+03
1.005324096679687500e+03
1.004285949707031250e+03
1.003402099609375000e+03
1.002672485351562500e+03
1.002096923828125000e+03
1.001601013183593750e+03
1.001258850097656250e+03
1.001070434570312500e+03
1.000961181640625000e+03
1.001005371093750000e+03
1.001202941894531250e+03
1.001479187011718750e+03
1.001908630371093750e+03
1.002416564941406250e+03
1.003077270507812500e+03
1.003816406250000000e+03
1.004707946777343750e+03
1.005677612304687500e+03
1.006725219726562500e+03
1.007924865722656250e+03
1.009202331542968750e+03
1.010557312011718750e+03
1.012063964843750000e+03
1.013573669433593750e+03
1.015309082031250000e+03
1.017047302246093750e+03
1.018936828613281250e+03
1.020828674316406250e+03
1.022871520996093750e+03
1.024990844726562500e+03
1.027112304687500000e+03
1.029384277343750000e+03
1.031732543945312500e+03
1.034082397460937500e+03
1.036582397460937500e+03
1.039083862304687500e+03
1.041735229492187500e+03
1.044387817382812500e+03
1.047041503906250000e+03
1.049844604492187500e+03
1.052648559570312500e+03
1.055527465820312500e+03
1.058481323242187500e+03
1.061435668945312500e+03
1.064464599609375000e+03
1.067568237304687500e+03
1.070597656250000000e+03
1.073775878906250000e+03
1.076954223632812500e+03
1.080132446289062500e+03
1.083310424804687500e+03
1.086562622070312500e+03
1.089888793945312500e+03
1.093140136718750000e+03
1.096465209960937500e+03
1.099789916992187500e+03
1.103113891601562500e+03
1.106511352539062500e+03
1.109833618164062500e+03
1.113229370117187500e+03
1.116623901367187500e+03
1.119943115234375000e+03
1.123335327148437500e+03
1.126726318359375000e+03
1.130041503906250000e+03
1.133429565429687500e+03
1.136741699218750000e+03
1.140126586914062500e+03
1.143435302734375000e+03
1.146667968750000000e+03
1.149972900390625000e+03
1.153201538085937500e+03
1.156428100585937500e+03
1.159652343750000000e+03
1.162800048828125000e+03
1.165945434570312500e+03
1.169088256835937500e+03
1.172154296875000000e+03
1.175217651367187500e+03
1.178203857421875000e+03
1.181113037109375000e+03
1.184019287109375000e+03
1.186922485351562500e+03
1.189674072265625000e+03
1.192422241210937500e+03
1.195167358398437500e+03
1.197834716796875000e+03
1.200424316406250000e+03
1.202936035156250000e+03
1.205444091796875000e+03
1.207874267578125000e+03
1.210226196289062500e+03
1.212574340820312500e+03
1.214770385742187500e+03
1.216962646484375000e+03
1.219077148437500000e+03
1.221113769531250000e+03
1.223072753906250000e+03
1.224954101562500000e+03
1.226757934570312500e+03
1.228484252929687500e+03
1.230133056640625000e+03
1.231778930664062500e+03
1.233273071289062500e+03
1.234690063476562500e+03
1.236029907226562500e+03
1.237366943359375000e+03
1.238552612304687500e+03
1.239661499023437500e+03
1.240693359375000000e+03
1.241648559570312500e+03
1.242526855468750000e+03
1.243328491210937500e+03
1.243979248046875000e+03
1.244627807617187500e+03
1.245125610351562500e+03
1.245547119140625000e+03
1.245892211914062500e+03
1.246161010742187500e+03
1.246353637695312500e+03
1.246395996093750000e+03
1.246436401367187500e+03
1.246326660156250000e+03
1.246140869140625000e+03
1.245879516601562500e+03
1.245542114257812500e+03
1.245054931640625000e+03
1.244566284179687500e+03
1.243927856445312500e+03
1.243213867187500000e+03
1.242350219726562500e+03
1.241485473632812500e+03
1.240471069335937500e+03
1.239381591796875000e+03
1.238216918945312500e+03
1.236977172851562500e+03
1.235662475585937500e+03
1.234198486328125000e+03
1.232659667968750000e+03
1.231046020507812500e+03
1.229357543945312500e+03
1.227594482421875000e+03
1.225682617187500000e+03
1.223770629882812500e+03
1.221709960937500000e+03
1.219574951171875000e+03
1.217365844726562500e+03
1.215008422851562500e+03
1.212651245117187500e+03
1.210220214843750000e+03
1.207641113281250000e+03
1.205062622070312500e+03
1.202336303710937500e+03
1.199536499023437500e+03
1.196737670898437500e+03
1.193791137695312500e+03
1.190771484375000000e+03
1.187753173828125000e+03
1.184587524414062500e+03
1.181348876953125000e+03
1.178111816406250000e+03
1.174727783203125000e+03
1.171345581054687500e+03
1.167816406250000000e+03
1.164289306640625000e+03
1.160689819335937500e+03
1.157018066406250000e+03
1.153274291992187500e+03
1.149458618164062500e+03
1.145645263671875000e+03
1.141760131835937500e+03
1.137803344726562500e+03
1.133774902343750000e+03
1.129675048828125000e+03
1.125578002929687500e+03
1.121409667968750000e+03
1.117170166015625000e+03
1.112933837890625000e+03
1.108626586914062500e+03
1.104248413085937500e+03
1.099873657226562500e+03
1.095428222656250000e+03
1.090986572265625000e+03
1.086474243164062500e+03
1.081965942382812500e+03
1.077387207031250000e+03
1.072738403320312500e+03
1.068093627929687500e+03
1.063453369140625000e+03
1.058742919921875000e+03
1.054037109375000000e+03
1.049335815429687500e+03
1.044564819335937500e+03
1.039798461914062500e+03
1.034962524414062500e+03
1.030131103515625000e+03
1.025304443359375000e+03
1.020482543945312500e+03
1.015665283203125000e+03
1.010778503417968750e+03
1.005896484375000000e+03
1.001019165039062500e+03
9.961467285156250000e+02
9.912791137695312500e+02
9.863419799804687500e+02
9.814840087890625000e+02
9.766309204101562500e+02
9.717084350585937500e+02
9.668651733398437500e+02
9.619525146484375000e+02
9.571191406250000000e+02
9.522907104492187500e+02
9.473930053710937500e+02
9.425745849609375000e+02
9.377612304687500000e+02
9.330271606445312500e+02
9.282239379882812500e+02
9.235000610351562500e+02
9.187070312500000000e+02
9.139934082031250000e+02
9.093592529296875000e+02
9.046559448242187500e+02
9.000321655273437500e+02
8.954879150390625000e+02
8.908745727539062500e+02
8.863406372070312500e+02
8.818864746093750000e+02
8.773630981445312500e+02
8.729938354492187500e+02
8.685554199218750000e+02
8.641967773437500000e+02
8.599177856445312500e+02
8.556441040039062500e+02
8.513759155273437500e+02
8.471873779296875000e+02
8.430786132812500000e+02
8.389752807617187500e+02
8.349517822265625000e+02
8.309337768554687500e+02
8.269956054687500000e+02
8.231372070312500000e+02
8.192844238281250000e+02
8.155113525390625000e+02
8.117436523437500000e+02
8.080554809570312500e+02
8.044468383789062500e+02
8.009174804687500000e+02
7.973931274414062500e+02
7.939478759765625000e+02
7.905073852539062500e+02
7.872202148437500000e+02
7.839376220703125000e+02
7.807337036132812500e+02
7.776083984375000000e+02
7.745617065429687500e+02
7.715339965820312500e+02
7.685846557617187500e+02
7.657061157226562500e+02
7.628909301757812500e+02
7.601463012695312500e+02
7.574647216796875000e+02
7.548536376953125000e+02
7.523128051757812500e+02
7.498348388671875000e+02
7.474268798828125000e+02
7.450889892578125000e+02
7.428283691406250000e+02
7.406302490234375000e+02
7.385017700195312500e+02
7.364429321289062500e+02
7.344609375000000000e+02
7.325410156250000000e+02
7.306978149414062500e+02
7.289238281250000000e+02
7.272263183593750000e+02
7.255904541015625000e+02
7.240308227539062500e+02
7.225401000976562500e+02
7.211254272460937500e+02
7.197794189453125000e+02
7.185018310546875000e+02
7.173001098632812500e+02
7.161666870117187500e+02
7.151014404296875000e+02
7.141118164062500000e+02
7.131901245117187500e+02
7.123362426757812500e+02
7.115576782226562500e+02
7.108393554687500000e+02
7.101959838867187500e+02
7.096201782226562500e+02
7.091192016601562500e+02
7.086780395507812500e+02
7.083040161132812500e+02
7.079970703125000000e+02
7.077570190429687500e+02
7.075838623046875000e+02
7.074772949218750000e+02
7.074373779296875000e+02
7.074564819335937500e+02
7.075419311523437500e+02
7.076862182617187500e+02
7.078966064453125000e+02
7.081655273437500000e+02
7.084929809570312500e+02
7.088787841796875000e+02
7.093302001953125000e+02
7.098397827148437500e+02
7.103999023437500000e+02
7.110179443359375000e+02
7.116937255859375000e+02
7.124197387695312500e+02
7.132033081054687500e+02
7.140368652343750000e+02
7.149277343750000000e+02
7.158609619140625000e+02
7.168512573242187500e+02
7.178836669921875000e+02
7.189729614257812500e+02
7.201041259765625000e+02
7.212770385742187500e+02
7.224990234375000000e+02
7.237625732421875000e+02
7.250674438476562500e+02
7.264137573242187500e+02
7.278011474609375000e+02
7.292222290039062500e+02
7.306917114257812500e+02
7.321871948242187500e+02
7.337233276367187500e+02
7.352927246093750000e+02
7.368876953125000000e+02
7.385230712890625000e+02
7.401838989257812500e+02
7.418774414062500000e+02
7.435886840820312500e+02
7.453324584960937500e+02
7.471011962890625000e+02
7.488947143554687500e+02
7.507130126953125000e+02
7.525409545898437500e+02
7.544009399414062500e+02
7.562703857421875000e+02
7.581643676757812500e+02
7.600678100585937500e+02
7.619881591796875000e+02
7.639254150390625000e+02
7.658719482421875000e+02
7.678279418945312500e+02
7.697932128906250000e+02
7.717678222656250000e+02
7.737515869140625000e+02
7.757445678710937500e+02
7.777319335937500000e+02
7.797283325195312500e+02
7.817264404296875000e+02
7.837261962890625000e+02
7.857274780273437500e+02
7.877228393554687500e+02
7.897197265625000000e+02
7.917032470703125000e+02
7.936881713867187500e+02
7.956670532226562500e+02
7.976323852539062500e+02
7.995916137695312500e+02
8.015447387695312500e+02
8.034767456054687500e+02
8.054024658203125000e+02
8.073294067382812500e+02
8.092128906250000000e+02
8.110900268554687500e+02
8.129607543945312500e+02
8.147506713867187500e+02
8.166085205078125000e+02
8.183854980468750000e+02
8.201559448242187500e+02
8.219197998046875000e+02
8.236027221679687500e+02
8.253533325195312500e+02
8.270228881835937500e+02
8.286113891601562500e+02
8.302674560546875000e+02
8.318423461914062500e+02
8.334104003906250000e+02
8.348972778320312500e+02
8.363771972656250000e+02
8.378501586914062500e+02
8.392417602539062500e+02
8.406263427734375000e+02
8.419295654296875000e+02
8.432256469726562500e+02
8.445145874023437500e+02
8.457221069335937500e+02
8.469226074218750000e+02
8.480418090820312500e+02
8.491541137695312500e+02
8.501853027343750000e+02
8.511354370117187500e+02
8.521531982421875000e+02
8.530156860351562500e+02
8.538716430664062500e+02
8.547211303710937500e+02
8.554898681640625000e+02
8.561779785156250000e+02
8.568598632812500000e+02
8.574611816406250000e+02
8.580563354492187500e+02
8.585711059570312500e+02
8.590056152343750000e+02
8.594341430664062500e+02
8.597825317382812500e+02
8.601250610351562500e+02
8.603876342773437500e+02
8.605701293945312500e+02
8.607471313476562500e+02
8.608441772460937500e+02
8.608615722656250000e+02
8.608735351562500000e+02
8.608059082031250000e+02
8.606586914062500000e+02
8.605062866210937500e+02
8.602744140625000000e+02
8.599632568359375000e+02
8.596470336914062500e+02
8.592516479492187500e+02
8.587770996093750000e+02
8.582977905273437500e+02
8.576651611328125000e+02
8.570278930664062500e+02
8.563859863281250000e+02
8.556652832031250000e+02
8.548659057617187500e+02
8.539878540039062500e+02
8.530311279296875000e+02
8.520702514648437500e+02
8.510308227539062500e+02
8.499873657226562500e+02
8.487912597656250000e+02
8.475911865234375000e+02
8.463129272460937500e+02
8.450307617187500000e+02
8.436706542968750000e+02
8.422326049804687500e+02
8.407166137695312500e+02
8.391972045898437500e+02
8.376002197265625000e+02
8.359256591796875000e+02
8.341737060546875000e+02
8.324187622070312500e+02
8.305865478515625000e+02
8.287515869140625000e+02
8.268396606445312500e+02
8.248507690429687500e+02
8.227851562500000000e+02
8.207171630859375000e+02
8.185725708007812500e+02
8.164258422851562500e+02
8.142027587890625000e+02
8.119034423828125000e+02
8.096022949218750000e+02
8.071507568359375000e+02
8.047719116210937500e+02
8.023172607421875000e+02
7.997869262695312500e+02
7.971809082031250000e+02
7.945737915039062500e+02
7.918911743164062500e+02
7.892076416015625000e+02
7.864786376953125000e+02
7.836893920898437500e+02
7.808623657226562500e+02
7.779901123046875000e+02
7.750877685546875000e+02
7.721405029296875000e+02
7.691558227539062500e+02
7.661337890625000000e+02
7.630747070312500000e+02
7.599859008789062500e+02
7.568526611328125000e+02
7.536900634765625000e+02
7.504907226562500000e+02
7.472620849609375000e+02
7.440043945312500000e+02
7.407102661132812500e+02
7.373872680664062500e+02
7.340354614257812500e+02
7.306549682617187500e+02
7.272458496093750000e+02
7.238157348632812500e+02
7.203572998046875000e+02
7.168704833984375000e+02
7.133630371093750000e+02
7.098348999023437500e+02
7.062861938476562500e+02
7.027094726562500000e+02
6.991197509765625000e+02
6.955095214843750000e+02
6.918789062500000000e+02
6.882354125976562500e+02
6.845717163085937500e+02
6.808952026367187500e+02
6.771985473632812500e+02
6.734891967773437500e+02
6.697747192382812500e+02
6.660477294921875000e+02
6.623081665039062500e+02
6.585635986328125000e+02
6.548067626953125000e+02
6.510449829101562500e+02
6.472783203125000000e+02
6.435069580078125000e+02
6.397308349609375000e+02
6.359500732421875000e+02
6.321721801757812500e+02
6.283897094726562500e+02
6.246027221679687500e+02
6.208262329101562500e+02
6.170452880859375000e+02
6.132675781250000000e+02
6.094929199218750000e+02
6.057290039062500000e+02
6.019609375000000000e+02
5.982109985351562500e+02
5.944571533203125000e+02
5.907215576171875000e+02
5.869895019531250000e+02
5.832684326171875000e+02
5.795584716796875000e+02
5.758670043945312500e+02
5.721793212890625000e+02
5.685102539062500000e+02
5.648599243164062500e+02
5.612210083007812500e+02
5.575934448242187500e+02
5.539847412109375000e+02
5.503950805664062500e+02
5.468244018554687500e+02
5.432727050781250000e+02
5.397476196289062500e+02
5.362343139648437500e+02
5.327550659179687500e+02
5.292876586914062500e+02
5.258543701171875000e+02
5.224404296875000000e+02
5.190530395507812500e+02
5.156848754882812500e+02
5.123507080078125000e+02
5.090430908203125000e+02
5.057621154785156250e+02
5.025075683593750000e+02
4.992870178222656250e+02
4.960928955078125000e+02
4.929252014160156250e+02
4.897914123535156250e+02
4.866914062500000000e+02
4.836251831054687500e+02
4.805853576660156250e+02
4.775792541503906250e+02
4.746068115234375000e+02
4.716755676269531250e+02
4.687705383300781250e+02
4.659065856933593750e+02
4.630688171386718750e+02
4.602720642089843750e+02
4.575163574218750000e+02
4.547941589355468750e+02
4.521054687500000000e+02
4.494576721191406250e+02
4.468434143066406250e+02
4.442774047851562500e+02
4.417448425292968750e+02
4.392456665039062500e+02
4.367947082519531250e+02
4.343770446777343750e+02
4.320075683593750000e+02
4.296714172363281250e+02
4.273759460449218750e+02
4.251211242675781250e+02
4.229143981933593750e+02
4.207408142089843750e+02
4.186078796386718750e+02
4.165228881835937500e+02
4.144710388183593750e+02
4.124671020507812500e+02
4.105036621093750000e+02
4.085806884765625000e+02
4.067055969238281250e+02
4.048634643554687500e+02
4.030691528320312500e+02
4.013151855468750000e+02
3.996090087890625000e+02
3.979356994628906250e+02
3.963100280761718750e+02
3.947320251464843750e+02
3.931866760253906250e+02
3.916888427734375000e+02
3.902309875488281250e+02
3.888130798339843750e+02
3.874350280761718750e+02
3.861042480468750000e+02
3.848132019042968750e+02
3.835618591308593750e+02
3.823575744628906250e+02
3.811854248046875000e+02
3.800602111816406250e+02
3.789744567871093750e+02
3.779280395507812500e+02
3.769209899902343750e+02
3.759531860351562500e+02
3.750245666503906250e+02
3.741425476074218750e+02
3.732921142578125000e+02
3.724807128906250000e+02
3.717082824707031250e+02
3.709747314453125000e+02
3.702799987792968750e+02
3.696240539550781250e+02
3.689993591308593750e+02
3.684132995605468750e+02
3.678658142089843750e+02
3.673494262695312500e+02
3.668714904785156250e+02
3.664319763183593750e+02
3.660233459472656250e+02
3.656455383300781250e+02
3.653059692382812500e+02
3.649971008300781250e+02
3.647189025878906250e+02
3.644712524414062500e+02
3.642615966796875000e+02
3.640824279785156250e+02
3.639262084960937500e+02
3.638078002929687500e+02
3.637196350097656250e+02
3.636542968750000000e+02
3.636190795898437500e+02
3.636139831542968750e+02
3.636389160156250000e+02
3.636864013671875000e+02
3.637638244628906250e+02
3.638636474609375000e+02
3.639858093261718750e+02
3.641377563476562500e+02
3.643045654296875000e+02
3.645010070800781250e+02
3.647196960449218750e+02
3.649605407714843750e+02
3.652235412597656250e+02
3.655086364746093750e+02
3.658157958984375000e+02
3.661375427246093750e+02
3.664812927246093750e+02
3.668395385742187500e+02
3.672196960449218750e+02
3.676143188476562500e+02
3.680233459472656250e+02
3.684541931152343750e+02
3.688919067382812500e+02
3.693513793945312500e+02
3.698250732421875000e+02
3.703055725097656250e+02
3.708077087402343750e+02
3.713165588378906250e+02
3.718320617675781250e+02
3.723691101074218750e+02
3.729053039550781250e+02
3.734555053710937500e+02
3.740196533203125000e+02
3.745828857421875000e+02
3.751599731445312500e+02
3.757435302734375000e+02
3.763334350585937500e+02
3.769222717285156250e+02
3.775248413085937500e+02
3.781262512207031250e+02
3.787338867187500000e+02
3.793477172851562500e+02
3.799528503417968750e+02
3.805715637207031250e+02
3.811888732910156250e+02
3.817974243164062500e+02
3.824194030761718750e+02
3.830325012207031250e+02
3.836440429687500000e+02
3.842541198730468750e+02
3.848626098632812500e+02
3.854694824218750000e+02
3.860672912597656250e+02
3.866634216308593750e+02
3.872578125000000000e+02
3.878430480957031250e+02
3.884190673828125000e+02
3.889932861328125000e+02
3.895582885742187500e+02
3.901141662597656250e+02
3.906682739257812500e+02
3.912057800292968750e+02
3.917416076660156250e+02
3.922608337402343750e+02
3.927709655761718750e+02
3.932720031738281250e+02
3.937639160156250000e+02
3.942467651367187500e+02
3.947131042480468750e+02
3.951629943847656250e+02
3.956038208007812500e+02
3.960356140136718750e+02
3.964509887695312500e+02
3.968499145507812500e+02
3.972398376464843750e+02
3.976133728027343750e+02
3.979705200195312500e+02
3.983112792968750000e+02
3.986356811523437500e+02
3.989437255859375000e+02
3.992354431152343750e+02
3.995108337402343750e+02
3.997698669433593750e+02
4.000126342773437500e+02
4.002391357421875000e+02
4.004418945312500000e+02
4.006284179687500000e+02
4.007986755371093750e+02
4.009452819824218750e+02
4.010756530761718750e+02
4.011824035644531250e+02
4.012729492187500000e+02
4.013398742675781250e+02
4.013906250000000000e+02
4.014252319335937500e+02
4.014288330078125000e+02
4.014237365722656250e+02
4.013876342773437500e+02
4.013354492187500000e+02
4.012597656250000000e+02
4.011679687500000000e+02
4.010452880859375000e+02
4.009065246582031250e+02
4.007442932128906250e+02
4.005585937500000000e+02
4.003569030761718750e+02
4.001243591308593750e+02
3.998758544921875000e+02
3.996039733886718750e+02
3.993088073730468750e+02
3.989903564453125000e+02
3.986561279296875000e+02
3.982912597656250000e+02
3.979032897949218750e+02
3.974996032714843750e+02
3.970728759765625000e+02
3.966156616210937500e+02
3.961429138183593750e+02
3.956472167968750000e+02
3.951286010742187500e+02
3.945871582031250000e+02
3.940228881835937500e+02
3.934432373046875000e+02
3.928334350585937500e+02
3.922083740234375000e+02
3.915606079101562500e+02
3.908902282714843750e+02
3.902047424316406250e+02
3.894892578125000000e+02
3.887586975097656250e+02
3.880057067871093750e+02
3.872376708984375000e+02
3.864398803710937500e+02
3.856345825195312500e+02
3.847995910644531250e+02
3.839497375488281250e+02
3.830776977539062500e+02
3.821834716796875000e+02
3.812745666503906250e+02
3.803509521484375000e+02
3.794053039550781250e+02
3.784376220703125000e+02
3.774554138183593750e+02
3.764587097167968750e+02
3.754400939941406250e+02
3.744071044921875000e+02
3.733596801757812500e+02
3.722905273437500000e+02
3.712070312500000000e+02
3.701093139648437500e+02
3.689973754882812500e+02
3.678638000488281250e+02
3.667235412597656250e+02
3.655617370605468750e+02
3.643858642578125000e+02
3.631960144042968750e+02
3.619995727539062500e+02
3.607817687988281250e+02
3.595574951171875000e+02
3.583118286132812500e+02
3.570597229003906250e+02
3.558011779785156250e+02
3.545213317871093750e+02
3.532351074218750000e+02
3.519425048828125000e+02
3.506361389160156250e+02
3.493159790039062500e+02
3.479895019531250000e+02
3.466567382812500000e+02
3.453102722167968750e+02
3.439575500488281250e+02
3.425986328125000000e+02
3.412260437011718750e+02
3.398547058105468750e+02
3.384697570800781250e+02
3.370787048339843750e+02
3.356889343261718750e+02
3.342856445312500000e+02
3.328836669921875000e+02
3.314682312011718750e+02
3.300541687011718750e+02
3.286341247558593750e+02
3.272154846191406250e+02
3.257908630371093750e+02
3.243603210449218750e+02
3.229312438964843750e+02
3.214962768554687500e+02
3.200628356933593750e+02
3.186309509277343750e+02
3.172006530761718750e+02
3.157645263671875000e+02
3.143300170898437500e+02
3.128971557617187500e+02
3.114659729003906250e+02
3.100290222167968750e+02
3.086012268066406250e+02
3.071751708984375000e+02
3.057508544921875000e+02
3.043283081054687500e+02
3.029150085449218750e+02
3.015035095214843750e+02
3.000938415527343750e+02
2.986860046386718750e+02
2.972875061035156250e+02
2.958908691406250000e+02
2.945036315917968750e+02
2.931183166503906250e+02
2.917497558593750000e+02
2.903757019042968750e+02
2.890183715820312500e+02
2.876629333496093750e+02
2.863167724609375000e+02
2.849798889160156250e+02
2.836448059082031250e+02
2.823264160156250000e+02
2.810097961425781250e+02
2.797098083496093750e+02
2.784190063476562500e+02
2.771299133300781250e+02
2.758574218750000000e+02
2.745940551757812500e+02
2.733472290039062500e+02
2.721020507812500000e+02
2.708734436035156250e+02
2.696612854003906250e+02
2.684507141113281250e+02
2.672566223144531250e+02
2.660789794921875000e+02
2.649103393554687500e+02
2.637580871582031250e+02
2.626148071289062500e+02
2.614878845214843750e+02
2.603698730468750000e+02
2.592682189941406250e+02
2.581828918457031250e+02
2.571138305664062500e+02
2.560536499023437500e+02
2.550097503662109375e+02
2.539820861816406250e+02
2.529706420898437500e+02
2.519754486083984375e+02
2.509889984130859375e+02
2.500187377929687500e+02
2.490720825195312500e+02
2.481341400146484375e+02
2.472123107910156250e+02
2.463140411376953125e+02
2.454244079589843750e+02
2.445508728027343750e+02
2.437008514404296875e+02
2.428594360351562500e+02
2.420414581298828125e+02
2.412395172119140625e+02
2.404535217285156250e+02
2.396835479736328125e+02
2.389295196533203125e+02
2.381914367675781250e+02
2.374766540527343750e+02
2.367703399658203125e+02
2.360872802734375000e+02
2.354200134277343750e+02
2.347685394287109375e+02
2.341401824951171875e+02
2.335201110839843750e+02
2.329231262207031250e+02
2.323417510986328125e+02
2.317759399414062500e+02
2.312331237792968750e+02
2.307058105468750000e+02
2.301939697265625000e+02
2.296975860595703125e+02
2.292165832519531250e+02
2.287583923339843750e+02
2.283155364990234375e+02
2.278879699707031250e+02
2.274756317138671875e+02
2.270785522460937500e+02
2.267040863037109375e+02
2.263447723388671875e+02
2.259931335449218750e+02
2.256714324951171875e+02
2.253573455810546875e+02
2.250582885742187500e+02
2.247816162109375000e+02
2.245124511718750000e+02
2.242656250000000000e+02
2.240336608886718750e+02
2.238164978027343750e+02
2.236141662597656250e+02
2.234265747070312500e+02
2.232537078857421875e+02
2.230955200195312500e+02
2.229445648193359375e+02
2.228156280517578125e+02
2.227012786865234375e+02
2.226014862060546875e+02
2.225161743164062500e+02
2.224379272460937500e+02
2.223815155029296875e+02
2.223320922851562500e+02
2.222970275878906250e+02
2.222762756347656250e+02
2.222624053955078125e+02
2.222702178955078125e+02
2.222773590087890625e+02
2.223061218261718750e+02
2.223416290283203125e+02
2.223912353515625000e+02
2.224549713134765625e+02
2.225253295898437500e+02
2.226023101806640625e+02
2.226933441162109375e+02
2.227983856201171875e+02
2.229025421142578125e+02
2.230280914306640625e+02
2.231527557373046875e+02
2.232913055419921875e+02
2.234437713623046875e+02
2.235952758789062500e+02
2.237606048583984375e+02
2.239323425292968750e+02
2.241104736328125000e+02
2.243023681640625000e+02
2.244931793212890625e+02
2.246977233886718750e+02
2.249011383056640625e+02
2.251182556152343750e+02
2.253341674804687500e+02
2.255563049316406250e+02
2.257920837402343750e+02
2.260266265869140625e+02
2.262672882080078125e+02
2.265140991210937500e+02
2.267595977783203125e+02
2.270111846923828125e+02
2.272688140869140625e+02
2.275250549316406250e+02
2.277873382568359375e+02
2.280556182861328125e+02
2.283224334716796875e+02
2.285952148437500000e+02
2.288664855957031250e+02
2.291362457275390625e+02
2.294118804931640625e+02
2.296859436035156250e+02
2.299658508300781250e+02
2.302367095947265625e+02
2.305133819580078125e+02
2.307883605957031250e+02
2.310617065429687500e+02
2.313407440185546875e+02
2.316106567382812500e+02
2.318788146972656250e+02
2.321526184082031250e+02
2.324172058105468750e+02
2.326799774169921875e+02
2.329409179687500000e+02
2.332000427246093750e+02
2.334573516845703125e+02
2.337128295898437500e+02
2.339590606689453125e+02
2.342035217285156250e+02
2.344387664794921875e+02
2.346796417236328125e+02
2.349113159179687500e+02
2.351337890625000000e+02
2.353545074462890625e+02
2.355734710693359375e+02
2.357758636474609375e+02
2.359839172363281250e+02
2.361828308105468750e+02
2.363725738525390625e+02
2.365532073974609375e+02
2.367321014404296875e+02
2.369019012451171875e+02
2.370700073242187500e+02
2.372290039062500000e+02
2.373788909912109375e+02
2.375196838378906250e+02
2.376514129638671875e+02
2.377740325927734375e+02
2.378950195312500000e+02
2.380069580078125000e+02
2.381024017333984375e+02
2.381962280273437500e+02
2.382810211181640625e+02
2.383493499755859375e+02
2.384160919189453125e+02
2.384663696289062500e+02
2.385150909423828125e+02
2.385473785400390625e+02
2.385706787109375000e+02
2.385924224853515625e+02
2.385903320312500000e+02
2.385867004394531250e+02
2.385740814208984375e+02
2.385451354980468750e+02
2.385072021484375000e+02
2.384529113769531250e+02
2.383971252441406250e+02
2.383249816894531250e+02
2.382439575195312500e+02
2.381465759277343750e+02
2.380402679443359375e+02
2.379251098632812500e+02
2.377936401367187500e+02
2.376532897949218750e+02
2.375040893554687500e+02
2.373386535644531250e+02
2.371644134521484375e+02
2.369739837646484375e+02
2.367748565673828125e+02
2.365669708251953125e+02
2.363430328369140625e+02
2.361029815673828125e+02
2.358543395996093750e+02
2.355970916748046875e+02
2.353238525390625000e+02
2.350420837402343750e+02
2.347443847656250000e+02
2.344307708740234375e+02
2.341161499023437500e+02
2.337782592773437500e+02
2.334319610595703125e+02
2.330773010253906250e+02
2.327068634033203125e+02
2.323281555175781250e+02
2.319337310791015625e+02
2.315310363769531250e+02
2.311127014160156250e+02
2.306861724853515625e+02
2.302440643310546875e+02
2.297938079833984375e+02
2.293354339599609375e+02
2.288541412353515625e+02
2.283722229003906250e+02
2.278748626708984375e+02
2.273620758056640625e+02
2.268487243652343750e+02
2.263126220703125000e+02
2.257760162353515625e+02
2.252241058349609375e+02
2.246569061279296875e+02
2.240818939208984375e+02
2.234990844726562500e+02
2.229010925292968750e+02
2.223027801513671875e+02
2.216819000244140625e+02
2.210607604980468750e+02
2.204245452880859375e+02
2.197807159423828125e+02
2.191218414306640625e+02
2.184554290771484375e+02
2.177814483642578125e+02
2.170999755859375000e+02
2.164110107421875000e+02
2.157071685791015625e+02
2.149958953857421875e+02
2.142772216796875000e+02
2.135511474609375000e+02
2.128102569580078125e+02
2.120694732666015625e+02
2.113139343261718750e+02
2.105510864257812500e+02
2.097883758544921875e+02
2.090109863281250000e+02
2.082263488769531250e+02
2.074344940185546875e+02
2.066354370117187500e+02
2.058366394042968750e+02
2.050232696533203125e+02
2.042027435302734375e+02
2.033825378417968750e+02
2.025478210449218750e+02
2.017134552001953125e+02
2.008720550537109375e+02
2.000236053466796875e+02
1.991681518554687500e+02
1.983131561279296875e+02
1.974511871337890625e+02
1.965822753906250000e+02
1.957138824462890625e+02
1.948311462402343750e+02
1.939564056396484375e+02
1.930673675537109375e+02
1.921789093017578125e+02
1.912910919189453125e+02
1.903964691162109375e+02
1.895025024414062500e+02
1.886017913818359375e+02
1.876943359375000000e+02
1.867876129150390625e+02
1.858816223144531250e+02
1.849689788818359375e+02
1.840571136474609375e+02
1.831460571289062500e+02
1.822358398437500000e+02
1.813190307617187500e+02
1.804030914306640625e+02
1.794806060791015625e+02
1.785664672851562500e+02
1.776458435058593750e+02
1.767261505126953125e+02
1.758148803710937500e+02
1.748971710205078125e+02
1.739804992675781250e+02
1.730648498535156250e+02
1.721502380371093750e+02
1.712366790771484375e+02
1.703241577148437500e+02
1.694126739501953125e+02
1.685022277832031250e+02
1.675928344726562500e+02
1.666919097900390625e+02
1.657845916748046875e+02
1.648857574462890625e+02
1.639879608154296875e+02
1.630912017822265625e+02
1.622029418945312500e+02
1.613082733154296875e+02
1.604220886230468750e+02
1.595443725585937500e+02
1.586602783203125000e+02
1.577846527099609375e+02
1.569175262451171875e+02
1.560514221191406250e+02
1.551863708496093750e+02
1.543298034667968750e+02
1.534742889404296875e+02
1.526272430419921875e+02
1.517812500000000000e+02
1.509437255859375000e+02
1.501147003173828125e+02
1.492866973876953125e+02
1.484671936035156250e+02
1.476487426757812500e+02
1.468387756347656250e+02
1.460372772216796875e+02
1.452368316650390625e+02
1.444448699951171875e+02
1.436613922119140625e+02
1.428789672851562500e+02
1.421124572753906250e+02
1.413469848632812500e+02
1.405900268554687500e+02
1.398415222167968750e+02
1.390940856933593750e+02
1.383625640869140625e+02
1.376320800781250000e+02
1.369101104736328125e+02
1.361966094970703125e+02
1.354916076660156250e+02
1.347950744628906250e+02
1.341070251464843750e+02
1.334200439453125000e+02
1.327489929199218750e+02
1.320864105224609375e+02
1.314248657226562500e+02
1.307792205810546875e+02
1.301345825195312500e+02
1.295057983398437500e+02
1.288854370117187500e+02
1.282660522460937500e+02
1.276624679565429688e+02
1.270672607421875000e+02
1.264804000854492188e+02
1.259018783569335938e+02
1.253316879272460938e+02
1.247698135375976562e+02
1.242162246704101562e+02
1.236709289550781250e+02
1.231338806152343750e+02
1.226125335693359375e+02
1.220919723510742188e+02
1.215870742797851562e+02
1.210903930664062500e+02
1.205944671630859375e+02
1.201141357421875000e+02
1.196494064331054688e+02
1.191854019165039062e+02
1.187295227050781250e+02
1.182891998291015625e+02
1.178495407104492188e+02
1.174253997802734375e+02
1.170093383789062500e+02
1.166013412475585938e+02
1.162013702392578125e+02
1.158094482421875000e+02
1.154255371093750000e+02
1.150570449829101562e+02
1.146891174316406250e+02
1.143365859985351562e+02
1.139920272827148438e+02
1.136553955078125000e+02
1.133266906738281250e+02
1.130058822631835938e+02
1.126930007934570312e+02
1.123954086303710938e+02
1.120982666015625000e+02
1.118164062500000000e+02
1.115349426269531250e+02
1.112687301635742188e+02
1.110103378295898438e+02
1.107597351074218750e+02
1.105169067382812500e+02
1.102818450927734375e+02
1.100471038818359375e+02
1.098275299072265625e+02
1.096156692504882812e+02
1.094115142822265625e+02
1.092150573730468750e+02
1.090262832641601562e+02
1.088451690673828125e+02
1.086717071533203125e+02
1.085058746337890625e+02
1.083476791381835938e+02
1.081970901489257812e+02
1.080540847778320312e+02
1.079112319946289062e+02
1.077833786010742188e+02
1.076556549072265625e+02
1.075354537963867188e+02
1.074302215576171875e+02
1.073250656127929688e+02
1.072199707031250000e+02
1.071297988891601562e+02
1.070470886230468750e+02
1.069644012451171875e+02
1.068891601562500000e+02
1.068213424682617188e+02
1.067535018920898438e+02
1.067004928588867188e+02
1.066474380493164062e+02
1.065943222045898438e+02
1.065559997558593750e+02
1.065175781250000000e+02
1.064864883422851562e+02
1.064552917480468750e+02
1.064313812255859375e+02
1.064147644042968750e+02
1.063979949951171875e+02
1.063884735107421875e+02
1.063787689208984375e+02
1.063837356567382812e+02
1.063810348510742188e+02
1.063855590820312500e+02
1.063972549438476562e+02
1.064086990356445312e+02
1.064198760986328125e+02
1.064381942749023438e+02
1.064636459350585938e+02
1.064813613891601562e+02
1.065136032104492188e+02
1.065380783081054688e+02
1.065696258544921875e+02
1.066082305908203125e+02
1.066390380859375000e+02
1.066768875122070312e+02
1.067217712402343750e+02
1.067588424682617188e+02
1.068029479980468750e+02
1.068466720581054688e+02
1.068899993896484375e+02
1.069403610229492188e+02
1.069903259277343750e+02
1.070398864746093750e+02
1.070890502929687500e+02
1.071378097534179688e+02
1.071861724853515625e+02
1.072415542602539062e+02
1.072965240478515625e+02
1.073436508178710938e+02
1.073978042602539062e+02
1.074515380859375000e+02
1.075048599243164062e+02
1.075577621459960938e+02
1.076102447509765625e+02
1.076623077392578125e+02
1.077065200805664062e+02
1.077577362060546875e+02
1.078085174560546875e+02
1.078588867187500000e+02
1.079088134765625000e+02
1.079508819580078125e+02
1.079999389648437500e+02
1.080411453247070312e+02
1.080819015502929688e+02
1.081222152709960938e+02
1.081621017456054688e+02
1.082015380859375000e+02
1.082330932617187500e+02
1.082716522216796875e+02
1.083023071289062500e+02
1.083325195312500000e+02
1.083548583984375000e+02
1.083767395019531250e+02
1.084055862426757812e+02
1.084191207885742188e+02
1.084396286010742188e+02
1.084522552490234375e+02
1.084643936157226562e+02
1.084760894775390625e+02
1.084798736572265625e+02
1.084832000732421875e+02
1.084786148071289062e+02
1.084735641479492188e+02
1.084680404663085938e+02
1.084546203613281250e+02
1.084407501220703125e+02
1.084264297485351562e+02
1.084042358398437500e+02
1.083816223144531250e+02
1.083511581420898438e+02
1.083202896118164062e+02
1.082815780639648438e+02
1.082424926757812500e+02
1.082030181884765625e+02
1.081557388305664062e+02
1.081006622314453125e+02
1.080452499389648438e+02
1.079894790649414062e+02
1.079259490966796875e+02
1.078620910644531250e+02
1.077904891967773438e+02
1.077111511230468750e+02
1.076315155029296875e+02
1.075515899658203125e+02
1.074639587402343750e+02
1.073686294555664062e+02
1.072730407714843750e+02
1.071697616577148438e+02
1.070662460327148438e+02
1.069550704956054688e+02
1.068436737060546875e+02
1.067246322631835938e+02
1.066053848266601562e+02
1.064785156250000000e+02
1.063514556884765625e+02
1.062093658447265625e+02
1.060745315551757812e+02
1.059321136474609375e+02
1.057821121215820312e+02
1.056319808959960938e+02
1.054742889404296875e+02
1.053164672851562500e+02
1.051511154174804688e+02
1.049782257080078125e+02
1.048052444458007812e+02
1.046321792602539062e+02
1.044441833496093750e+02
1.042635498046875000e+02
1.040754318237304688e+02
1.038798446655273438e+02
1.036767807006835938e+02
1.034811325073242188e+02
1.032705993652343750e+02
1.030600509643554688e+02
1.028495101928710938e+02
1.026315460205078125e+02
1.024061660766601562e+02
1.021808166503906250e+02
1.019554977416992188e+02
1.017227783203125000e+02
1.014826889038085938e+02
1.012426528930664062e+02
1.010026855468750000e+02
1.007553634643554688e+02
1.005006942749023438e+02
1.002461090087890625e+02
9.998419189453125000e+01
9.972238159179687500e+01
9.946069335937500000e+01
9.919168853759765625e+01
9.892282867431640625e+01
9.864666748046875000e+01
9.837065887451171875e+01
9.808737182617187500e+01
9.780425262451171875e+01
9.751387023925781250e+01
9.722367858886718750e+01
9.693367004394531250e+01
9.663642120361328125e+01
9.633939361572265625e+01
9.604256439208984375e+01
9.573854064941406250e+01
9.543473815917968750e+01
9.512374877929687500e+01
9.482043457031250000e+01
9.450251770019531250e+01
9.419229125976562500e+01
9.387490081787109375e+01
9.355779266357421875e+01
9.324098205566406250e+01
9.291702270507812500e+01
9.259337615966796875e+01
9.227004241943359375e+01
9.193959808349609375e+01
9.161691284179687500e+01
9.128713226318359375e+01
9.095769500732421875e+01
9.062118530273437500e+01
9.029246520996093750e+01
8.995669555664062500e+01
8.962129974365234375e+01
8.928628540039062500e+01
8.894423675537109375e+01
8.861001586914062500e+01
8.826876831054687500e+01
8.793536376953125000e+01
8.759493255615234375e+01
8.725490570068359375e+01
8.691528320312500000e+01
8.657607269287109375e+01
8.622984313964843750e+01
8.589144134521484375e+01
8.555345916748046875e+01
8.520845031738281250e+01
8.487129211425781250e+01
8.452710723876953125e+01
8.419077301025390625e+01
8.384741210937500000e+01
8.350447082519531250e+01
8.316937255859375000e+01
8.282726287841796875e+01
8.249300384521484375e+01
8.215171813964843750e+01
8.181829071044921875e+01
8.148528289794921875e+01
8.114525604248046875e+01
8.081308746337890625e+01
8.048133850097656250e+01
8.015000915527343750e+01
7.981909942626953125e+01
7.948861694335937500e+01
7.915855407714843750e+01
7.883635711669921875e+01
7.850714111328125000e+01
7.818579101562500000e+01
7.786486816406250000e+01
7.754436492919921875e+01
7.722726440429687500e+01
7.691133880615234375e+01
7.659658813476562500e+01
7.628449249267578125e+01
7.597357177734375000e+01
7.566530609130859375e+01
7.535971069335937500e+01
7.505529022216796875e+01
7.475353240966796875e+01
7.445443725585937500e+01
7.415726470947265625e+01
7.386276245117187500e+01
7.357092285156250000e+01
7.328100585937500000e+01
7.299449920654296875e+01
7.270992279052734375e+01
7.242874145507812500e+01
7.214943695068359375e+01
7.187343597412109375e+01
7.159993743896484375e+01
7.132962799072265625e+01
7.106096649169921875e+01
7.079539489746093750e+01
7.053285217285156250e+01
