# bb
1.673796191425935831e-06
3.348152631588163786e-06
5.581488494499353692e-06
8.374548997380770743e-06
1.172823340311879292e-05
1.564361809869296849e-05
2.012192453548777848e-05
2.516452695999760181e-05
3.077293513342738152e-05
3.694877523230388761e-05
4.369378439150750637e-05
5.100979251437820494e-05
5.889871317776851356e-05
6.736252544214949012e-05
7.640324474778026342e-05
8.602292655268684030e-05
9.622365178074687719e-05
1.070074722520075738e-04
1.183764470624737442e-04
1.303325843764469028e-04
1.428778778063133359e-04
1.560141972731798887e-04
1.697433763183653355e-04
1.840671611716970801e-04
1.989871670957654715e-04
2.145048929378390312e-04
2.306217356817796826e-04
2.473389322403818369e-04
2.646575740072876215e-04
2.825786068569868803e-04
3.011028456967324018e-04
3.202309017069637775e-04
3.399632114451378584e-04
3.603001532610505819e-04
3.812417853623628616e-04
4.027881659567356110e-04
4.249390331096947193e-04
4.476941248867660761e-04
4.710530047304928303e-04
4.950150032527744770e-04
5.195793346501886845e-04
5.447452422231435776e-04
5.705117946490645409e-04
5.968778859823942184e-04
6.238424102775752544e-04
6.514041451737284660e-04
6.795619265176355839e-04
7.083144155330955982e-04
7.376603898592293262e-04
7.675985107198357582e-04
7.981275557540357113e-04
8.292462443932890892e-04
8.609533542767167091e-04
8.932478958740830421e-04
9.261285886168479919e-04
9.595946175977587700e-04
9.936451679095625877e-04
1.028279424645006657e-03
1.063496689312160015e-03
1.099296729080379009e-03
1.135678961873054504e-03
1.172643387690186501e-03
1.210190122947096825e-03
1.248319167643785477e-03
1.287030987441539764e-03
1.326326164416968822e-03
1.366205397062003613e-03
1.406669733114540577e-03
1.447720220312476158e-03
1.489358139224350452e-03
1.531585003249347210e-03
1.574402558617293835e-03
1.617812667973339558e-03
1.661817310377955437e-03
1.706418814137578011e-03
1.751619158312678337e-03
1.797421253286302090e-03
1.843827543780207634e-03
1.890840940177440643e-03
1.938464120030403137e-03
1.986700342968106270e-03
2.035552170127630234e-03
2.085023559629917145e-03
2.135117072612047195e-03
2.185836434364318848e-03
2.237184904515743256e-03
2.289165742695331573e-03
2.341782674193382263e-03
2.395038725808262825e-03
2.448937855660915375e-03
2.503483323380351067e-03
2.558678854256868362e-03
2.614527475088834763e-03
2.671033376827836037e-03
2.728199586272239685e-03
2.786029828712344170e-03
2.844527363777160645e-03
2.903695916756987572e-03
2.963538514450192451e-03
3.024059114977717400e-03
3.085260745137929916e-03
3.147147130221128464e-03
3.209721529856324196e-03
3.272987902164459229e-03
3.336949273943901062e-03
3.401609137654304504e-03
3.466971218585968018e-03
3.533039009198546410e-03
3.599816700443625450e-03
3.667307319119572639e-03
3.735515289008617401e-03
3.804443869739770889e-03
3.874097950756549835e-03
3.944481257349252701e-03
4.015597980469465256e-03
4.087452311068773270e-03
4.160049371421337128e-03
4.233393352478742599e-03
4.307489842176437378e-03
4.382342565804719925e-03
4.457958042621612549e-03
4.534340929239988327e-03
4.611496813595294952e-03
4.689431749284267426e-03
4.768151324242353439e-03
4.847662057727575302e-03
4.927969537675380707e-03
5.009080749005079269e-03
5.091001745313405991e-03
5.173739977180957794e-03
5.257301963865756989e-03
5.341694690287113190e-03
5.426925141364336014e-03
5.513000767678022385e-03
5.599928554147481918e-03
5.687716882675886154e-03
5.776371806859970093e-03
5.865901708602905273e-03
5.956313572824001312e-03
6.047615315765142441e-03
6.139813922345638275e-03
6.232916843146085739e-03
6.326931994408369064e-03
6.421864964067935944e-03
6.517723668366670609e-03
6.614515092223882675e-03
6.712245289236307144e-03
6.810920778661966324e-03
6.910548545420169830e-03
7.011132780462503433e-03
7.112680003046989441e-03
7.215195335447788239e-03
7.318683434277772903e-03
7.423149421811103821e-03
7.528596092015504837e-03
7.635028567165136337e-03
7.742448709905147552e-03
7.850860245525836945e-03
7.960264571011066437e-03
8.070664480328559875e-03
8.182060904800891876e-03
8.294454775750637054e-03
8.407847024500370026e-03
8.522236719727516174e-03
8.637623861432075500e-03
8.754006586968898773e-03
8.871384896337985992e-03
8.989754132926464081e-03
9.109114296734333038e-03
9.229460731148719788e-03
9.350789710879325867e-03
9.473097510635852814e-03
9.596381336450576782e-03
9.720633737742900848e-03
9.845850989222526550e-03
9.972027502954006195e-03
1.009915582835674286e-02
1.022723037749528885e-02
1.035624463111162186e-02
1.048619020730257034e-02
1.061706058681011200e-02
1.074884831905364990e-02
1.088154409080743790e-02
1.101514045149087906e-02
1.114962901920080185e-02
1.128499954938888550e-02
1.142124552279710770e-02
1.155835576355457306e-02
1.169632095843553543e-02
1.183513272553682327e-02
1.197478082031011581e-02
1.211525499820709229e-02
1.225654594600200653e-02
1.239864248782396317e-02
1.254153531044721603e-02
1.268521416932344437e-02
1.282966788858175278e-02
1.297488715499639511e-02
1.312085986137390137e-02
1.326757483184337616e-02
1.341502461582422256e-02
1.356319244951009750e-02
1.371207181364297867e-02
1.386165060102939606e-02
1.401191577315330505e-02
1.416285522282123566e-02
1.431446056813001633e-02
1.446671504527330399e-02
1.461960934102535248e-02
1.477313134819269180e-02
1.492726616561412811e-02
1.508200261741876602e-02
1.523732580244541168e-02
1.539322361350059509e-02
1.554968208074569702e-02
1.570668630301952362e-02
1.586422137916088104e-02
1.602227613329887390e-02
1.618083007633686066e-02
1.633987016975879669e-02
1.649937964975833893e-02
1.665934361517429352e-02
1.681974343955516815e-02
1.698056608438491821e-02
1.714178919792175293e-02
1.730339787900447845e-02
1.746537350118160248e-02
1.762769557535648346e-02
1.779034733772277832e-02
1.795331016182899475e-02
1.811656169593334198e-02
1.828008331358432770e-02
1.844385266304016113e-02
1.860785298049449921e-02
1.877206005156040192e-02
1.893645524978637695e-02
1.910101436078548431e-02
1.926571689546108246e-02
1.943054050207138062e-02
1.959546469151973724e-02
1.976046524941921234e-02
1.992552354931831360e-02
2.009061351418495178e-02
2.025571279227733612e-02
2.042080275714397430e-02
2.058585546910762787e-02
2.075085230171680450e-02
2.091577462852001190e-02
2.108059264719486237e-02
2.124528959393501282e-02
2.140984125435352325e-02
2.157422900199890137e-02
2.173843048512935638e-02
2.190242521464824677e-02
2.206619270145893097e-02
2.222971059381961823e-02
2.239296212792396545e-02
2.255592867732048035e-02
2.271858789026737213e-02
2.288092300295829773e-02
2.304291538894176483e-02
2.320455200970172882e-02
2.336580865085124969e-02
2.352667227387428284e-02
2.368712797760963440e-02
2.384715899825096130e-02
2.400675229728221893e-02
2.416588924825191498e-02
2.432456240057945251e-02
2.448275126516819000e-02
2.464044839143753052e-02
2.479763887822628021e-02
2.495430968701839447e-02
2.511045522987842560e-02
2.526605874300003052e-02
2.542111091315746307e-02
2.557560428977012634e-02
2.572952769696712494e-02
2.588287182152271271e-02
2.603563107550144196e-02
2.618779055774211884e-02
2.633935026824474335e-02
2.649029716849327087e-02
2.664062567055225372e-02
2.679033018648624420e-02
2.693940326571464539e-02
2.708783745765686035e-02
2.723563089966773987e-02
2.738277055323123932e-02
2.752925641834735870e-02
2.767508290708065033e-02
2.782024629414081573e-02
2.796473726630210876e-02
2.810855396091938019e-02
2.825169451534748077e-02
2.839414961636066437e-02
2.853592112660408020e-02
2.867700159549713135e-02
2.881738729774951935e-02
2.895707823336124420e-02
2.909606881439685822e-02
2.923435904085636139e-02
2.937194146215915680e-02
2.950881980359554291e-02
2.964498847723007202e-02
2.978045120835304260e-02
2.991520054638385773e-02
3.004923649132251740e-02
3.018256463110446930e-02
3.031517751514911652e-02
3.044708259403705597e-02
3.057827427983283997e-02
3.070875629782676697e-02
3.083853051066398621e-02
3.096760436892509460e-02
3.109597042202949524e-02
3.122363984584808350e-02
3.135061264038085938e-02
3.147689625620841980e-02
3.160249814391136169e-02
3.172741830348968506e-02
3.185166418552398682e-02
3.197525069117546082e-02
3.209817409515380859e-02
3.222044929862022400e-02
3.234208747744560242e-02
3.246308863162994385e-02
3.258347511291503906e-02
3.270325437188148499e-02
3.282243758440017700e-02
3.294103592634201050e-02
3.305906429886817932e-02
3.317653760313987732e-02
3.329346701502799988e-02
3.340987116098403931e-02
3.352576494216918945e-02
3.364116698503494263e-02
3.375609219074249268e-02
3.387055918574333191e-02
3.398458287119865417e-02
3.409818932414054871e-02
3.421138972043991089e-02
3.432421013712882996e-02
3.443666547536849976e-02
3.454878181219100952e-02
3.466057777404785156e-02
3.477207198739051819e-02
3.488328680396080017e-02
3.499424457550048828e-02
3.510497137904167175e-02
3.521547839045524597e-02
3.532579913735389709e-02
3.543595224618911743e-02
3.554595261812210083e-02
3.565583378076553345e-02
3.576561436057090759e-02
3.587531670928001404e-02
3.598495945334434509e-02
3.609456866979598999e-02
3.620416298508644104e-02
3.631376847624778748e-02
3.642340376973152161e-02
3.653309121727943420e-02
3.664285317063331604e-02
3.675270825624465942e-02
3.686267882585525513e-02
3.697278723120689392e-02
3.708305209875106812e-02
3.719349578022956848e-02
3.730413317680358887e-02
3.741499036550521851e-02
3.752608224749565125e-02
3.763743117451667786e-02
3.774904832243919373e-02
3.786096349358558655e-02
3.797318786382675171e-02
3.808574378490447998e-02
3.819864615797996521e-02
3.831191733479499817e-02
3.842556849122047424e-02
3.853962197899818420e-02
3.865409269928932190e-02
3.876899555325508118e-02
3.888435289263725281e-02
3.900017961859703064e-02
3.911649063229560852e-02
3.923330828547477722e-02
3.935064002871513367e-02
3.946850821375846863e-02
3.958692774176597595e-02
3.970591723918914795e-02
3.982549160718917847e-02
3.994566574692726135e-02
4.006645828485488892e-02
4.018788412213325500e-02
4.030996188521385193e-02
4.043269902467727661e-02
4.055612161755561829e-02
4.068024083971977234e-02
4.080507159233093262e-02
4.093063250184059143e-02
4.105693474411964417e-02
4.118399694561958313e-02
4.131183400750160217e-02
4.144046455621719360e-02
4.156989604234695435e-02
4.170015081763267517e-02
4.183123260736465454e-02
4.196316748857498169e-02
4.209596291184425354e-02
4.222963005304336548e-02
4.236418753862380981e-02
4.249964654445648193e-02
4.263601824641227722e-02
4.277331382036209106e-02
4.291154444217681885e-02
4.305072501301765442e-02
4.319086298346519470e-02
4.333196207880973816e-02
4.347404092550277710e-02
4.361709952354431152e-02
4.376115277409553528e-02
4.390620440244674683e-02
4.405226185917854309e-02
4.419932886958122253e-02
4.434740915894508362e-02
4.449651017785072327e-02
4.464662820100784302e-02
4.479777440428733826e-02
4.494994133710861206e-02
4.510313645005226135e-02
4.525735974311828613e-02
4.541260376572608948e-02
4.556886851787567139e-02
4.572615399956703186e-02
4.588445648550987244e-02
4.604376852512359619e-02
4.620408639311790466e-02
4.636540636420249939e-02
4.652772098779678345e-02
4.669101536273956299e-02
4.685528576374053955e-02
4.702052474021911621e-02
4.718672484159469604e-02
4.735386371612548828e-02
4.752194136381149292e-02
4.769094288349151611e-02
4.786085337400436401e-02
4.803165793418884277e-02
4.820334911346435547e-02
4.837590456008911133e-02
4.854932054877281189e-02
4.872357100248336792e-02
4.889864474534988403e-02
4.907452687621116638e-02
4.925119504332542419e-02
4.942863807082176208e-02
4.960684105753898621e-02
4.978577792644500732e-02
4.996543377637863159e-02
5.014579370617866516e-02
5.032683908939361572e-02
5.050854757428169250e-02
5.069090425968170166e-02
5.087388306856155396e-02
5.105747655034065247e-02
5.124165490269660950e-02
5.142640322446823120e-02
5.161170288920402527e-02
5.179752781987190247e-02
5.198386684060096741e-02
5.217069387435913086e-02
5.235799029469490051e-02
5.254573374986648560e-02
5.273390561342239380e-02
5.292249098420143127e-02
5.311145260930061340e-02
5.330078303813934326e-02
5.349045619368553162e-02
5.368045344948768616e-02
5.387075245380401611e-02
5.406132712960243225e-02
5.425215139985084534e-02
5.444321781396865845e-02
5.463449284434318542e-02
5.482595413923263550e-02
5.501757562160491943e-02
5.520933866500854492e-02
5.540122464299201965e-02
5.559319630265235901e-02
5.578523874282836914e-02
5.597731843590736389e-02
5.616941675543785095e-02
5.636150389909744263e-02
5.655355751514434814e-02
5.674554780125617981e-02
5.693745240569114685e-02
5.712924152612686157e-02
5.732088536024093628e-02
5.751235410571098328e-02
5.770362913608551025e-02
5.789467692375183105e-02
5.808547139167785645e-02
5.827597901225090027e-02
5.846616998314857483e-02
5.865601450204849243e-02
5.884548649191856384e-02
5.903456360101699829e-02
5.922320112586021423e-02
5.941137671470642090e-02
5.959906429052352905e-02
5.978622660040855408e-02
5.997283756732940674e-02
6.015886366367340088e-02
6.034427508711814880e-02
6.052904576063156128e-02
6.071314588189125061e-02
6.089654564857482910e-02
6.107921525835990906e-02
6.126112118363380432e-02
6.144223734736442566e-02
6.162254139780998230e-02
6.180199980735778809e-02
6.198058277368545532e-02
6.215826794505119324e-02
6.233502551913261414e-02
6.251083314418792725e-02
6.268566101789474487e-02
6.285949051380157471e-02
6.303228437900543213e-02
6.320403516292572021e-02
6.337470561265945435e-02
6.354428082704544067e-02
6.371273845434188843e-02
6.388005614280700684e-02
6.404620409011840820e-02
6.421118229627609253e-02
6.437495350837707520e-02
6.453751027584075928e-02
6.469883024692535400e-02
6.485889106988906860e-02
6.501769274473190308e-02
6.517519801855087280e-02
6.533141434192657471e-02
6.548630446195602417e-02
6.563986837863922119e-02
6.579209119081497192e-02
6.594296544790267944e-02
6.609246879816055298e-02
6.624059379100799561e-02
6.638732552528381348e-02
6.653267145156860352e-02
6.667660176753997803e-02
6.681912392377853394e-02
6.696020811796188354e-02
6.709986925125122070e-02
6.723809242248535156e-02
6.737486273050308228e-02
6.751017272472381592e-02
6.764403730630874634e-02
6.777642667293548584e-02
6.790735572576522827e-02
6.803679466247558594e-02
6.816475838422775269e-02
6.829124689102172852e-02
6.841623783111572266e-02
6.853974610567092896e-02
6.866175681352615356e-02
6.878226250410079956e-02
6.890127807855606079e-02
6.901879608631134033e-02
6.913480907678604126e-02
6.924931704998016357e-02
6.936232000589370728e-02
6.947382539510726929e-02
6.958382576704025269e-02
6.969232112169265747e-02
6.979931145906448364e-02
6.990480422973632812e-02
7.000879943370819092e-02
7.011130452156066895e-02
7.021231204271316528e-02
7.031183689832687378e-02
7.040987163782119751e-02
7.050643116235733032e-02
7.060152292251586914e-02
7.069513946771621704e-02
7.078729569911956787e-02
7.087799161672592163e-02
7.096724957227706909e-02
7.105506956577301025e-02
7.114145904779434204e-02
7.122643291950225830e-02
7.131000608205795288e-02
7.139217853546142578e-02
7.147297263145446777e-02
7.155239582061767578e-02
7.163046300411224365e-02
7.170718908309936523e-02
7.178258895874023438e-02
7.185669243335723877e-02
7.192949205636978149e-02
7.200101763010025024e-02
7.207129895687103271e-02
7.214033603668212891e-02
7.220815867185592651e-02
7.227478176355361938e-02
7.234023511409759521e-02
7.240453362464904785e-02
7.246770709753036499e-02
7.252977043390274048e-02
7.259076088666915894e-02
7.265068590641021729e-02
7.270958274602890015e-02
7.276747375726699829e-02
7.282438129186630249e-02
7.288034260272979736e-02
7.293536514043807983e-02
7.298949360847473145e-02
7.304275035858154297e-02
7.309515774250030518e-02
7.314675301313400269e-02
7.319756597280502319e-02
7.324761152267456055e-02
7.329692691564559937e-02
7.334554195404052734e-02
7.339348644018173218e-02
7.344079017639160156e-02
7.348747551441192627e-02
7.353357970714569092e-02
7.357913255691528320e-02
7.362415641546249390e-02
7.366867363452911377e-02
7.371272891759872437e-02
7.375634461641311646e-02
7.379954308271408081e-02
7.384236901998519897e-02
7.388483732938766479e-02
7.392697781324386597e-02
7.396882027387619019e-02
7.401039451360702515e-02
7.405173033475875854e-02
7.409284263849258423e-02
7.413377612829208374e-02
7.417454570531845093e-02
7.421518117189407349e-02
7.425570487976074219e-02
7.429615408182144165e-02
7.433655112981796265e-02
7.437691837549209595e-02
7.441727817058563232e-02
7.445766776800155640e-02
7.449810206890106201e-02
7.453861087560653687e-02
7.457921653985977173e-02
7.461994886398315430e-02
7.466083019971847534e-02
7.470189034938812256e-02
7.474314421415328979e-02
7.478461414575576782e-02
7.482634484767913818e-02
7.486833631992340088e-02
7.491063326597213745e-02
7.495324313640594482e-02
7.499620318412780762e-02
7.503952831029891968e-02
7.508324086666107178e-02
7.512737065553665161e-02
7.517194002866744995e-02
7.521697133779525757e-02
7.526249438524246216e-02
7.530851662158966064e-02
7.535507529973983765e-02
7.540219277143478394e-02
7.544988393783569336e-02
7.549817115068435669e-02
7.554709166288375854e-02
7.559664547443389893e-02
7.564686983823776245e-02
7.569777220487594604e-02
7.574939727783203125e-02
7.580174505710601807e-02
7.585484534502029419e-02
7.590871304273605347e-02
7.596337050199508667e-02
7.601884752511978149e-02
7.607514411211013794e-02
7.613228261470794678e-02
7.619029283523559570e-02
7.624917477369308472e-02
7.630896568298339844e-02
7.636966556310653687e-02
7.643129676580429077e-02
7.649387419223785400e-02
7.655740529298782349e-02
7.662191241979598999e-02
7.668739557266235352e-02
7.675388455390930176e-02
7.682137936353683472e-02
7.688988745212554932e-02
7.695943117141723633e-02
7.703000307083129883e-02
7.710161805152893066e-02
7.717429101467132568e-02
7.724801450967788696e-02
7.732280343770980835e-02
7.739865779876708984e-02
7.747557759284973145e-02
7.755358517169952393e-02
7.763266563415527344e-02
7.771281898021697998e-02
7.779404520988464355e-02
7.787635177373886108e-02
7.795973867177963257e-02
7.804419100284576416e-02
7.812971621751785278e-02
7.821631431579589844e-02
7.830397039651870728e-02
7.839269191026687622e-02
7.848245650529861450e-02
7.857327163219451904e-02
7.866512238979339600e-02
7.875800877809524536e-02
7.885190844535827637e-02
7.894682884216308594e-02
7.904275506734848022e-02
7.913967221975326538e-02
7.923757284879684448e-02
7.933644950389862061e-02
7.943627983331680298e-02
7.953707128763198853e-02
7.963879406452178955e-02
7.974143326282501221e-02
7.984498888254165649e-02
7.994943857192993164e-02
8.005477488040924072e-02
8.016098290681838989e-02
8.026803284883499146e-02
8.037592470645904541e-02
8.048464357852935791e-02
8.059416711330413818e-02
8.070448040962219238e-02
8.081556856632232666e-02
8.092742413282394409e-02
8.104000985622406006e-02
8.115331828594207764e-02
8.126733452081680298e-02
8.138204365968704224e-02
8.149742335081100464e-02
8.161345124244689941e-02
8.173010498285293579e-02
8.184737712144851685e-02
8.196523785591125488e-02
8.208367973566055298e-02
8.220267295837402344e-02
8.232219517230987549e-02
8.244223147630691528e-02
8.256275206804275513e-02
8.268374204635620117e-02
8.280517905950546265e-02
8.292704075574874878e-02
8.304930478334426880e-02
8.317194133996963501e-02
8.329493552446365356e-02
8.341826498508453369e-02
8.354188501834869385e-02
8.366578817367553711e-02
8.378995209932327271e-02
8.391433209180831909e-02
8.403892815113067627e-02
8.416368812322616577e-02
8.428859710693359375e-02
8.441362529993057251e-02
8.453875035047531128e-02
8.466393500566482544e-02
8.478916436433792114e-02
8.491438627243041992e-02
8.503958582878112793e-02
8.516474068164825439e-02
8.528981357812881470e-02
8.541476726531982422e-02
8.553958684206008911e-02
8.566422760486602783e-02
8.578865975141525269e-02
8.591285347938537598e-02
8.603678643703460693e-02
8.616042137145996094e-02
8.628372848033905029e-02
8.640667051076889038e-02
8.652922511100769043e-02
8.665135502815246582e-02
8.677303045988082886e-02
8.689421415328979492e-02
8.701489120721817017e-02
8.713501691818237305e-02
8.725456148386001587e-02
8.737349510192871094e-02
8.749179542064666748e-02
8.760941773653030396e-02
8.772633969783782959e-02
8.784253895282745361e-02
8.795797824859619141e-02
8.807262778282165527e-02
8.818646520376205444e-02
8.829946070909500122e-02
8.841157704591751099e-02
8.852279931306838989e-02
8.863309025764465332e-02
8.874243497848510742e-02
8.885080367326736450e-02
8.895817399024963379e-02
8.906450122594833374e-02
8.916979283094406128e-02
8.927398920059204102e-02
8.937709778547286987e-02
8.947908878326416016e-02
8.957993239164352417e-02
8.967960625886917114e-02
8.977808803319931030e-02
8.987536281347274780e-02
8.997141569852828979e-02
9.006621688604354858e-02
9.015975147485733032e-02
9.025199711322784424e-02
9.034293144941329956e-02
9.043254703283309937e-02
9.052082896232604980e-02
9.060774743556976318e-02
9.069328755140304565e-02
9.077744185924530029e-02
9.086018800735473633e-02
9.094151854515075684e-02
9.102141112089157104e-02
9.109985083341598511e-02
9.117683023214340210e-02
9.125232696533203125e-02
9.132633358240127563e-02
9.139884263277053833e-02
9.146982431411743164e-02
9.153928607702255249e-02
9.160720556974411011e-02
9.167356789112091064e-02
9.173838049173355103e-02
9.180161356925964355e-02
9.186325967311859131e-02
9.192331880331039429e-02
9.198177605867385864e-02
9.203862398862838745e-02
9.209385514259338379e-02
9.214745461940765381e-02
9.219942241907119751e-02
9.224975109100341797e-02
9.229843318462371826e-02
9.234546124935150146e-02
9.239082783460617065e-02
9.243453294038772583e-02
9.247657656669616699e-02
9.251695126295089722e-02
9.255564212799072266e-02
9.259265661239624023e-02
9.262799471616744995e-02
9.266165643930435181e-02
9.269363433122634888e-02
9.272392839193344116e-02
9.275253862142562866e-02
9.277947992086410522e-02
9.280473738908767700e-02
9.282832592725753784e-02
9.285024553537368774e-02
9.287048876285552979e-02
9.288907796144485474e-02
9.290601313114166260e-02
9.292129427194595337e-02
9.293493628501892090e-02
9.294694662094116211e-02
9.295732527971267700e-02
9.296608716249465942e-02
9.297323971986770630e-02
9.297879785299301147e-02
9.298277646303176880e-02
9.298518300056457520e-02
9.298603236675262451e-02
9.298533201217651367e-02
9.298310428857803345e-02
9.297935664653778076e-02
9.297411143779754639e-02
9.296738356351852417e-02
9.295918792486190796e-02
9.294953942298889160e-02
9.293846786022186279e-02
9.292597323656082153e-02
9.291209280490875244e-02
9.289683401584625244e-02
9.288022667169570923e-02
9.286228567361831665e-02
9.284302592277526855e-02
9.282248467206954956e-02
9.280066937208175659e-02
9.277760237455368042e-02
9.275332093238830566e-02
9.272783249616622925e-02
9.270117431879043579e-02
9.267336130142211914e-02
9.264440089464187622e-02
9.261435270309448242e-02
9.258321672677993774e-02
9.255101531744003296e-02
9.251778572797775269e-02
9.248354285955429077e-02
9.244832396507263184e-02
9.241214394569396973e-02
9.237502515316009521e-02
9.233698993921279907e-02
9.229808300733566284e-02
9.225831180810928345e-02
9.221770614385604858e-02
9.217629581689834595e-02
9.213410317897796631e-02
9.209115058183670044e-02
9.204747527837753296e-02
9.200308471918106079e-02
9.195801615715026855e-02
9.191229939460754395e-02
9.186594933271408081e-02
9.181899577379226685e-02
9.177147597074508667e-02
9.172338992357254028e-02
9.167478978633880615e-02
9.162569046020507812e-02
9.157611429691314697e-02
9.152609109878540039e-02
9.147565811872482300e-02
9.142482280731201172e-02
9.137361496686935425e-02
9.132207185029983521e-02
9.127022325992584229e-02
9.121806919574737549e-02
9.116566181182861328e-02
9.111302345991134644e-02
9.106016904115676880e-02
9.100713580846786499e-02
9.095395356416702271e-02
9.090062975883483887e-02
9.084721654653549194e-02
9.079372137784957886e-02
9.074018150568008423e-02
9.068661928176879883e-02
9.063305705785751343e-02
9.057953953742980957e-02
9.052606672048568726e-02
9.047268331050872803e-02
9.041941165924072266e-02
9.036628156900405884e-02
9.031332284212112427e-02
9.026054292917251587e-02
9.020798653364181519e-02
9.015567600727081299e-02
9.010363370180130005e-02
9.005188196897506714e-02
9.000044316053390503e-02
8.994936197996139526e-02
8.989863842725753784e-02
8.984831720590591431e-02
8.979841321706771851e-02
8.974895626306533813e-02
8.969996124505996704e-02
8.965145796537399292e-02
8.960346132516860962e-02
8.955600112676620483e-02
8.950909227132797241e-02
8.946276456117630005e-02
8.941704034805297852e-02
8.937193453311920166e-02
8.932746201753616333e-02
8.928364515304565430e-02
8.924052119255065918e-02
8.919807523488998413e-02
8.915635198354721069e-02
8.911535888910293579e-02
8.907511830329895020e-02
8.903563022613525391e-02
8.899692445993423462e-02
8.895902335643768311e-02
8.892191946506500244e-02
8.888564258813858032e-02
8.885020017623901367e-02
8.881560713052749634e-02
8.878187090158462524e-02
8.874900639057159424e-02
8.871702849864959717e-02
8.868593722581863403e-02
8.865575492382049561e-02
8.862648159265518188e-02
8.859812468290328979e-02
8.857069909572601318e-02
8.854421228170394897e-02
8.851865679025650024e-02
8.849406242370605469e-02
8.847041428089141846e-02
8.844772726297378540e-02
8.842601627111434937e-02
8.840525895357131958e-02
8.838548511266708374e-02
8.836667984724044800e-02
8.834885805845260620e-02
8.833201974630355835e-02
8.831617236137390137e-02
8.830130100250244141e-02
8.828742057085037231e-02
8.827453106641769409e-02
8.826263248920440674e-02
8.825172483921051025e-02
8.824180066585540771e-02
8.823286741971969604e-02
8.822492510080337524e-02
8.821796625852584839e-02
8.821199834346771240e-02
8.820700645446777344e-02
8.820299804210662842e-02
8.819996565580368042e-02
8.819791674613952637e-02
8.819682896137237549e-02
8.819671720266342163e-02
8.819755911827087402e-02
8.819936215877532959e-02
8.820211887359619141e-02
8.820582926273345947e-02
8.821047097444534302e-02
8.821605890989303589e-02
8.822256326675415039e-02
8.822999894618988037e-02
8.823834359645843506e-02
8.824758976697921753e-02
8.825774490833282471e-02
8.826877921819686890e-02
8.828069269657135010e-02
8.829347789287567139e-02
8.830711990594863892e-02
8.832161128520965576e-02
8.833693712949752808e-02
8.835308998823165894e-02
8.837004750967025757e-02
8.838780969381332397e-02
8.840636163949966431e-02
8.842568099498748779e-02
8.844576030969619751e-02
8.846657723188400269e-02
8.848812431097030640e-02
8.851038664579391479e-02
8.853334188461303711e-02
8.855699002742767334e-02
8.858128637075424194e-02
8.860623091459274292e-02
8.863179385662078857e-02
8.865798264741897583e-02
8.868474513292312622e-02
8.871208876371383667e-02
8.873997628688812256e-02
8.876839280128479004e-02
8.879732340574264526e-02
8.882674574851989746e-02
8.885663747787475586e-02
8.888696879148483276e-02
8.891773968935012817e-02
8.894889801740646362e-02
8.898045122623443604e-02
8.901236206293106079e-02
8.904460817575454712e-02
8.907716721296310425e-02
8.911002427339553833e-02
8.914314210414886475e-02
8.917651325464248657e-02
8.921010792255401611e-02
8.924389630556106567e-02
8.927786350250244141e-02
8.931198716163635254e-02
8.934623748064041138e-02
8.938059210777282715e-02
8.941503614187240601e-02
8.944953978061676025e-02
8.948408067226409912e-02
8.951862901449203491e-02
8.955317735671997070e-02
8.958768844604492188e-02
8.962214738130569458e-02
8.965652436017990112e-02
8.969080448150634766e-02
8.972495794296264648e-02
8.975897729396820068e-02
8.979281783103942871e-02
8.982647955417633057e-02
8.985992521047592163e-02
8.989313989877700806e-02
8.992609381675720215e-02
8.995878696441650391e-02
8.999117463827133179e-02
9.002324193716049194e-02
9.005498141050338745e-02
9.008635580539703369e-02
9.011735022068023682e-02
9.014794975519180298e-02
9.017813205718994141e-02
9.020786732435226440e-02
9.023714810609817505e-02
9.026595205068588257e-02
9.029425680637359619e-02
9.032204747200012207e-02
9.034930169582366943e-02
9.037600457668304443e-02
9.040212631225585938e-02
9.042766690254211426e-02
9.045258909463882446e-02
9.047688543796539307e-02
9.050054103136062622e-02
9.052352607250213623e-02
9.054584056138992310e-02
9.056745469570159912e-02
9.058834612369537354e-02
9.060851484537124634e-02
9.062793105840682983e-02
9.064658731222152710e-02
9.066445380449295044e-02
9.068153053522109985e-02
9.069778770208358765e-02
9.071322530508041382e-02
9.072780609130859375e-02
9.074153751134872437e-02
9.075439721345901489e-02
9.076636284589767456e-02
9.077741950750350952e-02
9.078756719827651978e-02
9.079679101705551147e-02
9.080506116151809692e-02
9.081237763166427612e-02
9.081872552633285522e-02
9.082408994436264038e-02
9.082846343517303467e-02
9.083183109760284424e-02
9.083418548107147217e-02
9.083552658557891846e-02
9.083580970764160156e-02
9.083505719900131226e-02
9.083325415849685669e-02
9.083037078380584717e-02
9.082643687725067139e-02
9.082140773534774780e-02
9.081529080867767334e-02
9.080807864665985107e-02
9.079977124929428101e-02
9.079035371541976929e-02
9.077982604503631592e-02
9.076817333698272705e-02
9.075541049242019653e-02
9.074150770902633667e-02
9.072648733854293823e-02
9.071032702922821045e-02
9.069303423166275024e-02
9.067461639642715454e-02
9.065504372119903564e-02
9.063433855772018433e-02
9.061250090599060059e-02
9.058952331542968750e-02
9.056540578603744507e-02
9.054015576839447021e-02
9.051376581192016602e-02
9.048625081777572632e-02
9.045759588479995728e-02
9.042782336473464966e-02
9.039692580699920654e-02
9.036491066217422485e-02
9.033177793025970459e-02
9.029754251241683960e-02
9.026219695806503296e-02
9.022575616836547852e-02
9.018822014331817627e-02
9.014960378408432007e-02
9.010990709066390991e-02
9.006913751363754272e-02
9.002730250358581543e-02
8.998442441225051880e-02
8.994048833847045898e-02
8.989551663398742676e-02
8.984950929880142212e-02
8.980248868465423584e-02
8.975444734096527100e-02
8.970541507005691528e-02
8.965539187192916870e-02
8.960437774658203125e-02
8.955240249633789062e-02
8.949946612119674683e-02
8.944557607173919678e-02
8.939075469970703125e-02
8.933500200510025024e-02
8.927834033966064453e-02
8.922077715396881104e-02
8.916232734918594360e-02
8.910299837589263916e-02
8.904280513525009155e-02
8.898176252841949463e-02
8.891988545656204224e-02
8.885717391967773438e-02
8.879365772008895874e-02
8.872933685779571533e-02
8.866424113512039185e-02
8.859837800264358521e-02
8.853176236152648926e-02
8.846440166234970093e-02
8.839631825685501099e-02
8.832751959562301636e-02
8.825803548097610474e-02
8.818786591291427612e-02
8.811703324317932129e-02
8.804555237293243408e-02
8.797344565391540527e-02
8.790072798728942871e-02
8.782740682363510132e-02
8.775350451469421387e-02
8.767903596162796021e-02
8.760402351617813110e-02
8.752847462892532349e-02
8.745241910219192505e-02
8.737587183713912964e-02
8.729884028434753418e-02
8.722135424613952637e-02
8.714342117309570312e-02
8.706507086753845215e-02
8.698631823062896729e-02
8.690717816352844238e-02
8.682767301797866821e-02
8.674781769514083862e-02
8.666763454675674438e-02
8.658713847398757935e-02
8.650635182857513428e-02
8.642529696226119995e-02
8.634398877620697021e-02
8.626244217157363892e-02
8.618069440126419067e-02
8.609873801469802856e-02
8.601661771535873413e-02
8.593433350324630737e-02
8.585191518068313599e-02
8.576938509941101074e-02
8.568675071001052856e-02
8.560404181480407715e-02
8.552127331495285034e-02
8.543846011161804199e-02
8.535563200712203979e-02
8.527279645204544067e-02
8.518997579813003540e-02
8.510719239711761475e-02
8.502446115016937256e-02
8.494179695844650269e-02
8.485922962427139282e-02
8.477676659822463989e-02
8.469443023204803467e-02
8.461223542690277100e-02
8.453020453453063965e-02
8.444834500551223755e-02
8.436667919158935547e-02
8.428522944450378418e-02
8.420400321483612061e-02
8.412302285432815552e-02
8.404229581356048584e-02
8.396184444427490234e-02
8.388168364763259888e-02
8.380183577537536621e-02
8.372230082750320435e-02
8.364310115575790405e-02
8.356425166130065918e-02
8.348575979471206665e-02
8.340764790773391724e-02
8.332992345094680786e-02
8.325260877609252930e-02
8.317570388317108154e-02
8.309922367334365845e-02
8.302319049835205078e-02
8.294760435819625854e-02
8.287248760461807251e-02
8.279784768819808960e-02
8.272369205951690674e-02
8.265003561973571777e-02
8.257687836885452271e-02
8.250425010919570923e-02
8.243214339017868042e-02
8.236058056354522705e-02
8.228956162929534912e-02
8.221910148859024048e-02
8.214920014142990112e-02
8.207987993955612183e-02
8.201114088296890259e-02
8.194299042224884033e-02
8.187543600797653198e-02
8.180849254131317139e-02
8.174216002225875854e-02
8.167644590139389038e-02
8.161135762929916382e-02
8.154690265655517578e-02
8.148308843374252319e-02
8.141992241144180298e-02
8.135739713907241821e-02
8.129553496837615967e-02
8.123432844877243042e-02
8.117379248142242432e-02
8.111392706632614136e-02
8.105472475290298462e-02
8.099621534347534180e-02
8.093837648630142212e-02
8.088122308254241943e-02
8.082476258277893066e-02
8.076898753643035889e-02
8.071389794349670410e-02
8.065951615571975708e-02
8.060581982135772705e-02
8.055282384157180786e-02
8.050052821636199951e-02
8.044892549514770508e-02
8.039802312850952148e-02
8.034782111644744873e-02
8.029832690954208374e-02
8.024951815605163574e-02
8.020141720771789551e-02
8.015400171279907227e-02
8.010727912187576294e-02
8.006125688552856445e-02
8.001592755317687988e-02
7.997128367424011230e-02
7.992731034755706787e-02
7.988402992486953735e-02
7.984142750501632690e-02
7.979949563741683960e-02
7.975822687149047852e-02
7.971762865781784058e-02
7.967768609523773193e-02
7.963839173316955566e-02
7.959975302219390869e-02
7.956175506114959717e-02
7.952438294887542725e-02
7.948764413595199585e-02
7.945152372121810913e-02
7.941602170467376709e-02
7.938112318515777588e-02
7.934682071208953857e-02
7.931310683488845825e-02
7.927998155355453491e-02
7.924742251634597778e-02
7.921542227268218994e-02
7.918398082256317139e-02
7.915307581424713135e-02
7.912270724773406982e-02
7.909286767244338989e-02
7.906353473663330078e-02
7.903470844030380249e-02
7.900637388229370117e-02
7.897851616144180298e-02
7.895112782716751099e-02
7.892420142889022827e-02
7.889772206544876099e-02
7.887167483568191528e-02
7.884605228900909424e-02
7.882083952426910400e-02
7.879602164030075073e-02
7.877159118652343750e-02
7.874753326177597046e-02
7.872384041547775269e-02
7.870049029588699341e-02
7.867748290300369263e-02
7.865478843450546265e-02
7.863240689039230347e-02
7.861032336950302124e-02
7.858852297067642212e-02
7.856699079275131226e-02
7.854571193456649780e-02
7.852468639612197876e-02
7.850388437509536743e-02
7.848329842090606689e-02
7.846292108297348022e-02
7.844272255897521973e-02
7.842271029949188232e-02
7.840285450220108032e-02
7.838315516710281372e-02
7.836358994245529175e-02
7.834414392709732056e-02
7.832480221986770630e-02
7.830555737018585205e-02
7.828640192747116089e-02
7.826730608940124512e-02
7.824827730655670166e-02
7.822927832603454590e-02
7.821030914783477783e-02
7.819135487079620361e-02
7.817240059375762939e-02
7.815343886613845825e-02
7.813444733619689941e-02
7.811541855335235596e-02
7.809633016586303711e-02
7.807718217372894287e-02
7.805795967578887939e-02
7.803864032030105591e-02
7.801921665668487549e-02
7.799967378377914429e-02
7.798000425100326538e-02
7.796017825603485107e-02
7.794021070003509521e-02
7.792005687952041626e-02
7.789973169565200806e-02
7.787920534610748291e-02
7.785847783088684082e-02
7.783752679824829102e-02
7.781633734703063965e-02
7.779490202665328979e-02
7.777321338653564453e-02
7.775124907493591309e-02
7.772900909185409546e-02
7.770646363496780396e-02
7.768362015485763550e-02
7.766044884920120239e-02
7.763694971799850464e-02
7.761310786008834839e-02
7.758890837430953979e-02
7.756435126066207886e-02
7.753941416740417480e-02
7.751408219337463379e-02
7.748835533857345581e-02
7.746221870183944702e-02
7.743566483259201050e-02
7.740867882966995239e-02
7.738124579191207886e-02
7.735336571931838989e-02
7.732501626014709473e-02
7.729620486497879028e-02
7.726690173149108887e-02
7.723712176084518433e-02
7.720682770013809204e-02
7.717603445053100586e-02
7.714471966028213501e-02
7.711288332939147949e-02
7.708051055669784546e-02
7.704760134220123291e-02
7.701414078474044800e-02
7.698012143373489380e-02
7.694554328918457031e-02
7.691039144992828369e-02
7.687466591596603394e-02
7.683835923671722412e-02
7.680144906044006348e-02
7.676396518945693970e-02
7.672587037086486816e-02
7.668717205524444580e-02
7.664786279201507568e-02
7.660793513059616089e-02
7.656740397214889526e-02
7.652623951435089111e-02
7.648445665836334229e-02
7.644203305244445801e-02
7.639899849891662598e-02
7.635531574487686157e-02
7.631099224090576172e-02
7.626603543758392334e-02
7.622044533491134644e-02
7.617420703172683716e-02
7.612732797861099243e-02
7.607980072498321533e-02
7.603163272142410278e-02
7.598282396793365479e-02
7.593336701393127441e-02
7.588326185941696167e-02
7.583251595497131348e-02
7.578112930059432983e-02
7.572909444570541382e-02
7.567642629146575928e-02
7.562310993671417236e-02
7.556915283203125000e-02
7.551456987857818604e-02
7.545935362577438354e-02
7.540349662303924561e-02
7.534700632095336914e-02
7.528989017009735107e-02
7.523216307163238525e-02
7.517380267381668091e-02
7.511482387781143188e-02
7.505524158477783203e-02
7.499503344297409058e-02
7.493422925472259521e-02
7.487281411886215210e-02
7.481080293655395508e-02
7.474818825721740723e-02
7.468499988317489624e-02
7.462121546268463135e-02
7.455684989690780640e-02
7.449190318584442139e-02
7.442639023065567017e-02
7.436030358076095581e-02
7.429366558790206909e-02
7.422646880149841309e-02
7.415872067213058472e-02
7.409042865037918091e-02
7.402160018682479858e-02
7.395223528146743774e-02
7.388234138488769531e-02
7.381193339824676514e-02
7.374101132154464722e-02
7.366958260536193848e-02
7.359765470027923584e-02
7.352522760629653931e-02
7.345232367515563965e-02
7.337894290685653687e-02
7.330508530139923096e-02
7.323076575994491577e-02
7.315599173307418823e-02
7.308077812194824219e-02
7.300512492656707764e-02
7.292903959751129150e-02
7.285252958536148071e-02
7.277560979127883911e-02
7.269828766584396362e-02
7.262057065963745117e-02
7.254246622323989868e-02
7.246398925781250000e-02
7.238515466451644897e-02
7.230594754219055176e-02
7.222641259431838989e-02
7.214653491973876953e-02
7.206632941961288452e-02
7.198581099510192871e-02
7.190498709678649902e-02
7.182387262582778931e-02
7.174247503280639648e-02
7.166080921888351440e-02
7.157888263463973999e-02
7.149670273065567017e-02
7.141428440809249878e-02
7.133164256811141968e-02
7.124878466129302979e-02
7.116572558879852295e-02
7.108247280120849609e-02
7.099904119968414307e-02
7.091543823480606079e-02
7.083168625831604004e-02
7.074778527021408081e-02
7.066375017166137695e-02
7.057958841323852539e-02
7.049532979726791382e-02
7.041096687316894531e-02
7.032651454210281372e-02
7.024198770523071289e-02
7.015739381313323975e-02
7.007275521755218506e-02
6.998807191848754883e-02
6.990335881710052490e-02
6.981863081455230713e-02
6.973389536142349243e-02
6.964915990829467773e-02
6.956443935632705688e-02
6.947974115610122681e-02
6.939508020877838135e-02
6.931047141551971436e-02
6.922591477632522583e-02
6.914142519235610962e-02
6.905700266361236572e-02
6.897267699241638184e-02
6.888844817876815796e-02
6.880431622266769409e-02
6.872030347585678101e-02
6.863640993833541870e-02
6.855265051126480103e-02
6.846904009580612183e-02
6.838557124137878418e-02
6.830226629972457886e-02
6.821913272142410278e-02
6.813616305589675903e-02
6.805338710546493530e-02
6.797079741954803467e-02
6.788840889930725098e-02
6.780623644590377808e-02
6.772426515817642212e-02
6.764252483844757080e-02
6.756101548671722412e-02
6.747974455356597900e-02
6.739871203899383545e-02
6.731794029474258423e-02
6.723742187023162842e-02
6.715717166662216187e-02
6.707719713449478149e-02
6.699749827384948730e-02
6.691808998584747314e-02
6.683896481990814209e-02
6.676015257835388184e-02
6.668163090944290161e-02
6.660343706607818604e-02
6.652554869651794434e-02
6.644799560308456421e-02
6.637077033519744873e-02
6.629388779401779175e-02
6.621734052896499634e-02
6.614115089178085327e-02
6.606530398130416870e-02
6.598982214927673340e-02
6.591471284627914429e-02
6.583996862173080444e-02
6.576560437679290771e-02
6.569162011146545410e-02
6.561803072690963745e-02
6.554482877254486084e-02
6.547202169895172119e-02
6.539962440729141235e-02
6.532762944698333740e-02
6.525604426860809326e-02
6.518487632274627686e-02
6.511413305997848511e-02
6.504379957914352417e-02
6.497390568256378174e-02
6.490443646907806396e-02
6.483540683984756470e-02
6.476680934429168701e-02
6.469865888357162476e-02
6.463094055652618408e-02
6.456367671489715576e-02
6.449684500694274902e-02
6.443047523498535156e-02
6.436455249786376953e-02
6.429907679557800293e-02
6.423405557870864868e-02
6.416948884725570679e-02
6.410536915063858032e-02
6.404171139001846313e-02
6.397850066423416138e-02
6.391575187444686890e-02
6.385344266891479492e-02
6.379159539937973022e-02
6.373020261526107788e-02
6.366924941539764404e-02
6.360874325037002563e-02
6.354869157075881958e-02
6.348907202482223511e-02
6.342989951372146606e-02
6.337116658687591553e-02
6.331286579370498657e-02
6.325499713420867920e-02
6.319755315780639648e-02
6.314054131507873535e-02
6.308394670486450195e-02
6.302776932716369629e-02
6.297200918197631836e-02
6.291665136814117432e-02
6.286170333623886108e-02
6.280715763568878174e-02
6.275300681591033936e-02
6.269924342632293701e-02
6.264586746692657471e-02
6.259287893772125244e-02
6.254025548696517944e-02
6.248801201581954956e-02
6.243613362312316895e-02
6.238461285829544067e-02
6.233344599604606628e-02
6.228263303637504578e-02
6.223216280341148376e-02
6.218203529715538025e-02
6.213223934173583984e-02
6.208277121186256409e-02
6.203363090753555298e-02
6.198480725288391113e-02
6.193629652261734009e-02
6.188809499144554138e-02
6.184018775820732117e-02
6.179258227348327637e-02
6.174526736140251160e-02
6.169824302196502686e-02
6.165149435400962830e-02
6.160502135753631592e-02
6.155881658196449280e-02
6.151288002729415894e-02
6.146719306707382202e-02
6.142176687717437744e-02
6.137658655643463135e-02
6.133165210485458374e-02
6.128694862127304077e-02
6.124247983098030090e-02
6.119822710752487183e-02
6.115420535206794739e-02
6.111039221286773682e-02
6.106678768992424011e-02
6.102338433265686035e-02
6.098017841577529907e-02
6.093715503811836243e-02
6.089432165026664734e-02
6.085166707634925842e-02
6.080917268991470337e-02
6.076684966683387756e-02
6.072468310594558716e-02
6.068266928195953369e-02
6.064079329371452332e-02
6.059905514121055603e-02
6.055744737386703491e-02
6.051596254110336304e-02
6.047458946704864502e-02
6.043332070112228394e-02
6.039215624332427979e-02
6.035108119249343872e-02
6.031009182333946228e-02
6.026917695999145508e-02
6.022832542657852173e-02
6.018754467368125916e-02
6.014680862426757812e-02
6.010611355304718018e-02
6.006545946002006531e-02
6.002482771873474121e-02
5.998421832919120789e-02
5.994362011551856995e-02
5.990302190184593201e-02
5.986241623759269714e-02
5.982179567217826843e-02
5.978115648031234741e-02
5.974048003554344177e-02
5.969977006316184998e-02
5.965900421142578125e-02
5.961819365620613098e-02
5.957731232047080994e-02
5.953636020421981812e-02
5.949533358216285706e-02
5.945421755313873291e-02
5.941300094127655029e-02
5.937169119715690613e-02
5.933027341961860657e-02
5.928874015808105469e-02
5.924708396196365356e-02
5.920530110597610474e-02
5.916338041424751282e-02
5.912131443619728088e-02
5.907910317182540894e-02
5.903674289584159851e-02
5.899422243237495422e-02
5.895154178142547607e-02
5.890868231654167175e-02
5.886566266417503357e-02
5.882244929671287537e-02
5.877906456589698792e-02
5.873548611998558044e-02
5.869171768426895142e-02
5.864774808287620544e-02
5.860358849167823792e-02
5.855922028422355652e-02
5.851464346051216125e-02
5.846985802054405212e-02
5.842486396431922913e-02
5.837965384125709534e-02
5.833422020077705383e-02
5.828856676816940308e-02
5.824269354343414307e-02
5.819658562541007996e-02
5.815026164054870605e-02
5.810369923710823059e-02
5.805690214037895203e-02
5.800987780094146729e-02
5.796260386705398560e-02
5.791510269045829773e-02
5.786735936999320984e-02
5.781937018036842346e-02
5.777113512158393860e-02
5.772265791893005371e-02
5.767393112182617188e-02
5.762495473027229309e-02
5.757572874426841736e-02
5.752624571323394775e-02
5.747651681303977966e-02
5.742651969194412231e-02
5.737626925110816956e-02
5.732575803995132446e-02
5.727498978376388550e-02
5.722395330667495728e-02
5.717265233397483826e-02
5.712108314037322998e-02
5.706924945116043091e-02
5.701714381575584412e-02
5.696476250886917114e-02
5.691211670637130737e-02
5.685918778181076050e-02
5.680598691105842590e-02
5.675251036882400513e-02
5.669875070452690125e-02
5.664471164345741272e-02
5.659039691090583801e-02
5.653579533100128174e-02
5.648091435432434082e-02
5.642574280500411987e-02
5.637029558420181274e-02
5.631455779075622559e-02
5.625854060053825378e-02
5.620222911238670349e-02
5.614563822746276855e-02
5.608876049518585205e-02
5.603159591555595398e-02
5.597415193915367126e-02
5.591642111539840698e-02
5.585841089487075806e-02
5.580011755228042603e-02
5.574154481291770935e-02
5.568269267678260803e-02
5.562356114387512207e-02
5.556416139006614685e-02
5.550448969006538391e-02
5.544454231858253479e-02
5.538433790206909180e-02
5.532386526465415955e-02
5.526313185691833496e-02
5.520214140415191650e-02
5.514090135693550110e-02
5.507940426468849182e-02
5.501766875386238098e-02
5.495569482445716858e-02
5.489348247647285461e-02
5.483103543519973755e-02
5.476836115121841431e-02
5.470546707510948181e-02
5.464236065745353699e-02
5.457903817296028137e-02
5.451551079750061035e-02
5.445177853107452393e-02
5.438785254955291748e-02
5.432374030351638794e-02
5.425943434238433838e-02
5.419496074318885803e-02
5.413030460476875305e-02
5.406548827886581421e-02
5.400050431489944458e-02
5.393536761403083801e-02
5.387008562684059143e-02
5.380464717745780945e-02
5.373907089233398438e-02
5.367337167263031006e-02
5.360753089189529419e-02
5.354157462716102600e-02
5.347550287842750549e-02
5.340930819511413574e-02
5.334301665425300598e-02
5.327661707997322083e-02
5.321011692285537720e-02
5.314352735877037048e-02
5.307685211300849915e-02
5.301009491086006165e-02
5.294325575232505798e-02
5.287633836269378662e-02
5.280935391783714294e-02
5.274229869246482849e-02
5.267518758773803711e-02
5.260801315307617188e-02
5.254078656435012817e-02
5.247351154685020447e-02
5.240618437528610229e-02
5.233881995081901550e-02
5.227141454815864563e-02
5.220397189259529114e-02
5.213649570941925049e-02
5.206899717450141907e-02
5.200146883726119995e-02
5.193392187356948853e-02
5.186635255813598633e-02
5.179877579212188721e-02
5.173118039965629578e-02
5.166358500719070435e-02
5.159598588943481445e-02
5.152838677167892456e-02
5.146079137921333313e-02
5.139320343732833862e-02
5.132563039660453796e-02
5.125807225704193115e-02
5.119054019451141357e-02
5.112302675843238831e-02
5.105554684996604919e-02
5.098809674382209778e-02
5.092069134116172791e-02
5.085332691669464111e-02
5.078601092100143433e-02
5.071874707937240601e-02
5.065154656767845154e-02
5.058440566062927246e-02
5.051733553409576416e-02
5.045033618807792664e-02
5.038341879844665527e-02
5.031658709049224854e-02
5.024984478950500488e-02
5.018319562077522278e-02
5.011665448546409607e-02
5.005021765828132629e-02
4.998389258980751038e-02
4.991768300533294678e-02
4.985160380601882935e-02
4.978565126657485962e-02
4.971983283758163452e-02
4.965415596961975098e-02
4.958862811326980591e-02
4.952324926853179932e-02
4.945803061127662659e-02
4.939296841621398926e-02
4.932807758450508118e-02
4.926335811614990234e-02
4.919881373643875122e-02
4.913445189595222473e-02
4.907027259469032288e-02
4.900628700852394104e-02
4.894249513745307922e-02
4.887890070676803589e-02
4.881550744175910950e-02
4.875231161713600159e-02
4.868933185935020447e-02
4.862656071782112122e-02
4.856400564312934875e-02
4.850166290998458862e-02
4.843953624367713928e-02
4.837762936949729919e-02
4.831594973802566528e-02
4.825448989868164062e-02
4.819325730204582214e-02
4.813224449753761292e-02
4.807146266102790833e-02
4.801090434193611145e-02
4.795057699084281921e-02
4.789047688245773315e-02
4.783060401678085327e-02
4.777095839381217957e-02
4.771154001355171204e-02
4.765234887599945068e-02
4.759338498115539551e-02
4.753464832901954651e-02
4.747613519430160522e-02
4.741784557700157166e-02
4.735977947711944580e-02
4.730194061994552612e-02
4.724432155489921570e-02
4.718691855669021606e-02
4.712973535060882568e-02
4.707277566194534302e-02
4.701603204011917114e-02
4.695950075984001160e-02
4.690318927168846130e-02
4.684709012508392334e-02
4.679120332002639771e-02
4.673553258180618286e-02
4.668007045984268188e-02
4.662482067942619324e-02
4.656978324055671692e-02
4.651495069265365601e-02
4.646033048629760742e-02
4.640591889619827271e-02
4.635171964764595032e-02
4.629772529006004333e-02
4.624394327402114868e-02
4.619036614894866943e-02
4.613699764013290405e-02
4.608384147286415100e-02
4.603089019656181335e-02
4.597815498709678650e-02
4.592562466859817505e-02
4.587330296635627747e-02
4.582119360566139221e-02
4.576929286122322083e-02
4.571760445833206177e-02
4.566612839698791504e-02
4.561486467719078064e-02
4.556380957365036011e-02
4.551297053694725037e-02
4.546234011650085449e-02
4.541192203760147095e-02
4.536172375082969666e-02
4.531173035502433777e-02
4.526195302605628967e-02
4.521238431334495544e-02
4.516302794218063354e-02
4.511388391256332397e-02
4.506494849920272827e-02
4.501622170209884644e-02
4.496769979596138000e-02
4.491938650608062744e-02
4.487127810716629028e-02
4.482337087392807007e-02
4.477566108107566833e-02
4.472815245389938354e-02
4.468083754181861877e-02
4.463371261954307556e-02
4.458678141236305237e-02
4.454003274440765381e-02
4.449346661567687988e-02
4.444708302617073059e-02
4.440086707472801208e-02
4.435482993721961975e-02
4.430895671248435974e-02
4.426324367523193359e-02
4.421769082546234131e-02
4.417228698730468750e-02
4.412703588604927063e-02
4.408192262053489685e-02
4.403695091605186462e-02
4.399210959672927856e-02
4.394739493727684021e-02
4.390280321240425110e-02
4.385832697153091431e-02
4.381396248936653137e-02
4.376970231533050537e-02
4.372554272413253784e-02
4.368147626519203186e-02
4.363750293850898743e-02
4.359361156821250916e-02
4.354980215430259705e-02
4.350606352090835571e-02
4.346239566802978516e-02
4.341879114508628845e-02
4.337524622678756714e-02
4.333175718784332275e-02
4.328832030296325684e-02
4.324492812156677246e-02
4.320158436894416809e-02
4.315827786922454834e-02
4.311500862240791321e-02
4.307177290320396423e-02
4.302856326103210449e-02
4.298538342118263245e-02
4.294222965836524963e-02
4.289909824728965759e-02
4.285598546266555786e-02
4.281289130449295044e-02
4.276981204748153687e-02
4.272674769163131714e-02
4.268369823694229126e-02
4.264066368341445923e-02
4.259763285517692566e-02
4.255461692810058594e-02
4.251161217689514160e-02
4.246861115097999573e-02
4.242562130093574524e-02
4.238263517618179321e-02
4.233966022729873657e-02
4.229668527841567993e-02
4.225372150540351868e-02
4.221076145768165588e-02
4.216780513525009155e-02
4.212485253810882568e-02
4.208190366625785828e-02
4.203895851969718933e-02
4.199600964784622192e-02
4.195306450128555298e-02
4.191011935472488403e-02
4.186717420816421509e-02
4.182422533631324768e-02
4.178126901388168335e-02
4.173830896615982056e-02
4.169534146785736084e-02
4.165236279368400574e-02
4.160937294363975525e-02
4.156636819243431091e-02
4.152334481477737427e-02
4.148030281066894531e-02
4.143723845481872559e-02
4.139414802193641663e-02
4.135102406144142151e-02
4.130787402391433716e-02
4.126468300819396973e-02
4.122145101428031921e-02
4.117817804217338562e-02
4.113485664129257202e-02
4.109148308634757996e-02
4.104804992675781250e-02
4.100456088781356812e-02
4.096100479364395142e-02
4.091737791895866394e-02
4.087368026375770569e-02
4.082990437746047974e-02
4.078605026006698608e-02
4.074210673570632935e-02
4.069807380437850952e-02
4.065394774079322815e-02
4.060972481966018677e-02
4.056540131568908691e-02
4.052096977829933167e-02
4.047643393278121948e-02
4.043179005384445190e-02
4.038702696561813354e-02
4.034215211868286133e-02
4.029715806245803833e-02
4.025204479694366455e-02
4.020680859684944153e-02
4.016145318746566772e-02
4.011596739292144775e-02
4.007036238908767700e-02
4.002463072538375854e-02
3.997877240180969238e-02
3.993278741836547852e-02
3.988668322563171387e-02
3.984045237302780151e-02
3.979409858584403992e-02
3.974762558937072754e-02
3.970103338360786438e-02
3.965432196855545044e-02
3.960749506950378418e-02
3.956055641174316406e-02
3.951350599527359009e-02
3.946635127067565918e-02
3.941908851265907288e-02
3.937172517180442810e-02
3.932426497340202332e-02
3.927671164274215698e-02
3.922906890511512756e-02
3.918133676052093506e-02
3.913351893424987793e-02
3.908562287688255310e-02
3.903764858841896057e-02
3.898959979414939880e-02
3.894148766994476318e-02
3.889330103993415833e-02
3.884505480527877808e-02
3.879674524068832397e-02
3.874837979674339294e-02
3.869996219873428345e-02
3.865148872137069702e-02
3.860296308994293213e-02
3.855439275503158569e-02
3.850577771663665771e-02
3.845711424946784973e-02
3.840840980410575867e-02
3.835966065526008606e-02
3.831087425351142883e-02
3.826204314827919006e-02
3.821317106485366821e-02
3.816426172852516174e-02
3.811531141400337219e-02
3.806631639599800110e-02
3.801728039979934692e-02
3.796820715069770813e-02
3.791908547282218933e-02
3.786991909146308899e-02
3.782071173191070557e-02
3.777145221829414368e-02
3.772214427590370178e-02
3.767278790473937988e-02
3.762337565422058105e-02
3.757391497492790222e-02
3.752439469099044800e-02
3.747481852769851685e-02
3.742518275976181030e-02
3.737549483776092529e-02
3.732573613524436951e-02
3.727591782808303833e-02
3.722603619098663330e-02
3.717609122395515442e-02
3.712608292698860168e-02
3.707600384950637817e-02
3.702586144208908081e-02
3.697565570473670959e-02
3.692538663744926453e-02
3.687504678964614868e-02
3.682464733719825745e-02
3.677418455481529236e-02
3.672366589307785034e-02
3.667308390140533447e-02
3.662244975566864014e-02
3.657175973057746887e-02
3.652102500200271606e-02
3.647023811936378479e-02
3.641941025853157043e-02
3.636854514479637146e-02
3.631764277815818787e-02
3.626671433448791504e-02
3.621575981378555298e-02
3.616478294134140015e-02
3.611379489302635193e-02
3.606279939413070679e-02
3.601179644465446472e-02
3.596079722046852112e-02
3.590980917215347290e-02
3.585882857441902161e-02
3.580787405371665955e-02
3.575694561004638672e-02
3.570605069398880005e-02
3.565518930554389954e-02
3.560437634587287903e-02
3.555360808968544006e-02
3.550289943814277649e-02
3.545225411653518677e-02
3.540166839957237244e-02
3.535115718841552734e-02
3.530072048306465149e-02
3.525036200881004333e-02
3.520008921623229980e-02
3.514990583062171936e-02
3.509981185197830200e-02
3.504981100559234619e-02
3.499990701675415039e-02
3.495010361075401306e-02
3.490040078759193420e-02
3.485079482197761536e-02
3.480130061507225037e-02
3.475190326571464539e-02
3.470261394977569580e-02
3.465342894196510315e-02
3.460434451699256897e-02
3.455536440014839172e-02
3.450648859143257141e-02
3.445771336555480957e-02
3.440903872251510620e-02
3.436045721173286438e-02
3.431197255849838257e-02
3.426358103752136230e-02
3.421527892351150513e-02
3.416706249117851257e-02
3.411893546581268311e-02
3.407088667154312134e-02
3.402291983366012573e-02
3.397503122687339783e-02
3.392721712589263916e-02
3.387947008013725281e-02
3.383179754018783569e-02
3.378419205546379089e-02
3.373664617538452148e-02
3.368916735053062439e-02
3.364174440503120422e-02
3.359438478946685791e-02
3.354708477854728699e-02
3.349984064698219299e-02
3.345265612006187439e-02
3.340552374720573425e-02
3.335845097899436951e-02
3.331143409013748169e-02
3.326447680592536926e-02
3.321758285164833069e-02
3.317074850201606750e-02
3.312397748231887817e-02
3.307726979255676270e-02
3.303063660860061646e-02
3.298407420516014099e-02
3.293758630752563477e-02
3.289117664098739624e-02
3.284484893083572388e-02
3.279861062765121460e-02
3.275246918201446533e-02
3.270642086863517761e-02
3.266047313809394836e-02
3.261463344097137451e-02
3.256890922784805298e-02
3.252329677343368530e-02
3.247781097888946533e-02
3.243244811892509460e-02
3.238722309470176697e-02
3.234213218092918396e-02
3.229718655347824097e-02
3.225238621234893799e-02
3.220773488283157349e-02
3.216324374079704285e-02
3.211890906095504761e-02
3.207474201917648315e-02
3.203073889017105103e-02
3.198690339922904968e-02
3.194323927164077759e-02
3.189975023269653320e-02
3.185643628239631653e-02
3.181330114603042603e-02
3.177034109830856323e-02
3.172755613923072815e-02
3.168494999408721924e-02
3.164251893758773804e-02
3.160026296973228455e-02
3.155818209052085876e-02
3.151626512408256531e-02
3.147452324628829956e-02
3.143293783068656921e-02
3.139151632785797119e-02
3.135025501251220703e-02
3.130914270877838135e-02
3.126817941665649414e-02
3.122735954821109772e-02
3.118667565286159515e-02
3.114612400531768799e-02
3.110569901764392853e-02
3.106539696455001831e-02
3.102520667016506195e-02
3.098512627184391022e-02
3.094514831900596619e-02
3.090526722371578217e-02
3.086547926068305969e-02
3.082577511668205261e-02
3.078615292906761169e-02
3.074660152196884155e-02
3.070712275803089142e-02
3.066770732402801514e-02
3.062835521996021271e-02
3.058905526995658875e-02
3.054981119930744171e-02
3.051061555743217468e-02
3.047146461904048920e-02
3.043235652148723602e-02
3.039329499006271362e-02
3.035426884889602661e-02
3.031528554856777191e-02
3.027633763849735260e-02
3.023742884397506714e-02
3.019856102764606476e-02
3.015973418951034546e-02
3.012094832956790924e-02
3.008220344781875610e-02
3.004350513219833374e-02
3.000485524535179138e-02
2.996625751256942749e-02
2.992771193385124207e-02
2.988922409713268280e-02
2.985079959034919739e-02
2.981244213879108429e-02
2.977414987981319427e-02
2.973593771457672119e-02
2.969780005514621735e-02
2.965974621474742889e-02
2.962178178131580353e-02
2.958390861749649048e-02
2.954613044857978821e-02
2.950845099985599518e-02
2.947087958455085754e-02
2.943341620266437531e-02
2.939606271684169769e-02
2.935882098972797394e-02
2.932170033454895020e-02
2.928469516336917877e-02
2.924781292676925659e-02
2.921105362474918365e-02
2.917441725730895996e-02
2.913790382444858551e-02
2.910151332616806030e-02
2.906524389982223511e-02
2.902909927070140839e-02
2.899307385087013245e-02
2.895716391503810883e-02
2.892136760056018829e-02
2.888568118214607239e-02
2.885010652244091034e-02
2.881462685763835907e-02
2.877924963831901550e-02
2.874396368861198425e-02
2.870876528322696686e-02
2.867364510893821716e-02
2.863859944045543671e-02
2.860361710190773010e-02
2.856869995594024658e-02
2.853383123874664307e-02
2.849900722503662109e-02
2.846422605216503143e-02
2.842947095632553101e-02
2.839473821222782135e-02
2.836002223193645477e-02
2.832531183958053589e-02
2.829060330986976624e-02
2.825589105486869812e-02
2.822116203606128693e-02
2.818641252815723419e-02
2.815164253115653992e-02
2.811683900654315948e-02
2.808199822902679443e-02
2.804711461067199707e-02
2.801219001412391663e-02
2.797721512615680695e-02
2.794218808412551880e-02
2.790710516273975372e-02
2.787197008728981018e-02
2.783677540719509125e-02
2.780152484774589539e-02
2.776621282100677490e-02
2.773084491491317749e-02
2.769541926681995392e-02
2.765994146466255188e-02
2.762440964579582214e-02
2.758882753551006317e-02
2.755320072174072266e-02
2.751753292977809906e-02
2.748182602226734161e-02
2.744608558714389801e-02
2.741031907498836517e-02
2.737452834844589233e-02
2.733871899545192719e-02
2.730290219187736511e-02
2.726707793772220612e-02
2.723125182092189789e-02
2.719543687999248505e-02
2.715963125228881836e-02
2.712384797632694244e-02
2.708808705210685730e-02
2.705235593020915985e-02
2.701666206121444702e-02
2.698100917041301727e-02
2.694539912045001984e-02
2.690984308719635010e-02
2.687433548271656036e-02
2.683888934552669525e-02
2.680350095033645630e-02
2.676817402243614197e-02
2.673291414976119995e-02
2.669771760702133179e-02
2.666258625686168671e-02
2.662752009928226471e-02
2.659252099692821503e-02
2.655758708715438843e-02
2.652271278202533722e-02
2.648789808154106140e-02
2.645313739776611328e-02
2.641843259334564209e-02
2.638377249240875244e-02
2.634915895760059357e-02
2.631458267569541931e-02
2.628003619611263275e-02
2.624551951885223389e-02
2.621102146804332733e-02
2.617653459310531616e-02
2.614205703139305115e-02
2.610757760703563690e-02
2.607308886945247650e-02
2.603858523070812225e-02
2.600405737757682800e-02
2.596949972212314606e-02
2.593490481376647949e-02
2.590026706457138062e-02
2.586557529866695404e-02
2.583082951605319977e-02
2.579601854085922241e-02
2.576113492250442505e-02
2.572618052363395691e-02
2.569114603102207184e-02
2.565602958202362061e-02
2.562082558870315552e-02
2.558553218841552734e-02
2.555014565587043762e-02
2.551466599106788635e-02
2.547909319400787354e-02
2.544342726469039917e-02
2.540766447782516479e-02
2.537181042134761810e-02
2.533586509525775909e-02
2.529983222484588623e-02
2.526371553540229797e-02
2.522751875221729279e-02
2.519124373793601990e-02
2.515489980578422546e-02
2.511849068105220795e-02
2.508202381432056427e-02
2.504550479352474213e-02
2.500894106924533844e-02
2.497234009206295013e-02
2.493571117520332336e-02
2.489906176924705505e-02
2.486239746212959290e-02
2.482572942972183228e-02
2.478906698524951935e-02
2.475241757929325104e-02
2.471578679978847504e-02
2.467918768525123596e-02
2.464262396097183228e-02
2.460610307753086090e-02
2.456963621079921722e-02
2.453322708606719971e-02
2.449688315391540527e-02
2.446061000227928162e-02
2.442441321909427643e-02
2.438829652965068817e-02
2.435226552188396454e-02
2.431632205843925476e-02
2.428047172725200653e-02
2.424471266567707062e-02
2.420904859900474548e-02
2.417347952723503113e-02
2.413800358772277832e-02
2.410262078046798706e-02
2.406733296811580658e-02
2.403213083744049072e-02
2.399701811373233795e-02
2.396198548376560211e-02
2.392703108489513397e-02
2.389215119183063507e-02
2.385734021663665771e-02
2.382258884608745575e-02
2.378789335489273071e-02
2.375324629247188568e-02
2.371864207088947296e-02
2.368406951427459717e-02
2.364952675998210907e-02
2.361500076949596405e-02
2.358048595488071442e-02
2.354597672820091248e-02
2.351146377623081207e-02
2.347693964838981628e-02
2.344239689409732819e-02
2.340783178806304932e-02
2.337323315441608429e-02
2.333859726786613464e-02
2.330392226576805115e-02
2.326919697225093842e-02
2.323442324995994568e-02
2.319959178566932678e-02
2.316470630466938019e-02
2.312975749373435974e-02
2.309474907815456390e-02
2.305967733263969421e-02
2.302454411983489990e-02
2.298935130238533020e-02
2.295409701764583588e-02
2.291878685355186462e-02
2.288342267274856567e-02
0.000000000000000000e+00
0.000000000000000000e+00
0.000000000000000000e+00
0.000000000000000000e+00
0.000000000000000000e+00
0.000000000000000000e+00
0.000000000000000000e+00
0.000000000000000000e+00
0.000000000000000000e+00
0.000000000000000000e+00
0.000000000000000000e+00
0.000000000000000000e+00
0.000000000000000000e+00
0.000000000000000000e+00
0.000000000000000000e+00
0.000000000000000000e+00
0.000000000000000000e+00
0.000000000000000000e+00
0.000000000000000000e+00
0.000000000000000000e+00
0.000000000000000000e+00
0.000000000000000000e+00
0.000000000000000000e+00
0.000000000000000000e+00
0.000000000000000000e+00
0.000000000000000000e+00
0.000000000000000000e+00
0.000000000000000000e+00
0.000000000000000000e+00
0.000000000000000000e+00
0.000000000000000000e+00
0.000000000000000000e+00
0.000000000000000000e+00
0.000000000000000000e+00
0.000000000000000000e+00
0.000000000000000000e+00
0.000000000000000000e+00
0.000000000000000000e+00
0.000000000000000000e+00
0.000000000000000000e+00
0.000000000000000000e+00
0.000000000000000000e+00
0.000000000000000000e+00
0.000000000000000000e+00
0.000000000000000000e+00
0.000000000000000000e+00
0.000000000000000000e+00
0.000000000000000000e+00
0.000000000000000000e+00
0.000000000000000000e+00
0.000000000000000000e+00
0.000000000000000000e+00
0.000000000000000000e+00
0.000000000000000000e+00
0.000000000000000000e+00
0.000000000000000000e+00
0.000000000000000000e+00
0.000000000000000000e+00
0.000000000000000000e+00
0.000000000000000000e+00
0.000000000000000000e+00
0.000000000000000000e+00
0.000000000000000000e+00
0.000000000000000000e+00
0.000000000000000000e+00
0.000000000000000000e+00
0.000000000000000000e+00
0.000000000000000000e+00
0.000000000000000000e+00
0.000000000000000000e+00
0.000000000000000000e+00
0.000000000000000000e+00
0.000000000000000000e+00
0.000000000000000000e+00
0.000000000000000000e+00
0.000000000000000000e+00
0.000000000000000000e+00
0.000000000000000000e+00
0.000000000000000000e+00
0.000000000000000000e+00
0.000000000000000000e+00
0.000000000000000000e+00
0.000000000000000000e+00
0.000000000000000000e+00
0.000000000000000000e+00
0.000000000000000000e+00
0.000000000000000000e+00
0.000000000000000000e+00
0.000000000000000000e+00
0.000000000000000000e+00
0.000000000000000000e+00
0.000000000000000000e+00
0.000000000000000000e+00
0.000000000000000000e+00
0.000000000000000000e+00
0.000000000000000000e+00
0.000000000000000000e+00
0.000000000000000000e+00
0.000000000000000000e+00
0.000000000000000000e+00
