# ee
5.704040080308914185e-02
9.943651407957077026e-02
1.197426468133926392e-01
1.144315898418426514e-01
9.154370427131652832e-02
6.298624724149703979e-02
3.833931684494018555e-02
2.207450196146965027e-02
1.399290375411510468e-02
1.126517821103334427e-02
1.072833221405744553e-02
1.031923852860927582e-02
9.322042576968669891e-03
8.099914528429508209e-03
7.179245818406343460e-03
6.880704313516616821e-03
7.184212096035480499e-03
7.761121727526187897e-03
8.316481485962867737e-03
8.731392212212085724e-03
9.055757895112037659e-03
9.479215368628501892e-03
1.016796287149190903e-02
1.122600771486759186e-02
1.267332118004560471e-02
1.442014053463935852e-02
1.639274321496486664e-02
1.857683807611465454e-02
2.097969874739646912e-02
2.359597757458686829e-02
2.640634402632713318e-02
2.939645200967788696e-02
3.256050497293472290e-02
3.587371483445167542e-02
3.932501748204231262e-02
4.294449090957641602e-02
4.677600786089897156e-02
5.084906518459320068e-02
5.519515275955200195e-02
5.984428897500038147e-02
6.480052322149276733e-02
7.006123661994934082e-02
7.560894638299942017e-02
8.143656700849533081e-02
8.753883838653564453e-02
9.390436112880706787e-02
1.005272567272186279e-01
1.073793619871139526e-01
1.144250929355621338e-01
1.216293573379516602e-01
1.290854960680007935e-01
1.369542330503463745e-01
1.452402323484420776e-01
1.539333164691925049e-01
1.628998070955276489e-01
1.720324158668518066e-01
1.813381314277648926e-01
1.908537149429321289e-01
2.006307393312454224e-01
2.107599824666976929e-01
2.212213724851608276e-01
2.319671511650085449e-01
2.430014759302139282e-01
2.542915046215057373e-01
2.657646834850311279e-01
2.774280607700347900e-01
2.893308103084564209e-01
3.014403581619262695e-01
3.138059377670288086e-01
3.264226317405700684e-01
3.392626643180847168e-01
3.522887527942657471e-01
3.654858469963073730e-01
3.788613379001617432e-01
3.924131095409393311e-01
4.061315357685089111e-01
4.200420677661895752e-01
4.340885877609252930e-01
4.482742547988891602e-01
4.625483155250549316e-01
4.769333004951477051e-01
4.914052486419677734e-01
5.059624910354614258e-01
5.205807685852050781e-01
5.352736115455627441e-01
5.500107407569885254e-01
5.648065805435180664e-01
5.796459317207336426e-01
5.944914221763610840e-01
6.093354225158691406e-01
6.241635084152221680e-01
6.389690637588500977e-01
6.537155508995056152e-01
6.684036850929260254e-01
6.830193400382995605e-01
6.975483894348144531e-01
7.119840979576110840e-01
7.262899279594421387e-01
7.404668331146240234e-01
7.545747756958007812e-01
7.684659361839294434e-01
7.822152972221374512e-01
7.958236336708068848e-01
8.092173933982849121e-01
8.224716186523437500e-01
8.354383111000061035e-01
8.481926321983337402e-01
8.606610298156738281e-01
8.728441596031188965e-01
8.848171234130859375e-01
8.965055346488952637e-01
9.079096317291259766e-01
9.189553260803222656e-01
9.297911524772644043e-01
9.401941895484924316e-01
9.502390623092651367e-01
9.600743055343627930e-01
9.695515036582946777e-01
9.785221815109252930e-01
9.872834682464599609e-01
9.955384731292724609e-01
1.003361463546752930e+00
1.010826826095581055e+00
1.017860531806945801e+00
1.024536848068237305e+00
1.030707359313964844e+00
1.036520838737487793e+00
1.041828751564025879e+00
1.046630978584289551e+00
1.051076650619506836e+00
1.055017113685607910e+00
1.058526873588562012e+00
1.061606049537658691e+00
1.064180612564086914e+00
1.066250801086425781e+00
1.067890882492065430e+00
1.069026947021484375e+00
1.069807648658752441e+00
1.070010304450988770e+00
1.069709420204162598e+00
1.068979501724243164e+00
1.067820549011230469e+00
1.066158652305603027e+00
1.064142584800720215e+00
1.061549544334411621e+00
1.058602571487426758e+00
1.055153489112854004e+00
1.051276564598083496e+00
1.047046184539794922e+00
1.042388319969177246e+00
1.037228226661682129e+00
1.031714081764221191e+00
1.025845170021057129e+00
1.019621133804321289e+00
1.013041257858276367e+00
1.006105422973632812e+00
9.988870024681091309e-01
9.912370443344116211e-01
9.833036065101623535e-01
9.751604795455932617e-01
9.666585326194763184e-01
9.578714370727539062e-01
9.488731026649475098e-01
9.395885467529296875e-01
9.301658868789672852e-01
9.203816652297973633e-01
9.106069803237915039e-01
9.005438089370727539e-01
8.904145956039428711e-01
8.802187442779541016e-01
8.698814511299133301e-01
8.594020605087280273e-01
8.490773439407348633e-01
8.386092782020568848e-01
8.282203078269958496e-01
8.178350329399108887e-01
8.076753616333007812e-01
7.974431514739990234e-01
7.873601913452148438e-01
7.774255275726318359e-01
7.677124142646789551e-01
7.581454515457153320e-01
7.487978935241699219e-01
7.398172616958618164e-01
7.310613393783569336e-01
7.226702570915222168e-01
7.146280407905578613e-01
7.069706916809082031e-01
6.997491121292114258e-01
6.929845213890075684e-01
6.866981387138366699e-01
6.809332966804504395e-01
6.757186651229858398e-01
6.710901856422424316e-01
6.670838594436645508e-01
6.637430787086486816e-01
6.610890030860900879e-01
6.591576337814331055e-01
6.579773426055908203e-01
6.576064825057983398e-01
6.580513715744018555e-01
6.593704223632812500e-01
6.615847945213317871e-01
6.647380590438842773e-01
6.688662171363830566e-01
6.739904284477233887e-01
6.801617145538330078e-01
6.874011158943176270e-01
6.957595348358154297e-01
7.052655816078186035e-01
7.159477472305297852e-01
7.278496026992797852e-01
7.409623861312866211e-01
7.554781436920166016e-01
7.712098956108093262e-01
7.883124947547912598e-01
8.067847490310668945e-01
8.266254067420959473e-01
8.479818701744079590e-01
8.707785010337829590e-01
8.951627612113952637e-01
9.210589528083801270e-01
9.484659433364868164e-01
9.775310158729553223e-01
1.008252739906311035e+00
1.040630102157592773e+00
1.074661374092102051e+00
1.110420107841491699e+00
1.147904396057128906e+00
1.187187671661376953e+00
1.228193998336791992e+00
1.271145105361938477e+00
1.315890789031982422e+00
1.362504363059997559e+00
1.410984158515930176e+00
1.461403369903564453e+00
1.513834714889526367e+00
1.568128228187561035e+00
1.624356865882873535e+00
1.682667851448059082e+00
1.742911100387573242e+00
1.805234074592590332e+00
1.869560599327087402e+00
1.935964107513427734e+00
2.004442930221557617e+00
2.074921369552612305e+00
2.147769451141357422e+00
2.222465753555297852e+00
2.299454450607299805e+00
2.378437519073486328e+00
2.459637880325317383e+00
2.542832612991333008e+00
2.628319501876831055e+00
2.715801715850830078e+00
2.805650711059570312e+00
2.897421360015869141e+00
2.991485357284545898e+00
3.087694168090820312e+00
3.186048507690429688e+00
3.286474227905273438e+00
3.389194965362548828e+00
3.493987083435058594e+00
3.600926399230957031e+00
3.709938287734985352e+00
3.821245908737182617e+00
3.934478521347045898e+00
4.050007820129394531e+00
4.167537689208984375e+00
4.287141323089599609e+00
4.408745765686035156e+00
4.532648563385009766e+00
4.658255577087402344e+00
4.786161899566650391e+00
4.915847778320312500e+00
5.047535896301269531e+00
5.181227207183837891e+00
5.316848278045654297e+00
5.454324722290039062e+00
5.593657493591308594e+00
5.734920978546142578e+00
5.877818584442138672e+00
6.022573471069335938e+00
6.169113159179687500e+00
6.317436695098876953e+00
6.467396259307861328e+00
6.618993282318115234e+00
6.772227764129638672e+00
6.927026748657226562e+00
7.083240985870361328e+00
7.241615772247314453e+00
7.401035785675048828e+00
7.561131954193115234e+00
7.723388671875000000e+00
7.886322498321533203e+00
8.051420211791992188e+00
8.216452598571777344e+00
8.383650779724121094e+00
8.552270889282226562e+00
8.720829010009765625e+00
8.890812873840332031e+00
9.061479568481445312e+00
9.233573913574218750e+00
9.407099723815917969e+00
9.580572128295898438e+00
9.754735946655273438e+00
9.929594039916992188e+00
1.010663223266601562e+01
1.028288459777832031e+01
1.045909118652343750e+01
1.063748836517333984e+01
1.081510162353515625e+01
1.099342346191406250e+01
1.117245292663574219e+01
1.135070800781250000e+01
1.152967643737792969e+01
1.170787334442138672e+01
1.188753223419189453e+01
1.206642627716064453e+01
1.224529933929443359e+01
1.242489910125732422e+01
1.260299491882324219e+01
1.278108119964599609e+01
1.295989799499511719e+01
1.313573646545410156e+01
1.331305408477783203e+01
1.348962879180908203e+01
1.366471672058105469e+01
1.383980751037597656e+01
1.401341724395751953e+01
1.418629264831542969e+01
1.435918045043945312e+01
1.453059577941894531e+01
1.470128440856933594e+01
1.486976337432861328e+01
1.503752040863037109e+01
1.520456218719482422e+01
1.536940193176269531e+01
1.553427314758300781e+01
1.569694995880126953e+01
1.585743522644042969e+01
1.601796150207519531e+01
1.617555618286132812e+01
1.633171272277832031e+01
1.648568916320800781e+01
1.663897514343261719e+01
1.678934669494628906e+01
1.693754386901855469e+01
1.708432006835937500e+01
1.722818946838378906e+01
1.737063980102539062e+01
1.751093292236328125e+01
1.764832687377929688e+01
1.778356742858886719e+01
1.791666030883789062e+01
1.804760360717773438e+01
1.817565917968750000e+01
1.830008506774902344e+01
1.842237281799316406e+01
1.854252433776855469e+01
1.865979766845703125e+01
1.877419662475585938e+01
1.888646697998046875e+01
1.899438095092773438e+01
1.910017395019531250e+01
1.920310401916503906e+01
1.930168533325195312e+01
1.939815139770507812e+01
1.949176216125488281e+01
1.958177757263183594e+01
1.966820144653320312e+01
1.975177955627441406e+01
1.983176803588867188e+01
1.990891647338867188e+01
1.998248291015625000e+01
2.005321502685546875e+01
2.011962699890136719e+01
2.018246650695800781e+01
2.024247932434082031e+01
2.029966545104980469e+01
2.035031700134277344e+01
2.039963531494140625e+01
2.044465065002441406e+01
2.048536872863769531e+01
2.052401542663574219e+01
2.055837059020996094e+01
2.058843612670898438e+01
2.061495399475097656e+01
2.063570022583007812e+01
2.065587806701660156e+01
2.067103385925292969e+01
2.068413925170898438e+01
2.069222831726074219e+01
2.069678688049316406e+01
2.069707489013671875e+01
2.069384002685546875e+01
2.068708229064941406e+01
2.067606353759765625e+01
2.066152763366699219e+01
2.064347648620605469e+01
2.062117004394531250e+01
2.059460830688476562e+01
2.056527709960937500e+01
2.053168869018554688e+01
2.049384117126464844e+01
2.045322036743164062e+01
2.040834045410156250e+01
2.035994148254394531e+01
2.030876731872558594e+01
2.025258636474609375e+01
2.019362831115722656e+01
2.013114738464355469e+01
2.006514358520507812e+01
1.999561500549316406e+01
1.992330551147460938e+01
1.984672355651855469e+01
1.976735496520996094e+01
1.968297386169433594e+01
1.959654617309570312e+01
1.950732803344726562e+01
1.941457748413085938e+01
1.931828880310058594e+01
1.921846199035644531e+01
1.911584091186523438e+01
1.900967979431152344e+01
1.890146064758300781e+01
1.878969764709472656e+01
1.867513275146484375e+01
1.855776023864746094e+01
1.843832206726074219e+01
1.831533622741699219e+01
1.818953514099121094e+01
1.806240844726562500e+01
1.793172264099121094e+01
1.779970359802246094e+01
1.766486549377441406e+01
1.752720451354980469e+01
1.738746070861816406e+01
1.724637603759765625e+01
1.710246086120605469e+01
1.695645523071289062e+01
1.680835723876953125e+01
1.665890693664550781e+01
1.650810241699218750e+01
1.635371017456054688e+01
1.619944190979003906e+01
1.604381179809570312e+01
1.588532829284667969e+01
1.572621536254882812e+01
1.556647491455078125e+01
1.540461444854736328e+01
1.524211502075195312e+01
1.507897567749023438e+01
1.491444587707519531e+01
1.474926757812500000e+01
1.458269119262695312e+01
1.441619873046875000e+01
1.424904346466064453e+01
1.408196353912353516e+01
1.391346645355224609e+01
1.374503707885742188e+01
1.357592391967773438e+01
1.340761184692382812e+01
1.323935031890869141e+01
1.307113742828369141e+01
1.290222263336181641e+01
1.273408794403076172e+01
1.256672763824462891e+01
1.239865112304687500e+01
1.223208332061767578e+01
1.206701755523681641e+01
1.190196323394775391e+01
1.173765850067138672e+01
1.157483959197998047e+01
1.141201686859130859e+01
1.125141239166259766e+01
1.109153652191162109e+01
1.093238067626953125e+01
1.077542877197265625e+01
1.061993026733398438e+01
1.046588039398193359e+01
1.031401443481445312e+01
1.016358661651611328e+01
1.001533222198486328e+01
9.868503570556640625e+00
9.724579811096191406e+00
9.582813262939453125e+00
9.442452430725097656e+00
9.304980278015136719e+00
9.170390129089355469e+00
9.037932395935058594e+00
8.908343315124511719e+00
8.780132293701171875e+00
8.656265258789062500e+00
8.534505844116210938e+00
8.416334152221679688e+00
8.301002502441406250e+00
8.187760353088378906e+00
8.078831672668457031e+00
7.971979618072509766e+00
7.869428157806396484e+00
7.770430088043212891e+00
7.674238204956054688e+00
7.581591606140136719e+00
7.493228435516357422e+00
7.408551216125488281e+00
7.327258110046386719e+00
7.250384807586669922e+00
7.176961898803710938e+00
7.107653141021728516e+00
7.042158603668212891e+00
6.980919361114501953e+00
6.923707962036132812e+00
6.870818614959716797e+00
6.822171211242675781e+00
6.777837753295898438e+00
6.737961769104003906e+00
6.702391624450683594e+00
6.671345233917236328e+00
6.644745349884033203e+00
6.622661590576171875e+00
6.605313777923583984e+00
6.592548370361328125e+00
6.584362983703613281e+00
6.580900669097900391e+00
6.582159042358398438e+00
6.588134765625000000e+00
6.598822593688964844e+00
6.614517211914062500e+00
6.634992599487304688e+00
6.660169601440429688e+00
6.690342903137207031e+00
6.725360870361328125e+00
6.765293598175048828e+00
6.810211658477783203e+00
6.859964370727539062e+00
6.914622306823730469e+00
6.974331378936767578e+00
7.038790702819824219e+00
7.108443737030029297e+00
7.182841300964355469e+00
7.262203216552734375e+00
7.346601486206054688e+00
7.435883998870849609e+00
7.530049324035644531e+00
7.628870964050292969e+00
7.732570648193359375e+00
7.841144084930419922e+00
7.954590320587158203e+00
8.072906494140625000e+00
8.196090698242187500e+00
8.324145317077636719e+00
8.455582618713378906e+00
8.593377113342285156e+00
8.735301971435546875e+00
8.882101058959960938e+00
9.033033370971679688e+00
9.189584732055664062e+00
9.349530220031738281e+00
9.513612747192382812e+00
9.682578086853027344e+00
9.856427192687988281e+00
1.003367805480957031e+01
1.021656036376953125e+01
1.040210533142089844e+01
1.059254264831542969e+01
1.078639030456542969e+01
1.098513603210449219e+01
1.118804073333740234e+01
1.139436340332031250e+01
1.160484981536865234e+01
1.181875991821289062e+01
1.203609657287597656e+01
1.225760555267333984e+01
1.248180580139160156e+01
1.271018600463867188e+01
1.294200611114501953e+01
1.317652606964111328e+01
1.341523838043212891e+01
1.365665817260742188e+01
1.390079116821289062e+01
1.414838314056396484e+01
1.439869594573974609e+01
1.465173339843750000e+01
1.490749931335449219e+01
1.516525650024414062e+01
1.542649745941162109e+01
1.568973541259765625e+01
1.595572376251220703e+01
1.622297859191894531e+01
1.649373435974121094e+01
1.676502227783203125e+01
1.703982353210449219e+01
1.731591415405273438e+01
1.759255218505859375e+01
1.787272071838378906e+01
1.815196418762207031e+01
1.843400382995605469e+01
1.871736145019531250e+01
1.900204086303710938e+01
1.928804779052734375e+01
1.957390403747558594e+01
1.986184692382812500e+01
2.014964866638183594e+01
2.043806076049804688e+01
2.072709465026855469e+01
2.101675033569335938e+01
2.130703926086425781e+01
2.159647750854492188e+01
2.188582038879394531e+01
2.217581558227539062e+01
2.246647071838378906e+01
2.275407600402832031e+01
2.304310035705566406e+01
2.333057594299316406e+01
2.361874198913574219e+01
2.390611648559570312e+01
2.419271087646484375e+01
2.447927474975585938e+01
2.476284217834472656e+01
2.504639434814453125e+01
2.532845306396484375e+01
2.560828399658203125e+01
2.588663482666015625e+01
2.616351699829101562e+01
2.643894004821777344e+01
2.671216392517089844e+01
2.698320198059082031e+01
2.725205993652343750e+01
2.751874351501464844e+01
2.778326416015625000e+01
2.804488754272460938e+01
2.830511093139648438e+01
2.856096267700195312e+01
2.881542968750000000e+01
2.906777572631835938e+01
2.931503486633300781e+01
2.956093597412109375e+01
2.980250740051269531e+01
3.004199600219726562e+01
3.027791595458984375e+01
3.050953865051269531e+01
3.073909759521484375e+01
3.096288871765136719e+01
3.118389129638671875e+01
3.140137290954589844e+01
3.161459541320800781e+01
3.182431411743164062e+01
3.202904891967773438e+01
3.222955322265625000e+01
3.242731857299804688e+01
3.262012481689453125e+01
3.280723571777343750e+01
3.299089050292968750e+01
3.317035293579101562e+01
3.334488677978515625e+01
3.351449966430664062e+01
3.367993927001953125e+01
3.384047698974609375e+01
3.399537277221679688e+01
3.414537429809570312e+01
3.429123306274414062e+01
3.443221664428710938e+01
3.456684494018554688e+01
3.469660949707031250e+01
3.482152175903320312e+01
3.494083786010742188e+01
3.505531311035156250e+01
3.516421127319335938e+01
3.526753616333007812e+01
3.536678314208984375e+01
3.545898437500000000e+01
3.554712295532226562e+01
3.562897109985351562e+01
3.570528030395507812e+01
3.577605438232421875e+01
3.584130477905273438e+01
3.590028762817382812e+01
3.595450210571289062e+01
3.600320816040039062e+01
3.604566574096679688e+01
3.608188247680664062e+01
3.611409378051757812e+01
3.613859176635742188e+01
3.615834426879882812e+01
3.617188262939453125e+01
3.618069458007812500e+01
3.618255233764648438e+01
3.617894363403320312e+01
3.617062759399414062e+01
3.615462493896484375e+01
3.613466644287109375e+01
3.610852050781250000e+01
3.607618713378906250e+01
3.603990554809570312e+01
3.599670791625976562e+01
3.594808578491210938e+01
3.589329528808593750e+01
3.583382415771484375e+01
3.576819610595703125e+01
3.569715118408203125e+01
3.562143325805664062e+01
3.553955459594726562e+01
3.545299530029296875e+01
3.536027145385742188e+01
3.526286315917968750e+01
3.516002273559570312e+01
3.505249786376953125e+01
3.493953323364257812e+01
3.482112884521484375e+01
3.469802856445312500e+01
3.457022094726562500e+01
3.443696594238281250e+01
3.429973983764648438e+01
3.415705871582031250e+01
3.400965499877929688e+01
3.385826492309570312e+01
3.370215225219726562e+01
3.353981781005859375e+01
3.337422180175781250e+01
3.320537567138671875e+01
3.303103256225585938e+01
3.285342025756835938e+01
3.267104721069335938e+01
3.248538970947265625e+01
3.229718780517578125e+01
3.210346221923828125e+01
3.190495300292968750e+01
3.170387840270996094e+01
3.149948883056640625e+01
3.129029273986816406e+01
3.107999610900878906e+01
3.086487960815429688e+01
3.064716148376464844e+01
3.042535209655761719e+01
3.020092773437500000e+01
2.997462081909179688e+01
2.974568557739257812e+01
2.951336479187011719e+01
2.927840042114257812e+01
2.904003334045410156e+01
2.880197334289550781e+01
2.856198501586914062e+01
2.831856918334960938e+01
2.807320404052734375e+01
2.782662200927734375e+01
2.757733154296875000e+01
2.732755088806152344e+01
2.707429695129394531e+01
2.682127571105957031e+01
2.656624603271484375e+01
2.631143188476562500e+01
2.605384635925292969e+01
2.579644966125488281e+01
2.553775024414062500e+01
2.527847480773925781e+01
2.501935958862304688e+01
2.475890541076660156e+01
2.449784278869628906e+01
2.423690795898437500e+01
2.397608375549316406e+01
2.371536254882812500e+01
2.345547485351562500e+01
2.319492530822753906e+01
2.293443870544433594e+01
2.267549705505371094e+01
2.241734123229980469e+01
2.215921401977539062e+01
2.190110969543457031e+01
2.164523887634277344e+01
2.139010810852050781e+01
2.113644599914550781e+01
2.088423919677734375e+01
2.063348007202148438e+01
2.038414955139160156e+01
2.013698387145996094e+01
1.989122200012207031e+01
1.964760017395019531e+01
1.940610504150390625e+01
1.916523361206054688e+01
1.892869377136230469e+01
1.869349479675292969e+01
1.846111488342285156e+01
1.823154067993164062e+01
1.800401496887207031e+01
1.777926826477050781e+01
1.755803298950195312e+01
1.733880805969238281e+01
1.712158203125000000e+01
1.691005706787109375e+01
1.670050430297851562e+01
1.649514007568359375e+01
1.629395484924316406e+01
1.609618949890136719e+01
1.590109062194824219e+01
1.571087169647216797e+01
1.552329635620117188e+01
1.534057617187500000e+01
1.516195678710937500e+01
1.498668384552001953e+01
1.481623172760009766e+01
1.464984893798828125e+01
1.448678398132324219e+01
1.432926082611083984e+01
1.417578506469726562e+01
1.402634716033935547e+01
1.388243007659912109e+01
1.374328231811523438e+01
1.360889625549316406e+01
1.347926521301269531e+01
1.335438156127929688e+01
1.323572731018066406e+01
1.312032222747802734e+01
1.301113224029541016e+01
1.290666294097900391e+01
1.280765342712402344e+01
1.271335506439208984e+01
1.262524604797363281e+01
1.254183483123779297e+01
1.246385860443115234e+01
1.239056968688964844e+01
1.232419013977050781e+01
1.226248741149902344e+01
1.220693969726562500e+01
1.215605926513671875e+01
1.211206817626953125e+01
1.207273197174072266e+01
1.203953361511230469e+01
1.201246833801269531e+01
1.199078750610351562e+01
1.197449016571044922e+01
1.196356868743896484e+01
1.195876407623291016e+01
1.195933055877685547e+01
1.196675014495849609e+01
1.197879123687744141e+01
1.199693489074707031e+01
1.202118110656738281e+01
1.205078315734863281e+01
1.208722400665283203e+01
1.212827301025390625e+01
1.217467117309570312e+01
1.222716045379638672e+01
1.228573894500732422e+01
1.234891986846923828e+01
1.241967391967773438e+01
1.249428462982177734e+01
1.257498073577880859e+01
1.266102027893066406e+01
1.275314426422119141e+01
1.285061168670654297e+01
1.295416355133056641e+01
1.306231594085693359e+01
1.317655372619628906e+01
1.329613494873046875e+01
1.341957569122314453e+01
1.354910469055175781e+01
1.368546581268310547e+01
1.382420635223388672e+01
1.396903896331787109e+01
1.411922264099121094e+01
1.427402114868164062e+01
1.443417644500732422e+01
1.459820461273193359e+01
1.476759815216064453e+01
1.494161510467529297e+01
1.512100410461425781e+01
1.530428028106689453e+01
1.549219036102294922e+01
1.568399810791015625e+01
1.588045024871826172e+01
1.608155059814453125e+01
1.628656005859375000e+01
1.649623107910156250e+01
1.670833396911621094e+01
1.692585182189941406e+01
1.714655876159667969e+01
1.737046241760253906e+01
1.759905242919921875e+01
1.783085250854492188e+01
1.806512260437011719e+01
1.830335998535156250e+01
1.854556655883789062e+01
1.878952598571777344e+01
1.903747177124023438e+01
1.928866577148437500e+01
1.954163742065429688e+01
1.979861831665039062e+01
2.005664443969726562e+01
2.031869888305664062e+01
2.058255958557128906e+01
2.084823608398437500e+01
2.111722373962402344e+01
2.138730049133300781e+01
2.165922164916992188e+01
2.193373870849609375e+01
2.221011543273925781e+01
2.248762321472167969e+01
2.276701164245605469e+01
2.304755210876464844e+01
2.332924842834472656e+01
2.361211967468261719e+01
2.389617156982421875e+01
2.418067550659179688e+01
2.446712875366210938e+01
2.475331497192382812e+01
2.503998756408691406e+01
2.532716369628906250e+01
2.561484909057617188e+01
2.590380668640136719e+01
2.619107246398925781e+01
2.647963142395019531e+01
2.676726913452148438e+01
2.705474090576171875e+01
2.734206008911132812e+01
2.762849617004394531e+01
2.791555023193359375e+01
2.820100593566894531e+01
2.848562240600585938e+01
2.876940536499023438e+01
2.905237770080566406e+01
2.933380508422851562e+01
2.961370468139648438e+01
2.989282798767089844e+01
3.016970825195312500e+01
3.044584083557128906e+01
3.071976089477539062e+01
3.099221992492675781e+01
3.126248741149902344e+01
3.152983856201171875e+01
3.179651451110839844e+01
3.205955886840820312e+01
3.232046890258789062e+01
3.258000564575195312e+01
3.283594894409179688e+01
3.308906173706054688e+01
3.334009933471679688e+01
3.358833312988281250e+01
3.383228683471679688e+01
3.407421112060546875e+01
3.431262588500976562e+01
3.454755020141601562e+01
3.477899169921875000e+01
3.500697326660156250e+01
3.523075866699218750e+01
3.545184707641601562e+01
3.566876983642578125e+01
3.588302612304687500e+01
3.609165573120117188e+01
3.629689788818359375e+01
3.649876785278320312e+01
3.669654464721679688e+01
3.688874816894531250e+01
3.707762908935546875e+01
3.726171493530273438e+01
3.744176483154296875e+01
3.761630630493164062e+01
3.778610229492187500e+01
3.795264816284179688e+01
3.811373519897460938e+01
3.827011489868164062e+01
3.842180633544921875e+01
3.856882095336914062e+01
3.871043395996093750e+01
3.884739685058593750e+01
3.897972869873046875e+01
3.910743713378906250e+01
3.922830581665039062e+01
3.934458541870117188e+01
3.945628356933593750e+01
3.956266784667968750e+01
3.966300964355468750e+01
3.975806427001953125e+01
3.984858703613281250e+01
3.993384170532226562e+01
4.001235961914062500e+01
4.008638000488281250e+01
4.015517044067382812e+01
4.021874237060546875e+01
4.027635955810546875e+01
4.032729721069335938e+01
4.037452316284179688e+01
4.041583633422851562e+01
4.044974517822265625e+01
4.047998428344726562e+01
4.050433349609375000e+01
4.052279281616210938e+01
4.053686141967773438e+01
4.054432678222656250e+01
4.054964447021484375e+01
4.054613876342773438e+01
4.053753662109375000e+01
4.052309417724609375e+01
4.050431823730468750e+01
4.047971343994140625e+01
4.044781494140625000e+01
4.041308212280273438e+01
4.037180328369140625e+01
4.032547760009765625e+01
4.027410888671875000e+01
4.021695709228515625e+01
4.015401458740234375e+01
4.008676910400390625e+01
4.001372528076171875e+01
3.993561935424804688e+01
3.985169982910156250e+01
3.976270675659179688e+01
3.966863632202148438e+01
3.956947326660156250e+01
3.946595764160156250e+01
3.935808181762695312e+01
3.924435424804687500e+01
3.912699127197265625e+01
3.900376129150390625e+01
3.887688064575195312e+01
3.874411392211914062e+01
3.860767364501953125e+01
3.846533584594726562e+01
3.832005310058593750e+01
3.816810607910156250e+01
3.801245498657226562e+01
3.785308456420898438e+01
3.768850708007812500e+01
3.751945114135742188e+01
3.734738922119140625e+01
3.717008972167968750e+01
3.699050521850585938e+01
3.680639648437500000e+01
3.661775588989257812e+01
3.642605590820312500e+01
3.623053741455078125e+01
3.602970886230468750e+01
3.582651901245117188e+01
3.562096405029296875e+01
3.541080093383789062e+01
3.519675827026367188e+01
3.498030853271484375e+01
3.476143264770507812e+01
3.453863143920898438e+01
3.431264114379882812e+01
3.408492660522460938e+01
3.385324478149414062e+01
3.361906814575195312e+01
3.338163375854492188e+01
3.314389801025390625e+01
3.290213394165039062e+01
3.265781402587890625e+01
3.241165924072265625e+01
3.216365051269531250e+01
3.191303253173828125e+01
3.166053199768066406e+01
3.140613365173339844e+01
3.114982604980468750e+01
3.089233779907226562e+01
3.063365936279296875e+01
3.037303352355957031e+01
3.011118698120117188e+01
2.984885787963867188e+01
2.958453559875488281e+01
2.931895446777343750e+01
2.905358886718750000e+01
2.878693771362304688e+01
2.851972389221191406e+01
2.825194168090820312e+01
2.798283195495605469e+01
2.771385955810546875e+01
2.744501686096191406e+01
2.717554283142089844e+01
2.690690612792968750e+01
2.663686752319335938e+01
2.636838340759277344e+01
2.609920692443847656e+01
2.583081054687500000e+01
2.556317901611328125e+01
2.529480934143066406e+01
2.502791786193847656e+01
2.476174354553222656e+01
2.449701499938964844e+01
2.423223114013671875e+01
2.396811866760253906e+01
2.370689392089843750e+01
2.344631004333496094e+01
2.318634986877441406e+01
2.292848777770996094e+01
2.267196273803710938e+01
2.241750526428222656e+01
2.216509628295898438e+01
2.191249465942382812e+01
2.166339874267578125e+01
2.141630935668945312e+01
2.117046356201171875e+01
2.092659568786621094e+01
2.068617439270019531e+01
2.044695663452148438e+01
2.021189689636230469e+01
1.997727012634277344e+01
1.974602890014648438e+01
1.951816558837890625e+01
1.929291534423828125e+01
1.907101249694824219e+01
1.885095596313476562e+01
1.863421821594238281e+01
1.842078399658203125e+01
1.821138381958007812e+01
1.800451660156250000e+01
1.780017089843750000e+01
1.759981727600097656e+01
1.740196037292480469e+01
1.720583915710449219e+01
1.701590538024902344e+01
1.682916831970214844e+01
1.664561843872070312e+01
1.646673011779785156e+01
1.629026222229003906e+01
1.611842918395996094e+01
1.595048046112060547e+01
1.578640174865722656e+01
1.562692642211914062e+01
1.547055625915527344e+01
1.531876754760742188e+01
1.517080593109130859e+01
1.502666187286376953e+01
1.488781070709228516e+01
1.475201320648193359e+01
1.462074470520019531e+01
1.449399852752685547e+01
1.437102031707763672e+01
1.425328826904296875e+01
1.414004993438720703e+01
1.403055286407470703e+01
1.392553329467773438e+01
1.382498264312744141e+01
1.372963714599609375e+01
1.363800048828125000e+01
1.355081081390380859e+01
1.346880435943603516e+01
1.339048671722412109e+01
1.331808185577392578e+01
1.324861049652099609e+01
1.318503952026367188e+01
1.312439060211181641e+01
1.306963157653808594e+01
1.301852703094482422e+01
1.297181510925292969e+01
1.293097972869873047e+01
1.289378452301025391e+01
1.286171340942382812e+01
1.283327579498291016e+01
1.280995655059814453e+01
1.279100704193115234e+01
1.277642536163330078e+01
1.276621246337890625e+01
1.276111221313476562e+01
1.276038074493408203e+01
1.276402091979980469e+01
1.277128982543945312e+01
1.278293228149414062e+01
1.279969406127929688e+01
1.282009220123291016e+01
1.284561347961425781e+01
1.287477588653564453e+01
1.290832614898681641e+01
1.294626808166503906e+01
1.298860454559326172e+01
1.303459644317626953e+01
1.308499336242675781e+01
1.313905429840087891e+01
1.319753074645996094e+01
1.325968170166015625e+01
1.332551574707031250e+01
1.339578056335449219e+01
1.346973896026611328e+01
1.354739856719970703e+01
1.362802314758300781e+01
1.371236133575439453e+01
1.380042266845703125e+01
1.389295673370361328e+01
1.398774147033691406e+01
1.408776092529296875e+01
1.419079113006591797e+01
1.429609870910644531e+01
1.440517997741699219e+01
1.451729869842529297e+01
1.463172435760498047e+01
1.475069522857666016e+01
1.487199020385742188e+01
1.499636459350585938e+01
1.512308597564697266e+01
1.525290679931640625e+01
1.538509654998779297e+01
1.552040863037109375e+01
1.565811252593994141e+01
1.579821968078613281e+01
1.594073963165283203e+01
1.608568763732910156e+01
1.623381805419921875e+01
1.638291549682617188e+01
1.653447532653808594e+01
1.668777084350585938e+01
1.684355545043945312e+01
1.700035858154296875e+01
1.716042327880859375e+01
1.732153320312500000e+01
1.748444747924804688e+01
1.764769554138183594e+01
1.781351661682128906e+01
1.798044395446777344e+01
1.814923667907714844e+01
1.831841850280761719e+01
1.848875236511230469e+01
1.866099548339843750e+01
1.883367729187011719e+01
1.900681304931640625e+01
1.918190574645996094e+01
1.935674095153808594e+01
1.953282356262207031e+01
1.970942497253417969e+01
1.988730239868164062e+01
2.006424522399902344e+01
2.024175834655761719e+01
2.041911125183105469e+01
2.059780883789062500e+01
2.077638244628906250e+01
2.095335960388183594e+01
2.113173103332519531e+01
2.130928421020507812e+01
2.148678207397460938e+01
2.166423797607421875e+01
2.184092521667480469e+01
2.201686477661132812e+01
2.219281387329101562e+01
2.236730384826660156e+01
2.254258155822753906e+01
2.271569061279296875e+01
2.288887977600097656e+01
2.305993461608886719e+01
2.323035621643066406e+01
2.340016746520996094e+01
2.356789398193359375e+01
2.373504257202148438e+01
2.390014076232910156e+01
2.406543540954589844e+01
2.422723007202148438e+01
2.438925361633300781e+01
2.454929351806640625e+01
2.470662689208984375e+01
2.486275482177734375e+01
2.501694679260253906e+01
2.517070960998535156e+01
2.532108497619628906e+01
2.546883392333984375e+01
2.561619567871093750e+01
2.576021766662597656e+01
2.590165328979492188e+01
2.604200553894042969e+01
2.617905807495117188e+01
2.631431007385253906e+01
2.644629096984863281e+01
2.657649803161621094e+01
2.670346069335937500e+01
2.682867813110351562e+01
2.695141792297363281e+01
2.707095146179199219e+01
2.718803405761718750e+01
2.730193328857421875e+01
2.741340827941894531e+01
2.752098274230957031e+01
2.762764167785644531e+01
2.772893524169921875e+01
2.782785034179687500e+01
2.792439460754394531e+01
2.801783943176269531e+01
2.810745048522949219e+01
2.819323921203613281e+01
2.827670288085937500e+01
2.835710334777832031e+01
2.843445777893066406e+01
2.850802612304687500e+01
2.857781791687011719e+01
2.864533424377441406e+01
2.870908927917480469e+01
2.876910018920898438e+01
2.882610893249511719e+01
2.887938690185546875e+01
2.892968368530273438e+01
2.897552108764648438e+01
2.901838684082031250e+01
2.905755233764648438e+01
2.909376335144042969e+01
2.912553977966308594e+01
2.915436935424804688e+01
2.917803764343261719e+01
2.920026206970214844e+01
2.921807098388671875e+01
2.923221778869628906e+01
2.924344635009765625e+01
2.925101852416992188e+01
2.925494194030761719e+01
2.925521469116210938e+01
2.925110054016113281e+01
2.924482917785644531e+01
2.923417472839355469e+01
2.921988105773925781e+01
2.920268821716308594e+01
2.918111228942871094e+01
2.915738296508789062e+01
2.912926864624023438e+01
2.909751129150390625e+01
2.906136894226074219e+01
2.902306556701660156e+01
2.898111534118652344e+01
2.893626213073730469e+01
2.888701248168945312e+01
2.883484840393066406e+01
2.877977371215820312e+01
2.872029495239257812e+01
2.865937805175781250e+01
2.859330940246582031e+01
2.852431106567382812e+01
2.845237541198730469e+01
2.837824440002441406e+01
2.829893875122070312e+01
2.821742630004882812e+01
2.813295936584472656e+01
2.804553031921386719e+01
2.795513153076171875e+01
2.786250114440917969e+01
2.776688957214355469e+01
2.766754531860351562e+01
2.756520462036132812e+01
2.746060180664062500e+01
2.735298538208007812e+01
2.724234962463378906e+01
2.713016891479492188e+01
2.701420593261718750e+01
2.689668273925781250e+01
2.677535820007324219e+01
2.665245246887207031e+01
2.652647209167480469e+01
2.639888954162597656e+01
2.626969528198242188e+01
2.613739395141601562e+01
2.600271415710449219e+01
2.586565017700195312e+01
2.572767257690429688e+01
2.558654212951660156e+01
2.544373130798339844e+01
2.529923057556152344e+01
2.515154075622558594e+01
2.500362205505371094e+01
2.485323143005371094e+01
2.470109939575195312e+01
2.454869842529296875e+01
2.439378547668457031e+01
2.423708915710449219e+01
2.408008384704589844e+01
2.392052459716796875e+01
2.375988197326660156e+01
2.359814453125000000e+01
2.343678092956542969e+01
2.327206230163574219e+01
2.310694503784179688e+01
2.294067192077636719e+01
2.277397155761718750e+01
2.260608482360839844e+01
2.243699645996093750e+01
2.226669120788574219e+01
2.209738159179687500e+01
2.192608070373535156e+01
2.175500106811523438e+01
2.158338356018066406e+01
2.141121482849121094e+01
2.123921966552734375e+01
2.106663894653320312e+01
2.089345741271972656e+01
2.072040367126464844e+01
2.054820060729980469e+01
2.037386131286621094e+01
2.020182991027832031e+01
2.002762985229492188e+01
1.985495948791503906e+01
1.968231773376464844e+01
1.950968933105468750e+01
1.933779907226562500e+01
1.916588592529296875e+01
1.899468231201171875e+01
1.882416534423828125e+01
1.865357971191406250e+01
1.848365020751953125e+01
1.831510734558105469e+01
1.814718818664550781e+01
1.797987747192382812e+01
1.781390190124511719e+01
1.764850234985351562e+01
1.748366546630859375e+01
1.732085800170898438e+01
1.715857887268066406e+01
1.699681282043457031e+01
1.683777236938476562e+01
1.667921447753906250e+01
1.652112388610839844e+01
1.636571311950683594e+01
1.621148300170898438e+01
1.605916213989257812e+01
1.590725040435791016e+01
1.575796413421630859e+01
1.560980415344238281e+01
1.546275424957275391e+01
1.531828975677490234e+01
1.517490673065185547e+01
1.503334045410156250e+01
1.489431858062744141e+01
1.475708675384521484e+01
1.462162971496582031e+01
1.448793506622314453e+01
1.435673618316650391e+01
1.422653293609619141e+01
1.409879875183105469e+01
1.397352313995361328e+01
1.385069561004638672e+01
1.372955989837646484e+01
1.361084747314453125e+01
1.349454784393310547e+01
1.338065242767333984e+01
1.326914691925048828e+01
1.316002464294433594e+01
1.305327510833740234e+01
1.294814205169677734e+01
1.284684848785400391e+01
1.274715423583984375e+01
1.264979457855224609e+01
1.255550193786621094e+01
1.246352672576904297e+01
1.237460231781005859e+01
1.228723430633544922e+01
1.220290184020996094e+01
1.212159729003906250e+01
1.204182624816894531e+01
1.196581268310546875e+01
1.189206218719482422e+01
1.182056903839111328e+01
1.175207042694091797e+01
1.168730258941650391e+01
1.162403106689453125e+01
1.156447982788085938e+01
1.150641536712646484e+01
1.145206069946289062e+01
1.140067005157470703e+01
1.135075092315673828e+01
1.130453109741210938e+01
1.126126289367675781e+01
1.122020053863525391e+01
1.118208599090576172e+01
1.114691829681396484e+01
1.111395072937011719e+01
1.108467197418212891e+01
1.105685043334960938e+01
1.103271389007568359e+01
1.101077842712402344e+01
1.099252986907958984e+01
1.097499561309814453e+01
1.096114826202392578e+01
1.095024871826171875e+01
1.094155311584472656e+01
1.093580627441406250e+01
1.093301105499267578e+01
1.093242645263671875e+01
1.093479728698730469e+01
1.093938446044921875e+01
1.094619083404541016e+01
1.095670700073242188e+01
1.096944904327392578e+01
1.098442173004150391e+01
1.100162887573242188e+01
1.102107524871826172e+01
1.104350948333740234e+01
1.106819248199462891e+01
1.109512996673583984e+01
1.112507152557373047e+01
1.115727996826171875e+01
1.119101715087890625e+01
1.122777652740478516e+01
1.126682186126708984e+01
1.130741691589355469e+01
1.135031223297119141e+01
1.139625740051269531e+01
1.144303226470947266e+01
1.149287319183349609e+01
1.154504585266113281e+01
1.159807205200195312e+01
1.165344715118408203e+01
1.171117973327636719e+01
1.176979351043701172e+01
1.183078384399414062e+01
1.189415931701660156e+01
1.195918750762939453e+01
1.202513599395751953e+01
1.209349918365478516e+01
1.216280460357666016e+01
1.223454666137695312e+01
1.230725193023681641e+01
1.238167190551757812e+01
1.245782184600830078e+01
1.253496932983398438e+01
1.261386871337890625e+01
1.269378948211669922e+01
1.277548694610595703e+01
1.285823154449462891e+01
1.294129180908203125e+01
1.302691078186035156e+01
1.311287212371826172e+01
1.319993209838867188e+01
1.328810310363769531e+01
1.337814331054687500e+01
1.346857833862304688e+01
1.355942344665527344e+01
1.365143585205078125e+01
1.374462890625000000e+01
1.383753013610839844e+01
1.393164062500000000e+01
1.402697372436523438e+01
1.412205886840820312e+01
1.421765136718750000e+01
1.431451129913330078e+01
1.441191101074218750e+01
1.450911903381347656e+01
1.460615253448486328e+01
1.470451164245605469e+01
1.480272388458251953e+01
1.490080642700195312e+01
1.499951648712158203e+01
1.509886837005615234e+01
1.519739055633544922e+01
1.529658603668212891e+01
1.539572525024414062e+01
1.549407958984375000e+01
1.559315204620361328e+01
1.569221210479736328e+01
1.578979301452636719e+01
1.588739204406738281e+01
1.598576736450195312e+01
1.608345031738281250e+01
1.617970848083496094e+01
1.627679061889648438e+01
1.637248039245605469e+01
1.646753501892089844e+01
1.656271171569824219e+01
1.665728187561035156e+01
1.675052070617675781e+01
1.684318161010742188e+01
1.693527984619140625e+01
1.702608871459960938e+01
1.711710357666015625e+01
1.720759963989257812e+01
1.729610252380371094e+01
1.738336563110351562e+01
1.747014808654785156e+01
1.755646514892578125e+01
1.764009666442871094e+01
1.772402954101562500e+01
1.780604743957519531e+01
1.788765144348144531e+01
1.796736145019531250e+01
1.804668235778808594e+01
1.812339591979980469e+01
1.819974136352539062e+01
1.827276039123535156e+01
1.834692192077636719e+01
1.841852188110351562e+01
1.848980522155761719e+01
1.856077766418457031e+01
1.862773704528808594e+01
1.869440841674804688e+01
1.875857734680175781e+01
1.882248115539550781e+01
1.888241386413574219e+01
1.894210243225097656e+01
1.900007057189941406e+01
1.905558586120605469e+01
1.911088562011718750e+01
1.916374969482421875e+01
1.921493339538574219e+01
1.926295661926269531e+01
1.931080436706542969e+01
1.935699462890625000e+01
1.940005111694335938e+01
1.944221115112304688e+01
1.948199844360351562e+01
1.952016067504882812e+01
1.955596542358398438e+01
1.959016036987304688e+01
1.962275505065917969e+01
1.965300941467285156e+01
1.968167877197265625e+01
1.970876312255859375e+01
1.973278808593750000e+01
1.975523948669433594e+01
1.977538490295410156e+01
1.979397010803222656e+01
1.981100273132324219e+01
1.982574081420898438e+01
1.983744621276855469e+01
1.984760856628417969e+01
1.985548782348632812e+01
1.986182785034179688e+01
1.986589050292968750e+01
1.986841964721679688e+01
1.986941528320312500e+01
1.986665344238281250e+01
1.986236000061035156e+01
1.985653877258300781e+01
1.984770393371582031e+01
1.983734130859375000e+01
1.982545089721679688e+01
1.981129074096679688e+01
1.979485893249511719e+01
1.977689743041992188e+01
1.975666427612304688e+01
1.973415756225585938e+01
1.971011734008789062e+01
1.968305587768554688e+01
1.965520095825195312e+01
1.962506675720214844e+01
1.959338760375976562e+01
1.955867958068847656e+01
1.952316474914550781e+01
1.948461532592773438e+01
1.944525146484375000e+01
1.940358734130859375e+01
1.936036109924316406e+01
1.931482315063476562e+01
1.926697158813476562e+01
1.921828460693359375e+01
1.916727256774902344e+01
1.911541748046875000e+01
1.905973815917968750e+01
1.900394630432128906e+01
1.894655227661132812e+01
1.888680076599121094e+01
1.882542991638183594e+01
1.876243782043457031e+01
1.869781112670898438e+01
1.863303375244140625e+01
1.856438064575195312e+01
1.849481582641601562e+01
1.842433357238769531e+01
1.835217857360839844e+01
1.827835083007812500e+01
1.820357704162597656e+01
1.812636375427246094e+01
1.804893302917480469e+01
1.796830558776855469e+01
1.788744163513183594e+01
1.780633163452148438e+01
1.772348213195800781e+01
1.763887977600097656e+01
1.755325889587402344e+01
1.746586799621582031e+01
1.737743759155273438e+01
1.728870010375976562e+01
1.719816398620605469e+01
1.710729598999023438e+01
1.701534843444824219e+01
1.692156410217285156e+01
1.682742118835449219e+01
1.673216247558593750e+01
1.663652038574218750e+01
1.653973960876464844e+01
1.644255256652832031e+01
1.634420394897460938e+01
1.624468040466308594e+01
1.614471626281738281e+01
1.604355239868164062e+01
1.594340991973876953e+01
1.584130096435546875e+01
1.573795604705810547e+01
1.563559436798095703e+01
1.553122901916503906e+01
1.542782020568847656e+01
1.532312488555908203e+01
1.521713161468505859e+01
1.511205577850341797e+01
1.500714302062988281e+01
1.490089130401611328e+01
1.479477691650390625e+01
1.468878269195556641e+01
1.458141326904296875e+01
1.447488307952880859e+01
1.436843395233154297e+01
1.426131248474121094e+01
1.415499019622802734e+01
1.404722499847412109e+01
1.394023227691650391e+01
1.383399868011474609e+01
1.372628021240234375e+01
1.362003993988037109e+01
1.351303100585937500e+01
1.340672874450683594e+01
1.330037593841552734e+01
1.319321632385253906e+01
1.308821105957031250e+01
1.298237228393554688e+01
1.287791824340820312e+01
1.277260780334472656e+01
1.266865825653076172e+01
1.256308460235595703e+01
1.245884609222412109e+01
1.235593223571777344e+01
1.225358867645263672e+01
1.215254497528076172e+01
1.205204677581787109e+01
1.195059680938720703e+01
1.185041332244873047e+01
1.175148391723632812e+01
1.165231037139892578e+01
1.155436992645263672e+01
1.145690822601318359e+01
1.136065673828125000e+01
1.126486110687255859e+01
1.117025470733642578e+01
1.107682609558105469e+01
1.098307991027832031e+01
1.089049243927001953e+01
1.079979610443115234e+01
1.070875167846679688e+01
1.061957836151123047e+01
1.053078079223632812e+01
1.044458007812500000e+01
1.035873699188232422e+01
1.027324199676513672e+01
1.018882942199707031e+01
1.010549163818359375e+01
1.002396106719970703e+01
9.942746162414550781e+00
9.863324165344238281e+00
9.784199714660644531e+00
9.707594871520996094e+00
9.631273269653320312e+00
9.556713104248046875e+00
9.483164787292480469e+00
9.410620689392089844e+00
9.339817047119140625e+00
9.270005226135253906e+00
9.201921463012695312e+00
9.134073257446289062e+00
9.068683624267578125e+00
9.005003929138183594e+00
8.943028450012207031e+00
8.881265640258789062e+00
8.821196556091308594e+00
8.762073516845703125e+00
8.703890800476074219e+00
8.646644592285156250e+00
8.591818809509277344e+00
8.539183616638183594e+00
8.486953735351562500e+00
8.436240196228027344e+00
8.386889457702636719e+00
8.339049339294433594e+00
8.292789459228515625e+00
8.247960090637207031e+00
8.204483032226562500e+00
8.162654876708984375e+00
8.122397422790527344e+00
8.083413124084472656e+00
8.045848846435546875e+00
8.009702682495117188e+00
7.975123405456542969e+00
7.941960811614990234e+00
7.910139560699462891e+00
7.879882812500000000e+00
7.850966930389404297e+00
7.823466777801513672e+00
7.797456741333007812e+00
7.772863388061523438e+00
7.749612808227539062e+00
7.727929592132568359e+00
7.707517147064208984e+00
7.688599586486816406e+00
7.671030998229980469e+00
7.654812335968017578e+00
7.640020847320556641e+00
7.626584529876708984e+00
7.614432334899902344e+00
7.603714466094970703e+00
7.594286441802978516e+00
7.586299896240234375e+00
7.579535484313964844e+00
7.574070930480957031e+00
7.569911479949951172e+00
7.566985130310058594e+00
7.565372943878173828e+00
7.565003871917724609e+00
7.565809726715087891e+00
7.568017482757568359e+00
7.571334362030029297e+00
7.575767993927001953e+00
7.581397056579589844e+00
7.588302612304687500e+00
7.596342563629150391e+00
7.605446815490722656e+00
7.615623950958251953e+00
7.626955986022949219e+00
7.639299869537353516e+00
7.652812004089355469e+00
7.667426109313964844e+00
7.683074951171875000e+00
7.699543952941894531e+00
7.716916084289550781e+00
7.735420703887939453e+00
7.754845142364501953e+00
7.775270938873291016e+00
7.796558380126953125e+00
7.818716526031494141e+00
7.841753005981445312e+00
7.865603923797607422e+00
7.890276908874511719e+00
7.915782451629638672e+00
7.942203998565673828e+00
7.969178199768066406e+00
7.997012138366699219e+00
8.025492668151855469e+00
8.054779052734375000e+00
8.084433555603027344e+00
8.114689826965332031e+00
8.146373748779296875e+00
8.178308486938476562e+00
8.210725784301757812e+00
8.242891311645507812e+00
8.277047157287597656e+00
8.310971260070800781e+00
8.345419883728027344e+00
8.380401611328125000e+00
8.415182113647460938e+00
8.451261520385742188e+00
8.488647460937500000e+00
8.524378776550292969e+00
8.561438560485839844e+00
8.599094390869140625e+00
8.635869979858398438e+00
8.674005508422851562e+00
8.712024688720703125e+00
8.749938964843750000e+00
8.788501739501953125e+00
8.826979637145996094e+00
8.866128921508789062e+00
8.905214309692382812e+00
8.944247245788574219e+00
8.983240127563476562e+00
9.022202491760253906e+00
9.061886787414550781e+00
9.102304458618164062e+00
9.141236305236816406e+00
9.180180549621582031e+00
9.218401908874511719e+00
9.257397651672363281e+00
9.297179222106933594e+00
9.335526466369628906e+00
9.374678611755371094e+00
9.412417411804199219e+00
9.450981140136718750e+00
9.488895416259765625e+00
9.526912689208984375e+00
9.565785408020019531e+00
9.603296279907226562e+00
9.640195846557617188e+00
9.677238464355468750e+00
9.713690757751464844e+00
9.749563217163085938e+00
9.785608291625976562e+00
9.821833610534667969e+00
9.856764793395996094e+00
9.891896247863769531e+00
9.925752639770507812e+00
9.959827423095703125e+00
9.993389129638671875e+00
1.002644443511962891e+01
1.005825996398925781e+01
1.008958816528320312e+01
1.012043762207031250e+01
1.015081691741943359e+01
1.018147754669189453e+01
1.021019840240478516e+01
1.023995876312255859e+01
1.026779651641845703e+01
1.029594802856445312e+01
1.032293415069580078e+01
1.034876346588134766e+01
1.037418556213378906e+01
1.039920806884765625e+01
1.042383861541748047e+01
1.044734096527099609e+01
1.047046279907226562e+01
1.049246978759765625e+01
1.051411151885986328e+01
1.053539371490478516e+01
1.055483436584472656e+01
1.057392883300781250e+01
1.059267997741699219e+01
1.060960769653320312e+01
1.062620544433593750e+01
1.064173126220703125e+01
1.065619277954101562e+01
1.067107772827148438e+01
1.068416309356689453e+01
1.069619464874267578e+01
1.070866203308105469e+01
1.071933937072753906e+01
1.072897434234619141e+01
1.073905563354492188e+01
1.074735546112060547e+01
1.075462150573730469e+01
1.076085472106933594e+01
1.076605892181396484e+01
1.077097797393798828e+01
1.077487182617187500e+01
1.077699851989746094e+01
1.077958965301513672e+01
1.078041744232177734e+01
1.078022480010986328e+01
1.077975654602050781e+01
1.077752876281738281e+01
1.077502727508544922e+01
1.077150917053222656e+01
1.076623249053955078e+01
1.076142597198486328e+01
1.075560474395751953e+01
1.074876785278320312e+01
1.074091529846191406e+01
1.073204612731933594e+01
1.072141742706298828e+01
1.071125793457031250e+01
1.069933605194091797e+01
1.068713760375976562e+01
1.067317676544189453e+01
1.065967845916748047e+01
1.064292812347412109e+01
1.062738132476806641e+01
1.061006450653076172e+01
1.059246063232421875e+01
1.057382583618164062e+01
1.055415725708007812e+01
1.053419494628906250e+01
1.051170730590820312e+01
1.049040699005126953e+01
1.046731853485107422e+01
1.044392490386962891e+01
1.041947841644287109e+01
1.039323425292968750e+01
1.036741828918457031e+01
1.034128189086914062e+01
1.031259250640869141e+01
1.028431701660156250e+01
1.025496768951416016e+01
1.022527980804443359e+01
1.019450759887695312e+01
1.016264533996582031e+01
1.013043117523193359e+01
1.009711647033691406e+01
1.006418323516845703e+01
1.003013896942138672e+01
9.995719909667968750e+00
9.960178375244140625e+00
9.924251556396484375e+00
9.887188911437988281e+00
9.848985671997070312e+00
9.811120033264160156e+00
9.772099494934082031e+00
9.732662200927734375e+00
9.694284439086914062e+00
9.653989791870117188e+00
9.612511634826660156e+00
9.572074890136718750e+00
9.529696464538574219e+00
9.487600326538085938e+00
9.444291114807128906e+00
9.401249885559082031e+00
9.357722282409667969e+00
9.313703536987304688e+00
9.269184112548828125e+00
9.224155426025390625e+00
9.178609848022460938e+00
9.132540702819824219e+00
9.086680412292480469e+00
9.039534568786621094e+00
8.992583274841308594e+00
8.945816040039062500e+00
8.898481369018554688e+00
8.851315498352050781e+00
8.803565025329589844e+00
8.754479408264160156e+00
8.706278800964355469e+00
8.658210754394531250e+00
8.608780860900878906e+00
8.559468269348144531e+00
8.509519577026367188e+00
8.459670066833496094e+00
8.410653114318847656e+00
8.360231399536132812e+00
8.310626983642578125e+00
8.261086463928222656e+00
8.210858345031738281e+00
8.160678863525390625e+00
8.110539436340332031e+00
8.059687614440917969e+00
8.010346412658691406e+00
7.959534168243408203e+00
7.908729553222656250e+00
7.858666896820068359e+00
7.808595180511474609e+00
7.757764816284179688e+00
7.707652091979980469e+00
7.656764507293701172e+00
7.607323169708251953e+00
7.557089805603027344e+00
7.507544517517089844e+00
7.457934379577636719e+00
7.408402919769287109e+00
7.358940601348876953e+00
7.309540271759033203e+00
7.260789394378662109e+00
7.212084770202636719e+00
7.163568496704101562e+00
7.115232944488525391e+00
7.067144393920898438e+00
7.019296646118164062e+00
6.971829891204833984e+00
6.924588680267333984e+00
6.877640247344970703e+00
6.830976486206054688e+00
6.784666061401367188e+00
6.738626480102539062e+00
6.693073749542236328e+00
6.647852897644042969e+00
6.602956295013427734e+00
6.558451652526855469e+00
6.514406681060791016e+00
6.470665454864501953e+00
6.427444934844970703e+00
6.384589672088623047e+00
6.342092990875244141e+00
6.300171852111816406e+00
6.258671283721923828e+00
6.217584133148193359e+00
6.176980018615722656e+00
6.136851787567138672e+00
6.097194194793701172e+00
6.058075428009033203e+00
6.019489765167236328e+00
5.981357574462890625e+00
5.943747520446777344e+00
5.906729221343994141e+00
5.870223045349121094e+00
5.834223747253417969e+00
5.798727035522460938e+00
5.763877391815185547e+00
5.729595184326171875e+00
5.695802688598632812e+00
5.662643909454345703e+00
5.629892349243164062e+00
5.597841739654541016e+00
5.566413879394531250e+00
5.535530567169189453e+00
5.505263805389404297e+00
5.475610256195068359e+00
5.446567535400390625e+00
5.418057441711425781e+00
5.390152931213378906e+00
5.362926483154296875e+00
5.336300373077392578e+00
5.310273647308349609e+00
5.284918308258056641e+00
5.260159015655517578e+00
5.235994815826416016e+00
5.212423324584960938e+00
5.189519405364990234e+00
5.167281150817871094e+00
5.145634174346923828e+00
5.124651908874511719e+00
5.104260444641113281e+00
5.084607601165771484e+00
5.065471649169921875e+00
5.046999931335449219e+00
5.029268264770507812e+00
5.012053489685058594e+00
4.995506286621093750e+00
4.979625701904296875e+00
4.964339733123779297e+00
4.949722766876220703e+00
4.935702800750732422e+00
4.922354698181152344e+00
4.909531593322753906e+00
4.897383213043212891e+00
4.885912418365478516e+00
4.874971389770507812e+00
4.864785194396972656e+00
4.855059146881103516e+00
4.846017360687255859e+00
4.837513446807861328e+00
4.829773902893066406e+00
4.822502613067626953e+00
4.815850734710693359e+00
4.809747695922851562e+00
4.804268836975097656e+00
4.799269676208496094e+00
4.794974803924560547e+00
4.791165351867675781e+00
4.787918090820312500e+00
4.785235404968261719e+00
4.783121585845947266e+00
4.781431198120117188e+00
4.780389308929443359e+00
4.779702663421630859e+00
4.779598236083984375e+00
4.780079364776611328e+00
4.781149864196777344e+00
4.782886981964111328e+00
4.784774780273437500e+00
4.787263393402099609e+00
4.790133953094482422e+00
4.793613433837890625e+00
4.797408103942871094e+00
4.801671981811523438e+00
4.806334972381591797e+00
4.811550617218017578e+00
4.816951274871826172e+00
4.822988033294677734e+00
4.829294204711914062e+00
4.835949420928955078e+00
4.843032836914062500e+00
4.850624561309814453e+00
4.858432292938232422e+00
4.866684436798095703e+00
4.875238895416259766e+00
4.884175300598144531e+00
4.893276214599609375e+00
4.902845382690429688e+00
4.912665843963623047e+00
4.922818183898925781e+00
4.933235168457031250e+00
4.943773746490478516e+00
4.954738140106201172e+00
4.965912342071533203e+00
4.977302551269531250e+00
4.988990783691406250e+00
5.000834465026855469e+00
5.012915611267089844e+00
5.025315761566162109e+00
5.037892818450927734e+00
5.050580024719238281e+00
5.063459396362304688e+00
5.076537132263183594e+00
5.089746952056884766e+00
5.103096008300781250e+00
5.116591453552246094e+00
5.130239486694335938e+00
5.143974304199218750e+00
5.157876968383789062e+00
5.171880245208740234e+00
5.185916900634765625e+00
5.200068473815917969e+00
5.214342117309570312e+00
5.228596687316894531e+00
5.242912769317626953e+00
5.257446289062500000e+00
5.271831989288330078e+00
5.286226272583007812e+00
5.300783634185791016e+00
5.315214157104492188e+00
5.329746723175048828e+00
5.344165325164794922e+00
5.358624458312988281e+00
5.372982025146484375e+00
5.387467384338378906e+00
5.401788711547851562e+00
5.415952682495117188e+00
5.430187702178955078e+00
5.444276332855224609e+00
5.458299160003662109e+00
5.472187042236328125e+00
5.486020088195800781e+00
5.499728679656982422e+00
5.513318538665771484e+00
5.526720523834228516e+00
5.539939880371093750e+00
5.553130149841308594e+00
5.566072463989257812e+00
5.578921318054199219e+00
5.591532707214355469e+00
5.603911399841308594e+00
5.616210460662841797e+00
5.628137111663818359e+00
5.639918804168701172e+00
5.651560306549072266e+00
5.662917137145996094e+00
5.673994064331054688e+00
5.684869289398193359e+00
5.695473194122314453e+00
5.705810070037841797e+00
5.715884685516357422e+00
5.725774765014648438e+00
5.735260963439941406e+00
5.744572162628173828e+00
5.753561973571777344e+00
5.762160301208496094e+00
5.770520210266113281e+00
5.778571128845214844e+00
5.786391735076904297e+00
5.793762683868408203e+00
5.800835609436035156e+00
5.807689666748046875e+00
5.814031600952148438e+00
5.820161342620849609e+00
5.825935363769531250e+00
5.831430435180664062e+00
5.836428165435791016e+00
5.841155052185058594e+00
5.845465660095214844e+00
5.849437236785888672e+00
5.853148460388183594e+00
5.856453895568847656e+00
5.859356403350830078e+00
5.861858844757080078e+00
5.864113330841064453e+00
5.865973949432373047e+00
5.867369651794433594e+00
5.868450641632080078e+00
5.869071960449218750e+00
5.869383811950683594e+00
5.869314193725585938e+00
5.868865013122558594e+00
5.868038177490234375e+00
5.866835594177246094e+00
5.865258216857910156e+00
5.863382816314697266e+00
5.861060142517089844e+00
5.858292102813720703e+00
5.855228900909423828e+00
5.851794719696044922e+00
5.847991466522216797e+00
5.843743801116943359e+00
5.839126586914062500e+00
5.834139823913574219e+00
5.828781604766845703e+00
5.822978496551513672e+00
5.816876888275146484e+00
5.810402393341064453e+00
5.803478717803955078e+00
5.796253204345703125e+00
5.788575172424316406e+00
5.780591964721679688e+00
5.772152423858642578e+00
5.763403415679931641e+00
5.754268169403076172e+00
5.744818687438964844e+00
5.734903335571289062e+00
5.724668502807617188e+00
5.714036941528320312e+00
5.703006267547607422e+00
5.691646575927734375e+00
5.679882049560546875e+00
5.667856216430664062e+00
5.655419349670410156e+00
5.642566680908203125e+00
5.629444122314453125e+00
5.615973949432373047e+00
5.602152824401855469e+00
5.587903022766113281e+00
5.573369503021240234e+00
5.558549880981445312e+00
5.543365001678466797e+00
5.527887344360351562e+00
5.511888980865478516e+00
5.495665073394775391e+00
5.479211807250976562e+00
5.462378025054931641e+00
5.445233345031738281e+00
5.427850723266601562e+00
5.410076618194580078e+00
5.392131328582763672e+00
5.373715400695800781e+00
5.355195999145507812e+00
5.336273193359375000e+00
5.317241191864013672e+00
5.297874927520751953e+00
5.278169631958007812e+00
5.258346557617187500e+00
5.238179206848144531e+00
5.217886924743652344e+00
5.197244644165039062e+00
5.176397323608398438e+00
5.155416011810302734e+00
5.134149074554443359e+00
5.112741470336914062e+00
5.090967655181884766e+00
5.069269657135009766e+00
5.047272205352783203e+00
5.025194644927978516e+00
5.002884864807128906e+00
4.980339050292968750e+00
4.957702159881591797e+00
4.935043811798095703e+00
4.912063598632812500e+00
4.889053821563720703e+00
4.865937232971191406e+00
4.842634201049804688e+00
4.819288730621337891e+00
4.795822620391845703e+00
4.772230625152587891e+00
4.748655796051025391e+00
4.724797248840332031e+00
4.701019763946533203e+00
4.677170753479003906e+00
4.653243541717529297e+00
4.629232883453369141e+00
4.605207443237304688e+00
4.581161499023437500e+00
4.557014465332031250e+00
4.532834529876708984e+00
4.508690357208251953e+00
4.484426975250244141e+00
4.460260391235351562e+00
4.435962200164794922e+00
4.411822795867919922e+00
4.387538433074951172e+00
4.363326072692871094e+00
4.338956356048583984e+00
4.314794540405273438e+00
4.290536403656005859e+00
4.266325473785400391e+00
4.242228507995605469e+00
4.218091487884521484e+00
4.193983078002929688e+00
4.169748306274414062e+00
4.145753383636474609e+00
4.121694087982177734e+00
4.097789287567138672e+00
4.073958396911621094e+00
4.050048828125000000e+00
4.026276588439941406e+00
4.002638816833496094e+00
3.978980779647827148e+00
3.955447196960449219e+00
3.931959629058837891e+00
3.908662557601928711e+00
3.885477781295776367e+00
3.862326860427856445e+00
3.839355707168579102e+00
3.816411495208740234e+00
3.793640851974487305e+00
3.770965814590454102e+00
3.748458385467529297e+00
3.726041555404663086e+00
3.703861474990844727e+00
3.681767940521240234e+00
3.659907102584838867e+00
3.638128757476806641e+00
3.616430997848510742e+00
3.594961166381835938e+00
3.573791503906250000e+00
3.552772045135498047e+00
3.531901121139526367e+00
3.511252880096435547e+00
3.490750312805175781e+00
3.470615863800048828e+00
3.450550794601440430e+00
3.430702447891235352e+00
3.411069154739379883e+00
3.391799211502075195e+00
3.372593164443969727e+00
3.353747367858886719e+00
3.335036993026733398e+00
3.316683769226074219e+00
3.298537492752075195e+00
3.280670642852783203e+00
3.263007164001464844e+00
3.245619535446166992e+00
3.228505849838256836e+00
3.211664199829101562e+00
3.195018053054809570e+00
3.178639411926269531e+00
3.162600278854370117e+00
3.146749734878540039e+00
3.131233930587768555e+00
3.115901470184326172e+00
3.100898981094360352e+00
3.086074590682983398e+00
3.071723222732543945e+00
3.057396173477172852e+00
3.043462276458740234e+00
3.029844522476196289e+00
3.016391754150390625e+00
3.003175497055053711e+00
2.990267276763916016e+00
2.977664947509765625e+00
2.965291261672973633e+00
2.953144311904907227e+00
2.941296100616455078e+00
2.929595470428466797e+00
2.918264150619506836e+00
2.907151222229003906e+00
2.896255254745483398e+00
2.885574817657470703e+00
2.875257253646850586e+00
2.865078687667846680e+00
2.855187177658081055e+00
2.845582246780395508e+00
2.836189508438110352e+00
2.826934099197387695e+00
2.818040132522583008e+00
2.809284687042236328e+00
2.800817728042602539e+00
2.792565584182739258e+00
2.784530162811279297e+00
2.776713132858276367e+00
2.769190788269042969e+00
2.761816740036010742e+00
2.754668235778808594e+00
2.747673273086547852e+00
2.741058111190795898e+00
2.734603404998779297e+00
2.728386402130126953e+00
2.722411632537841797e+00
2.716607570648193359e+00
2.711202383041381836e+00
2.705902338027954102e+00
2.700786113739013672e+00
2.696007490158081055e+00
2.691273212432861328e+00
2.686959266662597656e+00
2.682847976684570312e+00
2.678869485855102539e+00
2.675177097320556641e+00
2.671626567840576172e+00
2.668371915817260742e+00
2.665342807769775391e+00
2.662543535232543945e+00
2.659904956817626953e+00
2.657579660415649414e+00
2.655422925949096680e+00
2.653439044952392578e+00
2.651780366897583008e+00
2.650301933288574219e+00
2.649007081985473633e+00
2.647973775863647461e+00
2.647056579589843750e+00
2.646332263946533203e+00
2.645803928375244141e+00
2.645622491836547852e+00
2.645567178726196289e+00
2.645566225051879883e+00
2.645843982696533203e+00
2.646253585815429688e+00
2.646870851516723633e+00
2.647622585296630859e+00
2.648584127426147461e+00
2.649682521820068359e+00
2.650843858718872070e+00
2.652217864990234375e+00
2.653656959533691406e+00
2.655235528945922852e+00
2.657028436660766602e+00
2.658813953399658203e+00
2.660666465759277344e+00
2.662661314010620117e+00
2.664873600006103516e+00
2.667080879211425781e+00
2.669284343719482422e+00
2.671633243560791016e+00
2.674054861068725586e+00
2.676476001739501953e+00
2.678972721099853516e+00
2.681546449661254883e+00
2.684199571609497070e+00
2.686859607696533203e+00
2.689529180526733398e+00
2.692210912704467773e+00
2.694907903671264648e+00
2.697623252868652344e+00
2.700360774993896484e+00
2.703123807907104492e+00
2.705842733383178711e+00
2.708670139312744141e+00
2.711387634277343750e+00
2.714223384857177734e+00
2.716959714889526367e+00
2.719676017761230469e+00
2.722378015518188477e+00
2.725146293640136719e+00
2.727837562561035156e+00
2.730532884597778320e+00
2.733164310455322266e+00
2.735960960388183594e+00
2.738558292388916016e+00
2.741185665130615234e+00
2.743849754333496094e+00
2.746483087539672852e+00
2.749017953872680664e+00
2.751684188842773438e+00
2.754190921783447266e+00
0.000000000000000000e+00
0.000000000000000000e+00
0.000000000000000000e+00
0.000000000000000000e+00
0.000000000000000000e+00
0.000000000000000000e+00
0.000000000000000000e+00
0.000000000000000000e+00
0.000000000000000000e+00
0.000000000000000000e+00
0.000000000000000000e+00
0.000000000000000000e+00
0.000000000000000000e+00
0.000000000000000000e+00
0.000000000000000000e+00
0.000000000000000000e+00
0.000000000000000000e+00
0.000000000000000000e+00
0.000000000000000000e+00
0.000000000000000000e+00
0.000000000000000000e+00
0.000000000000000000e+00
0.000000000000000000e+00
0.000000000000000000e+00
0.000000000000000000e+00
0.000000000000000000e+00
0.000000000000000000e+00
0.000000000000000000e+00
0.000000000000000000e+00
0.000000000000000000e+00
0.000000000000000000e+00
0.000000000000000000e+00
0.000000000000000000e+00
0.000000000000000000e+00
0.000000000000000000e+00
0.000000000000000000e+00
0.000000000000000000e+00
0.000000000000000000e+00
0.000000000000000000e+00
0.000000000000000000e+00
0.000000000000000000e+00
0.000000000000000000e+00
0.000000000000000000e+00
0.000000000000000000e+00
0.000000000000000000e+00
0.000000000000000000e+00
0.000000000000000000e+00
0.000000000000000000e+00
0.000000000000000000e+00
0.000000000000000000e+00
0.000000000000000000e+00
0.000000000000000000e+00
0.000000000000000000e+00
0.000000000000000000e+00
0.000000000000000000e+00
0.000000000000000000e+00
0.000000000000000000e+00
0.000000000000000000e+00
0.000000000000000000e+00
0.000000000000000000e+00
0.000000000000000000e+00
0.000000000000000000e+00
0.000000000000000000e+00
0.000000000000000000e+00
0.000000000000000000e+00
0.000000000000000000e+00
0.000000000000000000e+00
0.000000000000000000e+00
0.000000000000000000e+00
0.000000000000000000e+00
0.000000000000000000e+00
0.000000000000000000e+00
0.000000000000000000e+00
0.000000000000000000e+00
0.000000000000000000e+00
0.000000000000000000e+00
0.000000000000000000e+00
0.000000000000000000e+00
0.000000000000000000e+00
0.000000000000000000e+00
0.000000000000000000e+00
0.000000000000000000e+00
0.000000000000000000e+00
0.000000000000000000e+00
0.000000000000000000e+00
0.000000000000000000e+00
0.000000000000000000e+00
0.000000000000000000e+00
0.000000000000000000e+00
0.000000000000000000e+00
0.000000000000000000e+00
0.000000000000000000e+00
0.000000000000000000e+00
0.000000000000000000e+00
0.000000000000000000e+00
0.000000000000000000e+00
0.000000000000000000e+00
0.000000000000000000e+00
0.000000000000000000e+00
0.000000000000000000e+00
