# tt
1.713196166992187500e+03
1.618725463867187500e+03
1.525444213867187500e+03
1.453270874023437500e+03
1.401611328125000000e+03
1.366836181640625000e+03
1.344558105468750000e+03
1.331963012695312500e+03
1.326892944335937500e+03
1.326951904296875000e+03
1.332576049804687500e+03
1.341287475585937500e+03
1.351367065429687500e+03
1.363398193359375000e+03
1.378213012695312500e+03
1.395632812500000000e+03
1.414465576171875000e+03
1.435230102539062500e+03
1.455998657226562500e+03
1.477167846679687500e+03
1.499110107421875000e+03
1.521631591796875000e+03
1.544758544921875000e+03
1.568399902343750000e+03
1.592348876953125000e+03
1.616873168945312500e+03
1.641851562500000000e+03
1.667287353515625000e+03
1.693043334960937500e+03
1.719038085937500000e+03
1.745570556640625000e+03
1.772625244140625000e+03
1.799984008789062500e+03
1.827529296875000000e+03
1.855140991210937500e+03
1.882956542968750000e+03
1.911406250000000000e+03
1.940420043945312500e+03
1.969636108398437500e+03
1.999091796875000000e+03
2.028565917968750000e+03
2.058236328125000000e+03
2.087984130859375000e+03
2.118210693359375000e+03
2.148864990234375000e+03
2.179797607421875000e+03
2.210927001953125000e+03
2.242321289062500000e+03
2.274195800781250000e+03
2.306322021484375000e+03
2.338919677734375000e+03
2.371615722656250000e+03
2.404333984375000000e+03
2.437294921875000000e+03
2.470723388671875000e+03
2.504556640625000000e+03
2.538810546875000000e+03
2.573351806640625000e+03
2.608195556640625000e+03
2.643651367187500000e+03
2.679121826171875000e+03
2.714823486328125000e+03
2.751048095703125000e+03
2.787417236328125000e+03
2.824220703125000000e+03
2.861296142578125000e+03
2.898925781250000000e+03
2.936870849609375000e+03
2.975265136718750000e+03
3.013955078125000000e+03
3.052979248046875000e+03
3.092312255859375000e+03
3.132002197265625000e+03
3.172173339843750000e+03
3.212783447265625000e+03
3.253875976562500000e+03
3.295478027343750000e+03
3.337394531250000000e+03
3.379726074218750000e+03
3.422362548828125000e+03
3.465386230468750000e+03
3.508739990234375000e+03
3.552518066406250000e+03
3.596589111328125000e+03
3.641041503906250000e+03
3.686092041015625000e+03
3.731283203125000000e+03
3.776976074218750000e+03
3.823010742187500000e+03
3.869303710937500000e+03
3.916002197265625000e+03
3.963106689453125000e+03
4.010394531250000000e+03
4.058088867187500000e+03
4.105893554687500000e+03
4.154254394531250000e+03
4.202948730468750000e+03
4.251828613281250000e+03
4.301117187500000000e+03
4.350666992187500000e+03
4.400849121093750000e+03
4.451070312500000000e+03
4.501626953125000000e+03
4.552447265625000000e+03
4.603604003906250000e+03
4.654801269531250000e+03
4.706485351562500000e+03
4.758433593750000000e+03
4.810572753906250000e+03
4.862976074218750000e+03
4.915637207031250000e+03
4.968625000000000000e+03
5.021782714843750000e+03
5.075253906250000000e+03
5.128807128906250000e+03
5.182733886718750000e+03
5.236878906250000000e+03
5.291086425781250000e+03
5.345498046875000000e+03
5.399958496093750000e+03
5.454536132812500000e+03
5.509223632812500000e+03
5.564013671875000000e+03
5.618826171875000000e+03
5.673728515625000000e+03
5.728639160156250000e+03
5.783551269531250000e+03
5.838533203125000000e+03
5.893502929687500000e+03
5.948454589843750000e+03
6.003458007812500000e+03
6.058359375000000000e+03
6.113229492187500000e+03
6.168062988281250000e+03
6.222707031250000000e+03
6.277306152343750000e+03
6.331781738281250000e+03
6.385980468750000000e+03
6.440194824218750000e+03
6.494124023437500000e+03
6.547985351562500000e+03
6.601700683593750000e+03
6.655117675781250000e+03
6.708305175781250000e+03
6.761481933593750000e+03
6.814198242187500000e+03
6.866671875000000000e+03
6.918973144531250000e+03
6.970875000000000000e+03
7.022520019531250000e+03
7.073754882812500000e+03
7.124721191406250000e+03
7.175338378906250000e+03
7.225598144531250000e+03
7.275347656250000000e+03
7.324876953125000000e+03
7.373956542968750000e+03
7.422578613281250000e+03
7.470813476562500000e+03
7.518652832031250000e+03
7.566016601562500000e+03
7.613045898437500000e+03
7.659438964843750000e+03
7.705484863281250000e+03
7.751029296875000000e+03
7.796139648437500000e+03
7.840587402343750000e+03
7.884513671875000000e+03
7.927913085937500000e+03
7.970629882812500000e+03
8.012731933593750000e+03
8.054139648437500000e+03
8.094994628906250000e+03
8.135215820312500000e+03
8.174648437500000000e+03
8.213437500000000000e+03
8.251504882812500000e+03
8.288843750000000000e+03
8.325602539062500000e+03
8.361551757812500000e+03
8.396761718750000000e+03
8.431155273437500000e+03
8.464875000000000000e+03
8.497844726562500000e+03
8.529687500000000000e+03
8.561068359375000000e+03
8.591611328125000000e+03
8.621238281250000000e+03
8.650391601562500000e+03
8.678323242187500000e+03
8.705549804687500000e+03
8.731843750000000000e+03
8.757425781250000000e+03
8.782066406250000000e+03
8.805762695312500000e+03
8.828658203125000000e+03
8.850676757812500000e+03
8.871812500000000000e+03
8.892061523437500000e+03
8.911347656250000000e+03
8.929743164062500000e+03
8.947173828125000000e+03
8.963566406250000000e+03
8.979071289062500000e+03
8.993538085937500000e+03
9.007117187500000000e+03
9.019584960937500000e+03
9.031090820312500000e+03
9.041633789062500000e+03
9.051217773437500000e+03
9.059691406250000000e+03
9.067278320312500000e+03
9.073831054687500000e+03
9.079424804687500000e+03
9.083984375000000000e+03
9.087658203125000000e+03
9.090300781250000000e+03
9.091983398437500000e+03
9.092708984375000000e+03
9.092476562500000000e+03
9.091287109375000000e+03
9.088992187500000000e+03
9.085888671875000000e+03
9.081755859375000000e+03
9.076666015625000000e+03
9.070546875000000000e+03
9.063546875000000000e+03
9.055592773437500000e+03
9.046609375000000000e+03
9.036598632812500000e+03
9.025708007812500000e+03
9.013864257812500000e+03
9.000919921875000000e+03
8.987096679687500000e+03
8.972248046875000000e+03
8.956447265625000000e+03
8.939695312500000000e+03
8.922066406250000000e+03
8.903339843750000000e+03
8.883811523437500000e+03
8.863333984375000000e+03
8.841906250000000000e+03
8.819530273437500000e+03
8.796206054687500000e+03
8.772008789062500000e+03
8.746937500000000000e+03
8.720918945312500000e+03
8.694102539062500000e+03
8.666338867187500000e+03
8.637780273437500000e+03
8.608207031250000000e+03
8.577998046875000000e+03
8.546862304687500000e+03
8.514882812500000000e+03
8.482137695312500000e+03
8.448634765625000000e+03
8.414306640625000000e+03
8.379233398437500000e+03
8.343497070312500000e+03
8.306953125000000000e+03
8.269611328125000000e+03
8.231847656250000000e+03
8.193222656250000000e+03
8.153819335937500000e+03
8.113864746093750000e+03
8.073143066406250000e+03
8.031810058593750000e+03
7.989722656250000000e+03
7.947184570312500000e+03
7.903979980468750000e+03
7.860338378906250000e+03
7.816041992187500000e+03
7.771248046875000000e+03
7.725885742187500000e+03
7.680112304687500000e+03
7.633710937500000000e+03
7.586910156250000000e+03
7.539641601562500000e+03
7.491912597656250000e+03
7.443878417968750000e+03
7.395246582031250000e+03
7.346322265625000000e+03
7.297037597656250000e+03
7.247396972656250000e+03
7.197333984375000000e+03
7.146928710937500000e+03
7.096262207031250000e+03
7.045266113281250000e+03
6.994020996093750000e+03
6.942532226562500000e+03
6.890510742187500000e+03
6.838556152343750000e+03
6.786229003906250000e+03
6.733907226562500000e+03
6.681225585937500000e+03
6.628413574218750000e+03
6.575327636718750000e+03
6.522198242187500000e+03
6.468882324218750000e+03
6.415460937500000000e+03
6.362013671875000000e+03
6.308471679687500000e+03
6.254840820312500000e+03
6.201200195312500000e+03
6.147481445312500000e+03
6.093765136718750000e+03
6.040055664062500000e+03
5.986432617187500000e+03
5.932754394531250000e+03
5.879173828125000000e+03
5.825696777343750000e+03
5.772254394531250000e+03
5.718926757812500000e+03
5.665719238281250000e+03
5.612636718750000000e+03
5.559685058593750000e+03
5.506870605468750000e+03
5.454271484375000000e+03
5.401894531250000000e+03
5.349669921875000000e+03
5.297678222656250000e+03
5.245923828125000000e+03
5.194413085937500000e+03
5.143225585937500000e+03
5.092218261718750000e+03
5.041544433593750000e+03
4.991209472656250000e+03
4.941145507812500000e+03
4.891431152343750000e+03
4.842146484375000000e+03
4.793148925781250000e+03
4.744517089843750000e+03
4.696330566406250000e+03
4.648446777343750000e+03
4.601019531250000000e+03
4.554053710937500000e+03
4.507480468750000000e+03
4.461454589843750000e+03
4.415831542968750000e+03
4.370616699218750000e+03
4.325965332031250000e+03
4.281806640625000000e+03
4.238221191406250000e+03
4.195065917968750000e+03
4.152493652343750000e+03
4.110436523437500000e+03
4.068972900390625000e+03
4.028034667968750000e+03
3.987701416015625000e+03
3.948125488281250000e+03
3.908937255859375000e+03
3.870433349609375000e+03
3.832466308593750000e+03
3.795184326171875000e+03
3.758513916015625000e+03
3.722454345703125000e+03
3.687081787109375000e+03
3.652246582031250000e+03
3.618098388671875000e+03
3.584562500000000000e+03
3.551714111328125000e+03
3.519479003906250000e+03
3.487931884765625000e+03
3.456998779296875000e+03
3.426754638671875000e+03
3.397199218750000000e+03
3.368184326171875000e+03
3.340007812500000000e+03
3.312447021484375000e+03
3.285502441406250000e+03
3.259248779296875000e+03
3.233686279296875000e+03
3.208815185546875000e+03
3.184562011718750000e+03
3.161075439453125000e+03
3.138281738281250000e+03
3.116107177734375000e+03
3.094626220703125000e+03
3.073913818359375000e+03
3.053821777343750000e+03
3.034350585937500000e+03
3.015649169921875000e+03
2.997718261718750000e+03
2.980335449218750000e+03
2.963723876953125000e+03
2.947735595703125000e+03
2.932445312500000000e+03
2.917853759765625000e+03
2.903960937500000000e+03
2.890767822265625000e+03
2.878200927734375000e+03
2.866408691406250000e+03
2.855243164062500000e+03
2.844705322265625000e+03
2.834943847656250000e+03
2.825736816406250000e+03
2.817307373046875000e+03
2.809507080078125000e+03
2.802337402343750000e+03
2.795871582031250000e+03
2.790107177734375000e+03
2.784965087890625000e+03
2.780441406250000000e+03
2.776606933593750000e+03
2.773308593750000000e+03
2.770690917968750000e+03
2.768676025390625000e+03
2.767333984375000000e+03
2.766511962890625000e+03
2.766354980468750000e+03
2.766710449218750000e+03
2.767648193359375000e+03
2.769090576171875000e+03
2.771181884765625000e+03
2.773769531250000000e+03
2.776849365234375000e+03
2.780492431640625000e+03
2.784694335937500000e+03
2.789376953125000000e+03
2.794610595703125000e+03
2.800317382812500000e+03
2.806418457031250000e+03
2.812985107421875000e+03
2.820087158203125000e+03
2.827646728515625000e+03
2.835585693359375000e+03
2.843974121093750000e+03
2.852734619140625000e+03
2.862011474609375000e+03
2.871652587890625000e+03
2.881579589843750000e+03
2.892011962890625000e+03
2.902722900390625000e+03
2.913782714843750000e+03
2.925262451171875000e+03
2.937084228515625000e+03
2.949169433593750000e+03
2.961663574218750000e+03
2.974414062500000000e+03
2.987491455078125000e+03
3.000744140625000000e+03
3.014390625000000000e+03
3.028279296875000000e+03
3.042406250000000000e+03
3.056693603515625000e+03
3.071286621093750000e+03
3.086032958984375000e+03
3.101077636718750000e+03
3.116343017578125000e+03
3.131750976562500000e+03
3.147297851562500000e+03
3.163128417968750000e+03
3.179016113281250000e+03
3.195031494140625000e+03
3.211319580078125000e+03
3.227578857421875000e+03
3.244029052734375000e+03
3.260591552734375000e+03
3.277263427734375000e+03
3.293965820312500000e+03
3.310769531250000000e+03
3.327597167968750000e+03
3.344444091796875000e+03
3.361306884765625000e+03
3.378256347656250000e+03
3.395288574218750000e+03
3.412251220703125000e+03
3.429214843750000000e+03
3.446250000000000000e+03
3.463055908203125000e+03
3.480000244140625000e+03
3.496856201171875000e+03
3.513694335937500000e+03
3.530511474609375000e+03
3.547154541015625000e+03
3.563694580078125000e+03
3.580201904296875000e+03
3.596598632812500000e+03
3.612881347656250000e+03
3.629045410156250000e+03
3.645162109375000000e+03
3.661004638671875000e+03
3.676643066406250000e+03
3.692297119140625000e+03
3.707740234375000000e+03
3.722968261718750000e+03
3.737977783203125000e+03
3.752838867187500000e+03
3.767548095703125000e+03
3.781879150390625000e+03
3.796125244140625000e+03
3.810133544921875000e+03
3.823900634765625000e+03
3.837348876953125000e+03
3.850548339843750000e+03
3.863495361328125000e+03
3.876186035156250000e+03
3.888691406250000000e+03
3.900858642578125000e+03
3.912611083984375000e+03
3.924244628906250000e+03
3.935461914062500000e+03
3.946338623046875000e+03
3.957096435546875000e+03
3.967364501953125000e+03
3.977440429687500000e+03
3.987101074218750000e+03
3.996494628906250000e+03
4.005473388671875000e+03
4.014260253906250000e+03
4.022631835937500000e+03
4.030737060546875000e+03
4.038502197265625000e+03
4.045927001953125000e+03
4.053010986328125000e+03
4.059680419921875000e+03
4.066083740234375000e+03
4.072221435546875000e+03
4.077944580078125000e+03
4.083253173828125000e+03
4.088221923828125000e+03
4.092924560546875000e+03
4.097287109375000000e+03
4.101161132812500000e+03
4.104769042968750000e+03
4.108185058593750000e+03
4.111112304687500000e+03
4.113699707031250000e+03
4.115872070312500000e+03
4.117926757812500000e+03
4.119417968750000000e+03
4.120568359375000000e+03
4.121377929687500000e+03
4.121846679687500000e+03
4.121974609375000000e+03
4.121834960937500000e+03
4.121205566406250000e+03
4.120309082031250000e+03
4.119070312500000000e+03
4.117414550781250000e+03
4.115491699218750000e+03
4.113151367187500000e+03
4.110542480468750000e+03
4.107516113281250000e+03
4.104220703125000000e+03
4.100507324218750000e+03
4.096523437500000000e+03
4.092196044921875000e+03
4.087523193359375000e+03
4.082580322265625000e+03
4.077220214843750000e+03
4.071594970703125000e+03
4.065632080078125000e+03
4.059334716796875000e+03
4.052705322265625000e+03
4.045820556640625000e+03
4.038608642578125000e+03
4.031072509765625000e+03
4.023363037109375000e+03
4.015186035156250000e+03
4.006914794921875000e+03
3.998329589843750000e+03
3.989506835937500000e+03
3.980374755859375000e+03
3.971010253906250000e+03
3.961416259765625000e+03
3.951594482421875000e+03
3.941473876953125000e+03
3.931204833984375000e+03
3.920641357421875000e+03
3.909860839843750000e+03
3.898939208984375000e+03
3.887805175781250000e+03
3.876461181640625000e+03
3.864983642578125000e+03
3.853226318359375000e+03
3.841340576171875000e+03
3.829329345703125000e+03
3.817193603515625000e+03
3.804714111328125000e+03
3.792189697265625000e+03
3.779548828125000000e+03
3.766794189453125000e+03
3.753927246093750000e+03
3.740876953125000000e+03
3.727793945312500000e+03
3.714531738281250000e+03
3.701167724609375000e+03
3.687702880859375000e+03
3.674215087890625000e+03
3.660632080078125000e+03
3.646955810546875000e+03
3.633114501953125000e+03
3.619258544921875000e+03
3.605465576171875000e+03
3.591588378906250000e+03
3.577852294921875000e+03
3.563962646484375000e+03
3.549995605468750000e+03
3.536027587890625000e+03
3.522061279296875000e+03
3.508023925781250000e+03
3.494140625000000000e+03
3.480191162109375000e+03
3.466325927734375000e+03
3.452249267578125000e+03
3.438409912109375000e+03
3.424660888671875000e+03
3.410855712890625000e+03
3.397144775390625000e+03
3.383530761718750000e+03
3.369866699218750000e+03
3.356377685546875000e+03
3.342916992187500000e+03
3.329560791015625000e+03
3.316385986328125000e+03
3.303245361328125000e+03
3.290141357421875000e+03
3.277298583984375000e+03
3.264422363281250000e+03
3.251737060546875000e+03
3.239244873046875000e+03
3.226799316406250000e+03
3.214476562500000000e+03
3.202353027343750000e+03
3.190430664062500000e+03
3.178637207031250000e+03
3.167049072265625000e+03
3.155519531250000000e+03
3.144199218750000000e+03
3.133164550781250000e+03
3.122194580078125000e+03
3.111514404296875000e+03
3.101051757812500000e+03
3.090659912109375000e+03
3.080563964843750000e+03
3.070691650390625000e+03
3.061045166015625000e+03
3.051626464843750000e+03
3.042437744140625000e+03
3.033406738281250000e+03
3.024684082031250000e+03
3.016272216796875000e+03
3.008024414062500000e+03
3.000017089843750000e+03
2.992401123046875000e+03
2.984881347656250000e+03
2.977757324218750000e+03
2.970882812500000000e+03
2.964258789062500000e+03
2.957885742187500000e+03
2.951911621093750000e+03
2.946112792968750000e+03
2.940562988281250000e+03
2.935410156250000000e+03
2.930505371093750000e+03
2.925773437500000000e+03
2.921511474609375000e+03
2.917495605468750000e+03
2.913725585937500000e+03
2.910274902343750000e+03
2.907069091796875000e+03
2.904181640625000000e+03
2.901537841796875000e+03
2.899211669921875000e+03
2.897202636718750000e+03
2.895361328125000000e+03
2.893985107421875000e+03
2.892775390625000000e+03
2.891955566406250000e+03
2.891301757812500000e+03
2.891036376953125000e+03
2.891010742187500000e+03
2.891298339843750000e+03
2.891824951171875000e+03
2.892664306640625000e+03
2.893815429687500000e+03
2.895204589843750000e+03
2.896979492187500000e+03
2.898991210937500000e+03
2.901239257812500000e+03
2.903872070312500000e+03
2.906666503906250000e+03
2.909696533203125000e+03
2.913035888671875000e+03
2.916758789062500000e+03
2.920641845703125000e+03
2.924833496093750000e+03
2.929259521484375000e+03
2.933993408203125000e+03
2.938960937500000000e+03
2.944236328125000000e+03
2.949670166015625000e+03
2.955486083984375000e+03
2.961534423828125000e+03
2.967815429687500000e+03
2.974329101562500000e+03
2.981074951171875000e+03
2.988127441406250000e+03
2.995411621093750000e+03
3.002925537109375000e+03
3.010666748046875000e+03
3.018632812500000000e+03
3.026747314453125000e+03
3.035156250000000000e+03
3.043708984375000000e+03
3.052625732421875000e+03
3.061607177734375000e+03
3.070874023437500000e+03
3.080275390625000000e+03
3.089883056640625000e+03
3.099769287109375000e+03
3.109634521484375000e+03
3.119774414062500000e+03
3.130111572265625000e+03
3.140569824218750000e+03
3.151147216796875000e+03
3.161915771484375000e+03
3.172724853515625000e+03
3.183869628906250000e+03
3.194975830078125000e+03
3.206265136718750000e+03
3.217660888671875000e+03
3.229160644531250000e+03
3.240836914062500000e+03
3.252539306640625000e+03
3.264339599609375000e+03
3.276236328125000000e+03
3.288152587890625000e+03
3.300309570312500000e+03
3.312408447265625000e+03
3.324669433593750000e+03
3.336942382812500000e+03
3.349299316406250000e+03
3.361589843750000000e+03
3.374035156250000000e+03
3.386409912109375000e+03
3.398861083984375000e+03
3.411312500000000000e+03
3.423836181640625000e+03
3.436356445312500000e+03
3.448870849609375000e+03
3.461451660156250000e+03
3.473948974609375000e+03
3.486360595703125000e+03
3.498758544921875000e+03
3.511216064453125000e+03
3.523656005859375000e+03
3.536002929687500000e+03
3.548328613281250000e+03
3.560632080078125000e+03
3.572836669921875000e+03
3.584941162109375000e+03
3.597093017578125000e+03
3.608992187500000000e+03
3.621009765625000000e+03
3.632771728515625000e+03
3.644574218750000000e+03
3.656192626953125000e+03
3.667699462890625000e+03
3.679241943359375000e+03
3.690520751953125000e+03
3.701758056640625000e+03
3.712802978515625000e+03
3.723802490234375000e+03
3.734606933593750000e+03
3.745288330078125000e+03
3.755845703125000000e+03
3.766202880859375000e+03
3.776432373046875000e+03
3.786458740234375000e+03
3.796354492187500000e+03
3.806043945312500000e+03
3.815673583984375000e+03
3.824945068359375000e+03
3.834079589843750000e+03
3.843224121093750000e+03
3.851931396484375000e+03
3.860496826171875000e+03
3.868918945312500000e+03
3.877047363281250000e+03
3.885029785156250000e+03
3.892789550781250000e+03
3.900250976562500000e+03
3.907561523437500000e+03
3.914570556640625000e+03
3.921350585937500000e+03
3.927899902343750000e+03
3.934292236328125000e+03
3.940375732421875000e+03
3.946224853515625000e+03
3.951762207031250000e+03
3.956986816406250000e+03
3.961970947265625000e+03
3.966862548828125000e+03
3.971287109375000000e+03
3.975466796875000000e+03
3.979399658203125000e+03
3.983083251953125000e+03
3.986443115234375000e+03
3.989404541015625000e+03
3.992265625000000000e+03
3.994729736328125000e+03
3.997020263671875000e+03
3.998915039062500000e+03
4.000488769531250000e+03
4.001741943359375000e+03
4.002824218750000000e+03
4.003512695312500000e+03
4.003882324218750000e+03
4.004008300781250000e+03
4.003815917968750000e+03
4.003455322265625000e+03
4.002703369140625000e+03
4.001561279296875000e+03
4.000176757812500000e+03
3.998625732421875000e+03
3.996685302734375000e+03
3.994504882812500000e+03
3.991935302734375000e+03
3.989126220703125000e+03
3.986002929687500000e+03
3.982492431640625000e+03
3.978817871093750000e+03
3.974755859375000000e+03
3.970381591796875000e+03
3.965843994140625000e+03
3.960919921875000000e+03
3.955758789062500000e+03
3.950285888671875000e+03
3.944501708984375000e+03
3.938481201171875000e+03
3.932075195312500000e+03
3.925507324218750000e+03
3.918480224609375000e+03
3.911291503906250000e+03
3.903792480468750000e+03
3.895908935546875000e+03
3.887864257812500000e+03
3.879509277343750000e+03
3.870844238281250000e+03
3.861943847656250000e+03
3.852659423828125000e+03
3.843213867187500000e+03
3.833532714843750000e+03
3.823615966796875000e+03
3.813389892578125000e+03
3.802779296875000000e+03
3.792082031250000000e+03
3.781000488281250000e+03
3.769685791015625000e+03
3.758139648437500000e+03
3.746289550781250000e+03
3.734137451171875000e+03
3.721908691406250000e+03
3.709307617187500000e+03
3.696485351562500000e+03
3.683443359375000000e+03
3.670258300781250000e+03
3.656782958984375000e+03
3.643093750000000000e+03
3.629193115234375000e+03
3.615082031250000000e+03
3.600614501953125000e+03
3.586312011718750000e+03
3.571582031250000000e+03
3.556723876953125000e+03
3.541664794921875000e+03
3.526406494140625000e+03
3.511025878906250000e+03
3.495449462890625000e+03
3.479678955078125000e+03
3.463791015625000000e+03
3.447712646484375000e+03
3.431445800781250000e+03
3.415215087890625000e+03
3.398650390625000000e+03
3.382050781250000000e+03
3.365343505859375000e+03
3.348455810546875000e+03
3.331463867187500000e+03
3.314443603515625000e+03
3.297173583984375000e+03
3.279803955078125000e+03
3.262410888671875000e+03
3.244846923828125000e+03
3.227336669921875000e+03
3.209510253906250000e+03
3.191740722656250000e+03
3.173955078125000000e+03
3.156080810546875000e+03
3.138045166015625000e+03
3.120072265625000000e+03
3.101941162109375000e+03
3.083801513671875000e+03
3.065580566406250000e+03
3.047428466796875000e+03
3.029198242187500000e+03
3.010891113281250000e+03
2.992657226562500000e+03
2.974349365234375000e+03
2.955894287109375000e+03
2.937664794921875000e+03
2.919290771484375000e+03
2.900921630859375000e+03
2.882633544921875000e+03
2.864427246093750000e+03
2.846155273437500000e+03
2.827819580078125000e+03
2.809569091796875000e+03
2.791331542968750000e+03
2.772884521484375000e+03
2.754824218750000000e+03
2.736631591796875000e+03
2.718604980468750000e+03
2.700522949218750000e+03
2.682609619140625000e+03
2.664717285156250000e+03
2.646847656250000000e+03
2.629150390625000000e+03
2.611403808593750000e+03
2.593757568359375000e+03
2.576213378906250000e+03
2.558846679687500000e+03
2.541435302734375000e+03
2.524204345703125000e+03
2.507080078125000000e+03
2.489989746093750000e+03
2.473083007812500000e+03
2.456213134765625000e+03
2.439529296875000000e+03
2.422958984375000000e+03
2.406503417968750000e+03
2.390163574218750000e+03
2.374015625000000000e+03
2.357911865234375000e+03
2.342002441406250000e+03
2.326288574218750000e+03
2.310622802734375000e+03
2.295155517578125000e+03
2.279813476562500000e+03
2.264746826171875000e+03
2.249808349609375000e+03
2.234999023437500000e+03
2.220395019531250000e+03
2.205923095703125000e+03
2.191510498046875000e+03
2.177455566406250000e+03
2.163537109375000000e+03
2.149830566406250000e+03
2.136335693359375000e+03
2.122977783203125000e+03
2.109831298828125000e+03
2.096820800781250000e+03
2.084020263671875000e+03
2.071504394531250000e+03
2.059049560546875000e+03
2.046952514648437500e+03
2.034990112304687500e+03
2.023162353515625000e+03
2.011617187500000000e+03
2.000280273437500000e+03
1.989151367187500000e+03
1.978155517578125000e+03
1.967441772460937500e+03
1.956860717773437500e+03
1.946486938476562500e+03
1.936394165039062500e+03
1.926508178710937500e+03
1.916754394531250000e+03
1.907207031250000000e+03
1.897865966796875000e+03
1.888805297851562500e+03
1.879950805664062500e+03
1.871302246093750000e+03
1.862859741210937500e+03
1.854548706054687500e+03
1.846592163085937500e+03
1.838767089843750000e+03
1.831148071289062500e+03
1.823734619140625000e+03
1.816601806640625000e+03
1.809600463867187500e+03
1.802879394531250000e+03
1.796290283203125000e+03
1.789907470703125000e+03
1.783805297851562500e+03
1.777909423828125000e+03
1.772220581054687500e+03
1.766738281250000000e+03
1.761463134765625000e+03
1.756321044921875000e+03
1.751460571289062500e+03
1.746882202148437500e+03
1.742437377929687500e+03
1.738200683593750000e+03
1.734172607421875000e+03
1.730353393554687500e+03
1.726743164062500000e+03
1.723342163085937500e+03
1.720075195312500000e+03
1.717089599609375000e+03
1.714309814453125000e+03
1.711809326171875000e+03
1.709438232421875000e+03
1.707195434570312500e+03
1.704931152343750000e+03
1.703090332031250000e+03
1.701448974609375000e+03
1.699931396484375000e+03
1.698611328125000000e+03
1.697487426757812500e+03
1.696558837890625000e+03
1.695675659179687500e+03
1.695060180664062500e+03
1.694636840820312500e+03
1.694330566406250000e+03
1.694140380859375000e+03
1.694213623046875000e+03
1.694401000976562500e+03
1.694701660156250000e+03
1.695188842773437500e+03
1.695787231445312500e+03
1.696496215820312500e+03
1.697611816406250000e+03
1.698613281250000000e+03
1.699722412109375000e+03
1.701012695312500000e+03
1.702409179687500000e+03
1.703762329101562500e+03
1.705442626953125000e+03
1.707152221679687500e+03
1.709113159179687500e+03
1.711101928710937500e+03
1.713191650390625000e+03
1.715381713867187500e+03
1.717745849609375000e+03
1.720208740234375000e+03
1.722621093750000000e+03
1.725279418945312500e+03
1.727959960937500000e+03
1.730736328125000000e+03
1.733682373046875000e+03
1.736573974609375000e+03
1.739634033203125000e+03
1.742786743164062500e+03
1.745883544921875000e+03
1.749145996093750000e+03
1.752425537109375000e+03
1.755795288085937500e+03
1.759254394531250000e+03
1.762653686523437500e+03
1.766140991210937500e+03
1.769640747070312500e+03
1.773226684570312500e+03
1.776897949218750000e+03
1.780728149414062500e+03
1.784493530273437500e+03
1.788267333984375000e+03
1.792048828125000000e+03
1.795911743164062500e+03
1.799632202148437500e+03
1.803506713867187500e+03
1.807385864257812500e+03
1.811194335937500000e+03
1.815154663085937500e+03
1.819042724609375000e+03
1.822932495117187500e+03
1.826897216796875000e+03
1.830713012695312500e+03
1.834602416992187500e+03
1.838564331054687500e+03
1.842375122070312500e+03
1.846257202148437500e+03
1.850060791015625000e+03
1.853933837890625000e+03
1.857652587890625000e+03
1.861364990234375000e+03
1.865144409179687500e+03
1.868766967773437500e+03
1.872380981445312500e+03
1.875985107421875000e+03
1.879578613281250000e+03
1.883086669921875000e+03
1.886582275390625000e+03
1.889990600585937500e+03
1.893310668945312500e+03
1.896615844726562500e+03
1.899831054687500000e+03
1.903029785156250000e+03
1.906211059570312500e+03
1.909225219726562500e+03
1.912071533203125000e+03
1.915046142578125000e+03
1.917851196289062500e+03
1.920559814453125000e+03
1.923245239257812500e+03
1.925832275390625000e+03
1.928320312500000000e+03
1.930708129882812500e+03
1.933144409179687500e+03
1.935332397460937500e+03
1.937494873046875000e+03
1.939484008789062500e+03
1.941447998046875000e+03
1.943312988281250000e+03
1.945079345703125000e+03
1.946672363281250000e+03
1.948241455078125000e+03
1.949637573242187500e+03
1.951084228515625000e+03
1.952283935546875000e+03
1.953385742187500000e+03
1.954463867187500000e+03
1.955444213867187500e+03
1.956252319335937500e+03
1.956962646484375000e+03
1.957649658203125000e+03
1.958164916992187500e+03
1.958582153320312500e+03
1.958902099609375000e+03
1.959049926757812500e+03
1.959174560546875000e+03
1.959127075195312500e+03
1.958982055664062500e+03
1.958739135742187500e+03
1.958398559570312500e+03
1.957960083007812500e+03
1.957275146484375000e+03
1.956640747070312500e+03
1.955833862304687500e+03
1.954854492187500000e+03
1.953850952148437500e+03
1.952674682617187500e+03
1.951399536132812500e+03
1.950025756835937500e+03
1.948552612304687500e+03
1.946980590820312500e+03
1.945234375000000000e+03
1.943388793945312500e+03
1.941443237304687500e+03
1.939397460937500000e+03
1.937102661132812500e+03
1.934855712890625000e+03
1.932433227539062500e+03
1.929909667968750000e+03
1.927210083007812500e+03
1.924482788085937500e+03
1.921578735351562500e+03
1.918646362304687500e+03
1.915463623046875000e+03
1.912328125000000000e+03
1.909018188476562500e+03
1.905608642578125000e+03
1.902025512695312500e+03
1.898344482421875000e+03
1.894640136718750000e+03
1.890839111328125000e+03
1.886793212890625000e+03
1.882800781250000000e+03
1.878638916015625000e+03
1.874383178710937500e+03
1.870107910156250000e+03
1.865665527343750000e+03
1.861056396484375000e+03
1.856504394531250000e+03
1.851786499023437500e+03
1.847052490234375000e+03
1.842228515625000000e+03
1.837240356445312500e+03
1.832237670898437500e+03
1.827146362304687500e+03
1.821967041015625000e+03
1.816700195312500000e+03
1.811271728515625000e+03
1.805905395507812500e+03
1.800378662109375000e+03
1.794914672851562500e+03
1.789291015625000000e+03
1.783656982421875000e+03
1.777864135742187500e+03
1.772061279296875000e+03
1.766174804687500000e+03
1.760279418945312500e+03
1.754301147460937500e+03
1.748314819335937500e+03
1.742245971679687500e+03
1.736095703125000000e+03
1.729937988281250000e+03
1.723699340820312500e+03
1.717454101562500000e+03
1.711128417968750000e+03
1.704796997070312500e+03
1.698460083007812500e+03
1.691969360351562500e+03
1.685548217773437500e+03
1.679048095703125000e+03
1.672543701171875000e+03
1.665961181640625000e+03
1.659449218750000000e+03
1.652785644531250000e+03
1.646193481445312500e+03
1.639524780273437500e+03
1.632854248046875000e+03
1.626182128906250000e+03
1.619583496093750000e+03
1.612909912109375000e+03
1.606161865234375000e+03
1.599488403320312500e+03
1.592741455078125000e+03
1.586069824218750000e+03
1.579325561523437500e+03
1.572657348632812500e+03
1.565991821289062500e+03
1.559328857421875000e+03
1.552520629882812500e+03
1.545864379882812500e+03
1.539138183593750000e+03
1.532490600585937500e+03
1.525847900390625000e+03
1.519210327148437500e+03
1.512578735351562500e+03
1.505953002929687500e+03
1.499408081054687500e+03
1.492870117187500000e+03
1.486413818359375000e+03
1.479890991210937500e+03
1.473450561523437500e+03
1.466870117187500000e+03
1.460447265625000000e+03
1.454033813476562500e+03
1.447778930664062500e+03
1.441459960937500000e+03
1.435448852539062500e+03
1.429300415039062500e+03
1.423163574218750000e+03
1.417113037109375000e+03
1.411074951171875000e+03
1.405049926757812500e+03
1.399186889648437500e+03
1.393263427734375000e+03
1.387428588867187500e+03
1.381682861328125000e+03
1.376026855468750000e+03
1.370386718750000000e+03
1.364762817382812500e+03
1.359230102539062500e+03
1.353789062500000000e+03
1.348440185546875000e+03
1.343109619140625000e+03
1.337945678710937500e+03
1.332725463867187500e+03
1.327597045898437500e+03
1.322560424804687500e+03
1.317689453125000000e+03
1.312835205078125000e+03
1.307997924804687500e+03
1.303251098632812500e+03
1.298594970703125000e+03
1.294029052734375000e+03
1.289553344726562500e+03
1.285167724609375000e+03
1.280797607421875000e+03
1.276591552734375000e+03
1.272400756835937500e+03
1.268299438476562500e+03
1.264294921875000000e+03
1.260387084960937500e+03
1.256538574218750000e+03
1.252786743164062500e+03
1.249101684570312500e+03
1.245483276367187500e+03
1.241961425781250000e+03
1.238520996093750000e+03
1.235154541015625000e+03
1.231877319335937500e+03
1.228681518554687500e+03
1.225574707031250000e+03
1.222556884765625000e+03
1.219620727539062500e+03
1.216773925781250000e+03
1.214008789062500000e+03
1.211333007812500000e+03
1.208731811523437500e+03
1.206220214843750000e+03
1.203798217773437500e+03
1.201466064453125000e+03
1.199216552734375000e+03
1.197049560546875000e+03
1.194972900390625000e+03
1.192979370117187500e+03
1.191069091796875000e+03
1.189257080078125000e+03
1.187521362304687500e+03
1.185869506835937500e+03
1.184309204101562500e+03
1.182833251953125000e+03
1.181434692382812500e+03
1.180135742187500000e+03
1.178921997070312500e+03
1.177785400390625000e+03
1.176732910156250000e+03
1.175763916015625000e+03
1.174877929687500000e+03
1.174059692382812500e+03
1.173338134765625000e+03
1.172690673828125000e+03
1.172109252929687500e+03
1.171615966796875000e+03
1.171187622070312500e+03
1.170861206054687500e+03
1.170584228515625000e+03
1.170385864257812500e+03
1.170250976562500000e+03
1.170193969726562500e+03
1.170206787109375000e+03
1.170274536132812500e+03
1.170411499023437500e+03
1.170609985351562500e+03
1.170869384765625000e+03
1.171197021484375000e+03
1.171585083007812500e+03
1.172033325195312500e+03
1.172533813476562500e+03
1.173101318359375000e+03
1.173705566406250000e+03
1.174383666992187500e+03
1.175105468750000000e+03
1.175878173828125000e+03
1.176709106445312500e+03
1.177575561523437500e+03
1.178499633789062500e+03
1.179466308593750000e+03
1.180475219726562500e+03
1.181533813476562500e+03
1.182634277343750000e+03
1.183769042968750000e+03
1.184952880859375000e+03
1.186170532226562500e+03
1.187422119140625000e+03
1.188707397460937500e+03
1.190033569335937500e+03
1.191393066406250000e+03
1.192770874023437500e+03
1.194189208984375000e+03
1.195640502929687500e+03
1.197109863281250000e+03
1.198619384765625000e+03
1.200139160156250000e+03
1.201691406250000000e+03
1.203253662109375000e+03
1.204848022460937500e+03
1.206451782226562500e+03
1.208087036132812500e+03
1.209738769531250000e+03
1.211399169921875000e+03
1.213060791015625000e+03
1.214738037109375000e+03
1.216408569335937500e+03
1.218109008789062500e+03
1.219794921875000000e+03
1.221495605468750000e+03
1.223173706054687500e+03
1.224940307617187500e+03
1.226632080078125000e+03
1.228322753906250000e+03
1.230086547851562500e+03
1.231774536132812500e+03
1.233460815429687500e+03
1.235145263671875000e+03
1.236827636718750000e+03
1.238507568359375000e+03
1.240184936523437500e+03
1.241859375000000000e+03
1.243530761718750000e+03
1.245198852539062500e+03
1.246863281250000000e+03
1.248449584960937500e+03
1.250031860351562500e+03
1.251609741210937500e+03
1.253034423828125000e+03
1.254602905273437500e+03
1.256017578125000000e+03
1.257427001953125000e+03
1.258830566406250000e+03
1.260153930664062500e+03
1.261619750976562500e+03
1.262930297851562500e+03
1.264159912109375000e+03
1.265456665039062500e+03
1.266671752929687500e+03
1.267879150390625000e+03
1.269004150390625000e+03
1.270120849609375000e+03
1.271229003906250000e+03
1.272253784179687500e+03
1.273195068359375000e+03
1.274126708984375000e+03
1.275048339843750000e+03
1.275885498046875000e+03
1.276712524414062500e+03
1.277455566406250000e+03
1.278114379882812500e+03
1.278838256835937500e+03
1.279404174804687500e+03
1.279886718750000000e+03
1.280509155273437500e+03
1.280899780273437500e+03
1.281356323242187500e+03
1.281729980468750000e+03
1.282021362304687500e+03
1.282156005859375000e+03
1.282356933593750000e+03
1.282475708007812500e+03
1.282586914062500000e+03
1.282541870117187500e+03
1.282489379882812500e+03
1.282355224609375000e+03
1.282213745117187500e+03
1.281990600585937500e+03
1.281760498046875000e+03
1.281374389648437500e+03
1.281055664062500000e+03
1.280581298828125000e+03
1.280025512695312500e+03
1.279537109375000000e+03
1.278892944335937500e+03
1.278167602539062500e+03
1.277435058593750000e+03
1.276621215820312500e+03
1.275725708007812500e+03
1.274897583007812500e+03
1.273913452148437500e+03
1.272847534179687500e+03
1.271774291992187500e+03
1.270544799804687500e+03
1.269307617187500000e+03
1.267988281250000000e+03
1.266661132812500000e+03
1.265251464843750000e+03
1.263759155273437500e+03
1.262184082031250000e+03
1.260600463867187500e+03
1.258859252929687500e+03
1.257183471679687500e+03
1.255275268554687500e+03
1.253432006835937500e+03
1.251504516601562500e+03
1.249492919921875000e+03
1.247470825195312500e+03
1.245290283203125000e+03
1.243100341796875000e+03
1.240901123046875000e+03
1.238618774414062500e+03
1.236253662109375000e+03
1.233731689453125000e+03
1.231276367187500000e+03
1.228739257812500000e+03
1.226120605468750000e+03
1.223494995117187500e+03
1.220788574218750000e+03
1.217927124023437500e+03
1.215134033203125000e+03
1.212186523437500000e+03
1.209307617187500000e+03
1.206274780273437500e+03
1.203237060546875000e+03
1.200194213867187500e+03
1.196923828125000000e+03
1.193797729492187500e+03
1.190592895507812500e+03
1.187309692382812500e+03
1.183873901367187500e+03
1.180508789062500000e+03
1.177065795898437500e+03
1.173619262695312500e+03
1.170095214843750000e+03
1.166567993164062500e+03
1.162963500976562500e+03
1.159289184570312500e+03
1.155619384765625000e+03
1.151887573242187500e+03
1.148145751953125000e+03
1.144342041015625000e+03
1.140498657226562500e+03
1.136615844726562500e+03
1.132715942382812500e+03
1.128754516601562500e+03
1.124768554687500000e+03
1.120750854492187500e+03
1.116708862304687500e+03
1.112627807617187500e+03
1.108515014648437500e+03
1.104378051757812500e+03
1.100209472656250000e+03
1.096009399414062500e+03
1.091792602539062500e+03
1.087544189453125000e+03
1.083271850585937500e+03
1.078975219726562500e+03
1.074654663085937500e+03
1.070317871093750000e+03
1.065957519531250000e+03
1.061573608398437500e+03
1.057173950195312500e+03
1.052758544921875000e+03
1.048327514648437500e+03
1.043873657226562500e+03
1.039419433593750000e+03
1.034935180664062500e+03
1.030443237304687500e+03
1.025936523437500000e+03
1.021429870605468750e+03
1.016930969238281250e+03
1.012402648925781250e+03
1.007874755859375000e+03
1.003340026855468750e+03
9.987987060546875000e+02
9.942655639648437500e+02
9.897185668945312500e+02
9.851651000976562500e+02
9.806204223632812500e+02
9.760695190429687500e+02
9.715199584960937500e+02
9.669793701171875000e+02
9.624404907226562500e+02
9.579033203125000000e+02
9.533754272460937500e+02
9.488569946289062500e+02
9.443406372070312500e+02
9.398414306640625000e+02
9.353445434570312500e+02
9.308649902343750000e+02
9.263955078125000000e+02
9.219360351562500000e+02
9.175018920898437500e+02
9.130855712890625000e+02
9.086500854492187500e+02
9.042550048828125000e+02
8.998782958984375000e+02
8.955198974609375000e+02
8.911727905273437500e+02
8.868517456054687500e+02
8.825572509765625000e+02
8.782742309570312500e+02
8.740180053710937500e+02
8.697960815429687500e+02
8.655937500000000000e+02
8.614260864257812500e+02
8.572709960937500000e+02
8.531580200195312500e+02
8.490647583007812500e+02
8.450058593750000000e+02
8.409663696289062500e+02
8.369683837890625000e+02
8.329969482421875000e+02
8.290593261718750000e+02
8.251628417968750000e+02
8.212924804687500000e+02
8.174333496093750000e+02
8.136076049804687500e+02
8.098225097656250000e+02
8.060780639648437500e+02
8.023741455078125000e+02
7.986958618164062500e+02
7.950430908203125000e+02
7.914307250976562500e+02
7.878660278320312500e+02
7.843341674804687500e+02
7.808425292968750000e+02
7.773761596679687500e+02
7.739500122070312500e+02
7.705789184570312500e+02
7.672330932617187500e+02
7.639274291992187500e+02
7.606619262695312500e+02
7.574366455078125000e+02
7.542589721679687500e+02
7.511067504882812500e+02
7.479948120117187500e+02
7.449380493164062500e+02
7.419069824218750000e+02
7.389311523437500000e+02
7.359810791015625000e+02
7.330865478515625000e+02
7.302327270507812500e+02
7.274272460937500000e+02
7.246552734375000000e+02
7.219243774414062500e+02
7.192495727539062500e+02
7.166087036132812500e+02
7.140168457031250000e+02
7.114591674804687500e+02
7.089581909179687500e+02
7.065065917968750000e+02
7.040897827148437500e+02
7.017227783203125000e+02
6.993983154296875000e+02
6.971240844726562500e+02
6.948928222656250000e+02
6.926968383789062500e+02
6.905655517578125000e+02
6.884691162109375000e+02
6.864220581054687500e+02
6.844168090820312500e+02
6.824531250000000000e+02
6.805307617187500000e+02
6.786643676757812500e+02
6.768388671875000000e+02
6.750468139648437500e+02
6.733101196289062500e+02
6.715989990234375000e+02
6.699429931640625000e+02
6.683270874023437500e+02
6.667437133789062500e+02
6.652076416015625000e+02
6.637112426757812500e+02
6.622396240234375000e+02
6.608297729492187500e+02
6.594518432617187500e+02
6.581132202148437500e+02
6.568064575195312500e+02
6.555462646484375000e+02
6.543251342773437500e+02
6.531356201171875000e+02
6.519776611328125000e+02
6.508585815429687500e+02
6.497785034179687500e+02
6.487372436523437500e+02
6.477125854492187500e+02
6.467416381835937500e+02
6.458021240234375000e+02
6.449088745117187500e+02
6.440322265625000000e+02
6.431944580078125000e+02
6.423881225585937500e+02
6.416058959960937500e+02
6.408700561523437500e+02
6.401583862304687500e+02
6.394709472656250000e+02
6.388225708007812500e+02
6.381985473632812500e+02
6.375989379882812500e+02
6.370311279296875000e+02
6.364879150390625000e+02
6.359841308593750000e+02
6.355050659179687500e+02
6.350507812500000000e+02
6.346214599609375000e+02
6.342169799804687500e+02
6.338448486328125000e+02
6.334900512695312500e+02
6.331600952148437500e+02
6.328622436523437500e+02
6.325816040039062500e+02
6.323105468750000000e+02
6.320789184570312500e+02
6.318642578125000000e+02
6.316591796875000000e+02
6.314857788085937500e+02
6.313218994140625000e+02
6.311821899414062500e+02
6.310518188476562500e+02
6.309455566406250000e+02
6.308560180664062500e+02
6.307756958007812500e+02
6.307192993164062500e+02
6.306720581054687500e+02
6.306339111328125000e+02
6.306196899414062500e+02
6.306145019531250000e+02
6.306108398437500000e+02
6.306309204101562500e+02
6.306450805664062500e+02
6.306829833984375000e+02
6.307297363281250000e+02
6.307703857421875000e+02
6.308272705078125000e+02
6.308929443359375000e+02
6.309672241210937500e+02
6.310353393554687500e+02
6.311195068359375000e+02
6.312048339843750000e+02
6.312987060546875000e+02
6.313937377929687500e+02
6.314822387695312500e+02
6.315867309570312500e+02
6.316772460937500000e+02
6.317686767578125000e+02
6.318684692382812500e+02
6.319689941406250000e+02
6.320629272460937500e+02
6.321501464843750000e+02
6.322454223632812500e+02
6.323339233398437500e+02
6.324080810546875000e+02
6.324901733398437500e+02
6.325652465820312500e+02
6.326332397460937500e+02
6.326866455078125000e+02
6.327480468750000000e+02
6.327949829101562500e+02
6.328352661132812500e+02
6.328688964843750000e+02
6.328886108398437500e+02
6.329093627929687500e+02
6.329163818359375000e+02
6.329172363281250000e+02
6.329046630859375000e+02
6.328786621093750000e+02
6.328541870117187500e+02
6.328091430664062500e+02
6.327509155273437500e+02
6.326796875000000000e+02
6.326103515625000000e+02
6.325206909179687500e+02
6.324107666015625000e+02
6.322954711914062500e+02
6.321749267578125000e+02
6.320341796875000000e+02
6.318883056640625000e+02
6.317223510742187500e+02
6.315364379882812500e+02
6.313379516601562500e+02
6.311269531250000000e+02
6.309033813476562500e+02
6.306599121093750000e+02
6.304113159179687500e+02
6.301278686523437500e+02
6.298392944335937500e+02
6.295306396484375000e+02
6.292094726562500000e+02
6.288681640625000000e+02
6.285067138671875000e+02
6.281325073242187500e+02
6.277380371093750000e+02
6.273233032226562500e+02
6.269029541015625000e+02
6.264473266601562500e+02
6.259934082031250000e+02
6.255039672851562500e+02
6.250011596679687500e+02
6.244774780273437500e+02
6.239328002929687500e+02
6.233670043945312500e+02
6.227873535156250000e+02
6.221789550781250000e+02
6.215489501953125000e+02
6.208972167968750000e+02
6.202236938476562500e+02
6.195359497070312500e+02
6.188265991210937500e+02
6.180958862304687500e+02
6.173439941406250000e+02
6.165783691406250000e+02
6.157844238281250000e+02
6.149622192382812500e+02
6.141341552734375000e+02
6.132780151367187500e+02
6.124014282226562500e+02
6.115045166015625000e+02
6.105946655273437500e+02
6.096719970703125000e+02
6.087144165039062500e+02
6.077442016601562500e+02
6.067540283203125000e+02
6.057438964843750000e+02
6.047213745117187500e+02
6.036716308593750000e+02
6.026094360351562500e+02
6.015350952148437500e+02
6.004260864257812500e+02
5.993123168945312500e+02
5.981788330078125000e+02
5.970332641601562500e+02
5.958531494140625000e+02
5.946682739257812500e+02
5.934637451171875000e+02
5.922469482421875000e+02
5.910180664062500000e+02
5.897545166015625000e+02
5.884862060546875000e+02
5.872130737304687500e+02
5.859127197265625000e+02
5.845999145507812500e+02
5.832747802734375000e+02
5.819371337890625000e+02
5.805795288085937500e+02
5.792018432617187500e+02
5.778189697265625000e+02
5.764234008789062500e+02
5.750000610351562500e+02
5.735787353515625000e+02
5.721444091796875000e+02
5.706673583984375000e+02
5.692141723632812500e+02
5.677329101562500000e+02
5.662382202148437500e+02
5.647375488281250000e+02
5.632306518554687500e+02
5.617176513671875000e+02
5.601836547851562500e+02
5.586286621093750000e+02
5.570676269531250000e+02
5.555079956054687500e+02
5.539274902343750000e+02
5.523408813476562500e+02
5.507482910156250000e+02
5.491496582031250000e+02
5.475301513671875000e+02
5.459119873046875000e+02
5.442878417968750000e+02
5.426503295898437500e+02
5.410140991210937500e+02
5.393717651367187500e+02
5.377160034179687500e+02
5.360541992187500000e+02
5.343713378906250000e+02
5.327047119140625000e+02
5.310393676757812500e+02
5.293604125976562500e+02
5.277050170898437500e+02
5.260211181640625000e+02
5.243383789062500000e+02
5.226494140625000000e+02
5.209689941406250000e+02
5.192748413085937500e+02
5.175818481445312500e+02
5.158898925781250000e+02
5.141989746093750000e+02
5.125016479492187500e+02
5.108127746582031250e+02
5.091248168945312500e+02
5.074304504394531250e+02
5.057369995117187500e+02
5.040519104003906250e+02
5.023676147460937500e+02
5.006768493652343750e+02
4.990018005371093750e+02
4.973275451660156250e+02
4.956541442871093750e+02
4.939815673828125000e+02
4.923171997070312500e+02
4.906759338378906250e+02
4.890131530761718750e+02
4.873660583496093750e+02
4.857196960449218750e+02
4.840815734863281250e+02
4.824516906738281250e+02
4.808076782226562500e+02
4.792015380859375000e+02
4.775810852050781250e+02
4.759759216308593750e+02
4.743786010742187500e+02
4.727962951660156250e+02
4.712141723632812500e+02
4.696394653320312500e+02
4.680796203613281250e+02
4.665195617675781250e+02
4.649815979003906250e+02
4.634507141113281250e+02
4.619119873046875000e+02
4.604024658203125000e+02
4.588923950195312500e+02
4.574039611816406250e+02
4.559073791503906250e+02
4.544323425292968750e+02
4.529712829589843750e+02
4.515167846679687500e+02
4.500687255859375000e+02
4.486419372558593750e+02
4.472215881347656250e+02
4.458149719238281250e+02
4.444220886230468750e+02
4.430354309082031250e+02
4.416625061035156250e+02
4.402957458496093750e+02
4.389500427246093750e+02
4.376179504394531250e+02
4.362994689941406250e+02
4.349871215820312500e+02
4.336957702636718750e+02
4.324179992675781250e+02
4.311538391113281250e+02
4.298958129882812500e+02
4.286513977050781250e+02
4.274355163574218750e+02
4.262184143066406250e+02
4.250223999023437500e+02
4.238475952148437500e+02
4.226790771484375000e+02
4.215243835449218750e+02
4.203909606933593750e+02
4.192640686035156250e+02
4.181585388183593750e+02
4.170745239257812500e+02
4.159971618652343750e+02
4.149414367675781250e+02
4.138925476074218750e+02
4.128654174804687500e+02
4.118599548339843750e+02
4.108611755371093750e+02
4.098986206054687500e+02
4.089202575683593750e+02
4.079705200195312500e+02
4.070418395996093750e+02
4.061267089843750000e+02
4.052176513671875000e+02
4.043294067382812500e+02
4.034618225097656250e+02
4.026075439453125000e+02
4.017737731933593750e+02
4.009456787109375000e+02
4.001380310058593750e+02
3.993359375000000000e+02
3.985616455078125000e+02
3.977927856445312500e+02
3.970441894531250000e+02
3.963083801269531250e+02
3.955779418945312500e+02
3.948751220703125000e+02
3.941776123046875000e+02
3.934854125976562500e+02
3.928282165527343750e+02
3.921688842773437500e+02
3.915148620605468750e+02
3.908958740234375000e+02
3.902747497558593750e+02
3.896738281250000000e+02
3.890931396484375000e+02
3.885178527832031250e+02
3.879554138183593750e+02
3.874058837890625000e+02
3.868692932128906250e+02
3.863456420898437500e+02
3.858276367187500000e+02
3.853301696777343750e+02
3.848457946777343750e+02
3.843672485351562500e+02
3.839093933105468750e+02
3.834500427246093750e+02
3.830115661621093750e+02
3.825865783691406250e+02
3.821603088378906250e+02
3.817551574707031250e+02
3.813489074707031250e+02
3.809713745117187500e+02
3.805929565429687500e+02
3.802285766601562500e+02
3.798783569335937500e+02
3.795348510742187500e+02
3.792054748535156250e+02
3.788828125000000000e+02
3.785668029785156250e+02
3.782574768066406250e+02
3.779920043945312500e+02
3.776812133789062500e+02
3.774068603515625000e+02
3.771317138671875000e+02
3.768707275390625000e+02
3.766164855957031250e+02
3.763689270019531250e+02
3.761281127929687500e+02
3.759014892578125000e+02
3.756741943359375000e+02
3.754611511230468750e+02
3.752400512695312500e+02
3.750406188964843750e+02
3.748331909179687500e+02
3.746400451660156250e+02
3.744464111328125000e+02
3.742596740722656250e+02
3.740873107910156250e+02
3.739070739746093750e+02
3.737338256835937500e+02
3.735676269531250000e+02
3.734010620117187500e+02
3.732415771484375000e+02
3.730892333984375000e+02
3.729291992187500000e+02
3.727763366699218750e+02
3.726306762695312500e+02
3.724848632812500000e+02
3.723463439941406250e+02
3.722002563476562500e+02
3.720541381835937500e+02
3.719153442382812500e+02
3.717765502929687500e+02
3.716452636718750000e+02
3.714991149902343750e+02
3.713530578613281250e+02
3.712145996093750000e+02
3.710762634277343750e+02
3.709455261230468750e+02
3.708001403808593750e+02
3.706550598144531250e+02
3.705176391601562500e+02
3.703731384277343750e+02
3.702214965820312500e+02
3.700776977539062500e+02
3.699269104003906250e+02
3.697767333984375000e+02
3.696271972656250000e+02
3.694635314941406250e+02
3.693081359863281250e+02
3.691388244628906250e+02
3.689779968261718750e+02
3.688108215332031250e+02
3.686300354003906250e+02
3.684579162597656250e+02
3.682797546386718750e+02
3.680881958007812500e+02
3.679055786132812500e+02
3.677171325683593750e+02
3.675303649902343750e+02
3.673230590820312500e+02
3.671175537109375000e+02
3.669064941406250000e+02
3.666973876953125000e+02
3.664828491210937500e+02
3.662555236816406250e+02
3.660228271484375000e+02
3.657923278808593750e+02
3.655416870117187500e+02
3.653007507324218750e+02
3.650546264648437500e+02
3.647885437011718750e+02
3.645321960449218750e+02
3.642559204101562500e+02
3.639746398925781250e+02
3.636956787109375000e+02
3.634042968750000000e+02
3.631153564453125000e+02
3.628064880371093750e+02
3.624926147460937500e+02
3.621811523437500000e+02
3.618423767089843750e+02
3.615133972167968750e+02
3.611793518066406250e+02
3.608252868652343750e+02
3.604735717773437500e+02
3.601018676757812500e+02
3.597397766113281250e+02
3.593576049804687500e+02
3.589775390625000000e+02
3.585773010253906250e+02
3.581716613769531250e+02
3.577605285644531250e+02
3.573364868164062500e+02
3.568919677734375000e+02
3.564568176269531250e+02
3.560014343261718750e+02
3.555406188964843750e+02
3.550671386718750000e+02
3.545884704589843750e+02
3.541046447753906250e+02
3.536083374023437500e+02
3.531069946289062500e+02
3.525932922363281250e+02
3.520747070312500000e+02
3.515437927246093750e+02
3.510081176757812500e+02
3.504528198242187500e+02
3.498927917480468750e+02
3.493355102539062500e+02
3.487587280273437500e+02
3.481698913574218750e+02
3.475838928222656250e+02
3.469784851074218750e+02
3.463685302734375000e+02
3.457540893554687500e+02
3.451276855468750000e+02
3.444967956542968750e+02
3.438540039062500000e+02
3.431993103027343750e+02
3.425475769042968750e+02
3.418839416503906250e+02
3.411936035156250000e+02
3.405210266113281250e+02
3.398291320800781250e+02
3.391327819824218750e+02
3.384319152832031250e+02
3.377116699218750000e+02
3.370017700195312500e+02
3.362724609375000000e+02
3.355385437011718750e+02
3.347925720214843750e+02
3.340494384765625000e+02
3.332867126464843750e+02
3.325341186523437500e+02
3.317619323730468750e+02
3.309774780273437500e+02
3.301955566406250000e+02
3.294087219238281250e+02
3.286094665527343750e+02
3.278051452636718750e+02
3.269956970214843750e+02
3.261810607910156250e+02
3.253611450195312500e+02
3.245284423828125000e+02
3.236903991699218750e+02
3.228470153808593750e+02
3.220057067871093750e+02
3.211442260742187500e+02
3.202847900390625000e+02
3.194199829101562500e+02
3.185423889160156250e+02
3.176742553710937500e+02
3.167933044433593750e+02
3.159068908691406250e+02
3.150150146484375000e+02
3.141176757812500000e+02
3.132221984863281250e+02
3.123137207031250000e+02
3.114144897460937500e+02
3.105021972656250000e+02
3.095842285156250000e+02
3.086679077148437500e+02
3.077384033203125000e+02
3.068104858398437500e+02
3.058766784667968750e+02
3.049443359375000000e+02
3.040134582519531250e+02
3.030690917968750000e+02
3.021334838867187500e+02
3.011842956542968750e+02
3.002437438964843750e+02
2.992895507812500000e+02
2.983364257812500000e+02
2.973843383789062500e+02
2.964332885742187500e+02
2.954757385253906250e+02
2.945191040039062500e+02
2.935559082031250000e+02
2.925935058593750000e+02
2.916318664550781250e+02
2.906634826660156250e+02
2.897032165527343750e+02
2.887361755371093750e+02
2.877771301269531250e+02
2.868037719726562500e+02
2.858309326171875000e+02
2.848585510253906250e+02
2.838941040039062500e+02
2.829226074218750000e+02
2.819515380859375000e+02
2.809956359863281250e+02
2.800327148437500000e+02
2.790626220703125000e+02
2.781003112792968750e+02
2.771382141113281250e+02
2.761763000488281250e+02
2.752145690917968750e+02
2.742603454589843750e+02
2.733062133789062500e+02
2.723520507812500000e+02
2.714053039550781250e+02
2.704510803222656250e+02
2.695041198730468750e+02
2.685570373535156250e+02
2.676171875000000000e+02
2.666770935058593750e+02
2.657366943359375000e+02
2.648034057617187500e+02
2.638771972656250000e+02
2.629431457519531250e+02
2.620160522460937500e+02
2.611033630371093750e+02
2.601900939941406250e+02
2.592688598632812500e+02
2.583618164062500000e+02
2.574615783691406250e+02
2.565606079101562500e+02
2.556588592529296875e+02
2.547637786865234375e+02
2.538901367187500000e+02
2.530081634521484375e+02
2.521252288818359375e+02
2.512487792968750000e+02
2.503787231445312500e+02
2.495150299072265625e+02
2.486502075195312500e+02
2.477916717529296875e+02
2.469393768310546875e+02
2.460932769775390625e+02
2.452607269287109375e+02
2.444194641113281250e+02
2.435917205810546875e+02
2.427774505615234375e+02
2.419543609619140625e+02
2.411446838378906250e+02
2.403335723876953125e+02
2.395358276367187500e+02
2.387366180419921875e+02
2.379507293701171875e+02
2.371707763671875000e+02
2.363893432617187500e+02
2.356138153076171875e+02
2.348516387939453125e+02
2.340953979492187500e+02
2.333375701904296875e+02
2.326003570556640625e+02
2.318540039062500000e+02
2.311281127929687500e+02
2.304003753662109375e+02
2.296781311035156250e+02
2.289687347412109375e+02
2.282573394775390625e+02
2.275587005615234375e+02
2.268654022216796875e+02
2.261773986816406250e+02
2.254946594238281250e+02
2.248171691894531250e+02
2.241449127197265625e+02
2.234778594970703125e+02
2.228234863281250000e+02
2.221669006347656250e+02
2.215304260253906250e+02
2.208917694091796875e+02
2.202509307861328125e+02
2.196302337646484375e+02
2.190148773193359375e+02
2.183973999023437500e+02
2.177852935791015625e+02
2.171859893798828125e+02
2.165921325683593750e+02
2.160037689208984375e+02
2.154283294677734375e+02
2.148510284423828125e+02
2.142867279052734375e+02
2.137206420898437500e+02
2.131676788330078125e+02
2.126278686523437500e+02
2.120938262939453125e+02
2.115656127929687500e+02
2.110358123779296875e+02
2.105119323730468750e+02
2.100014190673828125e+02
2.094820404052734375e+02
2.089761352539062500e+02
2.084911499023437500e+02
2.080271606445312500e+02
2.075470275878906250e+02
2.070730743408203125e+02
2.066053619384765625e+02
2.061513519287109375e+02
2.056962127685546875e+02
2.052474060058593750e+02
2.048123931884765625e+02
2.043763427734375000e+02
2.039466705322265625e+02
2.035307464599609375e+02
2.031210937500000000e+02
2.027102508544921875e+02
2.023130340576171875e+02
2.019145507812500000e+02
2.015221862792968750e+02
2.011433410644531250e+02
2.007630920410156250e+02
2.003888854980468750e+02
2.000206604003906250e+02
1.996583862304687500e+02
1.992946319580078125e+02
1.989293518066406250e+02
1.985774078369140625e+02
1.982387847900390625e+02
1.978986206054687500e+02
1.975569152832031250e+02
1.972210693359375000e+02
1.968985595703125000e+02
1.965745086669921875e+02
1.962489471435546875e+02
1.959367523193359375e+02
1.956156616210937500e+02
1.953154449462890625e+02
1.950138397216796875e+02
1.947034454345703125e+02
1.944066162109375000e+02
1.941085357666015625e+02
1.938167114257812500e+02
1.935237579345703125e+02
1.932297363281250000e+02
1.929496154785156250e+02
1.926685943603515625e+02
1.923718566894531250e+02
1.920818328857421875e+02
1.918208618164062500e+02
1.915444793701171875e+02
1.912750396728515625e+02
1.910200805664062500e+02
1.907797088623046875e+02
1.905168304443359375e+02
1.902613067626953125e+02
1.900131988525390625e+02
1.897503204345703125e+02
1.895099182128906250e+02
1.892697906494140625e+02
1.890225982666015625e+02
1.887907257080078125e+02
1.885370941162109375e+02
1.882989501953125000e+02
1.880763702392578125e+02
1.878397216796875000e+02
1.876113586425781250e+02
1.873839263916015625e+02
1.871352081298828125e+02
1.869172515869140625e+02
1.867153015136718750e+02
1.864996337890625000e+02
1.862777404785156250e+02
1.860645446777343750e+02
1.858451538085937500e+02
1.856345367431640625e+02
1.854252319335937500e+02
1.852098388671875000e+02
1.850032043457031250e+02
1.847979583740234375e+02
1.845866088867187500e+02
1.843840637207031250e+02
1.841902770996093750e+02
1.839829711914062500e+02
1.837695465087890625e+02
1.835722656250000000e+02
1.833688354492187500e+02
1.831666412353515625e+02
1.829656677246093750e+02
1.827807464599609375e+02
1.825821228027343750e+02
1.823771972656250000e+02
1.821659240722656250e+02
1.819631652832031250e+02
1.817614593505859375e+02
1.815384368896484375e+02
1.813312835693359375e+02
1.811250762939453125e+02
1.809123840332031250e+02
1.807005920410156250e+02
1.804822692871093750e+02
1.802648468017578125e+02
1.800631561279296875e+02
1.798400421142578125e+02
1.796177825927734375e+02
1.793964080810546875e+02
1.791759033203125000e+02
1.789562683105468750e+02
1.787375488281250000e+02
1.785048675537109375e+02
1.782880096435546875e+02
1.780423736572265625e+02
1.777977294921875000e+02
1.775616149902343750e+02
1.773192443847656250e+02
1.770856018066406250e+02
1.768384857177734375e+02
1.765928497314453125e+02
1.763414001464843750e+02
1.760916748046875000e+02
1.758363189697265625e+02
1.755828704833984375e+02
1.753314666748046875e+02
1.750747528076171875e+02
1.748128356933593750e+02
1.745532531738281250e+02
1.742960815429687500e+02
1.740265808105468750e+02
1.737670898437500000e+02
1.735028533935546875e+02
1.732339324951171875e+02
1.729604034423828125e+02
1.726972045898437500e+02
1.724294891357421875e+02
1.721498870849609375e+02
1.718807678222656250e+02
1.715998077392578125e+02
1.713293762207031250e+02
1.710471649169921875e+02
1.707754669189453125e+02
1.704919891357421875e+02
1.702190246582031250e+02
1.699416809082031250e+02
1.696599273681640625e+02
1.693737030029296875e+02
1.690904235839843750e+02
1.688025817871093750e+02
1.685175476074218750e+02
1.682278137207031250e+02
1.679332885742187500e+02
1.676413421630859375e+02
1.673518676757812500e+02
1.670499114990234375e+02
1.667502288818359375e+02
1.664601287841796875e+02
1.661497955322265625e+02
1.658488159179687500e+02
1.655422363281250000e+02
1.652373504638671875e+02
1.649191894531250000e+02
1.646173400878906250e+02
1.643019714355468750e+02
1.639803924560546875e+02
1.636674194335937500e+02
1.633406677246093750e+02
1.630149536132812500e+02
1.626828155517578125e+02
1.623590240478515625e+02
1.620212860107421875e+02
1.616844024658203125e+02
1.613408966064453125e+02
1.610056304931640625e+02
1.606636962890625000e+02
1.603076629638671875e+02
1.599598083496093750e+02
1.596052703857421875e+02
1.592514801025390625e+02
1.588984680175781250e+02
1.585388031005859375e+02
1.581799316406250000e+02
1.578144836425781250e+02
1.574499053955078125e+02
1.570787963867187500e+02
1.567160949707031250e+02
1.563395538330078125e+02
1.559640655517578125e+02
1.555971221923828125e+02
1.552165222167968750e+02
1.548371582031250000e+02
1.544665679931640625e+02
1.540824584960937500e+02
1.537072601318359375e+02
1.533186950683593750e+02
1.529465637207031250e+02
1.525537567138671875e+02
1.521775054931640625e+02
1.517955780029296875e+02
1.514154205322265625e+02
1.510371246337890625e+02
1.506532440185546875e+02
1.502712554931640625e+02
1.498986358642578125e+02
1.495130920410156250e+02
1.491369018554687500e+02
1.487552490234375000e+02
1.483755035400390625e+02
1.479976959228515625e+02
1.476217498779296875e+02
1.472476501464843750e+02
1.468679199218750000e+02
1.464973602294921875e+02
1.461210174560546875e+02
1.457462921142578125e+02
1.453656311035156250e+02
1.450012512207031250e+02
1.446307373046875000e+02
1.442614440917968750e+02
1.438932189941406250e+02
1.435259704589843750e+02
1.431520996093750000e+02
1.427937927246093750e+02
1.424286193847656250e+02
1.420564270019531250e+02
1.416993560791015625e+02
1.413349914550781250e+02
1.409705963134765625e+02
1.406134643554687500e+02
1.402486114501953125e+02
1.398832702636718750e+02
1.395173645019531250e+02
1.391507110595703125e+02
1.387832183837890625e+02
1.384221649169921875e+02
1.380600128173828125e+02
1.376966400146484375e+02
1.373319854736328125e+02
1.369659271240234375e+02
1.366058044433593750e+02
1.362367095947265625e+02
1.358734283447265625e+02
1.355010681152343750e+02
1.351418609619140625e+02
1.347660675048828125e+02
1.344033966064453125e+02
1.340315551757812500e+02
1.336631774902343750e+02
1.332990417480468750e+02
1.329339752197265625e+02
1.325665130615234375e+02
1.322026824951171875e+02
1.318358459472656250e+02
1.314712829589843750e+02
1.311075744628906250e+02
1.307426147460937500e+02
1.303809356689453125e+02
1.300204010009765625e+02
1.296603851318359375e+02
1.293017730712890625e+02
1.289453887939453125e+02
1.285898590087890625e+02
1.282383117675781250e+02
1.278871307373046875e+02
0.000000000000000000e+00
0.000000000000000000e+00
0.000000000000000000e+00
0.000000000000000000e+00
0.000000000000000000e+00
0.000000000000000000e+00
0.000000000000000000e+00
0.000000000000000000e+00
0.000000000000000000e+00
0.000000000000000000e+00
0.000000000000000000e+00
0.000000000000000000e+00
0.000000000000000000e+00
0.000000000000000000e+00
0.000000000000000000e+00
0.000000000000000000e+00
0.000000000000000000e+00
0.000000000000000000e+00
0.000000000000000000e+00
0.000000000000000000e+00
0.000000000000000000e+00
0.000000000000000000e+00
0.000000000000000000e+00
0.000000000000000000e+00
0.000000000000000000e+00
0.000000000000000000e+00
0.000000000000000000e+00
0.000000000000000000e+00
0.000000000000000000e+00
0.000000000000000000e+00
0.000000000000000000e+00
0.000000000000000000e+00
0.000000000000000000e+00
0.000000000000000000e+00
0.000000000000000000e+00
0.000000000000000000e+00
0.000000000000000000e+00
0.000000000000000000e+00
0.000000000000000000e+00
0.000000000000000000e+00
0.000000000000000000e+00
0.000000000000000000e+00
0.000000000000000000e+00
0.000000000000000000e+00
0.000000000000000000e+00
0.000000000000000000e+00
0.000000000000000000e+00
0.000000000000000000e+00
0.000000000000000000e+00
0.000000000000000000e+00
0.000000000000000000e+00
0.000000000000000000e+00
0.000000000000000000e+00
0.000000000000000000e+00
0.000000000000000000e+00
0.000000000000000000e+00
0.000000000000000000e+00
0.000000000000000000e+00
0.000000000000000000e+00
0.000000000000000000e+00
0.000000000000000000e+00
0.000000000000000000e+00
0.000000000000000000e+00
0.000000000000000000e+00
0.000000000000000000e+00
0.000000000000000000e+00
0.000000000000000000e+00
0.000000000000000000e+00
0.000000000000000000e+00
0.000000000000000000e+00
0.000000000000000000e+00
0.000000000000000000e+00
0.000000000000000000e+00
0.000000000000000000e+00
0.000000000000000000e+00
0.000000000000000000e+00
0.000000000000000000e+00
0.000000000000000000e+00
0.000000000000000000e+00
0.000000000000000000e+00
0.000000000000000000e+00
0.000000000000000000e+00
0.000000000000000000e+00
0.000000000000000000e+00
0.000000000000000000e+00
0.000000000000000000e+00
0.000000000000000000e+00
0.000000000000000000e+00
0.000000000000000000e+00
0.000000000000000000e+00
0.000000000000000000e+00
0.000000000000000000e+00
0.000000000000000000e+00
0.000000000000000000e+00
0.000000000000000000e+00
0.000000000000000000e+00
0.000000000000000000e+00
0.000000000000000000e+00
0.000000000000000000e+00
0.000000000000000000e+00
