# ee
4.951415210962295532e-02
7.434193044900894165e-02
7.682098448276519775e-02
6.199013069272041321e-02
4.124459251761436462e-02
2.373809553682804108e-02
1.305711921304464340e-02
8.267153054475784302e-03
6.667153909802436829e-03
6.003155838698148727e-03
5.281792487949132919e-03
4.588677547872066498e-03
4.171343520283699036e-03
4.077341407537460327e-03
4.269359633326530457e-03
4.570629913359880447e-03
4.828241653740406036e-03
5.124172661453485489e-03
5.584497004747390747e-03
6.276787724345922470e-03
7.236861158162355423e-03
8.432023227214813232e-03
9.819584898650646210e-03
1.138539332896471024e-02
1.312470622360706329e-02
1.504188869148492813e-02
1.713630929589271545e-02
1.937822625041007996e-02
2.174636721611022949e-02
2.428240887820720673e-02
2.703415602445602417e-02
3.001096099615097046e-02
3.321372717618942261e-02
3.664806857705116272e-02
4.032614827156066895e-02
4.428157582879066467e-02
4.854029417037963867e-02
5.307597294449806213e-02
5.784922465682029724e-02
6.283190846443176270e-02
6.804087758064270020e-02
7.350419461727142334e-02
7.924994826316833496e-02
8.530623465776443481e-02
9.169407933950424194e-02
9.840626269578933716e-02
1.054285317659378052e-01
1.127466186881065369e-01
1.203462779521942139e-01
1.282176077365875244e-01
1.363683044910430908e-01
1.448104083538055420e-01
1.535559594631195068e-01
1.626170277595520020e-01
1.720024049282073975e-01
1.817077249288558960e-01
1.917253881692886353e-01
2.020477652549743652e-01
2.126672416925430298e-01
2.235770821571350098e-01
2.347740828990936279e-01
2.462559342384338379e-01
2.580202519893646240e-01
2.700647413730621338e-01
2.823861837387084961e-01
2.949776649475097656e-01
3.078314065933227539e-01
3.209396004676818848e-01
3.342944383621215820e-01
3.478883802890777588e-01
3.617146313190460205e-01
3.757668137550354004e-01
3.900383710861206055e-01
4.045228362083435059e-01
4.192126989364624023e-01
4.340963363647460938e-01
4.491612017154693604e-01
4.643945991992950439e-01
4.797839224338531494e-01
4.953168928623199463e-01
5.109826922416687012e-01
5.267707109451293945e-01
5.426704287528991699e-01
5.586712360382080078e-01
5.747621655464172363e-01
5.909298062324523926e-01
6.071605086326599121e-01
6.234401464462280273e-01
6.397550702095031738e-01
6.560912132263183594e-01
6.724341511726379395e-01
6.887692213058471680e-01
7.050818204879760742e-01
7.213572859764099121e-01
7.375809550285339355e-01
7.537383437156677246e-01
7.698146700859069824e-01
7.857954502105712891e-01
8.016659617424011230e-01
8.174115419387817383e-01
8.330176472663879395e-01
8.484696745872497559e-01
8.637528419494628906e-01
8.788527250289916992e-01
8.937546014785766602e-01
9.084438085556030273e-01
9.229058027267456055e-01
9.371259808540344238e-01
9.510895609855651855e-01
9.647825956344604492e-01
9.781930446624755859e-01
9.913096427917480469e-01
1.004121065139770508e+00
1.016615748405456543e+00
1.028782606124877930e+00
1.040610074996948242e+00
1.052086710929870605e+00
1.063201427459716797e+00
1.073942542076110840e+00
1.084298729896545410e+00
1.094258904457092285e+00
1.103811383247375488e+00
1.112944960594177246e+00
1.121648192405700684e+00
1.129909753799438477e+00
1.137718200683593750e+00
1.145062208175659180e+00
1.151930451393127441e+00
1.158311367034912109e+00
1.164195656776428223e+00
1.169579863548278809e+00
1.174462914466857910e+00
1.178843498229980469e+00
1.182720184326171875e+00
1.186091661453247070e+00
1.188956499099731445e+00
1.191313624382019043e+00
1.193161606788635254e+00
1.194499015808105469e+00
1.195324540138244629e+00
1.195636868476867676e+00
1.195434808731079102e+00
1.194716930389404297e+00
1.193481802940368652e+00
1.191728234291076660e+00
1.189454913139343262e+00
1.186660408973693848e+00
1.183343410491943359e+00
1.179502606391906738e+00
1.175139427185058594e+00
1.170264959335327148e+00
1.164893507957458496e+00
1.159039258956909180e+00
1.152716040611267090e+00
1.145938158035278320e+00
1.138719439506530762e+00
1.131074070930480957e+00
1.123016119003295898e+00
1.114559531211853027e+00
1.105718612670898438e+00
1.096507191658020020e+00
1.086939454078674316e+00
1.077029585838317871e+00
1.066791296005249023e+00
1.056239008903503418e+00
1.045386552810668945e+00
1.034248232841491699e+00
1.022837877273559570e+00
1.011169672012329102e+00
9.992576241493225098e-01
9.871158599853515625e-01
9.747583270072937012e-01
9.621992707252502441e-01
9.494526982307434082e-01
9.365354180335998535e-01
9.234753847122192383e-01
9.103035926818847656e-01
8.970506787300109863e-01
8.837476372718811035e-01
8.704251050949096680e-01
8.571140170097351074e-01
8.438451886177062988e-01
8.306493759155273438e-01
8.175573945045471191e-01
8.046000599861145020e-01
7.918082475662231445e-01
7.792127728462219238e-01
7.668443918228149414e-01
7.547338604927062988e-01
7.429121732711791992e-01
7.314100265502929688e-01
7.202582359313964844e-01
7.094876170158386230e-01
6.991290450096130371e-01
6.892132759094238281e-01
6.797711253166198730e-01
6.708334088325500488e-01
6.624310016632080078e-01
6.545946002006530762e-01
6.473549008369445801e-01
6.407409310340881348e-01
6.347818374633789062e-01
6.295063495635986328e-01
6.249436140060424805e-01
6.211224198341369629e-01
6.180717349052429199e-01
6.158205270767211914e-01
6.143978238105773926e-01
6.138323545455932617e-01
6.141532659530639648e-01
6.153893470764160156e-01
6.175696849822998047e-01
6.207230687141418457e-01
6.248785257339477539e-01
6.300649642944335938e-01
6.363112926483154297e-01
6.436465978622436523e-01
6.520996093750000000e-01
6.616994142532348633e-01
6.724749207496643066e-01
6.844550371170043945e-01
6.976687312126159668e-01
7.121449112892150879e-01
7.279125452041625977e-01
7.450006008148193359e-01
7.634379863739013672e-01
7.832536101341247559e-01
8.044763803482055664e-01
8.271353840827941895e-01
8.512594699859619141e-01
8.768776059150695801e-01
9.040185809135437012e-01
9.327116608619689941e-01
9.629853963851928711e-01
9.948690533638000488e-01
1.028391361236572266e+00
1.063581347465515137e+00
1.100467920303344727e+00
1.139080047607421875e+00
1.179446697235107422e+00
1.221596717834472656e+00
1.265559196472167969e+00
1.311362862586975098e+00
1.359036922454833984e+00
1.408609986305236816e+00
1.460111260414123535e+00
1.513569593429565430e+00
1.569013833999633789e+00
1.626473188400268555e+00
1.685968279838562012e+00
1.747488617897033691e+00
1.811015009880065918e+00
1.876528978347778320e+00
1.944011449813842773e+00
2.013443708419799805e+00
2.084806680679321289e+00
2.158082008361816406e+00
2.233250379562377930e+00
2.310293674468994141e+00
2.389192104339599609e+00
2.469927787780761719e+00
2.552481174468994141e+00
2.636833906173706055e+00
2.722966670989990234e+00
2.810861349105834961e+00
2.900498390197753906e+00
2.991859436035156250e+00
3.084925413131713867e+00
3.179677724838256836e+00
3.276097297668457031e+00
3.374165534973144531e+00
3.473863601684570312e+00
3.575172424316406250e+00
3.678073167800903320e+00
3.782547473907470703e+00
3.888576507568359375e+00
3.996140480041503906e+00
4.105221748352050781e+00
4.215800762176513672e+00
4.327858924865722656e+00
4.441377639770507812e+00
4.556337833404541016e+00
4.672720432281494141e+00
4.790506839752197266e+00
4.909678459167480469e+00
5.030216217041015625e+00
5.152101516723632812e+00
5.275315284729003906e+00
5.399838447570800781e+00
5.525652885437011719e+00
5.652739048004150391e+00
5.781078815460205078e+00
5.910653114318847656e+00
6.041442871093750000e+00
6.173429489135742188e+00
6.306593418121337891e+00
6.440917015075683594e+00
6.576381206512451172e+00
6.712966442108154297e+00
6.850647449493408203e+00
6.989367008209228516e+00
7.129062652587890625e+00
7.269670963287353516e+00
7.411128520965576172e+00
7.553371429443359375e+00
7.696336746215820312e+00
7.839961528778076172e+00
7.984180927276611328e+00
8.128932952880859375e+00
8.274153709411621094e+00
8.419779777526855469e+00
8.565748214721679688e+00
8.711995124816894531e+00
8.858457565307617188e+00
9.005070686340332031e+00
9.151772499084472656e+00
9.298500061035156250e+00
9.445189476013183594e+00
9.591776847839355469e+00
9.738199234008789062e+00
9.884392738342285156e+00
1.003029441833496094e+01
1.017584133148193359e+01
1.032096862792968750e+01
1.046561527252197266e+01
1.060971546173095703e+01
1.075320625305175781e+01
1.089602661132812500e+01
1.103810977935791016e+01
1.117939472198486328e+01
1.131981754302978516e+01
1.145931339263916016e+01
1.159782123565673828e+01
1.173527622222900391e+01
1.187161540985107422e+01
1.200677490234375000e+01
1.214069175720214844e+01
1.227330207824707031e+01
1.240454387664794922e+01
1.253435325622558594e+01
1.266266536712646484e+01
1.278941822052001953e+01
1.291454792022705078e+01
1.303798961639404297e+01
1.315968322753906250e+01
1.327956390380859375e+01
1.339756774902343750e+01
1.351363182067871094e+01
1.362769126892089844e+01
1.373968982696533203e+01
1.384959506988525391e+01
1.395737457275390625e+01
1.406300258636474609e+01
1.416644859313964844e+01
1.426768398284912109e+01
1.436668300628662109e+01
1.446341323852539062e+01
1.455784893035888672e+01
1.464996051788330078e+01
1.473971843719482422e+01
1.482709598541259766e+01
1.491206264495849609e+01
1.499459266662597656e+01
1.507465267181396484e+01
1.515221881866455078e+01
1.522725868225097656e+01
1.529974746704101562e+01
1.536965274810791016e+01
1.543694972991943359e+01
1.550160598754882812e+01
1.556359672546386719e+01
1.562289047241210938e+01
1.567945861816406250e+01
1.573327445983886719e+01
1.578430843353271484e+01
1.583253288269042969e+01
1.587791728973388672e+01
1.592043304443359375e+01
1.596005344390869141e+01
1.599674892425537109e+01
1.603049087524414062e+01
1.606125259399414062e+01
1.608900070190429688e+01
1.611371040344238281e+01
1.613535118103027344e+01
1.615389633178710938e+01
1.616931724548339844e+01
1.618158531188964844e+01
1.619066810607910156e+01
1.619654083251953125e+01
1.619917488098144531e+01
1.619854164123535156e+01
1.619461059570312500e+01
1.618735313415527344e+01
1.617674255371093750e+01
1.616275024414062500e+01
1.614534568786621094e+01
1.612450027465820312e+01
1.610018920898437500e+01
1.607239341735839844e+01
1.604115486145019531e+01
1.600653076171875000e+01
1.596857070922851562e+01
1.592733287811279297e+01
1.588287067413330078e+01
1.583523845672607422e+01
1.578449344635009766e+01
1.573068523406982422e+01
1.567387390136718750e+01
1.561410999298095703e+01
1.555145072937011719e+01
1.548594665527343750e+01
1.541765689849853516e+01
1.534663486480712891e+01
1.527293300628662109e+01
1.519660854339599609e+01
1.511771488189697266e+01
1.503630542755126953e+01
1.495243740081787109e+01
1.486616325378417969e+01
1.477753829956054688e+01
1.468661689758300781e+01
1.459345436096191406e+01
1.449810409545898438e+01
1.440062141418457031e+01
1.430106163024902344e+01
1.419947814941406250e+01
1.409592533111572266e+01
1.399045848846435547e+01
1.388313198089599609e+01
1.377399921417236328e+01
1.366311836242675781e+01
1.355053997039794922e+01
1.343632030487060547e+01
1.332051467895507812e+01
1.320317649841308594e+01
1.308436012268066406e+01
1.296412181854248047e+01
1.284251403808593750e+01
1.271959304809570312e+01
1.259541225433349609e+01
1.247002696990966797e+01
1.234349155426025391e+01
1.221586132049560547e+01
1.208718967437744141e+01
1.195753097534179688e+01
1.182694053649902344e+01
1.169547367095947266e+01
1.156318378448486328e+01
1.143013095855712891e+01
1.129639720916748047e+01
1.116207218170166016e+01
1.102724075317382812e+01
1.089199161529541016e+01
1.075641250610351562e+01
1.062058925628662109e+01
1.048461341857910156e+01
1.034856796264648438e+01
1.021254444122314453e+01
1.007662773132324219e+01
9.940906524658203125e+00
9.805467605590820312e+00
9.670399665832519531e+00
9.535789489746093750e+00
9.401724815368652344e+00
9.268293380737304688e+00
9.135582923889160156e+00
9.003680229187011719e+00
8.872673988342285156e+00
8.742651939392089844e+00
8.613699913024902344e+00
8.485906600952148438e+00
8.359358787536621094e+00
8.234147071838378906e+00
8.110354423522949219e+00
7.988071441650390625e+00
7.867384910583496094e+00
7.748383522033691406e+00
7.631153106689453125e+00
7.515781879425048828e+00
7.402357101440429688e+00
7.290966987609863281e+00
7.181698799133300781e+00
7.074640274047851562e+00
6.969879150390625000e+00
6.867503166198730469e+00
6.767598628997802734e+00
6.670254230499267578e+00
6.575557231903076172e+00
6.483595371246337891e+00
6.394455909729003906e+00
6.308227062225341797e+00
6.224995613098144531e+00
6.144850254058837891e+00
6.067877292633056641e+00
5.994164943695068359e+00
5.923800468444824219e+00
5.856872081756591797e+00
5.793466567993164062e+00
5.733659744262695312e+00
5.677480697631835938e+00
5.624946117401123047e+00
5.576071739196777344e+00
5.530875205993652344e+00
5.489371776580810547e+00
5.451579570770263672e+00
5.417513847351074219e+00
5.387192249298095703e+00
5.360630989074707031e+00
5.337846755981445312e+00
5.318855762481689453e+00
5.303675174713134766e+00
5.292321205139160156e+00
5.284811019897460938e+00
5.281160354614257812e+00
5.281386852264404297e+00
5.285506248474121094e+00
5.293535709381103516e+00
5.305491924285888672e+00
5.321390628814697266e+00
5.341248989105224609e+00
5.365084171295166016e+00
5.392912387847900391e+00
5.424749374389648438e+00
5.460613250732421875e+00
5.500519275665283203e+00
5.544485569000244141e+00
5.592526912689208984e+00
5.644661426544189453e+00
5.700905323028564453e+00
5.761274814605712891e+00
5.825786113739013672e+00
5.894457340240478516e+00
5.967303752899169922e+00
6.044342994689941406e+00
6.125590801239013672e+00
6.211063861846923828e+00
6.300779342651367188e+00
6.394753932952880859e+00
6.493003368377685547e+00
6.595544815063476562e+00
6.702394962310791016e+00
6.813570022583007812e+00
6.929087638854980469e+00
7.048962593078613281e+00
7.173213005065917969e+00
7.301855564117431641e+00
7.434906482696533203e+00
7.572381496429443359e+00
7.714281558990478516e+00
7.860537052154541016e+00
8.011062622070312500e+00
8.165775299072265625e+00
8.324585914611816406e+00
8.487410545349121094e+00
8.654163360595703125e+00
8.824760437011718750e+00
8.999114036560058594e+00
9.177139282226562500e+00
9.358752250671386719e+00
9.543865203857421875e+00
9.732394218444824219e+00
9.924252510070800781e+00
1.011935615539550781e+01
1.031761837005615234e+01
1.051895523071289062e+01
1.072327899932861328e+01
1.093050575256347656e+01
1.114054870605468750e+01
1.135332489013671875e+01
1.156874656677246094e+01
1.178672695159912109e+01
1.200718402862548828e+01
1.223003101348876953e+01
1.245518112182617188e+01
1.268255043029785156e+01
1.291205215454101562e+01
1.314360237121582031e+01
1.337711334228515625e+01
1.361250209808349609e+01
1.384968185424804688e+01
1.408856678009033203e+01
1.432907199859619141e+01
1.457111167907714844e+01
1.481459999084472656e+01
1.505945110321044922e+01
1.530558204650878906e+01
1.555290508270263672e+01
1.580133533477783203e+01
1.605078697204589844e+01
1.630117607116699219e+01
1.655241203308105469e+01
1.680441665649414062e+01
1.705710029602050781e+01
1.731037712097167969e+01
1.756416320800781250e+01
1.781837272644042969e+01
1.807291984558105469e+01
1.832771682739257812e+01
1.858267974853515625e+01
1.883770942687988281e+01
1.909270286560058594e+01
1.934756088256835938e+01
1.960218048095703125e+01
1.985646438598632812e+01
2.011030769348144531e+01
2.036361312866210938e+01
2.061627769470214844e+01
2.086820220947265625e+01
2.111928367614746094e+01
2.136942291259765625e+01
2.161851692199707031e+01
2.186646842956542969e+01
2.211317253112792969e+01
2.235853195190429688e+01
2.260244178771972656e+01
2.284480667114257812e+01
2.308552169799804688e+01
2.332448387145996094e+01
2.356159782409667969e+01
2.379676055908203125e+01
2.402987098693847656e+01
2.426082801818847656e+01
2.448953056335449219e+01
2.471587753295898438e+01
2.493976974487304688e+01
2.516110229492187500e+01
2.537978172302246094e+01
2.559570121765136719e+01
2.580875968933105469e+01
2.601885795593261719e+01
2.622589683532714844e+01
2.642977333068847656e+01
2.663038635253906250e+01
2.682763671875000000e+01
2.702142143249511719e+01
2.721164321899414062e+01
2.739819717407226562e+01
2.758098411560058594e+01
2.775990295410156250e+01
2.793485069274902344e+01
2.810573005676269531e+01
2.827244186401367188e+01
2.843487930297851562e+01
2.859294509887695312e+01
2.874653625488281250e+01
2.889555549621582031e+01
2.903989791870117188e+01
2.917946815490722656e+01
2.931417465209960938e+01
2.944400215148925781e+01
2.956894493103027344e+01
2.968900108337402344e+01
2.980416488647460938e+01
2.991443061828613281e+01
3.001980018615722656e+01
3.012026977539062500e+01
3.021582984924316406e+01
3.030647850036621094e+01
3.039221572875976562e+01
3.047303199768066406e+01
3.054892921447753906e+01
3.061990356445312500e+01
3.068594741821289062e+01
3.074705696105957031e+01
3.080323219299316406e+01
3.085446739196777344e+01
3.090075874328613281e+01
3.094210243225097656e+01
3.097849655151367188e+01
3.100993537902832031e+01
3.103641319274902344e+01
3.105792999267578125e+01
3.107448196411132812e+01
3.108606147766113281e+01
3.109267234802246094e+01
3.109430313110351562e+01
3.109095001220703125e+01
3.108261680603027344e+01
3.106929397583007812e+01
3.105097961425781250e+01
3.102766990661621094e+01
3.099935722351074219e+01
3.096604347229003906e+01
3.092772293090820312e+01
3.088439369201660156e+01
3.083604621887207031e+01
3.078268432617187500e+01
3.072429847717285156e+01
3.066088485717773438e+01
3.059244728088378906e+01
3.051897239685058594e+01
3.044046211242675781e+01
3.035691070556640625e+01
3.026831436157226562e+01
3.017467117309570312e+01
3.007597923278808594e+01
2.997222900390625000e+01
2.986342048645019531e+01
2.974956512451171875e+01
2.963075256347656250e+01
2.950708770751953125e+01
2.937866783142089844e+01
2.924560546875000000e+01
2.910800170898437500e+01
2.896595573425292969e+01
2.881957626342773438e+01
2.866897201538085938e+01
2.851424026489257812e+01
2.835548591613769531e+01
2.819281196594238281e+01
2.802632904052734375e+01
2.785613250732421875e+01
2.768233489990234375e+01
2.750503730773925781e+01
2.732434082031250000e+01
2.714035224914550781e+01
2.695317459106445312e+01
2.676291465759277344e+01
2.656967353820800781e+01
2.637355613708496094e+01
2.617466926574707031e+01
2.597311210632324219e+01
2.576899337768554688e+01
2.556241416931152344e+01
2.535348129272460938e+01
2.514229583740234375e+01
2.492896270751953125e+01
2.471358871459960938e+01
2.449627494812011719e+01
2.427712631225585938e+01
2.405624961853027344e+01
2.383374404907226562e+01
2.360971832275390625e+01
2.338427352905273438e+01
2.315751457214355469e+01
2.292954826354980469e+01
2.270047378540039062e+01
2.247039985656738281e+01
2.223942565917968750e+01
2.200766181945800781e+01
2.177520751953125000e+01
2.154216957092285156e+01
2.130864906311035156e+01
2.107475280761718750e+01
2.084058380126953125e+01
2.060624504089355469e+01
2.037184524536132812e+01
2.013748359680175781e+01
1.990326690673828125e+01
1.966930007934570312e+01
1.943568611145019531e+01
1.920252990722656250e+01
1.896993827819824219e+01
1.873801422119140625e+01
1.850686264038085938e+01
1.827658843994140625e+01
1.804729843139648438e+01
1.781909561157226562e+01
1.759208297729492188e+01
1.736637115478515625e+01
1.714205741882324219e+01
1.691925239562988281e+01
1.669805717468261719e+01
1.647858047485351562e+01
1.626092147827148438e+01
1.604519081115722656e+01
1.583149051666259766e+01
1.561992549896240234e+01
1.541060066223144531e+01
1.520362186431884766e+01
1.499909114837646484e+01
1.479711627960205078e+01
1.459780025482177734e+01
1.440124988555908203e+01
1.420756721496582031e+01
1.401685714721679688e+01
1.382922840118408203e+01
1.364478302001953125e+01
1.346362400054931641e+01
1.328585910797119141e+01
1.311159229278564453e+01
1.294092845916748047e+01
1.277397155761718750e+01
1.261082744598388672e+01
1.245160007476806641e+01
1.229639530181884766e+01
1.214531612396240234e+01
1.199846935272216797e+01
1.185595893859863281e+01
1.171788883209228516e+01
1.158436584472656250e+01
1.145549297332763672e+01
1.133137607574462891e+01
1.121211910247802734e+01
1.109782791137695312e+01
1.098860645294189453e+01
1.088455963134765625e+01
1.078579330444335938e+01
1.069239234924316406e+01
1.060437297821044922e+01
1.052173137664794922e+01
1.044446563720703125e+01
1.037257194519042969e+01
1.030604648590087891e+01
1.024488735198974609e+01
1.018908977508544922e+01
1.013865280151367188e+01
1.009357261657714844e+01
1.005384445190429688e+01
1.001946640014648438e+01
9.990436553955078125e+00
9.966750144958496094e+00
9.948404312133789062e+00
9.935396194458007812e+00
9.927722930908203125e+00
9.925380706787109375e+00
9.928367614746093750e+00
9.936678886413574219e+00
9.950313568115234375e+00
9.969265937805175781e+00
9.993535041809082031e+00
1.002311611175537109e+01
1.005800819396972656e+01
1.009820556640625000e+01
1.014370632171630859e+01
1.019450855255126953e+01
1.025060749053955078e+01
1.031200027465820312e+01
1.037868499755859375e+01
1.045065689086914062e+01
1.052791404724121094e+01
1.061045169830322266e+01
1.069826889038085938e+01
1.079136085510253906e+01
1.088972568511962891e+01
1.099335956573486328e+01
1.110225963592529297e+01
1.121642303466796875e+01
1.133584594726562500e+01
1.146052551269531250e+01
1.159045886993408203e+01
1.172564220428466797e+01
1.186607360839843750e+01
1.201174926757812500e+01
1.216266536712646484e+01
1.231881999969482422e+01
1.248021030426025391e+01
1.264683151245117188e+01
1.281866455078125000e+01
1.299561309814453125e+01
1.317756748199462891e+01
1.336441516876220703e+01
1.355604457855224609e+01
1.375234413146972656e+01
1.395320034027099609e+01
1.415850448608398438e+01
1.436814308166503906e+01
1.458200263977050781e+01
1.479997539520263672e+01
1.502194499969482422e+01
1.524780368804931641e+01
1.547743701934814453e+01
1.571073532104492188e+01
1.594758415222167969e+01
1.618787574768066406e+01
1.643149375915527344e+01
1.667832946777343750e+01
1.692827033996582031e+01
1.718120193481445312e+01
1.743701744079589844e+01
1.769560241699218750e+01
1.795684432983398438e+01
1.822063255310058594e+01
1.848685455322265625e+01
1.875539970397949219e+01
1.902615547180175781e+01
1.929900932312011719e+01
1.957385253906250000e+01
1.985057067871093750e+01
2.012905120849609375e+01
2.040918350219726562e+01
2.069085502624511719e+01
2.097395706176757812e+01
2.125837326049804688e+01
2.154399681091308594e+01
2.183071136474609375e+01
2.211840820312500000e+01
2.240697288513183594e+01
2.269629669189453125e+01
2.298626518249511719e+01
2.327676963806152344e+01
2.356769561767578125e+01
2.385893058776855469e+01
2.415036582946777344e+01
2.444188690185546875e+01
2.473338508605957031e+01
2.502474403381347656e+01
2.531585693359375000e+01
2.560660743713378906e+01
2.589689254760742188e+01
2.618660545349121094e+01
2.647563743591308594e+01
2.676387977600097656e+01
2.705123138427734375e+01
2.733757972717285156e+01
2.762282371520996094e+01
2.790684890747070312e+01
2.818955612182617188e+01
2.847083663940429688e+01
2.875058174133300781e+01
2.902868270874023438e+01
2.930503845214843750e+01
2.957953834533691406e+01
2.985207748413085938e+01
3.012254714965820312e+01
3.039084243774414062e+01
3.065685653686523438e+01
3.092048072814941406e+01
3.118161010742187500e+01
3.144013595581054688e+01
3.169595336914062500e+01
3.194895553588867188e+01
3.219903564453125000e+01
3.244608688354492188e+01
3.269000244140625000e+01
3.293067550659179688e+01
3.316799926757812500e+01
3.340186309814453125e+01
3.363216781616210938e+01
3.385880279541015625e+01
3.408165740966796875e+01
3.430063247680664062e+01
3.451561737060546875e+01
3.472650146484375000e+01
3.493318557739257812e+01
3.513555908203125000e+01
3.533351516723632812e+01
3.552694702148437500e+01
3.571574783325195312e+01
3.589981079101562500e+01
3.607902908325195312e+01
3.625329971313476562e+01
3.642251205444335938e+01
3.658655929565429688e+01
3.674533462524414062e+01
3.689873504638671875e+01
3.704664611816406250e+01
3.718896865844726562e+01
3.732561111450195312e+01
3.745656204223632812e+01
3.758182525634765625e+01
3.770141220092773438e+01
3.781532287597656250e+01
3.792357254028320312e+01
3.802615356445312500e+01
3.812308502197265625e+01
3.821436691284179688e+01
3.830001068115234375e+01
3.838001632690429688e+01
3.845439147949218750e+01
3.852314758300781250e+01
3.858628082275390625e+01
3.864381027221679688e+01
3.869573593139648438e+01
3.874205780029296875e+01
3.878279495239257812e+01
3.881794357299804688e+01
3.884751510620117188e+01
3.887151336669921875e+01
3.888994216918945312e+01
3.890282058715820312e+01
3.891013717651367188e+01
3.891190719604492188e+01
3.890813446044921875e+01
3.889883041381835938e+01
3.888399887084960938e+01
3.886364364624023438e+01
3.883777236938476562e+01
3.880639266967773438e+01
3.876950836181640625e+01
3.872712707519531250e+01
3.867925643920898438e+01
3.862590026855468750e+01
3.856706237792968750e+01
3.850275421142578125e+01
3.843298339843750000e+01
3.835775375366210938e+01
3.827706909179687500e+01
3.819093704223632812e+01
3.809936904907226562e+01
3.800236129760742188e+01
3.789992523193359375e+01
3.779207229614257812e+01
3.767880249023437500e+01
3.756012344360351562e+01
3.743603897094726562e+01
3.730656051635742188e+01
3.717169189453125000e+01
3.703145599365234375e+01
3.688593673706054688e+01
3.673523712158203125e+01
3.657946014404296875e+01
3.641870498657226562e+01
3.625308227539062500e+01
3.608268356323242188e+01
3.590761184692382812e+01
3.572797393798828125e+01
3.554387283325195312e+01
3.535540008544921875e+01
3.516267013549804688e+01
3.496577835083007812e+01
3.476482772827148438e+01
3.455992126464843750e+01
3.435116195678710938e+01
3.413864898681640625e+01
3.392248153686523438e+01
3.370276641845703125e+01
3.347961044311523438e+01
3.325310516357421875e+01
3.302335357666015625e+01
3.279046630859375000e+01
3.255453491210937500e+01
3.231567001342773438e+01
3.207397079467773438e+01
3.182953453063964844e+01
3.158246803283691406e+01
3.133287429809570312e+01
3.108085060119628906e+01
3.082650375366210938e+01
3.056992912292480469e+01
3.031123733520507812e+01
3.005052566528320312e+01
2.978789329528808594e+01
2.952344894409179688e+01
2.925728797912597656e+01
2.898951721191406250e+01
2.872023391723632812e+01
2.844954299926757812e+01
2.817754936218261719e+01
2.790434837341308594e+01
2.763004684448242188e+01
2.735474395751953125e+01
2.707854461669921875e+01
2.680154800415039062e+01
2.652385520935058594e+01
2.624557304382324219e+01
2.596679878234863281e+01
2.568763542175292969e+01
2.540818595886230469e+01
2.512855148315429688e+01
2.484883308410644531e+01
2.456912994384765625e+01
2.428954505920410156e+01
2.401017761230468750e+01
2.373113059997558594e+01
2.345250320434570312e+01
2.317439842224121094e+01
2.289691734313964844e+01
2.262015724182128906e+01
2.234422492980957031e+01
2.206921577453613281e+01
2.179523468017578125e+01
2.152238082885742188e+01
2.125075531005859375e+01
2.098046112060546875e+01
2.071159744262695312e+01
2.044426345825195312e+01
2.017856407165527344e+01
1.991459846496582031e+01
1.965246772766113281e+01
1.939227294921875000e+01
1.913411521911621094e+01
1.887809562683105469e+01
1.862431526184082031e+01
1.837287330627441406e+01
1.812387275695800781e+01
1.787741661071777344e+01
1.763360214233398438e+01
1.739253234863281250e+01
1.715430641174316406e+01
1.691902732849121094e+01
1.668679618835449219e+01
1.645771217346191406e+01
1.623187637329101562e+01
1.600939369201660156e+01
1.579036045074462891e+01
1.557487964630126953e+01
1.536305332183837891e+01
1.515498065948486328e+01
1.495076274871826172e+01
1.475050163269042969e+01
1.455429840087890625e+01
1.436225318908691406e+01
1.417446804046630859e+01
1.399104309082031250e+01
1.381207942962646484e+01
1.363767814636230469e+01
1.346794128417968750e+01
1.330295181274414062e+01
1.314272880554199219e+01
1.298727416992187500e+01
1.283658790588378906e+01
1.269067382812500000e+01
1.254953193664550781e+01
1.241316509246826172e+01
1.228157329559326172e+01
1.215476036071777344e+01
1.203272628784179688e+01
1.191547298431396484e+01
1.180300235748291016e+01
1.169531536102294922e+01
1.159241580963134766e+01
1.149430274963378906e+01
1.140097904205322266e+01
1.131244564056396484e+01
1.122870540618896484e+01
1.114975929260253906e+01
1.107560825347900391e+01
1.100625514984130859e+01
1.094170093536376953e+01
1.088194751739501953e+01
1.082699680328369141e+01
1.077684974670410156e+01
1.073150730133056641e+01
1.069097328186035156e+01
1.065524768829345703e+01
1.062433242797851562e+01
1.059822940826416016e+01
1.057694053649902344e+01
1.056046676635742188e+01
1.054880905151367188e+01
1.054197120666503906e+01
1.053995323181152344e+01
1.054275798797607422e+01
1.055038452148437500e+01
1.056283760070800781e+01
1.058011817932128906e+01
1.060222530364990234e+01
1.062916469573974609e+01
1.066093444824218750e+01
1.069753742218017578e+01
1.073897647857666016e+01
1.078525161743164062e+01
1.083636569976806641e+01
1.089231967926025391e+01
1.095311450958251953e+01
1.101875305175781250e+01
1.108923721313476562e+01
1.116455078125000000e+01
1.124462413787841797e+01
1.132936668395996094e+01
1.141869068145751953e+01
1.151250648498535156e+01
1.161072731018066406e+01
1.171326255798339844e+01
1.182002639770507812e+01
1.193092823028564453e+01
1.204587936401367188e+01
1.216479301452636719e+01
1.228758049011230469e+01
1.241415214538574219e+01
1.254442024230957031e+01
1.267829608917236328e+01
1.281569099426269531e+01
1.295651626586914062e+01
1.310068511962890625e+01
1.324810695648193359e+01
1.339869403839111328e+01
1.355235767364501953e+01
1.370901107788085938e+01
1.386856365203857422e+01
1.403092765808105469e+01
1.419601535797119141e+01
1.436373519897460938e+01
1.453400325775146484e+01
1.470672893524169922e+01
1.488182258605957031e+01
1.505919647216796875e+01
1.523876380920410156e+01
1.542043399810791016e+01
1.560411930084228516e+01
1.578973197937011719e+01
1.597718238830566406e+01
1.616638183593750000e+01
1.635724258422851562e+01
1.654967689514160156e+01
1.674359512329101562e+01
1.693890762329101562e+01
1.713552856445312500e+01
1.733336830139160156e+01
1.753233718872070312e+01
1.773234939575195312e+01
1.793331336975097656e+01
1.813514518737792969e+01
1.833774948120117188e+01
1.854104423522949219e+01
1.874493789672851562e+01
1.894934272766113281e+01
1.915416908264160156e+01
1.935933303833007812e+01
1.956474494934082031e+01
1.977031898498535156e+01
1.997597122192382812e+01
2.018161201477050781e+01
2.038715553283691406e+01
2.059251594543457031e+01
2.079760551452636719e+01
2.100233650207519531e+01
2.120662689208984375e+01
2.141038703918457031e+01
2.161352920532226562e+01
2.181596946716308594e+01
2.201762008666992188e+01
2.221839332580566406e+01
2.241820335388183594e+01
2.261696624755859375e+01
2.281459045410156250e+01
2.301099586486816406e+01
2.320608711242675781e+01
2.339978599548339844e+01
2.359200286865234375e+01
2.378264999389648438e+01
2.397163963317871094e+01
2.415888977050781250e+01
2.434431076049804688e+01
2.452781677246093750e+01
2.470931816101074219e+01
2.488873481750488281e+01
2.506597518920898438e+01
2.524095344543457031e+01
2.541358375549316406e+01
2.558378028869628906e+01
2.575145530700683594e+01
2.591652107238769531e+01
2.607889366149902344e+01
2.623848533630371094e+01
2.639520645141601562e+01
2.654897689819335938e+01
2.669970512390136719e+01
2.684730529785156250e+01
2.699169349670410156e+01
2.713278007507324219e+01
2.727048110961914062e+01
2.740470695495605469e+01
2.753537178039550781e+01
2.766238975524902344e+01
2.778567504882812500e+01
2.790514183044433594e+01
2.802071189880371094e+01
2.813237571716308594e+01
2.824012184143066406e+01
2.834394836425781250e+01
2.844385147094726562e+01
2.853982734680175781e+01
2.863187217712402344e+01
2.871998214721679688e+01
2.880414962768554688e+01
2.888436889648437500e+01
2.896064567565917969e+01
2.903296661376953125e+01
2.910132980346679688e+01
2.916573333740234375e+01
2.922616958618164062e+01
2.928263664245605469e+01
2.933512878417968750e+01
2.938364410400390625e+01
2.942817497253417969e+01
2.946871757507324219e+01
2.950527381896972656e+01
2.953783226013183594e+01
2.956638908386230469e+01
2.959094619750976562e+01
2.961149024963378906e+01
2.962802696228027344e+01
2.964054298400878906e+01
2.964904212951660156e+01
2.965351486206054688e+01
2.965395927429199219e+01
2.965036964416503906e+01
2.964274215698242188e+01
2.963107299804687500e+01
2.961535835266113281e+01
2.959559249877929688e+01
2.957177352905273438e+01
2.954389381408691406e+01
2.951195335388183594e+01
2.947594642639160156e+01
2.943586540222167969e+01
2.939171028137207031e+01
2.934347534179687500e+01
2.929115486145019531e+01
2.923474693298339844e+01
2.917425155639648438e+01
2.910965156555175781e+01
2.904095458984375000e+01
2.896815490722656250e+01
2.889124107360839844e+01
2.881021499633789062e+01
2.872508239746093750e+01
2.863590812683105469e+01
2.854276084899902344e+01
2.844571113586425781e+01
2.834483718872070312e+01
2.824020576477050781e+01
2.813189315795898438e+01
2.801996994018554688e+01
2.790451049804687500e+01
2.778558540344238281e+01
2.766326904296875000e+01
2.753763198852539062e+01
2.740874862670898438e+01
2.727669334411621094e+01
2.714153480529785156e+01
2.700334739685058594e+01
2.686220359802246094e+01
2.671817588806152344e+01
2.657133674621582031e+01
2.642175865173339844e+01
2.626951408386230469e+01
2.611467933654785156e+01
2.595731925964355469e+01
2.579751396179199219e+01
2.563533210754394531e+01
2.547084617614746094e+01
2.530413055419921875e+01
2.513525772094726562e+01
2.496429824829101562e+01
2.479132652282714844e+01
2.461641311645507812e+01
2.443963432312011719e+01
2.426105880737304688e+01
2.408076095581054688e+01
2.389881515502929688e+01
2.371529006958007812e+01
2.353026199340820312e+01
2.334379959106445312e+01
2.315597915649414062e+01
2.296687316894531250e+01
2.277655029296875000e+01
2.258508682250976562e+01
2.239255523681640625e+01
2.219902420043945312e+01
2.200457191467285156e+01
2.180926704406738281e+01
2.161318397521972656e+01
2.141639328002929688e+01
2.121896934509277344e+01
2.102098655700683594e+01
2.082251358032226562e+01
2.062362670898437500e+01
2.042439460754394531e+01
2.022489738464355469e+01
2.002520370483398438e+01
1.982538604736328125e+01
1.962552070617675781e+01
1.942567825317382812e+01
1.922593498229980469e+01
1.902636146545410156e+01
1.882703208923339844e+01
1.862801933288574219e+01
1.842939758300781250e+01
1.823123931884765625e+01
1.803361701965332031e+01
1.783660507202148438e+01
1.764027595520019531e+01
1.744470405578613281e+01
1.724995994567871094e+01
1.705612182617187500e+01
1.686325836181640625e+01
1.667144393920898438e+01
1.648075294494628906e+01
1.629125595092773438e+01
1.610302925109863281e+01
1.591614532470703125e+01
1.573067760467529297e+01
1.554669666290283203e+01
1.536427879333496094e+01
1.518349552154541016e+01
1.500442123413085938e+01
1.482712841033935547e+01
1.465169143676757812e+01
1.447818088531494141e+01
1.430667209625244141e+01
1.413723945617675781e+01
1.396995449066162109e+01
1.380488967895507812e+01
1.364211750030517578e+01
1.348171520233154297e+01
1.332375240325927734e+01
1.316830444335937500e+01
1.301544284820556641e+01
1.286524200439453125e+01
1.271777534484863281e+01
1.257311534881591797e+01
1.243133544921875000e+01
1.229250907897949219e+01
1.215670871734619141e+01
1.202400875091552734e+01
1.189447021484375000e+01
1.176811218261718750e+01
1.164493942260742188e+01
1.152496051788330078e+01
1.140818119049072266e+01
1.129460906982421875e+01
1.118424892425537109e+01
1.107710838317871094e+01
1.097319602966308594e+01
1.087251567840576172e+01
1.077507591247558594e+01
1.068088150024414062e+01
1.058994197845458984e+01
1.050226116180419922e+01
1.041784763336181641e+01
1.033670806884765625e+01
1.025884723663330078e+01
1.018427371978759766e+01
1.011299324035644531e+01
1.004501342773437500e+01
9.980339050292968750e+00
9.918979644775390625e+00
9.860939025878906250e+00
9.806225776672363281e+00
9.754846572875976562e+00
9.706807136535644531e+00
9.662115097045898438e+00
9.620775222778320312e+00
9.582796096801757812e+00
9.548184394836425781e+00
9.516945838928222656e+00
9.489088058471679688e+00
9.464616775512695312e+00
9.443539619445800781e+00
9.425862312316894531e+00
9.411592483520507812e+00
9.400735855102539062e+00
9.393300056457519531e+00
9.389290809631347656e+00
9.388715744018554688e+00
9.391580581665039062e+00
9.397892951965332031e+00
9.407659530639648438e+00
9.420886039733886719e+00
9.437580108642578125e+00
9.457747459411621094e+00
9.481396675109863281e+00
9.508531570434570312e+00
9.539161682128906250e+00
9.573290824890136719e+00
9.610918045043945312e+00
9.651993751525878906e+00
9.696461677551269531e+00
9.744263648986816406e+00
9.795341491699218750e+00
9.849637031555175781e+00
9.907093048095703125e+00
9.967653274536132812e+00
1.003125667572021484e+01
1.009784793853759766e+01
1.016736888885498047e+01
1.023976135253906250e+01
1.031496715545654297e+01
1.039292907714843750e+01
1.047358894348144531e+01
1.055688953399658203e+01
1.064277172088623047e+01
1.073117923736572266e+01
1.082205390930175781e+01
1.091533660888671875e+01
1.101097106933593750e+01
1.110890007019042969e+01
1.120906448364257812e+01
1.131140613555908203e+01
1.141586780548095703e+01
1.152239227294921875e+01
1.163092136383056641e+01
1.174139690399169922e+01
1.185376167297363281e+01
1.196795749664306641e+01
1.208392620086669922e+01
1.220161151885986328e+01
1.232095336914062500e+01
1.244189643859863281e+01
1.256438064575195312e+01
1.268834972381591797e+01
1.281374454498291016e+01
1.294050788879394531e+01
1.306858348846435547e+01
1.319791126251220703e+01
1.332843494415283203e+01
1.346009635925292969e+01
1.359283733367919922e+01
1.372659969329833984e+01
1.386132717132568359e+01
1.399696063995361328e+01
1.413344287872314453e+01
1.427071475982666016e+01
1.440872001647949219e+01
1.454740238189697266e+01
1.468669795989990234e+01
1.482655143737792969e+01
1.496689796447753906e+01
1.510767650604248047e+01
1.524882316589355469e+01
1.539027881622314453e+01
1.553197860717773438e+01
1.567386436462402344e+01
1.581587028503417969e+01
1.595793628692626953e+01
1.610000038146972656e+01
1.624200057983398438e+01
1.638387489318847656e+01
1.652556037902832031e+01
1.666699600219726562e+01
1.680812072753906250e+01
1.694887161254882812e+01
1.708918571472167969e+01
1.722900199890136719e+01
1.736825942993164062e+01
1.750689506530761719e+01
1.764484786987304688e+01
1.778205299377441406e+01
1.791845321655273438e+01
1.805398368835449219e+01
1.818858337402343750e+01
1.832218742370605469e+01
1.845473861694335938e+01
1.858617019653320312e+01
1.871642494201660156e+01
1.884543609619140625e+01
1.897314643859863281e+01
1.909949111938476562e+01
1.922441101074218750e+01
1.934783935546875000e+01
1.946971702575683594e+01
1.958998107910156250e+01
1.970857238769531250e+01
1.982542800903320312e+01
1.994048309326171875e+01
2.005367660522460938e+01
2.016494941711425781e+01
2.027423858642578125e+01
2.038147926330566406e+01
2.048661422729492188e+01
2.058957672119140625e+01
2.069030761718750000e+01
2.078874397277832031e+01
2.088482475280761719e+01
2.097848892211914062e+01
2.106967926025390625e+01
2.115837860107421875e+01
2.124457931518554688e+01
2.132826805114746094e+01
2.140943527221679688e+01
2.148807144165039062e+01
2.156416702270507812e+01
2.163770866394042969e+01
2.170868873596191406e+01
2.177709388732910156e+01
2.184291648864746094e+01
2.190614700317382812e+01
2.196677207946777344e+01
2.202478408813476562e+01
2.208017158508300781e+01
2.213292312622070312e+01
2.218302917480468750e+01
2.223048019409179688e+01
2.227526664733886719e+01
2.231737518310546875e+01
2.235679817199707031e+01
2.239352416992187500e+01
2.242754173278808594e+01
2.245884513854980469e+01
2.248741722106933594e+01
2.251325225830078125e+01
2.253633880615234375e+01
2.255666732788085938e+01
2.257422637939453125e+01
2.258900451660156250e+01
2.260099601745605469e+01
2.261018562316894531e+01
2.261656379699707031e+01
2.262012290954589844e+01
2.262085151672363281e+01
2.261873626708984375e+01
2.261376953125000000e+01
2.260594177246093750e+01
2.259524345397949219e+01
2.258166122436523438e+01
2.256518363952636719e+01
2.254580688476562500e+01
2.252351379394531250e+01
2.249829673767089844e+01
2.247014617919921875e+01
2.243905067443847656e+01
2.240499877929687500e+01
2.236798477172851562e+01
2.232799148559570312e+01
2.228501510620117188e+01
2.223905181884765625e+01
2.219013404846191406e+01
2.213830566406250000e+01
2.208361053466796875e+01
2.202609252929687500e+01
2.196579170227050781e+01
2.190275382995605469e+01
2.183702087402343750e+01
2.176863861083984375e+01
2.169764518737792969e+01
2.162408638000488281e+01
2.154800605773925781e+01
2.146944427490234375e+01
2.138844871520996094e+01
2.130505752563476562e+01
2.121931838989257812e+01
2.113126945495605469e+01
2.104095840454101562e+01
2.094842529296875000e+01
2.085371398925781250e+01
2.075686836242675781e+01
2.065793037414550781e+01
2.055694389343261719e+01
2.045395278930664062e+01
2.034899711608886719e+01
2.024212265014648438e+01
2.013337135314941406e+01
2.002278709411621094e+01
1.991041183471679688e+01
1.979628944396972656e+01
1.968046379089355469e+01
1.956297302246093750e+01
1.944386863708496094e+01
1.932318687438964844e+01
1.920097541809082031e+01
1.907727241516113281e+01
1.895212364196777344e+01
1.882557296752929688e+01
1.869766235351562500e+01
1.856843376159667969e+01
1.843793296813964844e+01
1.830620002746582031e+01
1.817328262329101562e+01
1.803921890258789062e+01
1.790405273437500000e+01
1.776782989501953125e+01
1.763059043884277344e+01
1.749238014221191406e+01
1.735324096679687500e+01
1.721321296691894531e+01
1.707234573364257812e+01
1.693068695068359375e+01
1.678828430175781250e+01
1.664519119262695312e+01
1.650145912170410156e+01
1.635713768005371094e+01
1.621227645874023438e+01
1.606692886352539062e+01
1.592114353179931641e+01
1.577497196197509766e+01
1.562846374511718750e+01
1.548167228698730469e+01
1.533464431762695312e+01
1.518743419647216797e+01
1.504009246826171875e+01
1.489266681671142578e+01
1.474520969390869141e+01
1.459777355194091797e+01
1.445040798187255859e+01
1.430316162109375000e+01
1.415608692169189453e+01
1.400923538208007812e+01
1.386265850067138672e+01
1.371640300750732422e+01
1.357052326202392578e+01
1.342506885528564453e+01
1.328008937835693359e+01
1.313563823699951172e+01
1.299176311492919922e+01
1.284851741790771484e+01
1.270594978332519531e+01
1.256411266326904297e+01
1.242305564880371094e+01
1.228282928466796875e+01
1.214348602294921875e+01
1.200507545471191406e+01
1.186764717102050781e+01
1.173125362396240234e+01
1.159594440460205078e+01
1.146177196502685547e+01
1.132878398895263672e+01
1.119703483581542969e+01
1.106657218933105469e+01
1.093744850158691406e+01
1.080971431732177734e+01
1.068342018127441406e+01
1.055861663818359375e+01
1.043535423278808594e+01
1.031368446350097656e+01
1.019365692138671875e+01
1.007531738281250000e+01
9.958683967590332031e+00
9.843772888183593750e+00
9.730592727661132812e+00
9.619160652160644531e+00
9.509488105773925781e+00
9.401588439941406250e+00
9.295475959777832031e+00
9.191162109375000000e+00
9.088662147521972656e+00
8.987988471984863281e+00
8.889153480529785156e+00
8.792172431945800781e+00
8.697056770324707031e+00
8.603819847106933594e+00
8.512476921081542969e+00
8.423038482666015625e+00
8.335518836975097656e+00
8.249933242797851562e+00
8.166292190551757812e+00
8.084609985351562500e+00
8.004899978637695312e+00
7.927174568176269531e+00
7.851448535919189453e+00
7.777734756469726562e+00
7.706045627593994141e+00
7.636394500732421875e+00
7.568795680999755859e+00
7.503261566162109375e+00
7.439805984497070312e+00
7.378441333770751953e+00
7.319181919097900391e+00
7.262039661407470703e+00
7.207029342651367188e+00
7.154163837432861328e+00
7.103455066680908203e+00
7.054917335510253906e+00
7.008564949035644531e+00
6.964409351348876953e+00
6.922464370727539062e+00
6.882744312286376953e+00
6.845260620117187500e+00
6.810027122497558594e+00
6.777058601379394531e+00
6.746366977691650391e+00
6.717965126037597656e+00
6.691867351531982422e+00
6.668086528778076172e+00
6.646635532379150391e+00
6.627527713775634766e+00
6.610769748687744141e+00
6.596339225769042969e+00
6.584207057952880859e+00
6.574345111846923828e+00
6.566722393035888672e+00
6.561311244964599609e+00
6.558082103729248047e+00
6.557006359100341797e+00
6.558053970336914062e+00
6.561196804046630859e+00
6.566404819488525391e+00
6.573649406433105469e+00
6.582901954650878906e+00
6.594133377075195312e+00
6.607313632965087891e+00
6.622414112091064453e+00
6.639405250549316406e+00
6.658258914947509766e+00
6.678945541381835938e+00
6.701436042785644531e+00
6.725700855255126953e+00
6.751712322235107422e+00
6.779439449310302734e+00
6.808854103088378906e+00
6.839927673339843750e+00
6.872630596160888672e+00
6.906932830810546875e+00
6.942807674407958984e+00
6.980223655700683594e+00
7.019152641296386719e+00
7.059564590454101562e+00
7.101432800292968750e+00
7.144725799560546875e+00
7.189415454864501953e+00
7.235472202301025391e+00
7.282867908477783203e+00
7.331572532653808594e+00
7.381557464599609375e+00
7.432793140411376953e+00
7.485251426696777344e+00
7.538902282714843750e+00
7.593717098236083984e+00
7.649666786193847656e+00
7.706720829010009766e+00
7.764852523803710938e+00
7.824031352996826172e+00
7.884228706359863281e+00
7.945415496826171875e+00
8.007561683654785156e+00
8.070639610290527344e+00
8.134617805480957031e+00
8.199459075927734375e+00
8.265124320983886719e+00
8.331574440002441406e+00
8.398772239685058594e+00
8.466677665710449219e+00
8.535251617431640625e+00
8.604455947875976562e+00
8.674250602722167969e+00
8.744599342346191406e+00
8.815460205078125000e+00
8.886795997619628906e+00
8.958567619323730469e+00
9.030736923217773438e+00
9.103263854980468750e+00
9.176110267639160156e+00
9.249238014221191406e+00
9.322607040405273438e+00
9.396178245544433594e+00
9.469913482666015625e+00
9.543774604797363281e+00
9.617721557617187500e+00
9.691717147827148438e+00
9.765719413757324219e+00
9.839693069458007812e+00
9.913597106933593750e+00
9.987393379211425781e+00
1.006104278564453125e+01
1.013450622558593750e+01
1.020774650573730469e+01
1.028072357177734375e+01
1.035339736938476562e+01
1.042573070526123047e+01
1.049768447875976562e+01
1.056921958923339844e+01
1.064029693603515625e+01
1.071087932586669922e+01
1.078092479705810547e+01
1.085039806365966797e+01
1.091925716400146484e+01
1.098746585845947266e+01
1.105498313903808594e+01
1.112177181243896484e+01
1.118779182434082031e+01
1.125300502777099609e+01
1.131737232208251953e+01
1.138085556030273438e+01
1.144341468811035156e+01
1.150501155853271484e+01
1.156560802459716797e+01
1.162516784667968750e+01
1.168367481231689453e+01
1.174111557006835938e+01
1.179747581481933594e+01
1.185274314880371094e+01
1.190690422058105469e+01
1.195994567871093750e+01
1.201185417175292969e+01
1.206261634826660156e+01
1.211221981048583984e+01
1.216064929962158203e+01
1.220789432525634766e+01
1.225393867492675781e+01
1.229877090454101562e+01
1.234237766265869141e+01
1.238474559783935547e+01
1.242585945129394531e+01
1.246570968627929688e+01
1.250428009033203125e+01
1.254155826568603516e+01
1.257753086090087891e+01
1.261218452453613281e+01
1.264550685882568359e+01
1.267748451232910156e+01
1.270810317993164062e+01
1.273734951019287109e+01
1.276521015167236328e+01
1.279167270660400391e+01
1.281672477722167969e+01
1.284035110473632812e+01
1.286253929138183594e+01
1.288327693939208984e+01
1.290254878997802734e+01
1.292034244537353516e+01
1.293664455413818359e+01
1.295144367218017578e+01
1.296472358703613281e+01
1.297647285461425781e+01
1.298667812347412109e+01
1.299532508850097656e+01
1.300240135192871094e+01
1.300789356231689453e+01
1.301178836822509766e+01
1.301407241821289062e+01
1.301473236083984375e+01
1.301375484466552734e+01
1.301112747192382812e+01
1.300683498382568359e+01
1.300086688995361328e+01
1.299320697784423828e+01
1.298384952545166016e+01
1.297280693054199219e+01
1.296010017395019531e+01
1.294574642181396484e+01
1.292976474761962891e+01
1.291217517852783203e+01
1.289299583435058594e+01
1.287224674224853516e+01
1.284994602203369141e+01
1.282611465454101562e+01
1.280076885223388672e+01
1.277393054962158203e+01
1.274561595916748047e+01
1.271584606170654297e+01
1.268464088439941406e+01
1.265201663970947266e+01
1.261799430847167969e+01
1.258259201049804688e+01
1.254582977294921875e+01
1.250772666931152344e+01
1.246830081939697266e+01
1.242757225036621094e+01
1.238555908203125000e+01
1.234228134155273438e+01
1.229775619506835938e+01
1.225200557708740234e+01
1.220504665374755859e+01
1.215689945220947266e+01
1.210758209228515625e+01
1.205711364746093750e+01
1.200551509857177734e+01
1.195280361175537109e+01
1.189899730682373047e+01
1.184411811828613281e+01
1.178818321228027344e+01
1.173121166229248047e+01
1.167322349548339844e+01
1.161423778533935547e+01
1.155427265167236328e+01
1.149334716796875000e+01
1.143148136138916016e+01
1.136869335174560547e+01
1.130500316619873047e+01
1.124042892456054688e+01
1.117499065399169922e+01
1.110870647430419922e+01
1.104159641265869141e+01
1.097367763519287109e+01
1.090497207641601562e+01
1.083549690246582031e+01
1.076527309417724609e+01
1.069432830810546875e+01
1.062269115447998047e+01
1.055039024353027344e+01
1.047745609283447266e+01
1.040391731262207031e+01
1.032980155944824219e+01
1.025513935089111328e+01
1.017995929718017578e+01
1.010429000854492188e+01
1.002816009521484375e+01
9.951599121093750000e+00
9.874636650085449219e+00
9.797301292419433594e+00
9.719621658325195312e+00
9.641628265380859375e+00
9.563346862792968750e+00
9.484809875488281250e+00
9.406044960021972656e+00
9.327080726623535156e+00
9.247946739196777344e+00
9.168671607971191406e+00
9.089284896850585938e+00
9.009815216064453125e+00
8.930292129516601562e+00
8.850744247436523438e+00
8.771200180053710938e+00
8.691689491271972656e+00
8.612239837646484375e+00
8.532882690429687500e+00
8.453645706176757812e+00
8.374557495117187500e+00
8.295648574829101562e+00
8.216946601867675781e+00
8.138480186462402344e+00
8.060278892517089844e+00
7.982372760772705078e+00
7.904788970947265625e+00
7.827558517456054688e+00
7.750708580017089844e+00
7.674269676208496094e+00
7.598269939422607422e+00
7.522738933563232422e+00
7.447704792022705078e+00
7.373197078704833984e+00
7.299245357513427734e+00
7.225877285003662109e+00
7.153122901916503906e+00
7.081010818481445312e+00
7.009570598602294922e+00
6.938827514648437500e+00
6.868797779083251953e+00
6.799492359161376953e+00
6.730923175811767578e+00
6.663102626800537109e+00
6.596042633056640625e+00
6.529755115509033203e+00
6.464252948760986328e+00
6.399547100067138672e+00
6.335649490356445312e+00
6.272573947906494141e+00
6.210330009460449219e+00
6.148931503295898438e+00
6.088389396667480469e+00
6.028716564178466797e+00
5.969924449920654297e+00
5.912025451660156250e+00
5.855031490325927734e+00
5.798954010009765625e+00
5.743805885314941406e+00
5.689598560333251953e+00
5.636344909667968750e+00
5.584055900573730469e+00
5.532744407653808594e+00
5.482421398162841797e+00
5.433099746704101562e+00
5.384791851043701172e+00
5.337509155273437500e+00
5.291263580322265625e+00
5.246067047119140625e+00
5.201931953430175781e+00
5.158870220184326172e+00
5.116893768310546875e+00
5.076014995574951172e+00
5.036245822906494141e+00
4.997597694396972656e+00
4.960083484649658203e+00
4.923714637756347656e+00
4.888503074645996094e+00
4.854461669921875000e+00
4.821601390838623047e+00
4.789935111999511719e+00
4.759474277496337891e+00
4.730231285095214844e+00
4.702217578887939453e+00
4.675446033477783203e+00
4.649928569793701172e+00
4.625676155090332031e+00
4.602702140808105469e+00
4.581017971038818359e+00
4.560631752014160156e+00
4.541534900665283203e+00
4.523715496063232422e+00
4.507161617279052734e+00
4.491860389709472656e+00
4.477800369262695312e+00
4.464968681335449219e+00
4.453352928161621094e+00
4.442941665649414062e+00
4.433722019195556641e+00
4.425682544708251953e+00
4.418809413909912109e+00
4.413092136383056641e+00
4.408517837524414062e+00
4.405073642730712891e+00
4.402748584747314453e+00
4.401529788970947266e+00
4.401404380798339844e+00
4.402360916137695312e+00
4.404387474060058594e+00
4.407470703125000000e+00
4.411599636077880859e+00
4.416760921478271484e+00
4.422943115234375000e+00
4.430133819580078125e+00
4.438320159912109375e+00
4.447490692138671875e+00
4.457633018493652344e+00
4.468735218048095703e+00
4.480783939361572266e+00
4.493768692016601562e+00
4.507675170898437500e+00
4.522492408752441406e+00
4.538208484649658203e+00
4.554810523986816406e+00
4.572286128997802734e+00
4.590623855590820312e+00
4.609810829162597656e+00
4.629834651947021484e+00
4.650683879852294922e+00
4.672345638275146484e+00
4.694807529449462891e+00
4.718058586120605469e+00
4.742084980010986328e+00
4.766875743865966797e+00
4.792417049407958984e+00
4.818698406219482422e+00
4.845706939697265625e+00
4.873430728912353516e+00
4.901856422424316406e+00
4.930971622467041016e+00
4.960755348205566406e+00
4.991186618804931641e+00
5.022243022918701172e+00
5.053903579711914062e+00
5.086146831512451172e+00
5.118951320648193359e+00
5.152294158935546875e+00
5.186155319213867188e+00
5.220512390136718750e+00
5.255343914031982422e+00
5.290628433227539062e+00
5.326344013214111328e+00
5.362469673156738281e+00
5.398983001708984375e+00
5.435863018035888672e+00
5.473087787628173828e+00
5.510635852813720703e+00
5.548486232757568359e+00
5.586615562438964844e+00
5.625004291534423828e+00
5.663630008697509766e+00
5.702470779418945312e+00
5.741505146026611328e+00
5.780711650848388672e+00
5.820069313049316406e+00
5.859555244445800781e+00
5.899148464202880859e+00
5.938827991485595703e+00
5.978571414947509766e+00
6.018357276916503906e+00
6.058163642883300781e+00
6.097970008850097656e+00
6.137754440307617188e+00
6.177494525909423828e+00
6.217168807983398438e+00
6.256756782531738281e+00
6.296235561370849609e+00
6.335584640502929688e+00
6.374781608581542969e+00
6.413805484771728516e+00
6.452634334564208984e+00
6.491246223449707031e+00
6.529620170593261719e+00
6.567734241485595703e+00
6.605566501617431641e+00
6.643096446990966797e+00
6.680301666259765625e+00
6.717160701751708984e+00
6.753651618957519531e+00
6.789755344390869141e+00
6.825458526611328125e+00
6.860750675201416016e+00
6.895620346069335938e+00
6.930057525634765625e+00
6.964051246643066406e+00
6.997589111328125000e+00
7.030661582946777344e+00
7.063257217407226562e+00
7.095365047454833984e+00
7.126974105834960938e+00
7.158074378967285156e+00
7.188653945922851562e+00
7.218702793121337891e+00
7.248209476470947266e+00
7.277162075042724609e+00
7.305551052093505859e+00
7.333365917205810547e+00
7.360593795776367188e+00
7.387225627899169922e+00
7.413249015808105469e+00
7.438654422760009766e+00
7.463429927825927734e+00
7.487565994262695312e+00
7.511049747467041016e+00
7.533871650695800781e+00
7.556019783020019531e+00
7.577484607696533203e+00
7.598254680633544922e+00
7.618317604064941406e+00
7.637664318084716797e+00
7.656282901763916016e+00
7.674163341522216797e+00
7.691293716430664062e+00
7.707664489746093750e+00
7.723263263702392578e+00
7.738079547882080078e+00
7.752102375030517578e+00
7.765321254730224609e+00
7.777725696563720703e+00
7.789303302764892578e+00
7.800044059753417969e+00
7.809937477111816406e+00
7.818971633911132812e+00
7.827136516571044922e+00
7.834420680999755859e+00
7.840813159942626953e+00
7.846303462982177734e+00
7.850880622863769531e+00
7.854532718658447266e+00
7.857253551483154297e+00
7.859045505523681641e+00
7.859916687011718750e+00
7.859872817993164062e+00
7.858922004699707031e+00
7.857069969177246094e+00
7.854324340820312500e+00
7.850692272186279297e+00
7.846179485321044922e+00
7.840794563293457031e+00
7.834542274475097656e+00
7.827432155609130859e+00
7.819468975067138672e+00
7.810660362243652344e+00
7.801012992858886719e+00
7.790534496307373047e+00
7.779230594635009766e+00
7.767109394073486328e+00
7.754176616668701172e+00
7.740440368652343750e+00
7.725906848907470703e+00
7.710582733154296875e+00
7.694475173950195312e+00
7.677591323852539062e+00
7.659939289093017578e+00
7.641522884368896484e+00
7.622351646423339844e+00
7.602431297302246094e+00
7.581768512725830078e+00
7.560371398925781250e+00
7.538245677947998047e+00
7.515398979187011719e+00
7.491837501525878906e+00
7.467568874359130859e+00
7.442600250244140625e+00
7.416937351226806641e+00
7.390587806701660156e+00
7.363558769226074219e+00
7.335855960845947266e+00
7.307487964630126953e+00
7.278460025787353516e+00
7.248780250549316406e+00
7.218455314636230469e+00
7.187492370605468750e+00
7.155897617340087891e+00
7.123677253723144531e+00
7.090840339660644531e+00
7.057392597198486328e+00
7.023340225219726562e+00
6.988691329956054688e+00
6.953453063964843750e+00
6.917640686035156250e+00
6.881268978118896484e+00
6.844353199005126953e+00
6.806910037994384766e+00
6.768953800201416016e+00
6.730500221252441406e+00
6.691564559936523438e+00
6.652163505554199219e+00
6.612310886383056641e+00
6.572023391723632812e+00
6.531315803527832031e+00
6.490203857421875000e+00
6.448703289031982422e+00
6.406829357147216797e+00
6.364597320556640625e+00
6.322022914886474609e+00
6.279121398925781250e+00
6.235908985137939453e+00
6.192399978637695312e+00
6.148610591888427734e+00
6.104556560516357422e+00
6.060252666473388672e+00
6.015714645385742188e+00
5.970958709716796875e+00
5.925999164581298828e+00
5.880852222442626953e+00
5.835533142089843750e+00
5.790057182312011719e+00
5.744440078735351562e+00
5.698697566986083984e+00
5.652845382690429688e+00
5.606897354125976562e+00
5.560871124267578125e+00
5.514780521392822266e+00
5.468641757965087891e+00
5.422470092773437500e+00
5.376281738281250000e+00
5.330090999603271484e+00
5.283914566040039062e+00
5.237766742706298828e+00
5.191663265228271484e+00
5.145620346069335938e+00
5.099652767181396484e+00
5.053777217864990234e+00
5.008007049560546875e+00
4.962359428405761719e+00
4.916849613189697266e+00
4.871492385864257812e+00
4.826303958892822266e+00
4.781298637390136719e+00
4.736485958099365234e+00
4.691876888275146484e+00
4.647480010986328125e+00
4.603305339813232422e+00
4.559361457824707031e+00
4.515658855438232422e+00
4.472206592559814453e+00
4.429013729095458984e+00
4.386090278625488281e+00
4.343445777893066406e+00
4.301089286804199219e+00
4.259030342102050781e+00
4.217278957366943359e+00
4.175843715667724609e+00
4.134735107421875000e+00
4.093961715698242188e+00
4.053533554077148438e+00
4.013459682464599609e+00
3.973750352859497070e+00
3.934414148330688477e+00
3.895460844039916992e+00
3.856900215148925781e+00
3.818741083145141602e+00
3.780993700027465820e+00
3.743667364120483398e+00
3.706771135330200195e+00
3.670314550399780273e+00
3.634307384490966797e+00
3.598759174346923828e+00
3.563678979873657227e+00
3.529076576232910156e+00
3.494961500167846680e+00
3.461342811584472656e+00
3.428230524063110352e+00
3.395633935928344727e+00
3.363562107086181641e+00
3.332025051116943359e+00
3.301032066345214844e+00
3.270592451095581055e+00
3.240715980529785156e+00
3.211411952972412109e+00
3.182689905166625977e+00
3.154559373855590820e+00
3.127029418945312500e+00
3.100110054016113281e+00
3.073810577392578125e+00
3.048140287399291992e+00
3.023108959197998047e+00
2.998725891113281250e+00
2.974998235702514648e+00
2.951925277709960938e+00
2.929504156112670898e+00
2.907731056213378906e+00
2.886603116989135742e+00
2.866117000579833984e+00
2.846270084381103516e+00
2.827058792114257812e+00
2.808480262756347656e+00
2.790530920028686523e+00
2.773207902908325195e+00
2.756508111953735352e+00
2.740428447723388672e+00
2.724965572357177734e+00
2.710116147994995117e+00
2.695877552032470703e+00
2.682246208190917969e+00
2.669219493865966797e+00
2.656793594360351562e+00
2.644965648651123047e+00
2.633732557296752930e+00
2.623091459274291992e+00
2.613038539886474609e+00
2.603571176528930664e+00
2.594686031341552734e+00
2.586380004882812500e+00
2.578649997711181641e+00
2.571492671966552734e+00
2.564905166625976562e+00
2.558884143829345703e+00
2.553426504135131836e+00
2.548528909683227539e+00
2.544188737869262695e+00
2.540402173995971680e+00
2.537166595458984375e+00
2.534478664398193359e+00
2.532335281372070312e+00
2.530733346939086914e+00
2.529669284820556641e+00
2.529140710830688477e+00
2.529143571853637695e+00
2.529675483703613281e+00
2.530733108520507812e+00
2.532313108444213867e+00
2.534412384033203125e+00
2.537028074264526367e+00
2.540156602859497070e+00
2.543794870376586914e+00
2.547940254211425781e+00
2.552589178085327148e+00
2.557737350463867188e+00
2.563375234603881836e+00
2.569493055343627930e+00
2.576079607009887695e+00
2.583124876022338867e+00
2.590618133544921875e+00
2.598549365997314453e+00
2.606907367706298828e+00
2.615682363510131836e+00
2.624863624572753906e+00
2.634440660476684570e+00
2.644402742385864258e+00
2.654739856719970703e+00
2.665441274642944336e+00
2.676496744155883789e+00
2.687895536422729492e+00
2.699627161026000977e+00
2.711681604385375977e+00
2.724047899246215820e+00
2.736715793609619141e+00
2.749674797058105469e+00
2.762914419174194336e+00
2.776424169540405273e+00
2.790193557739257812e+00
2.804212093353271484e+00
2.818469762802124023e+00
2.832955360412597656e+00
2.847658634185791016e+00
2.862569570541381836e+00
2.877677440643310547e+00
2.892971515655517578e+00
2.908441543579101562e+00
2.924077033996582031e+00
2.939867496490478516e+00
2.955802679061889648e+00
2.971871852874755859e+00
2.988064527511596680e+00
3.004370450973510742e+00
3.020778894424438477e+00
3.037279605865478516e+00
3.053862094879150391e+00
3.070515871047973633e+00
3.087230443954467773e+00
3.103995084762573242e+00
3.120799541473388672e+00
3.137633800506591797e+00
3.154486656188964844e+00
3.171348094940185547e+00
3.188207387924194336e+00
3.205054283142089844e+00
3.221878528594970703e+00
3.238672494888305664e+00
3.255428552627563477e+00
3.272139072418212891e+00
3.288796424865722656e+00
3.305393695831298828e+00
3.321923017501831055e+00
3.338376760482788086e+00
3.354747295379638672e+00
3.371027708053588867e+00
3.387210130691528320e+00
3.403287410736083984e+00
3.419251203536987305e+00
3.435095071792602539e+00
3.450810909271240234e+00
3.466391324996948242e+00
3.481828451156616211e+00
3.497115612030029297e+00
3.512244701385498047e+00
3.527208566665649414e+00
3.541999340057373047e+00
3.556609869003295898e+00
3.571032285690307617e+00
3.585259437561035156e+00
3.599283695220947266e+00
3.613097429275512695e+00
3.626693725585937500e+00
3.640064477920532227e+00
3.653202295303344727e+00
3.666099548339843750e+00
3.678748846054077148e+00
3.691143035888671875e+00
3.703274488449096680e+00
3.715135335922241211e+00
3.726718664169311523e+00
3.738016366958618164e+00
3.749021053314208984e+00
3.759725809097290039e+00
3.770122289657592773e+00
3.780203819274902344e+00
3.789962530136108398e+00
3.799390792846679688e+00
3.808481216430664062e+00
3.817226171493530273e+00
3.825618505477905273e+00
3.833650350570678711e+00
3.841314792633056641e+00
3.848603248596191406e+00
3.855509519577026367e+00
3.862025260925292969e+00
3.868144750595092773e+00
3.873867034912109375e+00
3.879193782806396484e+00
3.884125471115112305e+00
3.888663053512573242e+00
3.892807960510253906e+00
3.896560668945312500e+00
3.899922370910644531e+00
3.902894258499145508e+00
3.905476331710815430e+00
3.907670736312866211e+00
3.909477710723876953e+00
3.910898685455322266e+00
3.911933898925781250e+00
3.912585258483886719e+00
3.912852764129638672e+00
3.912738323211669922e+00
3.912242412567138672e+00
3.911365985870361328e+00
3.910109758377075195e+00
3.908475160598754883e+00
3.906462907791137695e+00
3.904074192047119141e+00
3.901309490203857422e+00
3.898170471191406250e+00
3.894657373428344727e+00
3.890771389007568359e+00
3.886513948440551758e+00
3.881885528564453125e+00
3.876887083053588867e+00
3.871519804000854492e+00
3.865784406661987305e+00
3.859682321548461914e+00
3.853213787078857422e+00
3.846380472183227539e+00
3.839182853698730469e+00
3.831622362136840820e+00
3.823699235916137695e+00
3.815415382385253906e+00
3.806770801544189453e+00
3.797766923904418945e+00
3.788404941558837891e+00
3.778685092926025391e+00
3.768609285354614258e+00
3.758177995681762695e+00
3.747391939163208008e+00
3.736252307891845703e+00
3.724760532379150391e+00
3.712916612625122070e+00
3.700722455978393555e+00
3.688179254531860352e+00
3.675293684005737305e+00
3.662071943283081055e+00
3.648521900177001953e+00
3.634650230407714844e+00
3.620463371276855469e+00
3.605969190597534180e+00
3.591174125671386719e+00
3.576085090637207031e+00
3.560709476470947266e+00
3.545053958892822266e+00
3.529126167297363281e+00
3.512931823730468750e+00
3.496479511260986328e+00
3.479774951934814453e+00
3.462825775146484375e+00
3.445638418197631836e+00
3.428220987319946289e+00
3.410578966140747070e+00
3.392720460891723633e+00
3.374652385711669922e+00
3.356381177902221680e+00
3.337914228439331055e+00
3.319258451461791992e+00
3.300420999526977539e+00
3.281408309936523438e+00
3.262228012084960938e+00
3.242886781692504883e+00
3.223391771316528320e+00
3.203749895095825195e+00
3.183968067169189453e+00
3.164053201675415039e+00
3.144012689590454102e+00
3.123853206634521484e+00
3.103581905364990234e+00
3.083205461502075195e+00
3.062731266021728516e+00
3.042166233062744141e+00
3.021517038345336914e+00
3.000791072845458984e+00
2.979995250701904297e+00
2.959136247634887695e+00
2.938221454620361328e+00
2.917257785797119141e+00
2.896251916885375977e+00
2.875211238861083984e+00
2.854142427444458008e+00
2.833052635192871094e+00
2.811949014663696289e+00
2.790838479995727539e+00
