# mu
-inf
3.325876564464827112e+01
3.477872968031570622e+01
3.567376500425371688e+01
3.631280762320342603e+01
3.681148134477597011e+01
3.722129064682722088e+01
3.756971166167827647e+01
3.787314692620165602e+01
3.814217789085682142e+01
3.838403077370379179e+01
3.860386086006695905e+01
3.880547560951663399e+01
3.899176732796544798e+01
3.916498503836772471e+01
3.932691232855786723e+01
3.947898768460772345e+01
3.962238828003097524e+01
3.975808977959440682e+01
3.988690995285173813e+01
4.000954108816910804e+01
4.012657449052881020e+01
4.023851927555070063e+01
4.034581698276849693e+01
4.044885307687648890e+01
4.054796609991527845e+01
4.064345502767187668e+01
4.073558523726060088e+01
4.082459338915459313e+01
4.091069145238051874e+01
4.099407004727136439e+01
4.107490124011479793e+01
4.115334089415922136e+01
4.122953065892473035e+01
4.130359966263149829e+01
4.137566595939978953e+01
4.144583777268462654e+01
4.151421456845227453e+01
4.158088798534770092e+01
4.164594264414562019e+01
4.170945685482531928e+01
4.177150323643847685e+01
4.183214926237924658e+01
4.189145774158869528e+01
4.194948724452989808e+01
4.200629248138007910e+01
4.206192463873988174e+01
4.211643168021140582e+01
4.216985861540771907e+01
4.222224774129816183e+01
4.227363885924096820e+01
4.232406947059078561e+01
4.237357495337566604e+01
4.242218872220551873e+01
4.246994237329143118e+01
4.251686581621343919e+01
4.256298739386809160e+01
4.260833399184967618e+01
4.265293113836644068e+01
4.269680309566133047e+01
4.273997294379260126e+01
4.278246265753096367e+01
4.282429317704360017e+01
4.286548447296045339e+01
4.290605560635249560e+01
4.294602478409429125e+01
4.298540941003270177e+01
4.302422613233910909e+01
4.306249088738354658e+01
4.310021894043454438e+01
4.313742492345778601e+01
4.317412287025976525e+01
4.321032624919845233e+01
4.324604799366150587e+01
4.328130053049367376e+01
4.331609580653775993e+01
4.335044531343845620e+01
4.338436011084471033e+01
4.341785084813382412e+01
4.345092778476997353e+01
4.348360080939933425e+01
4.351587945777578881e+01
4.354777292960241653e+01
4.357929010436747319e+01
4.361043955624646884e+01
4.364122956813613996e+01
4.367166814488098225e+01
4.370176302574783023e+01
4.373152169619960716e+01
4.376095139901552500e+01
4.379005914480098482e+01
4.381885172192748001e+01
4.384733570593941465e+01
4.387551746846214940e+01
4.390340318564294364e+01
4.393099884615421047e+01
4.395831025878618448e+01
4.398534305965446123e+01
4.401210271904555782e+01
4.403859454792261374e+01
4.406482370411123384e+01
4.409079519818445903e+01
4.411651389906444365e+01
4.414198453935712507e+01
4.416721172043526167e+01
4.419219991728400743e+01
4.421695348312240981e+01
4.424147665381322270e+01
4.426577355207271580e+01
4.428984819149138730e+01
4.431370448037573340e+01
4.433734622542063164e+01
4.436077713522147548e+01
4.438400082363420296e+01
4.440702081299133397e+01
4.442984053718134163e+01
4.445246334459839943e+01
4.447489250096894864e+01
4.449713119206143119e+01
4.451918252628483685e+01
4.454104953718159976e+01
4.456273518582010951e+01
4.458424236309149080e+01
4.460557389191546918e+01
4.462673252935946522e+01
4.464772096867514506e+01
4.466854184125625693e+01
4.468919771852137046e+01
4.470969111372504301e+01
4.473002448370058204e+01
4.475020023053768625e+01
4.477022070319769398e+01
4.479008819906930938e+01
4.480980496546750658e+01
4.482937320107798485e+01
4.484879505734963345e+01
4.486807263983726557e+01
4.488720800949659662e+01
4.490620318393379762e+01
4.492506013861122938e+01
4.494378080801143227e+01
4.496236708676094906e+01
4.498082083071577841e+01
4.499914385800990146e+01
4.501733795006852290e+01
4.503540485258733383e+01
4.505334627647923185e+01
4.507116389878977714e+01
4.508885936358262825e+01
4.510643428279615819e+01
4.512389023707230962e+01
4.514122877655884025e+01
4.515845142168596738e+01
4.517555966391835653e+01
4.519255496648345627e+01
4.520943876507697468e+01
4.522621246854647836e+01
4.524287745955383855e+01
4.525943509521729879e+01
4.527588670773405966e+01
4.529223360498384920e+01
4.530847707111441025e+01
4.532461836710943714e+01
4.534065873133952351e+01
4.535659938009696646e+01
4.537244150811469012e+01
4.538818628907010577e+01
4.540383487607431334e+01
4.541938840214712059e+01
4.543484798067848374e+01
4.545021470587678891e+01
4.546548965320435798e+01
4.548067387980067622e+01
4.549576842489381079e+01
4.551077431020027575e+01
4.552569254031385526e+01
4.554052410308368337e+01
4.555526996998196410e+01
4.556993109646167994e+01
4.558450842230453759e+01
4.559900287195961965e+01
4.561341535487287047e+01
4.562774676580785638e+01
4.564199798515792850e+01
4.565616987925027814e+01
4.567026330064186368e+01
4.568427908840772034e+01
4.569821806842170986e+01
4.571208105363005103e+01
4.572586884431783005e+01
4.573958222836863996e+01
4.575322198151768305e+01
4.576678886759840736e+01
4.578028363878294726e+01
4.579370703581658830e+01
4.580705978824629199e+01
4.582034261464364988e+01
4.583355622282225994e+01
4.584670131004978799e+01
4.585977856325488489e+01
4.587278865922898063e+01
4.588573226482330369e+01
4.589861003714104015e+01
4.591142262372500227e+01
4.592417066274070692e+01
4.593685478315521209e+01
4.594947560491161909e+01
4.596203373909958856e+01
4.597452978812175672e+01
4.598696434585632886e+01
4.599933799781588561e+01
4.601165132130256552e+01
4.602390488555958825e+01
4.603609925191939567e+01
4.604823497394839649e+01
4.606031259758840690e+01
4.607233266129491511e+01
4.608429569617224786e+01
4.609620222610568874e+01
4.610805276789069751e+01
4.611984783135919486e+01
4.613158791950311866e+01
4.614327352859527309e+01
4.615490514830746349e+01
4.616648326182610873e+01
4.617800834596536674e+01
4.618948087127774471e+01
4.620090130216239999e+01
4.621227009697106780e+01
4.622358770811179340e+01
4.623485458215035493e+01
4.624607115874057683e+01
4.625723787536074383e+01
4.626835516050483932e+01
4.627942343834249073e+01
4.629044312767742042e+01
4.630141464203681778e+01
4.631233838975887807e+01
4.632321477407859334e+01
4.633404419321168177e+01
4.634482704043691115e+01
4.635556370417671701e+01
4.636625456807612267e+01
4.637690001108020255e+01
4.638750040750986159e+01
4.639805612713620064e+01
4.640856753525330447e+01
4.641903499274968681e+01
4.642945885617825752e+01
4.643983947782493260e+01
4.645017720577588705e+01
4.646047238398352874e+01
4.647072535233116497e+01
4.648093644669639701e+01
4.649110599901332819e+01
4.650123433733355682e+01
4.651132178588601107e+01
4.652136866513561841e+01
4.653137529184088805e+01
4.654134197911039905e+01
4.655126903645816583e+01
4.656115676985809415e+01
4.657100548179724342e+01
4.658081547132825051e+01
4.659058703412068070e+01
4.660032046251146198e+01
4.661001604555437439e+01
4.661967406906869371e+01
4.662929481568681922e+01
4.663887856490114103e+01
4.664842559311000514e+01
4.665793617366286128e+01
4.666741057690457239e+01
4.667684907021897089e+01
4.668625191807156938e+01
4.669561938205157503e+01
4.670495172091310110e+01
4.671424919061568914e+01
4.672351204436406391e+01
4.673274053264725580e+01
4.674193490327695599e+01
4.675109540142528175e+01
4.676022226966181705e+01
4.676931574799002789e+01
4.677837607388307362e+01
4.678740348231897173e+01
4.679639820581513732e+01
4.680536047446241099e+01
4.681429051595839042e+01
4.682318855564028581e+01
4.683205481651718571e+01
4.684088951930175426e+01
4.684969288244143115e+01
4.685846512214909865e+01
4.686720645243320860e+01
4.687591708512740496e+01
4.688459722991971290e+01
4.689324709438118077e+01
4.690186688399406734e+01
4.691045680217955294e+01
4.691901705032504566e+01
4.692754782781094747e+01
4.693604933203708640e+01
4.694452175844863717e+01
4.695296530056166517e+01
4.696138014998823706e+01
4.696976649646115476e+01
4.697812452785822757e+01
4.698645443022623880e+01
4.699475638780447895e+01
4.700303058304788806e+01
4.701127719664989968e+01
4.701949640756483006e+01
4.702768839303000448e+01
4.703585332858747847e+01
4.704399138810541103e+01
4.705210274379916768e+01
4.706018756625203991e+01
4.706824602443561645e+01
4.707627828572994133e+01
4.708428451594325281e+01
4.709226487933146643e+01
4.710021953861738098e+01
4.710814865500952919e+01
4.711605238822080111e+01
4.712393089648675470e+01
4.713178433658363531e+01
4.713961286384616756e+01
4.714741663218502765e+01
4.715519579410405981e+01
4.716295050071730088e+01
4.717068090176567807e+01
4.717838714563342961e+01
4.718606937936442591e+01
4.719372774867807152e+01
4.720136239798509337e+01
4.720897347040305192e+01
4.721656110777161075e+01
4.722412545066762135e+01
4.723166663841999480e+01
4.723918480912423945e+01
4.724668009965699156e+01
4.725415264569011953e+01
4.726160258170479267e+01
4.726903004100525152e+01
4.727643515573240762e+01
4.728381805687726569e+01
4.729117887429412548e+01
4.729851773671360604e+01
4.730583477175549945e+01
4.731313010594141133e+01
4.732040386470726645e+01
4.732765617241557976e+01
4.733488715236762800e+01
4.734209692681537973e+01
4.734928561697329030e+01
4.735645334302994058e+01
4.736360022415952642e+01
4.737072637853313495e+01
4.737783192332989302e+01
4.738491697474799480e+01
4.739198164801553759e+01
4.739902605740121544e+01
4.740605031622487786e+01
4.741305453686793214e+01
4.742003883078361781e+01
4.742700330850712476e+01
4.743394807966559767e+01
4.744087325298796287e+01
4.744777893631469112e+01
4.745466523660738289e+01
4.746153225995817593e+01
4.746838011159915993e+01
4.747520889591154969e+01
4.748201871643477290e+01
4.748880967587545854e+01
4.749558187611629023e+01
4.750233541822469618e+01
4.750907040246153201e+01
4.751578692828954331e+01
4.752248509438177848e+01
4.752916499862988076e+01
4.753582673815225235e+01
4.754247040930213331e+01
4.754909610767555250e+01
4.755570392811923597e+01
4.756229396473830917e+01
4.756886631090401352e+01
4.757542105926124520e+01
4.758195830173600882e+01
4.758847812954284962e+01
4.759498063319203709e+01
4.760146590249685516e+01
4.760793402658063656e+01
4.761438509388375451e+01
4.762081919217059323e+01
4.762723640853634777e+01
4.763363682941377419e+01
4.764002054057984736e+01
4.764638762716234055e+01
4.765273817364631981e+01
