# ee
4.593380540609359741e-02
7.183762639760971069e-02
7.705707103013992310e-02
6.473357230424880981e-02
4.496390745043754578e-02
2.693581953644752502e-02
1.511124614626169205e-02
9.415655396878719330e-03
7.472228724509477615e-03
6.849677767604589462e-03
6.251597777009010315e-03
5.391803104430437088e-03
4.674818366765975952e-03
4.358988255262374878e-03
4.444141406565904617e-03
4.772101994603872299e-03
5.128355696797370911e-03
5.466077942401170731e-03
5.869814194738864899e-03
6.451659835875034332e-03
7.311585359275341034e-03
8.433903567492961884e-03
9.770404547452926636e-03
1.130733359605073929e-02
1.303029898554086685e-02
1.492882613092660904e-02
1.699531264603137970e-02
1.924383826553821564e-02
2.167646959424018860e-02
2.426195889711380005e-02
2.700713463127613068e-02
2.990822680294513702e-02
3.304325789213180542e-02
3.643934056162834167e-02
4.010902717709541321e-02
4.403289780020713806e-02
4.816846549510955811e-02
5.254001542925834656e-02
5.719058588147163391e-02
6.215021759271621704e-02
6.740888208150863647e-02
7.294061034917831421e-02
7.872164994478225708e-02
8.472602069377899170e-02
9.096109867095947266e-02
9.743984043598175049e-02
1.041996330022811890e-01
1.112704351544380188e-01
1.186822131276130676e-01
1.264183074235916138e-01
1.344687044620513916e-01
1.428288221359252930e-01
1.514791846275329590e-01
1.604003310203552246e-01
1.696032136678695679e-01
1.790790706872940063e-01
1.888347119092941284e-01
1.988843977451324463e-01
2.092125862836837769e-01
2.198269069194793701e-01
2.307306230068206787e-01
2.419055849313735962e-01
2.533558607101440430e-01
2.650855183601379395e-01
2.770751118659973145e-01
2.893149852752685547e-01
3.018016219139099121e-01
3.145092725753784180e-01
3.274492919445037842e-01
3.405964672565460205e-01
3.539725840091705322e-01
3.675629198551177979e-01
3.813600540161132812e-01
3.953492343425750732e-01
4.095084965229034424e-01
4.238314330577850342e-01
4.383118152618408203e-01
4.529360830783843994e-01
4.676980376243591309e-01
4.825764000415802002e-01
4.975785911083221436e-01
5.126821398735046387e-01
5.278793573379516602e-01
5.431478619575500488e-01
5.584944486618041992e-01
5.738881826400756836e-01
5.893273949623107910e-01
6.047881841659545898e-01
6.202616095542907715e-01
6.357313990592956543e-01
6.511822938919067383e-01
6.666065454483032227e-01
6.819816827774047852e-01
6.973000168800354004e-01
7.125391364097595215e-01
7.276986837387084961e-01
7.427487969398498535e-01
7.576817870140075684e-01
7.724825143814086914e-01
7.871731519699096680e-01
8.016419410705566406e-01
8.159630298614501953e-01
8.300617933273315430e-01
8.440123796463012695e-01
8.577401638031005859e-01
8.711707592010498047e-01
8.844525218009948730e-01
8.974364995956420898e-01
9.101225137710571289e-01
9.225847125053405762e-01
9.346734881401062012e-01
9.465367197990417480e-01
9.580250382423400879e-01
9.692119359970092773e-01
9.800220727920532227e-01
9.904548525810241699e-01
1.000583410263061523e+00
1.010333061218261719e+00
1.019628405570983887e+00
1.028617143630981445e+00
1.037150025367736816e+00
1.045226216316223145e+00
1.052918910980224609e+00
1.060153245925903320e+00
1.067002654075622559e+00
1.073317527770996094e+00
1.079245805740356445e+00
1.084638118743896484e+00
1.089567661285400391e+00
1.094033956527709961e+00
1.098036408424377441e+00
1.101574659347534180e+00
1.104574322700500488e+00
1.107108950614929199e+00
1.109104156494140625e+00
1.110633850097656250e+00
1.111697554588317871e+00
1.112295150756835938e+00
1.112351775169372559e+00
1.111867308616638184e+00
1.110989689826965332e+00
1.109570264816284180e+00
1.107682824134826660e+00
1.105327129364013672e+00
1.102502703666687012e+00
1.099209189414978027e+00
1.095446348190307617e+00
1.091213941574096680e+00
1.086585760116577148e+00
1.081487059593200684e+00
1.075917720794677734e+00
1.070026159286499023e+00
1.063663244247436523e+00
1.056903362274169922e+00
1.049746155738830566e+00
1.042265534400939941e+00
1.034386873245239258e+00
1.026184558868408203e+00
1.017583847045898438e+00
1.008733034133911133e+00
9.995576143264770508e-01
9.901316165924072266e-01
9.803804755210876465e-01
9.704526662826538086e-01
9.602735042572021484e-01
9.498427510261535645e-01
9.393087625503540039e-01
9.285225868225097656e-01
9.177071452140808105e-01
9.067133069038391113e-01
8.956152200698852539e-01
8.844126462936401367e-01
8.732539415359497070e-01
8.620645403861999512e-01
8.508443236351013184e-01
8.396674990653991699e-01
8.286087512969970703e-01
8.175939321517944336e-01
8.066974878311157227e-01
7.959939241409301758e-01
7.854834794998168945e-01
7.751216292381286621e-01
7.650498747825622559e-01
7.552534341812133789e-01
7.457622885704040527e-01
7.366062998771667480e-01
7.278302907943725586e-01
7.194640636444091797e-01
7.115376591682434082e-01
7.040809392929077148e-01
6.971311569213867188e-01
6.907257437705993652e-01
6.849020719528198242e-01
6.796824932098388672e-01
6.751193404197692871e-01
6.712349653244018555e-01
6.680742502212524414e-01
6.656669974327087402e-01
6.640506386756896973e-01
6.632624864578247070e-01
6.633402705192565918e-01
6.643216013908386230e-01
6.662443280220031738e-01
6.691386103630065918e-01
6.730496287345886230e-01
6.780076026916503906e-01
6.840577721595764160e-01
6.912228465080261230e-01
6.995555162429809570e-01
7.090786099433898926e-01
7.198445796966552734e-01
7.318764328956604004e-01
7.451895475387573242e-01
7.599180936813354492e-01
7.759661674499511719e-01
7.934085726737976074e-01
8.123201727867126465e-01
8.327015638351440430e-01
8.546274900436401367e-01
8.780986070632934570e-01
9.031155109405517578e-01
9.298272728919982910e-01
9.580858945846557617e-01
9.881147146224975586e-01
1.019765853881835938e+00
1.053262591361999512e+00
1.088456988334655762e+00
1.125498294830322266e+00
1.164312601089477539e+00
1.204975008964538574e+00
1.247559905052185059e+00
1.292068362236022949e+00
1.338500499725341797e+00
1.386931538581848145e+00
1.437287569046020508e+00
1.489717721939086914e+00
1.544148206710815430e+00
1.600654006004333496e+00
1.659161329269409180e+00
1.719819307327270508e+00
1.782628417015075684e+00
1.847515225410461426e+00
1.914554119110107422e+00
1.983820319175720215e+00
2.055239915847778320e+00
2.128813505172729492e+00
2.204616069793701172e+00
2.282647609710693359e+00
2.362983703613281250e+00
2.445475816726684570e+00
2.530272960662841797e+00
2.617226600646972656e+00
2.706559658050537109e+00
2.798049211502075195e+00
2.891918182373046875e+00
2.987944364547729492e+00
3.086350440979003906e+00
3.186913251876831055e+00
3.289856672286987305e+00
3.394957065582275391e+00
3.502437829971313477e+00
3.612150430679321289e+00
3.724094867706298828e+00
3.838271617889404297e+00
3.954754590988159180e+00
4.073395729064941406e+00
4.194268703460693359e+00
4.317375183105468750e+00
4.442639350891113281e+00
4.570061683654785156e+00
4.699717044830322266e+00
4.831382274627685547e+00
4.965281009674072266e+00
5.101189613342285156e+00
5.239182949066162109e+00
5.379261016845703125e+00
5.521423816680908203e+00
5.665523529052734375e+00
5.811559200286865234e+00
5.959605693817138672e+00
6.109514713287353516e+00
6.261286258697509766e+00
6.414920330047607422e+00
6.570417404174804688e+00
6.727628231048583984e+00
6.886628150939941406e+00
7.047341823577880859e+00
7.209696292877197266e+00
7.373541831970214844e+00
7.539623260498046875e+00
7.706452846527099609e+00
7.874774932861328125e+00
8.045331954956054688e+00
8.216638565063476562e+00
8.389436721801757812e+00
8.562984466552734375e+00
8.738768577575683594e+00
8.915302276611328125e+00
9.092584609985351562e+00
9.271360397338867188e+00
9.450885772705078125e+00
9.631903648376464844e+00
9.813670158386230469e+00
9.996184349060058594e+00
1.017944717407226562e+01
1.036345672607421875e+01
1.054895782470703125e+01
1.073446178436279297e+01
1.091997051239013672e+01
1.110696697235107422e+01
1.129396724700927734e+01
1.148171234130859375e+01
1.166946029663085938e+01
1.185720920562744141e+01
1.204570198059082031e+01
1.223345375061035156e+01
1.242194843292236328e+01
1.261044406890869141e+01
1.279893875122070312e+01
1.298668956756591797e+01
1.317444038391113281e+01
1.336218929290771484e+01
1.354993629455566406e+01
1.373619556427001953e+01
1.392245292663574219e+01
1.410870647430419922e+01
1.429347229003906250e+01
1.447823238372802734e+01
1.466150379180908203e+01
1.484402847290039062e+01
1.502580451965332031e+01
1.520683288574218750e+01
1.538636970520019531e+01
1.556515789031982422e+01
1.574171161651611328e+01
1.591825771331787109e+01
1.609256935119628906e+01
1.626612854003906250e+01
1.643745231628417969e+01
1.660728073120117188e+01
1.677635955810546875e+01
1.694245719909667969e+01
1.710780334472656250e+01
1.727016639709472656e+01
1.743177795410156250e+01
1.759040641784667969e+01
1.774679565429687500e+01
1.790168762207031250e+01
1.805359649658203125e+01
1.820400619506835938e+01
1.835143280029296875e+01
1.849662208557128906e+01
1.863957023620605469e+01
1.878028106689453125e+01
1.891801261901855469e+01
1.905350494384765625e+01
1.918601799011230469e+01
1.931555175781250000e+01
1.944210624694824219e+01
1.956642913818359375e+01
1.968702697753906250e+01
1.980539512634277344e+01
1.992004203796386719e+01
2.003171348571777344e+01
2.014041137695312500e+01
2.024538993835449219e+01
2.034739494323730469e+01
2.044642829895019531e+01
2.054174423217773438e+01
2.063334655761718750e+01
2.072197723388671875e+01
2.080689239501953125e+01
2.088883972167968750e+01
2.096633148193359375e+01
2.104085159301757812e+01
2.111166191101074219e+01
2.117801666259765625e+01
2.124140548706054688e+01
2.130034255981445312e+01
2.135631179809570312e+01
2.140782928466796875e+01
2.145564079284667969e+01
2.149900054931640625e+01
2.153939628601074219e+01
2.157534408569335938e+01
2.160758590698242188e+01
2.163537788391113281e+01
2.165946578979492188e+01
2.167985153198242188e+01
2.169653511047363281e+01
2.170876884460449219e+01
2.171730422973632812e+01
2.172139358520507812e+01
2.172178268432617188e+01
2.171847152709960938e+01
2.171071815490722656e+01
2.169926452636718750e+01
2.168336868286132812e+01
2.166377830505371094e+01
2.163974571228027344e+01
2.161201667785644531e+01
2.158059501647949219e+01
2.154473686218261719e+01
2.150444602966308594e+01
2.146121025085449219e+01
2.141354560852050781e+01
2.136219406127929688e+01
2.130715942382812500e+01
2.124769973754882812e+01
2.118455886840820312e+01
2.111774253845214844e+01
2.104724693298339844e+01
2.097307777404785156e+01
2.089523315429687500e+01
2.081372070312500000e+01
2.072853660583496094e+01
2.063968467712402344e+01
2.054716682434082031e+01
2.045172691345214844e+01
2.035262298583984375e+01
2.024986076354980469e+01
2.014343643188476562e+01
2.003409957885742188e+01
1.992110633850097656e+01
1.980520057678222656e+01
1.968638610839843750e+01
1.956392097473144531e+01
1.943855094909667969e+01
1.931101799011230469e+01
1.917984008789062500e+01
1.904576110839843750e+01
1.890952491760253906e+01
1.877039337158203125e+01
1.862910842895507812e+01
1.848493003845214844e+01
1.833860206604003906e+01
1.818938446044921875e+01
1.803802108764648438e+01
1.788451004028320312e+01
1.772886085510253906e+01
1.757106971740722656e+01
1.741114044189453125e+01
1.724981498718261719e+01
1.708561515808105469e+01
1.692076301574707031e+01
1.675378227233886719e+01
1.658541297912597656e+01
1.641491508483886719e+01
1.624377632141113281e+01
1.607125854492187500e+01
1.589735698699951172e+01
1.572207450866699219e+01
1.554615688323974609e+01
1.536886024475097656e+01
1.519092845916748047e+01
1.501236438751220703e+01
1.483316612243652344e+01
1.465407943725585938e+01
1.447361755371093750e+01
1.429326725006103516e+01
1.411228847503662109e+01
1.393142509460449219e+01
1.375067520141601562e+01
1.357004261016845703e+01
1.338878250122070312e+01
1.320838260650634766e+01
1.302810287475585938e+01
1.284794139862060547e+01
1.266864299774169922e+01
1.249020862579345703e+01
1.231263923645019531e+01
1.213593578338623047e+01
1.196009826660156250e+01
1.178512954711914062e+01
1.161177158355712891e+01
1.144002437591552734e+01
1.126914882659912109e+01
1.109988594055175781e+01
1.093223857879638672e+01
1.076620578765869141e+01
1.060178947448730469e+01
1.043973445892333984e+01
1.027929687500000000e+01
1.012122058868408203e+01
9.965508460998535156e+00
9.812159538269042969e+00
9.660430908203125000e+00
9.511811256408691406e+00
9.365557670593261719e+00
9.222414016723632812e+00
9.081639289855957031e+00
8.943231582641601562e+00
8.808680534362792969e+00
8.676499366760253906e+00
8.548175811767578125e+00
8.422966957092285156e+00
8.300130844116210938e+00
8.181898117065429688e+00
8.066040039062500000e+00
7.954785346984863281e+00
7.846646785736083984e+00
7.742364406585693359e+00
7.641193389892578125e+00
7.544616222381591797e+00
7.451888561248779297e+00
7.363006591796875000e+00
7.278786659240722656e+00
7.198407649993896484e+00
7.122313499450683594e+00
7.050426483154296875e+00
6.982967853546142578e+00
6.919935226440429688e+00
6.861399173736572266e+00
6.807433128356933594e+00
6.758033752441406250e+00
6.713346958160400391e+00
6.673295974731445312e+00
6.638101100921630859e+00
6.607612133026123047e+00
6.582047939300537109e+00
6.561407089233398438e+00
6.545761585235595703e+00
6.535033226013183594e+00
6.529369354248046875e+00
6.528767108917236328e+00
6.533223628997802734e+00
6.542737007141113281e+00
6.557527065277099609e+00
6.577442646026611328e+00
6.602481842041015625e+00
6.632864475250244141e+00
6.668365001678466797e+00
6.709204196929931641e+00
6.755305290222167969e+00
6.806665897369384766e+00
6.863357067108154297e+00
6.925302028656005859e+00
6.992572784423828125e+00
7.065242290496826172e+00
7.143157958984375000e+00
7.226391315460205078e+00
7.314940452575683594e+00
7.408878326416015625e+00
7.508051395416259766e+00
7.612458705902099609e+00
7.722246646881103516e+00
7.837559700012207031e+00
7.957727909088134766e+00
8.083120346069335938e+00
8.213732719421386719e+00
8.349562644958496094e+00
8.489862442016601562e+00
8.636114120483398438e+00
8.787570953369140625e+00
8.943484306335449219e+00
9.104595184326171875e+00
9.270897865295410156e+00
9.441646575927734375e+00
9.617578506469726562e+00
9.797946929931640625e+00
9.983491897583007812e+00
1.017346572875976562e+01
1.036786365509033203e+01
1.056742382049560547e+01
1.077140140533447266e+01
1.097904872894287109e+01
1.119184684753417969e+01
1.140904808044433594e+01
1.162990665435791016e+01
1.185590267181396484e+01
1.208554840087890625e+01
1.231883716583251953e+01
1.255650997161865234e+01
1.279781913757324219e+01
1.304275894165039062e+01
1.329207038879394531e+01
1.354426288604736328e+01
1.380081748962402344e+01
1.406024360656738281e+01
1.432328033447265625e+01
1.458918285369873047e+01
1.485868835449218750e+01
1.513104915618896484e+01
1.540626049041748047e+01
1.568432044982910156e+01
1.596522426605224609e+01
1.624896621704101562e+01
1.653554344177246094e+01
1.682420730590820312e+01
1.711569976806640625e+01
1.740852928161621094e+01
1.770417594909667969e+01
1.800189590454101562e+01
1.830093765258789062e+01
1.860278701782226562e+01
1.890520858764648438e+01
1.920968437194824219e+01
1.951546859741210938e+01
1.982329940795898438e+01
2.013168716430664062e+01
2.044062805175781250e+01
2.075160789489746094e+01
2.106313896179199219e+01
2.137521553039550781e+01
2.168783950805664062e+01
2.200100517272949219e+01
2.231471443176269531e+01
2.262821960449218750e+01
2.294226074218750000e+01
2.325609588623046875e+01
2.356971931457519531e+01
2.388313102722167969e+01
2.419632911682128906e+01
2.450856781005859375e+01
2.482058715820312500e+01
2.513164329528808594e+01
2.544247627258300781e+01
2.575159835815429688e+01
2.605974960327148438e+01
2.636693191528320312e+01
2.667313575744628906e+01
2.697688102722167969e+01
2.727964591979980469e+01
2.758068656921386719e+01
2.788000106811523438e+01
2.817684555053710938e+01
2.847196006774902344e+01
2.876534461975097656e+01
2.905550575256347656e+01
2.934393119812011719e+01
2.962913131713867188e+01
2.991259384155273438e+01
3.019208145141601562e+01
3.046908378601074219e+01
3.074359321594238281e+01
3.101412773132324219e+01
3.128216552734375000e+01
3.154622268676757812e+01
3.180703353881835938e+01
3.206460571289062500e+01
3.231744766235351562e+01
3.256777954101562500e+01
3.281337738037109375e+01
3.305498123168945312e+01
3.329258346557617188e+01
3.352544784545898438e+01
3.375431060791015625e+01
3.397842788696289062e+01
3.419779205322265625e+01
3.441315078735351562e+01
3.462376403808593750e+01
3.482889556884765625e+01
3.503002929687500000e+01
3.522569656372070312e+01
3.541663360595703125e+01
3.560285186767578125e+01
3.578361129760742188e+01
3.595965957641601562e+01
3.612951660156250000e+01
3.629467391967773438e+01
3.645439529418945312e+01
3.660868072509765625e+01
3.675679779052734375e+01
3.690023040771484375e+01
3.703750610351562500e+01
3.716862487792968750e+01
3.729507827758789062e+01
3.741464614868164062e+01
3.752881240844726562e+01
3.763758468627929688e+01
3.773949050903320312e+01
3.783600997924804688e+01
3.792641067504882812e+01
3.801069259643554688e+01
3.808886718750000000e+01
3.816093826293945312e+01
3.822690582275390625e+01
3.828677749633789062e+01
3.834056472778320312e+01
3.838751983642578125e+01
3.842839813232421875e+01
3.846319961547851562e+01
3.849118804931640625e+01
3.851311874389648438e+01
3.852898406982421875e+01
3.853805160522460938e+01
3.854107284545898438e+01
3.853730392456054688e+01
3.852824020385742188e+01
3.851240158081054688e+01
3.849053192138671875e+01
3.846263885498046875e+01
3.842798614501953125e+01
3.838805770874023438e+01
3.834138488769531250e+01
3.828870391845703125e+01
3.822928237915039062e+01
3.816461181640625000e+01
3.809320831298828125e+01
3.801582336425781250e+01
3.793246078491210938e+01
3.784312438964843750e+01
3.774856567382812500e+01
3.764730834960937500e+01
3.754009246826171875e+01
3.742767333984375000e+01
3.730931472778320312e+01
3.718575668334960938e+01
3.705627059936523438e+01
3.692086029052734375e+01
3.678026962280273438e+01
3.663451385498046875e+01
3.648358917236328125e+01
3.632676696777343750e+01
3.616478729248046875e+01
3.599766540527343750e+01
3.582539749145507812e+01
3.564799499511718750e+01
3.546546173095703125e+01
3.527854919433593750e+01
3.508651733398437500e+01
3.489011764526367188e+01
3.468935394287109375e+01
3.448348999023437500e+01
3.427401351928710938e+01
3.406019592285156250e+01
3.384203338623046875e+01
3.361954116821289062e+01
3.339345932006835938e+01
3.316305541992187500e+01
3.292982101440429688e+01
3.269227981567382812e+01
3.245116806030273438e+01
3.220650482177734375e+01
3.195829010009765625e+01
3.170727157592773438e+01
3.145345497131347656e+01
3.119610786437988281e+01
3.093597602844238281e+01
3.067306709289550781e+01
3.040812683105468750e+01
3.014041709899902344e+01
2.986994934082031250e+01
2.959746932983398438e+01
2.932297897338867188e+01
2.904649162292480469e+01
2.876875114440917969e+01
2.848827743530273438e+01
2.820656204223632812e+01
2.792361450195312500e+01
2.763943099975585938e+01
2.735327529907226562e+01
2.706662940979003906e+01
2.677875900268554688e+01
2.649040222167968750e+01
2.620156288146972656e+01
2.591150093078613281e+01
2.562095832824707031e+01
2.533068084716796875e+01
2.503992843627929688e+01
2.474944305419921875e+01
2.445922660827636719e+01
2.416928291320800781e+01
2.387887001037597656e+01
2.358947181701660156e+01
2.330109405517578125e+01
2.301299285888671875e+01
2.272517013549804688e+01
2.243911552429199219e+01
2.215408325195312500e+01
2.187007904052734375e+01
2.158784675598144531e+01
2.130738639831542969e+01
2.102795791625976562e+01
2.075104522705078125e+01
2.047591209411621094e+01
2.020255661010742188e+01
1.993172454833984375e+01
1.966267395019531250e+01
1.939689445495605469e+01
1.913289833068847656e+01
1.887217330932617188e+01
1.861397933959960938e+01
1.835831832885742188e+01
1.810593414306640625e+01
1.785682868957519531e+01
1.761026000976562500e+01
1.736771583557128906e+01
1.712845420837402344e+01
1.689247894287109375e+01
1.666053009033203125e+01
1.643261337280273438e+01
1.620872688293457031e+01
1.598887538909912109e+01
1.577380180358886719e+01
1.556202220916748047e+01
1.535576820373535156e+01
1.515355205535888672e+01
1.495537662506103516e+01
1.476272964477539062e+01
1.457412338256835938e+01
1.439029598236083984e+01
1.421124458312988281e+01
1.403770828247070312e+01
1.386819934844970703e+01
1.370494651794433594e+01
1.354645442962646484e+01
1.339420890808105469e+01
1.324672222137451172e+01
1.310473155975341797e+01
1.296897983551025391e+01
1.283797454833984375e+01
1.271320152282714844e+01
1.259391307830810547e+01
1.248084831237792969e+01
1.237251949310302734e+01
1.227115249633789062e+01
1.217525768280029297e+01
1.208557510375976562e+01
1.200135803222656250e+01
1.192408943176269531e+01
1.185228061676025391e+01
1.178741455078125000e+01
1.172800159454345703e+01
1.167552566528320312e+01
1.162923908233642578e+01
1.158913993835449219e+01
1.155522441864013672e+01
1.152823257446289062e+01
1.150667476654052734e+01
1.149203491210937500e+01
1.148430919647216797e+01
1.148200798034667969e+01
1.148735904693603516e+01
1.149812698364257812e+01
1.151654052734375000e+01
1.154111003875732422e+01
1.157183074951171875e+01
1.160944461822509766e+01
1.165320301055908203e+01
1.170310592651367188e+01
1.175989055633544922e+01
1.182281208038330078e+01
1.189186668395996094e+01
1.196779441833496094e+01
1.204984951019287109e+01
1.213802909851074219e+01
1.223307228088378906e+01
1.233423328399658203e+01
1.244225025177001953e+01
1.255637168884277344e+01
1.267658805847167969e+01
1.280289077758789062e+01
1.293526935577392578e+01
1.307371330261230469e+01
1.321821403503417969e+01
1.336876106262207031e+01
1.352385902404785156e+01
1.368572902679443359e+01
1.385287284851074219e+01
1.402602291107177734e+01
1.420442962646484375e+01
1.438808345794677734e+01
1.457771492004394531e+01
1.477331542968750000e+01
1.497338962554931641e+01
1.517941379547119141e+01
1.539063644409179688e+01
1.560704517364501953e+01
1.582788944244384766e+01
1.605390167236328125e+01
1.628507232666015625e+01
1.652065086364746094e+01
1.676062393188476562e+01
1.700572586059570312e+01
1.725446319580078125e+01
1.750756835937500000e+01
1.776502799987792969e+01
1.802609443664550781e+01
1.829075431823730469e+01
1.855974388122558594e+01
1.883305168151855469e+01
1.910918235778808594e+01
1.938887023925781250e+01
1.967284774780273438e+01
1.995961952209472656e+01
2.024991798400878906e+01
2.054298973083496094e+01
2.083957099914550781e+01
2.113890838623046875e+01
2.144024467468261719e+01
2.174506378173828125e+01
2.205186462402343750e+01
2.236138153076171875e+01
2.267286300659179688e+01
2.298704147338867188e+01
2.330241966247558594e+01
2.361973381042480469e+01
2.393897438049316406e+01
2.425938796997070312e+01
2.458096694946289062e+01
2.490371131896972656e+01
2.522761917114257812e+01
2.555267906188964844e+01
2.587889099121093750e+01
2.620550918579101562e+01
2.653252792358398438e+01
2.685994148254394531e+01
2.718848991394042969e+01
2.751668739318847656e+01
2.784526634216308594e+01
2.817348098754882812e+01
2.850207328796386719e+01
2.882955169677734375e+01
2.915739822387695312e+01
2.948486328125000000e+01
2.981120681762695312e+01
3.013715553283691406e+01
3.046197509765625000e+01
3.078565216064453125e+01
3.110818862915039062e+01
3.142883491516113281e+01
3.174907302856445312e+01
3.206666946411132812e+01
3.238385009765625000e+01
3.269837951660156250e+01
3.301099777221679688e+01
3.332170486450195312e+01
3.362974929809570312e+01
3.393587112426757812e+01
3.423931884765625000e+01
3.454009628295898438e+01
3.483893585205078125e+01
3.513360977172851562e+01
3.542633819580078125e+01
3.571563339233398438e+01
3.600149154663085938e+01
3.628390884399414062e+01
3.656287765502929688e+01
3.683839797973632812e+01
3.711046600341796875e+01
3.737833023071289062e+01
3.764198684692382812e+01
3.790143966674804688e+01
3.815741729736328125e+01
3.840843963623046875e+01
3.865597915649414062e+01
3.889780807495117188e+01
3.913614654541015625e+01
3.936951446533203125e+01
3.959791564941406250e+01
3.982135772705078125e+01
4.003985214233398438e+01
4.025340652465820312e+01
4.046128845214843750e+01
4.066425704956054688e+01
4.086231231689453125e+01
4.105472946166992188e+01
4.124225616455078125e+01
4.142416000366210938e+01
4.160045242309570312e+01
4.177114105224609375e+01
4.193623352050781250e+01
4.209574890136718750e+01
4.224968719482421875e+01
4.239805984497070312e+01
4.254013824462890625e+01
4.267667388916015625e+01
4.280693054199218750e+01
4.293165969848632812e+01
4.305013656616210938e+01
4.316236114501953125e+01
4.326908874511718750e+01
4.336959457397460938e+01
4.346313476562500000e+01
4.355120849609375000e+01
4.363307952880859375e+01
4.370876693725585938e+01
4.377827453613281250e+01
4.384086608886718750e+01
4.389804077148437500e+01
4.394832611083984375e+01
4.399320602416992188e+01
4.403121948242187500e+01
4.406311035156250000e+01
4.408814239501953125e+01
4.410707855224609375e+01
4.411992263793945312e+01
4.412667846679687500e+01
4.412662506103515625e+01
4.411976623535156250e+01
4.410685348510742188e+01
4.408789825439453125e+01
4.406216812133789062e+01
4.402967071533203125e+01
4.399190139770507812e+01
4.394664382934570312e+01
4.389613723754882812e+01
4.383890151977539062e+01
4.377494430541992188e+01
4.370502090454101562e+01
4.362913131713867188e+01
4.354653930664062500e+01
4.345798492431640625e+01
4.336273193359375000e+01
4.326153182983398438e+01
4.315438842773437500e+01
4.304204177856445312e+01
4.292376327514648438e+01
4.280029296875000000e+01
4.267089080810546875e+01
4.253630828857421875e+01
4.239654541015625000e+01
4.225086975097656250e+01
4.210002517700195312e+01
4.194401168823242188e+01
4.178134918212890625e+01
4.161427688598632812e+01
4.144055938720703125e+01
4.126243972778320312e+01
4.107843399047851562e+01
4.088928222656250000e+01
4.069499588012695312e+01
4.049631881713867188e+01
4.029251480102539062e+01
4.008432769775390625e+01
3.987101745605468750e+01
3.965333938598632812e+01
3.943128967285156250e+01
3.920487594604492188e+01
3.897409820556640625e+01
3.873896408081054688e+01
3.850022125244140625e+01
3.825713348388671875e+01
3.801044082641601562e+01
3.776014709472656250e+01
3.750626373291015625e+01
3.724879074096679688e+01
3.698773193359375000e+01
3.672383880615234375e+01
3.645636367797851562e+01
3.618531799316406250e+01
3.591070175170898438e+01
3.563400650024414062e+01
3.535300827026367188e+01
3.506919860839843750e+01
3.478258132934570312e+01
3.449315261840820312e+01
3.420092773437500000e+01
3.390665054321289062e+01
3.360957717895507812e+01
3.331120681762695312e+01
3.301005172729492188e+01
3.270835494995117188e+01
3.240462875366210938e+01
3.209887695312500000e+01
3.179259681701660156e+01
3.148430633544921875e+01
3.117475128173828125e+01
3.086468315124511719e+01
3.055336189270019531e+01
3.024079322814941406e+01
2.992772483825683594e+01
2.961342048645019531e+01
2.929936981201171875e+01
2.898483848571777344e+01
2.866908454895019531e+01
2.835434341430664062e+01
2.803839492797851562e+01
2.772347068786621094e+01
2.740808677673339844e+01
2.709299850463867188e+01
2.677894973754882812e+01
2.646520233154296875e+01
2.615176200866699219e+01
2.583938026428222656e+01
2.552805900573730469e+01
2.521706008911132812e+01
2.490787696838378906e+01
2.460051536560058594e+01
2.429349136352539062e+01
2.398830223083496094e+01
2.368494606018066406e+01
2.338343048095703125e+01
2.308376502990722656e+01
2.278595161437988281e+01
2.248999404907226562e+01
2.219664382934570312e+01
2.190515899658203125e+01
2.161555099487304688e+01
2.132930564880371094e+01
2.104568862915039062e+01
2.076395988464355469e+01
2.048635482788085938e+01
2.021065139770507812e+01
1.993833923339843750e+01
1.966942214965820312e+01
1.940390777587890625e+01
1.914179992675781250e+01
1.888236045837402344e+01
1.862707328796386719e+01
1.837518692016601562e+01
1.812744140625000000e+01
1.788308906555175781e+01
1.764212417602539062e+01
1.740602684020996094e+01
1.717330932617187500e+01
1.694470787048339844e+01
1.672021484375000000e+01
1.650057220458984375e+01
1.628503227233886719e+01
1.607358551025390625e+01
1.586623001098632812e+01
1.566370391845703125e+01
1.546600151062011719e+01
1.527237510681152344e+01
1.508430671691894531e+01
1.490030384063720703e+01
1.472110557556152344e+01
1.454670619964599609e+01
1.437709999084472656e+01
1.421302604675292969e+01
1.405373859405517578e+01
1.389922809600830078e+01
1.374949264526367188e+01
1.360526847839355469e+01
1.346655273437500000e+01
1.333259677886962891e+01
1.320413780212402344e+01
1.308042812347412109e+01
1.296220493316650391e+01
1.285020828247070312e+01
1.274220275878906250e+01
1.264041233062744141e+01
1.254408931732177734e+01
1.245248603820800781e+01
1.236708354949951172e+01
1.228639030456542969e+01
1.221188735961914062e+01
1.214208507537841797e+01
1.207846260070800781e+01
1.202027320861816406e+01
1.196676826477050781e+01
1.191942882537841797e+01
1.187750625610351562e+01
1.184099769592285156e+01
1.180989646911621094e+01
1.178419780731201172e+01
1.176463985443115234e+01
1.174973106384277344e+01
1.174020767211914062e+01
1.173680305480957031e+01
1.173802375793457031e+01
1.174534797668457031e+01
1.175728225708007812e+01
1.177455902099609375e+01
1.179791545867919922e+01
1.182585716247558594e+01
1.185911846160888672e+01
1.189769172668457031e+01
1.194082450866699219e+01
1.198999595642089844e+01
1.204371166229248047e+01
1.210270690917968750e+01
1.216623020172119141e+01
1.223501586914062500e+01
1.230831336975097656e+01
1.238685798645019531e+01
1.246989727020263672e+01
1.255742549896240234e+01
1.265017509460449219e+01
1.274739646911621094e+01
1.284833621978759766e+01
1.295447635650634766e+01
1.306506156921386719e+01
1.318008613586425781e+01
1.329879856109619141e+01
1.342267608642578125e+01
1.355022621154785156e+01
1.368143749237060547e+01
1.381704902648925781e+01
1.395630550384521484e+01
1.409920120239257812e+01
1.424647235870361328e+01
1.439736461639404297e+01
1.455187225341796875e+01
1.470924282073974609e+01
1.487021160125732422e+01
1.503477001190185547e+01
1.520291233062744141e+01
1.537388324737548828e+01
1.554767799377441406e+01
1.572503089904785156e+01
1.590518951416015625e+01
1.608814620971679688e+01
1.627315330505371094e+01
1.646168136596679688e+01
1.665224075317382812e+01
1.684556961059570312e+01
1.704091262817382812e+01
1.723826599121093750e+01
1.743836784362792969e+01
1.764047622680664062e+01
1.784383964538574219e+01
1.804994392395019531e+01
1.825729751586914062e+01
1.846664047241210938e+01
1.867722702026367188e+01
1.888904953002929688e+01
1.910285186767578125e+01
1.931788635253906250e+01
1.953340339660644531e+01
1.975088691711425781e+01
1.996885108947753906e+01
2.018803024291992188e+01
2.040767669677734375e+01
2.062853622436523438e+01
2.084911346435546875e+01
2.107089424133300781e+01
2.129238510131835938e+01
2.151507186889648438e+01
2.173746490478515625e+01
2.195955657958984375e+01
2.218208885192871094e+01
2.240431785583496094e+01
2.262623405456542969e+01
2.284783935546875000e+01
2.306912612915039062e+01
2.329009056091308594e+01
2.350998878479003906e+01
2.372955894470214844e+01
2.394879722595214844e+01
2.416621398925781250e+01
2.438329124450683594e+01
2.459854125976562500e+01
2.481344413757324219e+01
2.502650833129882812e+01
2.523773384094238281e+01
2.544785881042480469e+01
2.565688133239746094e+01
2.586405181884765625e+01
2.606862449645996094e+01
2.627208137512207031e+01
2.647367668151855469e+01
2.667266273498535156e+01
2.686978149414062500e+01
2.706428337097167969e+01
2.725690650939941406e+01
2.744690895080566406e+01
2.763428497314453125e+01
2.781903648376464844e+01
2.800117111206054688e+01
2.818068695068359375e+01
2.835759544372558594e+01
2.853115272521972656e+01
2.870210838317871094e+01
2.886971855163574219e+01
2.903473854064941406e+01
2.919642066955566406e+01
2.935551643371582031e+01
2.951054191589355469e+01
2.966224479675292969e+01
2.981137657165527344e+01
2.995644760131835938e+01
3.009820938110351562e+01
3.023592376708984375e+01
3.037107467651367188e+01
3.050144386291503906e+01
3.062851905822753906e+01
3.075230407714843750e+01
3.087206077575683594e+01
3.098778724670410156e+01
3.109949684143066406e+01
3.120793342590332031e+01
3.131160736083984375e+01
3.141202163696289062e+01
3.150768470764160156e+01
3.160009002685546875e+01
3.168775367736816406e+01
3.177142333984375000e+01
3.185036277770996094e+01
3.192531394958496094e+01
3.199628829956054688e+01
3.206328201293945312e+01
3.212481689453125000e+01
3.218312454223632812e+01
3.223598098754882812e+01
3.228562164306640625e+01
3.232981491088867188e+01
3.237005615234375000e+01
3.240560531616210938e+01
3.243721008300781250e+01
3.246412658691406250e+01
3.248637008666992188e+01
3.250467300415039062e+01
3.251830673217773438e+01
3.252727127075195312e+01
3.253157043457031250e+01
3.253120803833007812e+01
3.252693557739257812e+01
3.251801300048828125e+01
3.250444793701171875e+01
3.248624420166015625e+01
3.246342086791992188e+01
3.243671417236328125e+01
3.240539932250976562e+01
3.236947631835937500e+01
3.232895660400390625e+01
3.228458786010742188e+01
3.223563385009765625e+01
3.218210601806640625e+01
3.212475204467773438e+01
3.206283569335937500e+01
3.199710655212402344e+01
3.192683219909667969e+01
3.185276031494140625e+01
3.177415657043457031e+01
3.169102478027343750e+01
3.160412216186523438e+01
3.151345062255859375e+01
3.141827392578125000e+01
3.131934165954589844e+01
3.121666908264160156e+01
3.111025428771972656e+01
3.100010871887207031e+01
3.088624000549316406e+01
3.076865577697753906e+01
3.064736175537109375e+01
3.052236557006835938e+01
3.039367294311523438e+01
3.026203727722167969e+01
3.012672042846679688e+01
2.998847198486328125e+01
2.984656333923339844e+01
2.970099258422851562e+01
2.955251121520996094e+01
2.940113449096679688e+01
2.924611663818359375e+01
2.908821678161621094e+01
2.892817878723144531e+01
2.876453018188476562e+01
2.859801101684570312e+01
2.842863845825195312e+01
2.825716018676757812e+01
2.808283615112304688e+01
2.790567970275878906e+01
2.772569274902343750e+01
2.754363250732421875e+01
2.735949897766113281e+01
2.717256164550781250e+01
2.698356246948242188e+01
2.679325103759765625e+01
2.660014533996582031e+01
2.640499114990234375e+01
2.620853614807128906e+01
2.601004028320312500e+01
2.580950546264648438e+01
2.560768318176269531e+01
2.540457153320312500e+01
2.519943428039550781e+01
2.499301910400390625e+01
2.478532600402832031e+01
2.457636070251464844e+01
2.436612701416015625e+01
2.415537261962890625e+01
2.394261360168457031e+01
2.373008155822753906e+01
2.351555442810058594e+01
2.330126380920410156e+01
2.308572578430175781e+01
2.286968612670898438e+01
2.265315437316894531e+01
2.243612670898437500e+01
2.221861076354980469e+01
2.200135231018066406e+01
2.178361320495605469e+01
2.156539726257324219e+01
2.134819221496582031e+01
2.112977218627929688e+01
2.091237449645996094e+01
2.069525337219238281e+01
2.047767448425292969e+01
2.026112556457519531e+01
2.004412460327148438e+01
1.982816123962402344e+01
1.961323928833007812e+01
1.939861869812011719e+01
1.918504714965820312e+01
1.897252655029296875e+01
1.876031875610351562e+01
1.854917144775390625e+01
1.833983039855957031e+01
1.813155746459960938e+01
1.792360877990722656e+01
1.771822166442871094e+01
1.751317024230957031e+01
1.730994415283203125e+01
1.710854339599609375e+01
1.690897750854492188e+01
1.671050262451171875e+01
1.651385688781738281e+01
1.631904602050781250e+01
1.612680244445800781e+01
1.593564128875732422e+01
1.574704360961914062e+01
1.556026458740234375e+01
1.537530231475830078e+01
1.519289493560791016e+01
1.501229763031005859e+01
1.483425235748291016e+01
1.465875339508056641e+01
1.448579978942871094e+01
1.431538677215576172e+01
1.414677238464355469e+01
1.398143482208251953e+01
1.381788825988769531e+01
1.365761566162109375e+01
1.349987125396728516e+01
1.334539413452148438e+01
1.319344043731689453e+01
1.304400539398193359e+01
1.289783000946044922e+01
1.275491142272949219e+01
1.261450386047363281e+01
1.247734737396240234e+01
1.234343910217285156e+01
1.221203231811523438e+01
1.208461189270019531e+01
1.195968818664550781e+01
1.183800220489501953e+01
1.172029304504394531e+01
1.160507202148437500e+01
1.149382305145263672e+01
1.138505649566650391e+01
1.128025531768798828e+01
1.117941856384277344e+01
1.108105468750000000e+01
1.098664855957031250e+01
1.089545440673828125e+01
1.080746936798095703e+01
1.072343254089355469e+01
1.064334201812744141e+01
1.056570911407470703e+01
1.049275970458984375e+01
1.042226123809814453e+01
1.035644245147705078e+01
1.029381084442138672e+01
1.023436641693115234e+01
1.017884826660156250e+01
1.012725353240966797e+01
1.007883167266845703e+01
1.003432083129882812e+01
9.992971420288085938e+00
9.955519676208496094e+00
9.921959877014160156e+00
9.891540527343750000e+00
9.865000724792480469e+00
9.841588973999023438e+00
9.822786331176757812e+00
9.806355476379394531e+00
9.794520378112792969e+00
9.785788536071777344e+00
9.780153274536132812e+00
9.778350830078125000e+00
9.780375480651855469e+00
9.785476684570312500e+00
9.794391632080078125e+00
9.806370735168457031e+00
9.821406364440917969e+00
9.840237617492675781e+00
9.862856864929199219e+00
9.888513565063476562e+00
9.917201995849609375e+00
9.948916435241699219e+00
9.984392166137695312e+00
1.002288055419921875e+01
1.006437492370605469e+01
1.010961151123046875e+01
1.015784168243408203e+01
1.020831394195556641e+01
1.026251125335693359e+01
1.031968021392822266e+01
1.037981700897216797e+01
1.044217109680175781e+01
1.050822257995605469e+01
1.057647895812988281e+01
1.064842033386230469e+01
1.072255134582519531e+01
1.079886913299560547e+01
1.087810897827148438e+01
1.096026325225830078e+01
1.104458332061767578e+01
1.113180541992187500e+01
1.122118186950683594e+01
1.131344699859619141e+01
1.140710830688476562e+01
1.150364685058593750e+01
1.160231208801269531e+01
1.170309829711914062e+01
1.180599880218505859e+01
1.191100883483886719e+01
1.201812648773193359e+01
1.212734603881835938e+01
1.223792171478271484e+01
1.235059356689453125e+01
1.246535587310791016e+01
1.258146476745605469e+01
1.269891262054443359e+01
1.281844139099121094e+01
1.293930435180664062e+01
1.306149768829345703e+01
1.318575954437255859e+01
1.331059932708740234e+01
1.343750286102294922e+01
1.356497669219970703e+01
1.369376277923583984e+01
1.382385540008544922e+01
1.395450878143310547e+01
1.408646202087402344e+01
1.421971225738525391e+01
1.435351181030273438e+01
1.448785591125488281e+01
1.462348556518554688e+01
1.475965404510498047e+01
1.489635562896728516e+01
1.503284454345703125e+01
1.517060470581054688e+01
1.530888748168945312e+01
1.544694709777832031e+01
1.558552265167236328e+01
1.572460937500000000e+01
1.586346054077148438e+01
1.600281715393066406e+01
1.614193153381347656e+01
1.628079986572265625e+01
1.641941833496093750e+01
1.655852699279785156e+01
1.669663238525390625e+01
1.683448028564453125e+01
1.697280502319335938e+01
1.711011695861816406e+01
1.724641609191894531e+01
1.738318061828613281e+01
1.751818084716796875e+01
1.765289497375488281e+01
1.778732299804687500e+01
1.792071723937988281e+01
1.805307388305664062e+01
1.818438911437988281e+01
1.831466102600097656e+01
1.844388771057128906e+01
1.857207489013671875e+01
1.869922065734863281e+01
1.882533073425292969e+01
1.894966125488281250e+01
1.907295799255371094e+01
1.919522476196289062e+01
1.931497573852539062e+01
1.943444252014160156e+01
1.955139541625976562e+01
1.966732788085937500e+01
1.978149414062500000e+01
1.989463996887207031e+01
2.000528335571289062e+01
2.011416816711425781e+01
2.022129631042480469e+01
2.032741165161132812e+01
2.043028831481933594e+01
2.053215599060058594e+01
2.063153457641601562e+01
2.072916603088378906e+01
2.082505035400390625e+01
2.091844940185546875e+01
2.101010894775390625e+01
2.109854125976562500e+01
2.118597984313964844e+01
2.127094268798828125e+01
2.135268402099609375e+01
2.143343734741210938e+01
2.151097679138183594e+01
2.158678817749023438e+01
2.165938949584960938e+01
2.173026466369628906e+01
2.179867935180664062e+01
2.186388587951660156e+01
2.192737579345703125e+01
2.198840713500976562e+01
2.204623794555664062e+01
2.210161590576171875e+01
2.215454101562500000e+01
2.220501708984375000e+01
2.225230026245117188e+01
2.229713821411132812e+01
2.233952903747558594e+01
2.237873458862304688e+01
2.241550254821777344e+01
2.244908523559570312e+01
2.248023223876953125e+01
2.250894546508789062e+01
2.253448295593261719e+01
2.255684852600097656e+01
2.257679367065429688e+01
2.259357643127441406e+01
2.260794830322265625e+01
2.261916923522949219e+01
2.262798500061035156e+01
2.263366317749023438e+01
2.263620567321777344e+01
2.263636016845703125e+01
2.263338851928710938e+01
2.262729835510253906e+01
2.261883354187011719e+01
2.260725975036621094e+01
2.259332466125488281e+01
2.257628822326660156e+01
2.255690002441406250e+01
2.253442382812500000e+01
2.250885963439941406e+01
2.248096084594726562e+01
2.244998550415039062e+01
2.241668319702148438e+01
2.238031768798828125e+01
2.234163284301757812e+01
2.229989624023437500e+01
2.225585174560546875e+01
2.220876312255859375e+01
2.215937614440917969e+01
2.210695648193359375e+01
2.205224990844726562e+01
2.199526023864746094e+01
2.193525314331054688e+01
2.187297439575195312e+01
2.180768394470214844e+01
2.174087905883789062e+01
2.167032814025878906e+01
2.159827232360839844e+01
2.152396774291992188e+01
2.144668197631835938e+01
2.136715888977050781e+01
2.128540420532226562e+01
2.120142364501953125e+01
2.111596488952636719e+01
2.102754783630371094e+01
2.093692016601562500e+01
2.084408760070800781e+01
2.074979591369628906e+01
2.065256690979003906e+01
2.055388832092285156e+01
2.045302391052246094e+01
2.035072326660156250e+01
2.024550437927246094e+01
2.013885307312011719e+01
2.003077507019042969e+01
1.992053031921386719e+01
1.980812263488769531e+01
1.969504356384277344e+01
1.957906723022460938e+01
1.946242141723632812e+01
1.934362983703613281e+01
1.922343444824218750e+01
1.910184288024902344e+01
1.897885704040527344e+01
1.885373687744140625e+01
1.872797203063964844e+01
1.860082435607910156e+01
1.847229576110839844e+01
1.834239006042480469e+01
1.821111106872558594e+01
1.807920646667480469e+01
1.794593811035156250e+01
1.781130409240722656e+01
1.767605590820312500e+01
1.754019546508789062e+01
1.740298271179199219e+01
1.726442337036132812e+01
1.712600708007812500e+01
1.698624801635742188e+01
1.684663772583007812e+01
1.670569419860839844e+01
1.656416511535644531e+01
1.642205047607421875e+01
1.628009986877441406e+01
1.613682937622070312e+01
1.599373054504394531e+01
1.585006332397460938e+01
1.570582866668701172e+01
1.556177616119384766e+01
1.541790866851806641e+01
1.527274227142333984e+01
1.512851238250732422e+01
1.498373317718505859e+01
1.483915519714355469e+01
1.469477844238281250e+01
1.454986572265625000e+01
1.440590476989746094e+01
1.426141548156738281e+01
1.411714267730712891e+01
1.397383213043212891e+01
1.383000373840332031e+01
1.368714714050292969e+01
1.354451560974121094e+01
1.340285301208496094e+01
1.326067352294921875e+01
1.312020397186279297e+01
1.297995948791503906e+01
1.283993625640869141e+01
1.270087909698486328e+01
1.256278514862060547e+01
1.242491245269775391e+01
1.228874588012695312e+01
1.215279769897460938e+01
1.201780986785888672e+01
1.188378334045410156e+01
1.175071525573730469e+01
1.161860561370849609e+01
1.148745441436767578e+01
1.135800361633300781e+01
1.122876453399658203e+01
1.110122489929199219e+01
1.097538280487060547e+01
1.084975051879882812e+01
1.072581481933593750e+01
1.060357379913330078e+01
1.048228359222412109e+01
1.036268806457519531e+01
1.024404144287109375e+01
1.012708759307861328e+01
1.001182270050048828e+01
9.897506713867187500e+00
9.784879684448242188e+00
9.673941612243652344e+00
9.564689636230468750e+00
9.457126617431640625e+00
9.351248741149902344e+00
9.246313095092773438e+00
9.143805503845214844e+00
9.042981147766113281e+00
8.943839073181152344e+00
8.846380233764648438e+00
8.750601768493652344e+00
8.657246589660644531e+00
8.565571784973144531e+00
8.475575447082519531e+00
8.387257575988769531e+00
8.301359176635742188e+00
8.217137336730957031e+00
8.134591102600097656e+00
8.054461479187011719e+00
7.976006984710693359e+00
7.899224758148193359e+00
7.824854850769042969e+00
7.752892971038818359e+00
7.682592391967773438e+00
7.614692211151123047e+00
7.548445701599121094e+00
7.484220027923583984e+00
7.422159671783447266e+00
7.362186431884765625e+00
7.304297447204589844e+00
7.248562812805175781e+00
7.194828987121582031e+00
7.143240928649902344e+00
7.093721389770507812e+00
7.046266078948974609e+00
7.000944137573242188e+00
6.957678318023681641e+00
6.916613101959228516e+00
6.877597332000732422e+00
6.840624809265136719e+00
6.805840969085693359e+00
6.773094177246093750e+00
6.742379665374755859e+00
6.713842868804931641e+00
6.687330245971679688e+00
6.662837982177734375e+00
6.640511512756347656e+00
6.620123863220214844e+00
6.601819038391113281e+00
6.585593223571777344e+00
6.571295261383056641e+00
6.559068202972412109e+00
6.548833847045898438e+00
6.540589332580566406e+00
6.534329891204833984e+00
6.529977798461914062e+00
6.527603149414062500e+00
6.527127742767333984e+00
6.528622150421142578e+00
6.532008171081542969e+00
6.537206649780273438e+00
6.544289588928222656e+00
6.553251266479492188e+00
6.563941001892089844e+00
6.576501846313476562e+00
6.590856075286865234e+00
6.606925964355468750e+00
6.624707221984863281e+00
6.644270420074462891e+00
6.665462493896484375e+00
6.688354492187500000e+00
6.712869167327880859e+00
6.739002227783203125e+00
6.766751766204833984e+00
6.796040058135986328e+00
6.826937675476074219e+00
6.859293937683105469e+00
6.893105030059814453e+00
6.928442955017089844e+00
6.965155601501464844e+00
7.003314495086669922e+00
7.042840957641601562e+00
7.083734035491943359e+00
7.125915050506591797e+00
7.169379711151123047e+00
7.214053153991699219e+00
7.260004997253417969e+00
7.307159423828125000e+00
7.355511665344238281e+00
7.404910087585449219e+00
7.455501556396484375e+00
7.507058620452880859e+00
7.559727668762207031e+00
7.613357067108154297e+00
7.667943477630615234e+00
7.723483085632324219e+00
7.779900074005126953e+00
7.837190628051757812e+00
7.895277023315429688e+00
7.954231262207031250e+00
8.013900756835937500e+00
8.074283599853515625e+00
8.135598182678222656e+00
8.197098731994628906e+00
8.259228706359863281e+00
8.322728157043457031e+00
8.386107444763183594e+00
8.450105667114257812e+00
8.514720916748046875e+00
8.579207420349121094e+00
8.645047187805175781e+00
8.710751533508300781e+00
8.776316642761230469e+00
8.842484474182128906e+00
8.909249305725097656e+00
8.975867271423339844e+00
9.043077468872070312e+00
9.110132217407226562e+00
9.177775382995605469e+00
9.244513511657714844e+00
9.311832427978515625e+00
9.379732131958007812e+00
9.446725845336914062e+00
9.514299392700195312e+00
9.580968856811523438e+00
9.648219108581542969e+00
9.715307235717773438e+00
9.781491279602050781e+00
9.848258972167968750e+00
9.914121627807617188e+00
9.979823112487792969e+00
1.004536533355712891e+01
1.011074733734130859e+01
1.017597007751464844e+01
1.024029064178466797e+01
1.030445098876953125e+01
1.036771011352539062e+01
1.043081092834472656e+01
1.049300956726074219e+01
1.055505084991455078e+01
1.061619091033935547e+01
1.067717456817626953e+01
1.073725700378417969e+01
1.079644012451171875e+01
1.085546684265136719e+01
1.091359329223632812e+01
1.097082138061523438e+01
1.102714920043945312e+01
1.108257961273193359e+01
1.113785457611083984e+01
1.119148921966552734e+01
1.124496746063232422e+01
1.129680728912353516e+01
1.134849166870117188e+01
1.139853572845458984e+01
1.144842624664306641e+01
1.149667835235595703e+01
1.154403305053710938e+01
1.158974933624267578e+01
1.163531398773193359e+01
1.167923927307128906e+01
1.172227001190185547e+01
1.176440620422363281e+01
1.180490398406982422e+01
1.184450817108154297e+01
1.188321781158447266e+01
1.192029190063476562e+01
1.195572853088378906e+01
1.199101543426513672e+01
1.202392387390136719e+01
1.205668258666992188e+01
1.208706665039062500e+01
1.211656284332275391e+01
1.214517402648925781e+01
1.217216205596923828e+01
1.219752693176269531e+01
1.222201728820800781e+01
1.224488925933837891e+01
1.226614856719970703e+01
1.228654098510742188e+01
1.230532455444335938e+01
1.232250308990478516e+01
1.233882141113281250e+01
1.235279750823974609e+01
1.236591911315917969e+01
1.237819004058837891e+01
1.238812637329101562e+01
1.239721584320068359e+01
1.240472126007080078e+01
1.241064262390136719e+01
1.241572475433349609e+01
1.241848754882812500e+01
1.242041873931884766e+01
1.242077732086181641e+01
1.241956615447998047e+01
1.241753196716308594e+01
1.241318988800048828e+01
1.240802955627441406e+01
1.240131092071533203e+01
1.239303684234619141e+01
1.238320827484130859e+01
1.237257480621337891e+01
1.235964870452880859e+01
1.234592247009277344e+01
1.233065414428710938e+01
1.231458854675292969e+01
1.229624462127685547e+01
1.227710914611816406e+01
1.225644302368164062e+01
1.223424911499023438e+01
1.221127223968505859e+01
1.218602943420410156e+01
1.216001033782958984e+01
1.213247299194335938e+01
1.210416603088378906e+01
1.207434558868408203e+01
1.204301738739013672e+01
1.201018238067626953e+01
1.197584438323974609e+01
1.194074821472167969e+01
1.190489768981933594e+01
1.186680793762207031e+01
1.182796955108642578e+01
1.178763961791992188e+01
1.174656581878662109e+01
1.170400524139404297e+01
1.166070652008056641e+01
1.161592769622802734e+01
1.156967067718505859e+01
1.152268028259277344e+01
1.147496128082275391e+01
1.142577266693115234e+01
1.137585926055908203e+01
1.132448005676269531e+01
1.127238178253173828e+01
1.121882438659667969e+01
1.116455078125000000e+01
1.110956668853759766e+01
1.105312919616699219e+01
1.099672794342041016e+01
1.093887996673583984e+01
1.087958621978759766e+01
1.082033634185791016e+01
1.075964736938476562e+01
1.069826316833496094e+01
1.063618755340576172e+01
1.057342338562011719e+01
1.050997161865234375e+01
1.044583606719970703e+01
1.038101863861083984e+01
1.031552219390869141e+01
1.024934959411621094e+01
1.018250274658203125e+01
1.011498451232910156e+01
1.004679584503173828e+01
9.977941513061523438e+00
9.909167289733886719e+00
9.839730262756347656e+00
9.769635200500488281e+00
9.699625968933105469e+00
9.628221511840820312e+00
9.556907653808593750e+00
9.485687255859375000e+00
9.413821220397949219e+00
9.341311454772949219e+00
9.268903732299804688e+00
9.195857048034667969e+00
9.122917175292968750e+00
9.049344062805175781e+00
8.975882530212402344e+00
8.902535438537597656e+00
8.828558921813964844e+00
8.754697799682617188e+00
8.680953025817871094e+00
8.606578826904296875e+00
8.533063888549804688e+00
8.458922386169433594e+00
8.384152412414550781e+00
8.310243606567382812e+00
8.236450195312500000e+00
8.162030220031738281e+00
8.088470458984375000e+00
8.014286041259765625e+00
7.940960884094238281e+00
7.867010593414306641e+00
7.793921470642089844e+00
7.720950126647949219e+00
7.648097038269042969e+00
7.575363636016845703e+00
7.502748012542724609e+00
7.430920124053955078e+00
7.359211921691894531e+00
7.287846565246582031e+00
7.216823101043701172e+00
7.146217346191406250e+00
7.075954437255859375e+00
7.006184101104736328e+00
6.936905384063720703e+00
6.867970466613769531e+00
6.799602508544921875e+00
6.731801986694335938e+00
6.664420127868652344e+00
6.597680091857910156e+00
6.531508445739746094e+00
6.465904712677001953e+00
6.400869369506835938e+00
6.336550712585449219e+00
6.272801876068115234e+00
6.209769725799560547e+00
6.147381782531738281e+00
6.085711479187011719e+00
6.024759769439697266e+00
5.964526653289794922e+00
5.905012130737304688e+00
5.846291065216064453e+00
5.788363933563232422e+00
5.731230258941650391e+00
5.674965381622314453e+00
5.619493961334228516e+00
5.564817428588867188e+00
5.511084079742431641e+00
5.458217620849609375e+00
5.406216621398925781e+00
5.355077743530273438e+00
5.304875373840332031e+00
5.255531311035156250e+00
5.207193851470947266e+00
5.159711360931396484e+00
5.113230705261230469e+00
5.067675590515136719e+00
5.023044109344482422e+00
4.979408740997314453e+00
4.936767101287841797e+00
4.895117759704589844e+00
4.854458332061767578e+00
4.814786911010742188e+00
4.776101589202880859e+00
4.738400936126708984e+00
4.701756477355957031e+00
4.666091918945312500e+00
4.631479740142822266e+00
4.597918987274169922e+00
4.565331935882568359e+00
4.533791542053222656e+00
4.503295421600341797e+00
4.473842620849609375e+00
4.445430278778076172e+00
4.418056488037109375e+00
4.391719818115234375e+00
4.366417407989501953e+00
4.342222690582275391e+00
4.318984508514404297e+00
4.296849250793457031e+00
4.275815010070800781e+00
4.255732059478759766e+00
4.236745834350585938e+00
4.218780517578125000e+00
4.201834678649902344e+00
4.185979843139648438e+00
4.171140193939208984e+00
4.157387733459472656e+00
4.144572257995605469e+00
4.132840633392333984e+00
4.122115612030029297e+00
4.112395763397216797e+00
4.103679656982421875e+00
4.095964431762695312e+00
4.089248657226562500e+00
4.083530426025390625e+00
4.078881740570068359e+00
4.075077533721923828e+00
4.072339534759521484e+00
4.070515632629394531e+00
4.069679737091064453e+00
4.069754600524902344e+00
4.070812225341796875e+00
4.072776794433593750e+00
4.075720787048339844e+00
4.079493045806884766e+00
4.084239959716796875e+00
4.089810848236083984e+00
4.096279144287109375e+00
4.103641510009765625e+00
4.111821651458740234e+00
4.120892524719238281e+00
4.130777359008789062e+00
4.141548633575439453e+00
4.153055667877197266e+00
4.165369987487792969e+00
4.178490638732910156e+00
4.192340373992919922e+00
4.206992149353027344e+00
4.222369194030761719e+00
4.238469600677490234e+00
4.255365371704101562e+00
4.272831916809082031e+00
4.291090011596679688e+00
4.309988975524902344e+00
4.329526901245117188e+00
4.349700927734375000e+00
4.370584011077880859e+00
4.391951560974121094e+00
4.414023876190185547e+00
4.436650276184082031e+00
4.459828853607177734e+00
4.483483314514160156e+00
4.507760047912597656e+00
4.532508373260498047e+00
4.557800769805908203e+00
4.583560943603515625e+00
4.609712600708007812e+00
4.636401653289794922e+00
4.663477420806884766e+00
4.690939426422119141e+00
4.718857765197753906e+00
4.747083187103271484e+00
4.775687694549560547e+00
4.804668903350830078e+00
4.833950519561767578e+00
4.863531112670898438e+00
4.893407821655273438e+00
4.923506736755371094e+00
4.953900814056396484e+00
4.984516143798828125e+00
5.015351772308349609e+00
5.046407222747802734e+00
5.077608108520507812e+00
5.109027862548828125e+00
5.140592575073242188e+00
5.172226428985595703e+00
5.204078197479248047e+00
5.235924243927001953e+00
5.267913341522216797e+00
5.299970149993896484e+00
5.332095146179199219e+00
5.364212036132812500e+00
5.396321773529052734e+00
5.428497314453125000e+00
5.460590362548828125e+00
5.492748737335205078e+00
5.524749279022216797e+00
5.556739330291748047e+00
5.588645458221435547e+00
5.620466232299804688e+00
5.652202129364013672e+00
5.683702945709228516e+00
5.715192317962646484e+00
5.746446609497070312e+00
5.777538776397705078e+00
5.808469295501708984e+00
5.839163303375244141e+00
5.869620800018310547e+00
5.899839878082275391e+00
5.929821491241455078e+00
5.959490776062011719e+00
5.988921165466308594e+00
6.018037796020507812e+00
6.046915054321289062e+00
6.075403690338134766e+00
6.103503227233886719e+00
6.131361961364746094e+00
6.158756256103515625e+00
6.185760498046875000e+00
6.212447643280029297e+00
6.238669872283935547e+00
6.264425754547119141e+00
6.289789676666259766e+00
6.314686775207519531e+00
6.339117050170898438e+00
6.363079071044921875e+00
6.386573314666748047e+00
6.409526824951171875e+00
6.432013988494873047e+00
6.453962802886962891e+00
6.475373744964599609e+00
6.496248722076416016e+00
6.516588687896728516e+00
6.536319732666015625e+00
6.555518150329589844e+00
6.574185371398925781e+00
6.592247962951660156e+00
6.609632492065429688e+00
6.626489639282226562e+00
6.642745018005371094e+00
6.658401012420654297e+00
6.673384189605712891e+00
6.687769412994384766e+00
6.701484680175781250e+00
6.714604854583740234e+00
6.727056980133056641e+00
6.738842487335205078e+00
6.750036239624023438e+00
6.760491371154785156e+00
6.770358085632324219e+00
6.779561996459960938e+00
6.788030624389648438e+00
6.795840263366699219e+00
6.802991390228271484e+00
6.809411048889160156e+00
6.815099716186523438e+00
6.820134639739990234e+00
6.824514865875244141e+00
6.828169822692871094e+00
6.831098079681396484e+00
6.833376884460449219e+00
6.834932327270507812e+00
6.835766315460205078e+00
6.835954189300537109e+00
6.835422515869140625e+00
6.834171772003173828e+00
6.832205295562744141e+00
6.829522609710693359e+00
6.826199054718017578e+00
6.822088241577148438e+00
6.817339897155761719e+00
6.811880588531494141e+00
6.805710315704345703e+00
6.798832416534423828e+00
6.791246891021728516e+00
6.782955646514892578e+00
6.773959159851074219e+00
6.764333724975585938e+00
6.753932476043701172e+00
6.742905139923095703e+00
6.731179237365722656e+00
6.718756198883056641e+00
6.705637454986572266e+00
6.691824913024902344e+00
6.677393913269042969e+00
6.662272453308105469e+00
6.646461486816406250e+00
6.630037307739257812e+00
6.612926959991455078e+00
6.595206260681152344e+00
6.576802253723144531e+00
6.557866096496582031e+00
6.538249015808105469e+00
6.518028736114501953e+00
6.497205734252929688e+00
6.475781917572021484e+00
6.453758716583251953e+00
6.431211948394775391e+00
6.407994747161865234e+00
6.384257316589355469e+00
6.360001087188720703e+00
6.335153579711914062e+00
6.309715747833251953e+00
6.283837795257568359e+00
6.257373809814453125e+00
6.230473041534423828e+00
6.202988147735595703e+00
6.175070285797119141e+00
6.146571159362792969e+00
6.117716312408447266e+00
6.088358879089355469e+00
6.058498859405517578e+00
6.028213977813720703e+00
5.997579097747802734e+00
5.966446876525878906e+00
5.934894084930419922e+00
5.902921676635742188e+00
5.870605945587158203e+00
5.837873935699462891e+00
5.804727077484130859e+00
5.771315574645996094e+00
5.737492561340332031e+00
5.703333377838134766e+00
5.668914794921875000e+00
5.634089946746826172e+00
5.599007129669189453e+00
5.563669681549072266e+00
5.528077125549316406e+00
5.492156982421875000e+00
5.456057071685791016e+00
5.419630527496337891e+00
5.383026123046875000e+00
5.346169948577880859e+00
5.309137344360351562e+00
5.271853923797607422e+00
5.234395503997802734e+00
5.196762084960937500e+00
5.158954143524169922e+00
5.121047496795654297e+00
5.082966804504394531e+00
5.044714450836181641e+00
5.006364345550537109e+00
4.967917442321777344e+00
4.929373741149902344e+00
4.890734672546386719e+00
4.852074146270751953e+00
4.813245296478271484e+00
4.774471282958984375e+00
4.735603332519531250e+00
4.696717262268066406e+00
4.657813072204589844e+00
4.618966102600097656e+00
4.580028533935546875e+00
4.541223049163818359e+00
4.502402305603027344e+00
4.463640689849853516e+00
4.424940109252929688e+00
4.386299133300781250e+00
4.347794055938720703e+00
4.309350967407226562e+00
4.270970344543457031e+00
4.232800960540771484e+00
4.194695472717285156e+00
4.156728744506835938e+00
4.118900775909423828e+00
4.081212997436523438e+00
4.043739795684814453e+00
4.006407260894775391e+00
3.969365358352661133e+00
3.932390928268432617e+00
3.895708322525024414e+00
3.859242677688598633e+00
3.822995901107788086e+00
3.787041902542114258e+00
3.751233577728271484e+00
3.715793609619140625e+00
3.680573940277099609e+00
3.645648956298828125e+00
3.611017227172851562e+00
3.576678276062011719e+00
3.542631387710571289e+00
3.508950233459472656e+00
3.475559949874877930e+00
3.442459344863891602e+00
3.409722566604614258e+00
3.377348184585571289e+00
3.345335960388183594e+00
3.313685178756713867e+00
3.282395124435424805e+00
3.251390695571899414e+00
3.220894098281860352e+00
3.190681695938110352e+00
3.160901308059692383e+00
3.131478071212768555e+00
3.102559566497802734e+00
3.073922395706176758e+00
3.045789003372192383e+00
3.018009662628173828e+00
2.990732192993164062e+00
2.963807582855224609e+00
2.937383651733398438e+00
2.911385059356689453e+00
2.885811805725097656e+00
2.860662460327148438e+00
2.836010694503784180e+00
2.811781883239746094e+00
2.787975072860717773e+00
2.764738082885742188e+00
2.741847276687622070e+00
2.719525098800659180e+00
2.697621822357177734e+00
2.676211595535278320e+00
2.655293226242065430e+00
2.634865999221801758e+00
2.614855051040649414e+00
2.595408439636230469e+00
2.576450586318969727e+00
2.557981491088867188e+00
2.539925575256347656e+00
2.522430658340454102e+00
2.505422353744506836e+00
2.488973855972290039e+00
2.472935676574707031e+00
2.457455873489379883e+00
2.442385196685791016e+00
2.427945852279663086e+00
2.413913965225219727e+00
2.400437355041503906e+00
2.387365818023681641e+00
2.374921798706054688e+00
2.362880945205688477e+00
2.351391077041625977e+00
2.340376377105712891e+00
2.329835891723632812e+00
2.319768905639648438e+00
2.310248374938964844e+00
2.301198720932006836e+00
2.292619228363037109e+00
2.284582614898681641e+00
2.276939630508422852e+00
2.269837617874145508e+00
2.263201236724853516e+00
2.257029294967651367e+00
2.251320838928222656e+00
2.246074914932250977e+00
2.241364479064941406e+00
2.237039804458618164e+00
2.233174324035644531e+00
2.229766607284545898e+00
2.226816177368164062e+00
2.224321365356445312e+00
2.222281455993652344e+00
2.220620632171630859e+00
2.219486951828002930e+00
2.218656063079833984e+00
2.218349695205688477e+00
2.218418598175048828e+00
2.218861103057861328e+00
2.219750881195068359e+00
2.221012353897094727e+00
2.222718954086303711e+00
2.224795103073120117e+00
2.227239608764648438e+00
2.230051517486572266e+00
2.233304023742675781e+00
2.236847400665283203e+00
2.240755081176757812e+00
2.245025634765625000e+00
2.249658346176147461e+00
2.254651784896850586e+00
2.259930610656738281e+00
2.265568494796752930e+00
2.271489381790161133e+00
2.277692556381225586e+00
2.284250974655151367e+00
2.291163921356201172e+00
2.298281431198120117e+00
2.305677413940429688e+00
2.313425540924072266e+00
2.321375846862792969e+00
2.329602956771850586e+00
2.338105678558349609e+00
2.346809148788452148e+00
2.355786800384521484e+00
2.365038394927978516e+00
2.374414443969726562e+00
2.384062767028808594e+00
2.393983125686645508e+00
2.404026031494140625e+00
2.414264917373657227e+00
2.424699544906616211e+00
2.435328960418701172e+00
2.446152687072753906e+00
2.457095623016357422e+00
2.468231439590454102e+00
2.479485511779785156e+00
2.490856647491455078e+00
2.502418756484985352e+00
2.514097213745117188e+00
2.525890827178955078e+00
2.537724733352661133e+00
2.549747228622436523e+00
2.561808824539184570e+00
2.573983192443847656e+00
2.586195468902587891e+00
2.598519086837768555e+00
2.610879182815551758e+00
2.623275279998779297e+00
2.635780811309814453e+00
2.648246526718139648e+00
2.660820484161376953e+00
2.673353672027587891e+00
2.685919284820556641e+00
2.698442697525024414e+00
2.711071491241455078e+00
2.723582506179809570e+00
2.736123561859130859e+00
2.748619794845581055e+00
2.761144399642944336e+00
2.773548841476440430e+00
2.785906314849853516e+00
2.798290491104125977e+00
2.810552120208740234e+00
2.822690486907958984e+00
2.834853887557983398e+00
2.846818447113037109e+00
2.858733177185058594e+00
2.870603799819946289e+00
2.882287502288818359e+00
2.893939733505249023e+00
2.905492067337036133e+00
2.916950941085815430e+00
2.928248643875122070e+00
2.939539909362792969e+00
