# te
3.307211875915527344e+00
4.012810230255126953e+00
4.035736560821533203e+00
3.671732187271118164e+00
3.141192197799682617e+00
2.581433057785034180e+00
2.073292493820190430e+00
1.654898047447204590e+00
1.343317747116088867e+00
1.141258239746093750e+00
1.040365457534790039e+00
1.016836643218994141e+00
1.039972066879272461e+00
1.090208768844604492e+00
1.157180070877075195e+00
1.229119300842285156e+00
1.296324372291564941e+00
1.356002330780029297e+00
1.404465675354003906e+00
1.449311852455139160e+00
1.495771288871765137e+00
1.545415043830871582e+00
1.599588632583618164e+00
1.654147028923034668e+00
1.713531970977783203e+00
1.775501966476440430e+00
1.831216096878051758e+00
1.883625388145446777e+00
1.923410534858703613e+00
1.958181023597717285e+00
1.979948520660400391e+00
1.986712574958801270e+00
1.982748389244079590e+00
1.964769482612609863e+00
1.945428013801574707e+00
1.917812466621398926e+00
1.880646824836730957e+00
1.833812117576599121e+00
1.776309490203857422e+00
1.707944989204406738e+00
1.631525039672851562e+00
1.549250483512878418e+00
1.457376480102539062e+00
1.351489901542663574e+00
1.229522347450256348e+00
1.090313553810119629e+00
9.351666569709777832e-01
7.659798264503479004e-01
5.850523114204406738e-01
3.942345082759857178e-01
1.934780180454254150e-01
-1.780057884752750397e-02
-2.403674572706222534e-01
-4.752681553363800049e-01
-7.245464324951171875e-01
-9.899553060531616211e-01
-1.270782232284545898e+00
-1.565868735313415527e+00
-1.874577045440673828e+00
-2.196671962738037109e+00
-2.532047748565673828e+00
-2.880704641342163086e+00
-3.242716550827026367e+00
-3.618084192276000977e+00
-4.006608009338378906e+00
-4.407659053802490234e+00
-4.820484638214111328e+00
-5.244405746459960938e+00
-5.679039001464843750e+00
-6.124457836151123047e+00
-6.581586837768554688e+00
-7.051284790039062500e+00
-7.533517837524414062e+00
-8.028998374938964844e+00
-8.536759376525878906e+00
-9.054845809936523438e+00
-9.584760665893554688e+00
-1.012428283691406250e+01
-1.067342662811279297e+01
-1.123236751556396484e+01
-1.180045986175537109e+01
-1.237796306610107422e+01
-1.296290683746337891e+01
-1.355555343627929688e+01
-1.415610694885253906e+01
-1.476306533813476562e+01
-1.537561798095703125e+01
-1.599443626403808594e+01
-1.661796569824218750e+01
-1.724689483642578125e+01
-1.788048362731933594e+01
-1.851874923706054688e+01
-1.916171455383300781e+01
-1.980790901184082031e+01
-2.045883750915527344e+01
-2.111155128479003906e+01
-2.176754951477050781e+01
-2.242611312866210938e+01
-2.308502578735351562e+01
-2.374580001831054688e+01
-2.440621757507324219e+01
-2.506704711914062500e+01
-2.572681808471679688e+01
-2.638554954528808594e+01
-2.704251670837402344e+01
-2.769699859619140625e+01
-2.834901428222656250e+01
-2.899708747863769531e+01
-2.964124870300292969e+01
-3.028075981140136719e+01
-3.091560173034667969e+01
-3.154500389099121094e+01
-3.216819381713867188e+01
-3.278440475463867188e+01
-3.339360427856445312e+01
-3.399502182006835938e+01
-3.458863449096679688e+01
-3.517292022705078125e+01
-3.574785232543945312e+01
-3.631266784667968750e+01
-3.686659240722656250e+01
-3.741033554077148438e+01
-3.794164276123046875e+01
-3.846049118041992188e+01
-3.896684646606445312e+01
-3.946068191528320312e+01
-3.993974304199218750e+01
-4.040474319458007812e+01
-4.085416793823242188e+01
-4.128874206542968750e+01
-4.170696258544921875e+01
-4.210958862304687500e+01
-4.249438476562500000e+01
-4.286209487915039062e+01
-4.321123123168945312e+01
-4.354254150390625000e+01
-4.385453796386718750e+01
-4.414722061157226562e+01
-4.441985321044921875e+01
-4.467242431640625000e+01
-4.490420532226562500e+01
-4.511444473266601562e+01
-4.530389022827148438e+01
-4.547105407714843750e+01
-4.561519241333007812e+01
-4.573705673217773438e+01
-4.583589553833007812e+01
-4.591171646118164062e+01
-4.596302795410156250e+01
-4.599057388305664062e+01
-4.599433898925781250e+01
-4.597282028198242188e+01
-4.592673492431640625e+01
-4.585607528686523438e+01
-4.576006698608398438e+01
-4.563944244384765625e+01
-4.549269485473632812e+01
-4.532054901123046875e+01
-4.512223815917968750e+01
-4.489849472045898438e+01
-4.464854812622070312e+01
-4.437164306640625000e+01
-4.406850433349609375e+01
-4.373836517333984375e+01
-4.338120651245117188e+01
-4.299775695800781250e+01
-4.258650970458984375e+01
-4.214818572998046875e+01
-4.168277359008789062e+01
-4.118950653076171875e+01
-4.066836547851562500e+01
-4.012007904052734375e+01
-3.954462051391601562e+01
-3.894123840332031250e+01
-3.830990600585937500e+01
-3.765136718750000000e+01
-3.696487426757812500e+01
-3.625117492675781250e+01
-3.550952148437500000e+01
-3.474139785766601562e+01
-3.394531250000000000e+01
-3.312275695800781250e+01
-3.227297973632812500e+01
-3.139672851562500000e+01
-3.049399948120117188e+01
-2.956478691101074219e+01
-2.860983848571777344e+01
-2.762915039062500000e+01
-2.662271690368652344e+01
-2.559054183959960938e+01
-2.453336524963378906e+01
-2.345192909240722656e+01
-2.234548568725585938e+01
-2.121552276611328125e+01
-2.006129455566406250e+01
-1.888428306579589844e+01
-1.768374824523925781e+01
-1.646042823791503906e+01
-1.521506500244140625e+01
-1.394765949249267578e+01
-1.265895557403564453e+01
-1.134821319580078125e+01
-1.001766490936279297e+01
-8.666645050048828125e+00
-7.295603275299072266e+00
-5.905136108398437500e+00
-4.495767593383789062e+00
-3.067945480346679688e+00
-1.622283697128295898e+00
-1.593345105648040771e-01
1.320334196090698242e+00
2.816288232803344727e+00
4.327855587005615234e+00
5.854067802429199219e+00
7.395291805267333984e+00
8.950337409973144531e+00
1.051845836639404297e+01
1.209964942932128906e+01
1.369242286682128906e+01
1.529677581787109375e+01
1.691196060180664062e+01
1.853723335266113281e+01
2.017184638977050781e+01
2.181579780578613281e+01
2.346759605407714844e+01
2.512723922729492188e+01
2.679323768615722656e+01
2.846484756469726562e+01
3.014280509948730469e+01
3.182488059997558594e+01
3.351181411743164062e+01
3.520137023925781250e+01
3.689355087280273438e+01
3.858760452270507812e+01
4.028278732299804688e+01
4.197835159301757812e+01
4.367355346679687500e+01
4.536839294433593750e+01
4.706063079833984375e+01
4.875101089477539062e+01
5.043729782104492188e+01
5.212023925781250000e+01
5.379833602905273438e+01
5.547084426879882812e+01
5.713702774047851562e+01
5.879686737060546875e+01
6.044887924194335938e+01
6.209233093261718750e+01
6.372645568847656250e+01
6.535126495361328125e+01
6.696524810791015625e+01
6.856766510009765625e+01
7.015775299072265625e+01
7.173476409912109375e+01
7.330090332031250000e+01
7.484799957275390625e+01
7.638049316406250000e+01
7.789836883544921875e+01
7.940161895751953125e+01
8.088280487060546875e+01
8.234934234619140625e+01
8.380122375488281250e+01
8.523099517822265625e+01
8.663865661621093750e+01
8.803163146972656250e+01
8.939503479003906250e+01
9.074372100830078125e+01
9.207025146484375000e+01
9.337461090087890625e+01
9.464935302734375000e+01
9.590191650390625000e+01
9.713226318359375000e+01
9.833296203613281250e+01
9.951143646240234375e+01
1.006602478027343750e+02
1.017868041992187500e+02
1.028762359619140625e+02
1.039433975219726562e+02
1.049882736206054688e+02
1.059959945678710938e+02
1.069739761352539062e+02
1.079222030639648438e+02
1.088406829833984375e+02
1.097293777465820312e+02
1.105808639526367188e+02
1.114025573730468750e+02
1.121944427490234375e+02
1.129564971923828125e+02
1.136813049316406250e+02
1.143688430786132812e+02
1.150265197753906250e+02
1.156469116210937500e+02
1.162374267578125000e+02
1.167831878662109375e+02
1.172990570068359375e+02
1.177850189208984375e+02
1.182261962890625000e+02
1.186300201416015625e+02
1.189964599609375000e+02
1.193329467773437500e+02
1.196246185302734375e+02
1.198863525390625000e+02
1.201032714843750000e+02
1.202902374267578125e+02
1.204324111938476562e+02
1.205372161865234375e+02
1.206120834350585938e+02
1.206421585083007812e+02
1.206348800659179688e+02
1.205902328491210938e+02
1.205082473754882812e+02
1.203814697265625000e+02
1.202247772216796875e+02
1.200233078002929688e+02
1.197844924926757812e+02
1.195083389282226562e+02
1.191948471069335938e+02
1.188440246582031250e+02
1.184558639526367188e+02
1.180229492187500000e+02
1.175601272583007812e+02
1.170599975585937500e+02
1.165151138305664062e+02
1.159403305053710938e+02
1.153208236694335938e+02
1.146639938354492188e+02
1.139772796630859375e+02
1.132532730102539062e+02
1.124845275878906250e+02
1.116859054565429688e+02
1.108574218750000000e+02
1.099842224121093750e+02
1.090811462402343750e+02
1.081407852172851562e+02
1.071631393432617188e+02
1.061556472778320312e+02
1.051108703613281250e+02
1.040362472534179688e+02
1.029317779541015625e+02
1.017900390625000000e+02
1.006184616088867188e+02
9.941705322265625000e+01
9.817837524414062500e+01
9.690987396240234375e+01
9.561897277832031250e+01
9.429082489013671875e+01
9.293283843994140625e+01
9.154504394531250000e+01
9.013487243652343750e+01
8.869487762451171875e+01
8.722508239746093750e+01
8.573291778564453125e+01
8.421096038818359375e+01
8.266664886474609375e+01
8.109998321533203125e+01
7.951097869873046875e+01
7.789963531494140625e+01
7.625852966308593750e+01
7.460252380371093750e+01
7.292123413085937500e+01
7.121986389160156250e+01
6.949841308593750000e+01
6.775837707519531250e+01
6.599977111816406250e+01
6.422332763671875000e+01
6.242981338500976562e+01
6.062070846557617188e+01
5.879528808593750000e+01
5.695651626586914062e+01
5.510292053222656250e+01
5.323673629760742188e+01
5.135797119140625000e+01
4.946737289428710938e+01
4.756643295288085938e+01
4.565516281127929688e+01
4.373505020141601562e+01
4.180535888671875000e+01
3.986906433105468750e+01
3.792469406127929688e+01
3.597448348999023438e+01
3.401917266845703125e+01
3.205803680419921875e+01
3.009404182434082031e+01
2.812646102905273438e+01
2.615678596496582031e+01
2.418576049804687500e+01
2.221413803100585938e+01
2.024266815185546875e+01
1.827284049987792969e+01
1.630466461181640625e+01
1.433888816833496094e+01
1.237700462341308594e+01
1.041901874542236328e+01
8.466424942016601562e+00
6.519822120666503906e+00
4.579961299896240234e+00
2.647665739059448242e+00
7.235882878303527832e-01
-1.191380739212036133e+00
-3.096560001373291016e+00
-4.991035461425781250e+00
-6.874214172363281250e+00
-8.745206832885742188e+00
-1.060349369049072266e+01
-1.244744205474853516e+01
-1.427779674530029297e+01
-1.609232902526855469e+01
-1.789104080200195312e+01
-1.967319107055664062e+01
-2.143729400634765625e+01
-2.318409538269042969e+01
-2.491211128234863281e+01
-2.662059783935546875e+01
-2.830881690979003906e+01
-2.997676467895507812e+01
-3.162370300292968750e+01
-3.324814605712890625e+01
-3.485009765625000000e+01
-3.642881774902343750e+01
-3.798355865478515625e+01
-3.951432418823242188e+01
-4.101889038085937500e+01
-4.249799346923828125e+01
-4.395090103149414062e+01
-4.537612533569335938e+01
-4.677515029907226562e+01
-4.814575576782226562e+01
-4.948868179321289062e+01
-5.080318069458007812e+01
-5.208852386474609375e+01
-5.334469985961914062e+01
-5.457023620605468750e+01
-5.576660919189453125e+01
-5.693160247802734375e+01
-5.806595230102539062e+01
-5.916817474365234375e+01
-6.023826980590820312e+01
-6.127625274658203125e+01
-6.228136062622070312e+01
-6.325361251831054688e+01
-6.419226074218750000e+01
-6.509729766845703125e+01
-6.596799468994140625e+01
-6.680435180664062500e+01
-6.760636901855468750e+01
-6.837403869628906250e+01
-6.910662841796875000e+01
-6.980414581298828125e+01
-7.046583557128906250e+01
-7.109245300292968750e+01
-7.168402099609375000e+01
-7.223979187011718750e+01
-7.275980377197265625e+01
-7.324555969238281250e+01
-7.369112396240234375e+01
-7.410692596435546875e+01
-7.447811889648437500e+01
-7.481958770751953125e+01
-7.512391662597656250e+01
-7.539112854003906250e+01
-7.562123107910156250e+01
-7.582167816162109375e+01
-7.597763061523437500e+01
-7.610396575927734375e+01
-7.618584442138671875e+01
-7.623814392089843750e+01
-7.625344085693359375e+01
-7.623921203613281250e+01
-7.618058776855468750e+01
-7.609245300292968750e+01
-7.596740722656250000e+01
-7.581288909912109375e+01
-7.562149047851562500e+01
-7.539323425292968750e+01
-7.513555908203125000e+01
-7.484848785400390625e+01
-7.451718902587890625e+01
-7.416394805908203125e+01
-7.377394866943359375e+01
-7.334719085693359375e+01
-7.289112854003906250e+01
-7.240727233886718750e+01
-7.188969421386718750e+01
-7.134137725830078125e+01
-7.076309204101562500e+01
-7.015485382080078125e+01
-6.951742553710937500e+01
-6.885081481933593750e+01
-6.815505981445312500e+01
-6.743239593505859375e+01
-6.668209838867187500e+01
-6.590493011474609375e+01
-6.510091400146484375e+01
-6.427154541015625000e+01
-6.341610336303710938e+01
-6.253684616088867188e+01
-6.163303375244140625e+01
-6.070469284057617188e+01
-5.975407409667968750e+01
-5.878044509887695312e+01
-5.778530502319335938e+01
-5.676866912841796875e+01
-5.573128890991210938e+01
-5.467466354370117188e+01
-5.359880828857421875e+01
-5.250373077392578125e+01
-5.139092636108398438e+01
-5.026189804077148438e+01
-4.911591339111328125e+01
-4.795372390747070312e+01
-4.677682876586914062e+01
-4.558598327636718750e+01
-4.438120269775390625e+01
-4.316323471069335938e+01
-4.193283843994140625e+01
-4.069151306152343750e+01
-3.943926239013671875e+01
-3.817685317993164062e+01
-3.690502548217773438e+01
-3.562528991699218750e+01
-3.433691024780273438e+01
-3.304212570190429688e+01
-3.174094963073730469e+01
-3.043339538574218750e+01
-2.912169837951660156e+01
-2.780587768554687500e+01
-2.648668098449707031e+01
-2.516486740112304688e+01
-2.384119033813476562e+01
-2.251640319824218750e+01
-2.119126319885253906e+01
-1.986726760864257812e+01
-1.854442596435546875e+01
-1.722349548339843750e+01
-1.590597248077392578e+01
-1.459186744689941406e+01
-1.328268146514892578e+01
-1.197842407226562500e+01
-1.068059253692626953e+01
-9.389200210571289062e+00
-8.105742454528808594e+00
-6.830233097076416016e+00
-5.564095020294189453e+00
-4.307636737823486328e+00
-3.061613321304321289e+00
-1.826704859733581543e+00
-6.037403941154479980e-01
6.067482233047485352e-01
1.803924560546875000e+00
2.987135410308837891e+00
4.155630111694335938e+00
5.308765411376953125e+00
6.445818424224853516e+00
7.566064357757568359e+00
8.668779373168945312e+00
9.753686904907226562e+00
1.081954097747802734e+01
1.186561679840087891e+01
1.289193725585937500e+01
1.389777469635009766e+01
1.488240623474121094e+01
1.584585285186767578e+01
1.678590202331542969e+01
1.770331764221191406e+01
1.859737396240234375e+01
1.946734809875488281e+01
2.031251716613769531e+01
2.113364219665527344e+01
2.192851257324218750e+01
2.269714927673339844e+01
2.343956947326660156e+01
2.415430641174316406e+01
2.484286689758300781e+01
2.550303840637207031e+01
2.613558769226074219e+01
2.673904228210449219e+01
2.731416702270507812e+01
2.786023902893066406e+01
2.837578773498535156e+01
2.886232376098632812e+01
2.931763267517089844e+01
2.974247932434082031e+01
3.013613700866699219e+01
3.049862670898437500e+01
3.082922363281250000e+01
3.112794685363769531e+01
3.139407730102539062e+01
3.162836837768554688e+01
3.182936096191406250e+01
3.199781036376953125e+01
3.213225555419921875e+01
3.223419952392578125e+01
3.230217361450195312e+01
3.233694458007812500e+01
3.233703994750976562e+01
3.230397033691406250e+01
3.223626327514648438e+01
3.213468551635742188e+01
3.199925422668457031e+01
3.182924842834472656e+01
3.162469482421875000e+01
3.138637733459472656e+01
3.111358070373535156e+01
3.080634307861328125e+01
3.046542930603027344e+01
3.009014320373535156e+01
2.968050956726074219e+01
2.923730278015136719e+01
2.875982093811035156e+01
2.824883270263671875e+01
2.770437431335449219e+01
2.712648200988769531e+01
2.651444053649902344e+01
2.586977005004882812e+01
2.519250679016113281e+01
2.448268127441406250e+01
2.374032592773437500e+01
2.296621894836425781e+01
2.216113471984863281e+01
2.132362365722656250e+01
2.045520019531250000e+01
1.955664253234863281e+01
1.862724113464355469e+01
1.766702842712402344e+01
1.667752456665039062e+01
1.565876197814941406e+01
1.461077499389648438e+01
1.353359413146972656e+01
1.242799758911132812e+01
1.129476165771484375e+01
1.013391685485839844e+01
8.946242332458496094e+00
7.731770515441894531e+00
6.491276741027832031e+00
5.225537776947021484e+00
3.933843135833740234e+00
2.618455886840820312e+00
1.278219461441040039e+00
-8.527220785617828369e-02
-1.471837401390075684e+00
-2.880848884582519531e+00
-4.311678409576416016e+00
-5.763847351074218750e+00
-7.236654758453369141e+00
-8.729545593261718750e+00
-1.024189472198486328e+01
-1.177314567565917969e+01
-1.332259941101074219e+01
-1.488925457000732422e+01
-1.647323226928710938e+01
-1.807376480102539062e+01
-1.968935203552246094e+01
-2.131922912597656250e+01
-2.296412086486816406e+01
-2.462252616882324219e+01
-2.629368209838867188e+01
-2.797682762145996094e+01
-2.967119789123535156e+01
-3.137603950500488281e+01
-3.309132385253906250e+01
-3.481555938720703125e+01
-3.654871749877929688e+01
-3.828929519653320312e+01
-4.003728103637695312e+01
-4.179116058349609375e+01
-4.355018234252929688e+01
-4.531506347656250000e+01
-4.708356094360351562e+01
-4.885491180419921875e+01
-5.062910079956054688e+01
-5.240536499023437500e+01
-5.418219375610351562e+01
-5.595957946777343750e+01
-5.773675155639648438e+01
-5.951221466064453125e+01
-6.128594589233398438e+01
-6.305718231201171875e+01
-6.482441711425781250e+01
-6.658763885498046875e+01
-6.834459686279296875e+01
-7.009676361083984375e+01
-7.184114074707031250e+01
-7.357846069335937500e+01
-7.530721282958984375e+01
-7.702738189697265625e+01
-7.873820495605468750e+01
-8.043818664550781250e+01
-8.212729644775390625e+01
-8.380254364013671875e+01
-8.546985626220703125e+01
-8.712031555175781250e+01
-8.876131439208984375e+01
-9.037798309326171875e+01
-9.198515319824218750e+01
-9.358282470703125000e+01
-9.515610504150390625e+01
-9.671240997314453125e+01
-9.825171661376953125e+01
-9.976658630371093750e+01
-1.012718582153320312e+02
-1.027452621459960938e+02
-1.042090911865234375e+02
-1.056410903930664062e+02
-1.070561447143554688e+02
-1.084542388916015625e+02
-1.098205566406250000e+02
-1.111625518798828125e+02
-1.124876480102539062e+02
-1.137810134887695312e+02
-1.150501098632812500e+02
-1.162949371337890625e+02
-1.175080947875976562e+02
-1.186970291137695312e+02
-1.198617477416992188e+02
-1.209948425292968750e+02
-1.220963439941406250e+02
-1.231736907958984375e+02
-1.242194747924804688e+02
-1.252337036132812500e+02
-1.262164077758789062e+02
-1.271676025390625000e+02
-1.280872955322265625e+02
-1.289829559326171875e+02
-1.298397216796875000e+02
-1.306650390625000000e+02
-1.314515228271484375e+02
-1.322140350341796875e+02
-1.329377136230468750e+02
-1.336300354003906250e+02
-1.342835693359375000e+02
-1.349057922363281250e+02
-1.354966888427734375e+02
-1.360414276123046875e+02
-1.365623168945312500e+02
-1.370370941162109375e+02
-1.374806365966796875e+02
-1.378929595947265625e+02
-1.382592010498046875e+02
-1.385942687988281250e+02
-1.388907470703125000e+02
-1.391486206054687500e+02
-1.393679504394531250e+02
-1.395487365722656250e+02
-1.396984252929687500e+02
-1.398021697998046875e+02
-1.398748626708984375e+02
-1.399016418457031250e+02
-1.398973999023437500e+02
-1.398547363281250000e+02
-1.397736511230468750e+02
-1.396467590332031250e+02
-1.394889526367187500e+02
-1.392928619384765625e+02
-1.390585021972656250e+02
-1.387859191894531250e+02
-1.384751586914062500e+02
-1.381262664794921875e+02
-1.377392578125000000e+02
-1.373216247558593750e+02
-1.368585357666015625e+02
-1.363648986816406250e+02
-1.358333129882812500e+02
-1.352638244628906250e+02
-1.346564636230468750e+02
-1.340112762451171875e+02
-1.333283233642578125e+02
-1.326076049804687500e+02
-1.318565979003906250e+02
-1.310679321289062500e+02
-1.302416534423828125e+02
-1.293777770996093750e+02
-1.284837646484375000e+02
-1.275522537231445312e+02
-1.265907058715820312e+02
-1.255991516113281250e+02
-1.245701980590820312e+02
-1.235038909912109375e+02
-1.224151382446289062e+02
-1.212891159057617188e+02
-1.201332778930664062e+02
-1.189476776123046875e+02
-1.177323608398437500e+02
-1.164873428344726562e+02
-1.152126922607421875e+02
-1.139009933471679688e+02
-1.125671539306640625e+02
-1.112038040161132812e+02
-1.098109512329101562e+02
-1.083886489868164062e+02
-1.069369354248046875e+02
-1.054632797241210938e+02
-1.039603042602539062e+02
-1.024354553222656250e+02
-1.008887863159179688e+02
-9.932033538818359375e+01
-9.772271728515625000e+01
-9.611081695556640625e+01
-9.447725677490234375e+01
-9.281463623046875000e+01
-9.113787078857421875e+01
-8.943954467773437500e+01
-8.771970367431640625e+01
-8.597837829589843750e+01
-8.422304534912109375e+01
-8.244628906250000000e+01
-8.065559387207031250e+01
-7.884355926513671875e+01
-7.702507781982421875e+01
-7.518532562255859375e+01
-7.333176422119140625e+01
-7.146368408203125000e+01
-6.958484649658203125e+01
-6.769527435302734375e+01
-6.579426574707031250e+01
-6.388482666015625000e+01
-6.196550369262695312e+01
-6.003782272338867188e+01
-5.810180664062500000e+01
-5.615750503540039062e+01
-5.420643615722656250e+01
-5.224788284301757812e+01
-5.028262710571289062e+01
-4.831145095825195312e+01
-4.633661270141601562e+01
-4.435815048217773438e+01
-4.237758636474609375e+01
-4.039569854736328125e+01
-3.841474914550781250e+01
-3.643477249145507812e+01
-3.445654296875000000e+01
-3.248084640502929688e+01
-3.050696945190429688e+01
-2.853643798828125000e+01
-2.656853675842285156e+01
-2.460479164123535156e+01
-2.264523315429687500e+01
-2.069064331054687500e+01
-1.874180030822753906e+01
-1.680022239685058594e+01
-1.486668872833251953e+01
-1.294197654724121094e+01
-1.102760696411132812e+01
-9.123615264892578125e+00
-7.231523513793945312e+00
-5.352108001708984375e+00
-3.484660387039184570e+00
-1.631371498107910156e+00
2.082447558641433716e-01
2.033187389373779297e+00
3.842984199523925781e+00
5.637092113494873047e+00
7.415020942687988281e+00
9.176325798034667969e+00
1.092045783996582031e+01
1.264691066741943359e+01
1.435510635375976562e+01
1.604468917846679688e+01
1.771559906005859375e+01
1.936487960815429688e+01
2.099403381347656250e+01
2.260084342956542969e+01
2.418458557128906250e+01
2.574527168273925781e+01
2.728068923950195312e+01
2.879234123229980469e+01
3.027875709533691406e+01
3.173995018005371094e+01
3.317667770385742188e+01
3.458747482299804688e+01
3.597309494018554688e+01
3.733280944824218750e+01
3.866663742065429688e+01
3.997311019897460938e+01
4.125297546386718750e+01
4.250477218627929688e+01
4.372851562500000000e+01
4.492272949218750000e+01
4.608817672729492188e+01
4.722338104248046875e+01
4.832836532592773438e+01
4.940165328979492188e+01
5.044400405883789062e+01
5.145469284057617188e+01
5.243299484252929688e+01
5.337817382812500000e+01
5.429098510742187500e+01
5.517071914672851562e+01
5.601737594604492188e+01
5.683023071289062500e+01
5.761078643798828125e+01
5.835757064819335938e+01
5.907134628295898438e+01
5.975138092041015625e+01
6.039843750000000000e+01
6.101103973388671875e+01
6.158995056152343750e+01
6.213517761230468750e+01
6.264600753784179688e+01
6.312244796752929688e+01
6.356451416015625000e+01
6.397224807739257812e+01
6.434494781494140625e+01
6.468267059326171875e+01
6.498619079589843750e+01
6.525405883789062500e+01
6.548706817626953125e+01
6.568527221679687500e+01
6.584870910644531250e+01
6.597740936279296875e+01
6.607142639160156250e+01
6.613081359863281250e+01
6.615484619140625000e+01
6.614507293701171875e+01
6.610079193115234375e+01
6.602204895019531250e+01
6.590962219238281250e+01
6.576281738281250000e+01
6.558241271972656250e+01
6.536771392822265625e+01
6.512026214599609375e+01
6.483933258056640625e+01
6.452574157714843750e+01
6.417950439453125000e+01
6.380068969726562500e+01
6.339006805419921875e+01
6.294842529296875000e+01
6.247506713867187500e+01
6.197077941894531250e+01
6.143560791015625000e+01
6.087033462524414062e+01
6.027500915527343750e+01
5.965040588378906250e+01
5.899583816528320312e+01
5.831207656860351562e+01
5.759918594360351562e+01
5.685794067382812500e+01
5.608912658691406250e+01
5.529204940795898438e+01
5.446823120117187500e+01
5.361697769165039062e+01
5.273907089233398438e+01
5.183530426025390625e+01
5.090571594238281250e+01
4.995183563232421875e+01
4.897222518920898438e+01
4.796915054321289062e+01
4.694191741943359375e+01
4.589205551147460938e+01
4.481885910034179688e+01
4.372311782836914062e+01
4.260634231567382812e+01
4.146781921386718750e+01
4.030905151367187500e+01
3.912932968139648438e+01
3.792941665649414062e+01
3.671082305908203125e+01
3.547357559204101562e+01
3.421770095825195312e+01
3.294544982910156250e+01
3.165536308288574219e+01
3.035043525695800781e+01
2.902920913696289062e+01
2.769319152832031250e+01
2.634241294860839844e+01
2.497838020324707031e+01
2.360111618041992188e+01
2.221065330505371094e+01
2.080849647521972656e+01
1.939467239379882812e+01
1.796994781494140625e+01
1.653509140014648438e+01
1.509087467193603516e+01
1.363657474517822266e+01
1.217444705963134766e+01
1.070451736450195312e+01
9.227553367614746094e+00
7.744322776794433594e+00
6.254851341247558594e+00
4.759906291961669922e+00
3.259884357452392578e+00
1.755998849868774414e+00
2.484983503818511963e-01
-1.261998057365417480e+00
-2.774885892868041992e+00
-4.289649963378906250e+00
-5.805863380432128906e+00
-7.322818756103515625e+00
-8.840044021606445312e+00
-1.035699462890625000e+01
-1.187290287017822266e+01
-1.338774394989013672e+01
-1.490030384063720703e+01
-1.640981292724609375e+01
-1.791625022888183594e+01
-1.941809844970703125e+01
-2.091608428955078125e+01
-2.240794372558593750e+01
-2.389365959167480469e+01
-2.537320518493652344e+01
-2.684432792663574219e+01
-2.830777549743652344e+01
-2.976206588745117188e+01
-3.120645904541015625e+01
-3.264022064208984375e+01
-3.406409835815429688e+01
-3.547661209106445312e+01
-3.687776565551757812e+01
-3.826682662963867188e+01
-3.964453506469726562e+01
-4.100941848754882812e+01
-4.236221694946289062e+01
-4.370146179199218750e+01
-4.502788543701171875e+01
-4.634002304077148438e+01
-4.763787078857421875e+01
-4.892069625854492188e+01
-5.018850326538085938e+01
-5.144055175781250000e+01
-5.267610168457031250e+01
-5.389442443847656250e+01
-5.509552001953125000e+01
-5.627716445922851562e+01
-5.744011306762695312e+01
-5.858287048339843750e+01
-5.970545578002929688e+01
-6.080638504028320312e+01
-6.188714599609375000e+01
-6.294775009155273438e+01
-6.398745346069335938e+01
-6.500700378417968750e+01
-6.600641632080078125e+01
-6.698495483398437500e+01
-6.794260406494140625e+01
-6.887939453125000000e+01
-6.979383087158203125e+01
-7.068518066406250000e+01
-7.155270385742187500e+01
-7.239714813232421875e+01
-7.321628570556640625e+01
-7.401013946533203125e+01
-7.477944946289062500e+01
-7.552420806884765625e+01
-7.624369049072265625e+01
-7.693789672851562500e+01
-7.760758972167968750e+01
-7.824903869628906250e+01
-7.887340545654296875e+01
-7.946657562255859375e+01
-8.002856445312500000e+01
-8.057422637939453125e+01
-8.108874511718750000e+01
-8.157957458496093750e+01
-8.204676055908203125e+01
-8.248289489746093750e+01
-8.289545440673828125e+01
-8.328446197509765625e+01
-8.364253997802734375e+01
-8.397713470458984375e+01
-8.428086090087890625e+01
-8.456118011474609375e+01
-8.481813049316406250e+01
-8.504431152343750000e+01
-8.524719238281250000e+01
-8.542680358886718750e+01
-8.557575988769531250e+01
-8.569408416748046875e+01
-8.578924560546875000e+01
-8.586128234863281250e+01
-8.591021728515625000e+01
-8.592867279052734375e+01
-8.592410278320312500e+01
-8.588911437988281250e+01
-8.583116912841796875e+01
-8.575031280517578125e+01
-8.563913726806640625e+01
-8.551254272460937500e+01
-8.534827423095703125e+01
-8.516865539550781250e+01
-8.496629333496093750e+01
-8.473379516601562500e+01
-8.447862243652343750e+01
-8.420079803466796875e+01
-8.390038299560546875e+01
-8.356995391845703125e+01
-8.322442626953125000e+01
-8.284896850585937500e+01
-8.245846557617187500e+01
-8.203811645507812500e+01
-8.160279083251953125e+01
-8.113767242431640625e+01
-8.065766143798828125e+01
-8.014792633056640625e+01
-7.962336730957031250e+01
-7.908401489257812500e+01
-7.851504516601562500e+01
-7.793135070800781250e+01
-7.732553863525390625e+01
-7.670507812500000000e+01
-7.606256103515625000e+01
-7.539803314208984375e+01
-7.471895599365234375e+01
-7.402237701416015625e+01
-7.330757904052734375e+01
-7.257682800292968750e+01
-7.182865905761718750e+01
-7.106459808349609375e+01
-7.028465270996093750e+01
-6.948961639404296875e+01
-6.867949676513671875e+01
-6.785433197021484375e+01
-6.701563262939453125e+01
-6.616343688964843750e+01
-6.529776000976562500e+01
-6.441938018798828125e+01
-6.352906417846679688e+01
-6.262684249877929688e+01
-6.171274948120117188e+01
-6.078754425048828125e+01
-5.985200119018554688e+01
-5.890615081787109375e+01
-5.795076370239257812e+01
-5.698661422729492188e+01
-5.601297760009765625e+01
-5.503138351440429688e+01
-5.404183959960937500e+01
-5.304439163208007812e+01
-5.204129028320312500e+01
-5.103107452392578125e+01
-5.001526260375976562e+01
-4.899462127685546875e+01
-4.796918487548828125e+01
-4.693897247314453125e+01
-4.590476608276367188e+01
-4.486732864379882812e+01
-4.382743453979492188e+01
-4.278436660766601562e+01
-4.173963928222656250e+01
-4.069328308105468750e+01
-3.964606475830078125e+01
-3.859801483154296875e+01
-3.754990768432617188e+01
-3.650251007080078125e+01
-3.545585250854492188e+01
-3.441070175170898438e+01
-3.336708831787109375e+01
-3.232578659057617188e+01
-3.128756332397460938e+01
-3.025244522094726562e+01
-2.922120666503906250e+01
-2.819386863708496094e+01
-2.717117500305175781e+01
-2.615385627746582031e+01
-2.514190673828125000e+01
-2.413531875610351562e+01
-2.313557052612304688e+01
-2.214191055297851562e+01
-2.115581703186035156e+01
-2.017728233337402344e+01
-1.920629882812500000e+01
-1.824434471130371094e+01
-1.729067039489746094e+01
-1.634600639343261719e+01
-1.541109371185302734e+01
-1.448592185974121094e+01
-1.357048225402832031e+01
-1.266625404357910156e+01
-1.177248573303222656e+01
-1.089065742492675781e+01
-1.002001571655273438e+01
-9.161295890808105469e+00
-8.315234184265136719e+00
-7.481080055236816406e+00
-6.660311698913574219e+00
-5.852920055389404297e+00
-5.059418201446533203e+00
-4.279574871063232422e+00
-3.513977289199829102e+00
-2.762839794158935547e+00
-2.026526451110839844e+00
-1.305326581001281738e+00
-5.994551777839660645e-01
9.072418510913848877e-02
7.649964690208435059e-01
1.423101902008056641e+00
2.064751386642456055e+00
2.689700126647949219e+00
3.297673225402832031e+00
3.888515949249267578e+00
4.462012290954589844e+00
5.018022060394287109e+00
5.556181907653808594e+00
6.076425075531005859e+00
6.578461647033691406e+00
7.062225818634033203e+00
7.527428627014160156e+00
7.974003314971923828e+00
8.401808738708496094e+00
8.810258865356445312e+00
9.200326919555664062e+00
9.570540428161621094e+00
9.921669006347656250e+00
1.025300502777099609e+01
1.056532192230224609e+01
1.085791015625000000e+01
1.113080406188964844e+01
1.138403606414794922e+01
1.161763858795166016e+01
1.183164596557617188e+01
1.202534580230712891e+01
1.219951534271240234e+01
1.235418701171875000e+01
1.248939514160156250e+01
1.260442829132080078e+01
1.269931983947753906e+01
1.277484607696533203e+01
1.283029556274414062e+01
1.286644649505615234e+01
1.288333034515380859e+01
1.288023662567138672e+01
1.285719966888427734e+01
1.281499481201171875e+01
1.275365543365478516e+01
1.267247009277343750e+01
1.257221603393554688e+01
1.245292568206787109e+01
1.231463241577148438e+01
1.215811157226562500e+01
1.198191165924072266e+01
1.178754901885986328e+01
1.157505989074707031e+01
1.134447383880615234e+01
1.109508323669433594e+01
1.082840633392333984e+01
1.054373264312744141e+01
1.024109554290771484e+01
9.921271324157714844e+00
9.583549499511718750e+00
9.228705406188964844e+00
8.857517242431640625e+00
8.469272613525390625e+00
8.064748764038085938e+00
7.643977642059326172e+00
7.206993579864501953e+00
6.753829002380371094e+00
6.286002635955810547e+00
5.802061080932617188e+00
5.302781581878662109e+00
4.789012908935546875e+00
4.260417938232421875e+00
3.717473030090332031e+00
3.160427093505859375e+00
2.589602231979370117e+00
2.005393743515014648e+00
1.407900333404541016e+00
7.976666092872619629e-01
1.747912615537643433e-01
-4.603299796581268311e-01
-1.107375383377075195e+00
-1.766023755073547363e+00
-2.436027526855468750e+00
-3.117072343826293945e+00
-3.808814764022827148e+00
-4.510955810546875000e+00
-5.223165512084960938e+00
-5.945123672485351562e+00
-6.676358222961425781e+00
-7.416697978973388672e+00
-8.165597915649414062e+00
-8.922884941101074219e+00
-9.688162803649902344e+00
-1.046103668212890625e+01
-1.124118328094482422e+01
-1.202835750579833984e+01
-1.282193946838378906e+01
-1.362123584747314453e+01
-1.442696571350097656e+01
-1.523761844635009766e+01
-1.605391120910644531e+01
-1.687508010864257812e+01
-1.769961357116699219e+01
-1.852897071838378906e+01
-1.936164283752441406e+01
-2.019760704040527344e+01
-2.103683662414550781e+01
-2.187856674194335938e+01
-2.272202873229980469e+01
-2.356719589233398438e+01
-2.441330528259277344e+01
-2.526107215881347656e+01
-2.610972976684570312e+01
-2.695776748657226562e+01
-2.780590629577636719e+01
-2.865337753295898438e+01
-2.950015449523925781e+01
-3.034547233581542969e+01
-3.118930816650390625e+01
-3.203089141845703125e+01
-3.287094116210937500e+01
-3.370720291137695312e+01
-3.454114913940429688e+01
-3.537054824829101562e+01
-3.619688796997070312e+01
-3.701943588256835938e+01
-3.783745193481445312e+01
-3.865020370483398438e+01
-3.945769119262695312e+01
-4.026066589355468750e+01
-4.105690002441406250e+01
-4.184789276123046875e+01
-4.263216400146484375e+01
-4.340970993041992188e+01
-4.418054962158203125e+01
-4.494318771362304688e+01
-4.569912719726562500e+01
-4.644688034057617188e+01
-4.718646240234375000e+01
-4.791712951660156250e+01
-4.863962936401367188e+01
-4.935248565673828125e+01
-5.005569839477539062e+01
-5.074928283691406250e+01
-5.143323898315429688e+01
-5.210756683349609375e+01
-5.277079772949218750e+01
-5.342292785644531250e+01
-5.406471252441406250e+01
-5.469466400146484375e+01
-5.531354522705078125e+01
-5.592134475708007812e+01
-5.651585388183593750e+01
-5.709929656982421875e+01
-5.767019653320312500e+01
-5.822780990600585938e+01
-5.877290344238281250e+01
-5.930472183227539062e+01
-5.982328033447265625e+01
-6.032858276367187500e+01
-6.081988906860351562e+01
-6.129794692993164062e+01
-6.176128387451171875e+01
-6.221063995361328125e+01
-6.264529037475585938e+01
-6.306596755981445312e+01
-6.347120285034179688e+01
-6.386174011230468750e+01
-6.423684692382812500e+01
-6.459726715087890625e+01
-6.494151306152343750e+01
-6.527034759521484375e+01
-6.558377838134765625e+01
-6.588182067871093750e+01
-6.616377258300781250e+01
-6.643038940429687500e+01
-6.668021392822265625e+01
-6.691477203369140625e+01
-6.713333129882812500e+01
-6.733592987060546875e+01
-6.752185058593750000e+01
-6.769185638427734375e+01
-6.784598541259765625e+01
-6.798277282714843750e+01
-6.810446929931640625e+01
-6.820963287353515625e+01
-6.829752349853515625e+01
-6.837042236328125000e+01
-6.842611694335937500e+01
-6.846611022949218750e+01
-6.848895263671875000e+01
-6.849617004394531250e+01
-6.848702239990234375e+01
-6.846154785156250000e+01
-6.842052459716796875e+01
-6.836248016357421875e+01
-6.828894805908203125e+01
-6.819918060302734375e+01
-6.809397888183593750e+01
-6.797260284423828125e+01
-6.783510589599609375e+01
-6.768222808837890625e+01
-6.751327514648437500e+01
-6.732826995849609375e+01
-6.712798309326171875e+01
-6.691242980957031250e+01
-6.668164825439453125e+01
-6.643567657470703125e+01
-6.617451477050781250e+01
-6.589821624755859375e+01
-6.560752868652343750e+01
-6.530249786376953125e+01
-6.498239898681640625e+01
-6.464800262451171875e+01
-6.430007934570312500e+01
-6.393791961669921875e+01
-6.356154251098632812e+01
-6.317171478271484375e+01
-6.276847457885742188e+01
-6.235110855102539062e+01
-6.192111206054687500e+01
-6.147778701782226562e+01
-6.102189254760742188e+01
-6.055345916748046875e+01
-6.007249832153320312e+01
-5.957904815673828125e+01
-5.907387161254882812e+01
-5.855698776245117188e+01
-5.802841949462890625e+01
-5.748893737792968750e+01
-5.693782424926757812e+01
-5.637583160400390625e+01
-5.580300521850585938e+01
-5.521934890747070312e+01
-5.462638092041015625e+01
-5.402264404296875000e+01
-5.340963363647460938e+01
-5.278738403320312500e+01
-5.215591430664062500e+01
-5.151525115966796875e+01
-5.086615753173828125e+01
-5.020865631103515625e+01
-4.954351806640625000e+01
-4.887002182006835938e+01
-4.818893051147460938e+01
-4.750101089477539062e+01
-4.680629348754882812e+01
-4.610404968261718750e+01
-4.539579772949218750e+01
-4.468154907226562500e+01
-4.396059799194335938e+01
-4.323518753051757812e+01
-4.250385665893554688e+01
-4.176737594604492188e+01
-4.102576065063476562e+01
-4.028052902221679688e+01
-3.953021240234375000e+01
-3.877706527709960938e+01
-3.801962661743164062e+01
-3.725940704345703125e+01
-3.649567794799804688e+01
-3.572921752929687500e+01
-3.496078491210937500e+01
-3.419040298461914062e+01
-3.341735839843750000e+01
-3.264315795898437500e+01
-3.186782073974609375e+01
-3.109137344360351562e+01
-3.031458282470703125e+01
-2.953747177124023438e+01
-2.876006317138671875e+01
-2.798237991333007812e+01
-2.720593261718750000e+01
-2.643071746826171875e+01
-2.565599250793457031e+01
-2.488250350952148438e+01
-2.411099052429199219e+01
-2.334219551086425781e+01
-2.257463264465332031e+01
-2.180978775024414062e+01
-2.104765701293945312e+01
-2.028824424743652344e+01
-1.953228759765625000e+01
-1.877979087829589844e+01
-1.803149414062500000e+01
-1.728665351867675781e+01
-1.654601097106933594e+01
-1.580956649780273438e+01
-1.507880401611328125e+01
-1.435224056243896484e+01
-1.363135719299316406e+01
-1.291541290283203125e+01
-1.220589160919189453e+01
-1.150205135345458984e+01
-1.080463314056396484e+01
-1.011289310455322266e+01
-9.428318023681640625e+00
-8.750905036926269531e+00
-8.079912185668945312e+00
-7.416825294494628906e+00
-6.760899066925048828e+00
-6.112876892089843750e+00
-5.472757816314697266e+00
-4.840763568878173828e+00
-4.217265605926513672e+00
-3.602337598800659180e+00
-2.996127128601074219e+00
-2.398856639862060547e+00
-1.810748338699340820e+00
-1.231950163841247559e+00
-6.626843214035034180e-01
-1.030987203121185303e-01
4.465843439102172852e-01
9.862912893295288086e-01
1.515799880027770996e+00
2.034895420074462891e+00
2.543474197387695312e+00
3.041358947753906250e+00
3.528445959091186523e+00
4.004521369934082031e+00
4.469510078430175781e+00
4.923264980316162109e+00
5.365716457366943359e+00
5.796584129333496094e+00
6.215888977050781250e+00
6.623578548431396484e+00
7.019451141357421875e+00
7.403527736663818359e+00
7.775606632232666016e+00
8.135634422302246094e+00
8.483632087707519531e+00
8.819398880004882812e+00
9.143029212951660156e+00
9.454321861267089844e+00
9.753076553344726562e+00
1.004027748107910156e+01
1.031468391418457031e+01
1.057631778717041016e+01
1.082594203948974609e+01
1.106357955932617188e+01
1.128776454925537109e+01
1.150000381469726562e+01
1.170031833648681641e+01
1.188724517822265625e+01
1.206228923797607422e+01
1.222398662567138672e+01
1.237384414672851562e+01
1.251114082336425781e+01
1.263515472412109375e+01
1.274739265441894531e+01
1.284713268280029297e+01
1.293439674377441406e+01
1.300920486450195312e+01
1.307157897949218750e+01
1.312228298187255859e+01
1.315985298156738281e+01
1.318579387664794922e+01
1.319938659667968750e+01
1.320065116882324219e+01
1.319035053253173828e+01
1.316776561737060547e+01
1.313291454315185547e+01
1.308656406402587891e+01
1.302873325347900391e+01
1.295870304107666016e+01
1.287723445892333984e+01
1.278360843658447266e+01
1.267858695983886719e+01
1.256293582916259766e+01
1.243593215942382812e+01
1.229759788513183594e+01
1.214795494079589844e+01
1.198776435852050781e+01
1.181704902648925781e+01
1.163582611083984375e+01
1.144337368011474609e+01
1.124119663238525391e+01
1.102857017517089844e+01
1.080625724792480469e+01
1.057353496551513672e+01
1.033116531372070312e+01
1.007916831970214844e+01
9.817562103271484375e+00
9.546366691589355469e+00
9.266345024108886719e+00
8.977514266967773438e+00
8.679153442382812500e+00
8.372767448425292969e+00
8.057631492614746094e+00
7.733766078948974609e+00
7.401932239532470703e+00
7.062151432037353516e+00
6.715184688568115234e+00
6.359714031219482422e+00
5.997096061706542969e+00
5.627127647399902344e+00
5.250200271606445312e+00
4.866406440734863281e+00
4.475988864898681641e+00
4.079116344451904297e+00
3.676030397415161133e+00
3.266973495483398438e+00
2.852039098739624023e+00
2.431469678878784180e+00
2.005507707595825195e+00
1.574246644973754883e+00
1.138003230094909668e+00
6.969452500343322754e-01
2.511665523052215576e-01
-1.990162581205368042e-01
-6.533609032630920410e-01
-1.111714363098144531e+00
-1.573856472969055176e+00
-2.039574623107910156e+00
-2.508626461029052734e+00
-2.980889081954956055e+00
-3.456008434295654297e+00
-3.933816194534301758e+00
-4.414144515991210938e+00
-4.896677494049072266e+00
-5.381319999694824219e+00
-5.867756843566894531e+00
-6.355896949768066406e+00
-6.845363616943359375e+00
-7.336082458496093750e+00
-7.827827930450439453e+00
-8.320450782775878906e+00
-8.813799858093261719e+00
-9.307503700256347656e+00
-9.801485061645507812e+00
-1.029559516906738281e+01
-1.078960990905761719e+01
-1.128278255462646484e+01
-1.177585697174072266e+01
-1.226808834075927734e+01
-1.275947380065917969e+01
-1.324927043914794922e+01
-1.373747634887695312e+01
-1.422483253479003906e+01
-1.470985317230224609e+01
-1.519327640533447266e+01
-1.567436218261718750e+01
-1.615310668945312500e+01
-1.662950897216796875e+01
-1.710356712341308594e+01
-1.757453536987304688e+01
-1.804241561889648438e+01
-1.850720405578613281e+01
-1.896815681457519531e+01
-1.942601394653320312e+01
-1.988003540039062500e+01
-2.033021354675292969e+01
-2.077581024169921875e+01
-2.121756362915039062e+01
-2.165472984313964844e+01
-2.208730506896972656e+01
-2.251529121398925781e+01
-2.293794250488281250e+01
-2.335600090026855469e+01
-2.376872253417968750e+01
-2.417610359191894531e+01
-2.457814598083496094e+01
-2.497410202026367188e+01
-2.536397361755371094e+01
-2.574849891662597656e+01
-2.612693595886230469e+01
-2.649928283691406250e+01
-2.686479187011718750e+01
-2.722346687316894531e+01
-2.757604598999023438e+01
-2.792253112792968750e+01
-2.826142883300781250e+01
-2.859349060058593750e+01
-2.891797637939453125e+01
-2.923565292358398438e+01
-2.954652976989746094e+01
-2.984913444519042969e+01
-3.014496803283691406e+01
-3.043330192565917969e+01
-3.071414947509765625e+01
-3.098678207397460938e+01
-3.125196075439453125e+01
-3.150969505310058594e+01
-3.175926017761230469e+01
-3.200066375732421875e+01
-3.223392868041992188e+01
-3.245980834960937500e+01
-3.267757415771484375e+01
-3.288649368286132812e+01
-3.308806991577148438e+01
-3.328083419799804688e+01
-3.346479797363281250e+01
-3.364146423339843750e+01
-3.380935668945312500e+01
-3.396849060058593750e+01
-3.411962509155273438e+01
-3.426202774047851562e+01
-3.439646530151367188e+01
-3.452219772338867188e+01
-3.463924789428710938e+01
-3.474836349487304688e+01
-3.484882736206054688e+01
-3.494064331054687500e+01
-3.502457809448242188e+01
-3.509915161132812500e+01
-3.516586685180664062e+01
-3.522399902343750000e+01
-3.527355957031250000e+01
-3.531455993652343750e+01
-3.534701919555664062e+01
-3.537094879150390625e+01
-3.538710784912109375e+01
-3.539476394653320312e+01
-3.539393615722656250e+01
-3.538463592529296875e+01
-3.536762237548828125e+01
-3.534216308593750000e+01
-3.530827331542968750e+01
-3.526671600341796875e+01
-3.521675491333007812e+01
-3.515840911865234375e+01
-3.509243392944335938e+01
-3.501884841918945312e+01
-3.493691635131835938e+01
-3.484739685058593750e+01
-3.475031661987304688e+01
-3.464567947387695312e+01
-3.453350448608398438e+01
-3.441380691528320312e+01
-3.428660202026367188e+01
-3.415264892578125000e+01
-3.401121902465820312e+01
-3.386232757568359375e+01
-3.370673370361328125e+01
-3.354445266723632812e+01
-3.337475967407226562e+01
-3.319915008544921875e+01
-3.301615524291992188e+01
-3.282727813720703125e+01
-3.263179397583007812e+01
-3.242971038818359375e+01
-3.222179412841796875e+01
-3.200730514526367188e+01
-3.178776168823242188e+01
-3.156168174743652344e+01
-3.133057022094726562e+01
-3.109295463562011719e+01
-3.085107994079589844e+01
-3.060273361206054688e+01
-3.035016250610351562e+01
-3.009189033508300781e+01
-2.982867622375488281e+01
-2.956128120422363281e+01
-2.928823471069335938e+01
-2.901103591918945312e+01
-2.872970390319824219e+01
-2.844350814819335938e+01
-2.815394783020019531e+01
-2.785955619812011719e+01
-2.756183433532714844e+01
-2.726005172729492188e+01
-2.695497131347656250e+01
-2.664660453796386719e+01
-2.633496665954589844e+01
-2.602007484436035156e+01
-2.570194625854492188e+01
-2.538133621215820312e+01
-2.505825996398925781e+01
-2.473199081420898438e+01
-2.440402984619140625e+01
-2.407290840148925781e+01
-2.374012374877929688e+01
-2.340569305419921875e+01
-2.306887626647949219e+01
-2.273116111755371094e+01
-2.239106750488281250e+01
-2.205007934570312500e+01
-2.170819854736328125e+01
-2.136468887329101562e+01
-2.102029418945312500e+01
-2.067501640319824219e+01
-2.032885551452636719e+01
-1.998256111145019531e+01
-1.963539123535156250e+01
-1.928808975219726562e+01
-1.894066047668457031e+01
-1.859310722351074219e+01
-1.824617195129394531e+01
-1.789911651611328125e+01
-1.755268478393554688e+01
-1.720688056945800781e+01
-1.686170578002929688e+01
-1.651716232299804688e+01
-1.617399787902832031e+01
-1.583146667480468750e+01
-1.549106311798095703e+01
-1.515130043029785156e+01
-1.481292438507080078e+01
-1.447668075561523438e+01
-1.414182853698730469e+01
-1.380911254882812500e+01
-1.347779464721679688e+01
-1.314936065673828125e+01
-1.282307147979736328e+01
-1.249892902374267578e+01
-1.217767810821533203e+01
-1.185857963562011719e+01
-1.154237651824951172e+01
-1.122907447814941406e+01
-1.091941642761230469e+01
-1.061191940307617188e+01
-1.030807209014892578e+01
-1.000787734985351562e+01
-9.710592269897460938e+00
-9.416965484619140625e+00
-9.126996994018554688e+00
-8.840690612792968750e+00
-8.558791160583496094e+00
-8.280558586120605469e+00
-8.005993843078613281e+00
-7.735844135284423828e+00
-7.470109939575195312e+00
-7.208793640136718750e+00
-6.951885223388671875e+00
-6.700117588043212891e+00
-6.451993465423583984e+00
-6.208913803100585938e+00
-5.970571517944335938e+00
-5.737103462219238281e+00
-5.508425235748291016e+00
-5.284748554229736328e+00
-5.066062927246093750e+00
-4.852431774139404297e+00
-4.643992900848388672e+00
-4.440661430358886719e+00
-4.242575645446777344e+00
-4.049724102020263672e+00
-3.862318754196166992e+00
-3.680200576782226562e+00
-3.503507852554321289e+00
-3.332303762435913086e+00
-3.166577577590942383e+00
-3.006467103958129883e+00
-2.851887226104736328e+00
-2.702901601791381836e+00
-2.559573650360107422e+00
-2.421967267990112305e+00
-2.289996862411499023e+00
-2.163726329803466797e+00
-2.043293714523315430e+00
-1.928539395332336426e+00
-1.819526672363281250e+00
-1.716319441795349121e+00
-1.618981242179870605e+00
-1.527352571487426758e+00
-1.441645622253417969e+00
-1.361626744270324707e+00
-1.287508010864257812e+00
-1.219204664230346680e+00
-1.156705498695373535e+00
-1.100074291229248047e+00
-1.049226045608520508e+00
-1.004149913787841797e+00
-9.649093747138977051e-01
-9.314195513725280762e-01
-9.037438631057739258e-01
-8.817971944808959961e-01
-8.655688762664794922e-01
-8.550927042961120605e-01
-8.502836823463439941e-01
-8.511382937431335449e-01
-8.576237559318542480e-01
-8.697139024734497070e-01
-8.873897194862365723e-01
-9.106020331382751465e-01
-9.393237829208374023e-01
-9.734984636306762695e-01
-1.013106465339660645e+00
-1.058091163635253906e+00
-1.108425855636596680e+00
-1.164053678512573242e+00
-1.224925518035888672e+00
-1.291007161140441895e+00
-1.362122893333435059e+00
-1.438312768936157227e+00
-1.519490480422973633e+00
-1.605569481849670410e+00
-1.696537971496582031e+00
-1.792235016822814941e+00
-1.892723202705383301e+00
-1.997767329216003418e+00
-2.107429742813110352e+00
-2.221623897552490234e+00
-2.340263843536376953e+00
-2.463262796401977539e+00
-2.590534687042236328e+00
-2.721993207931518555e+00
-2.857625961303710938e+00
-2.997272729873657227e+00
-3.140846729278564453e+00
-3.288336277008056641e+00
-3.439654827117919922e+00
-3.594641685485839844e+00
-3.753210306167602539e+00
-3.915349245071411133e+00
-4.080896854400634766e+00
-4.249842166900634766e+00
-4.422024726867675781e+00
-4.597430706024169922e+00
-4.775826454162597656e+00
-4.957274436950683594e+00
-5.141613483428955078e+00
-5.328683376312255859e+00
-5.518471240997314453e+00
-5.710742473602294922e+00
-5.905559539794921875e+00
-6.102761745452880859e+00
-6.302188396453857422e+00
-6.503753185272216797e+00
-6.707443714141845703e+00
-6.913099765777587891e+00
-7.120560169219970703e+00
-7.329890251159667969e+00
-7.540860176086425781e+00
-7.753395080566406250e+00
-7.967341899871826172e+00
-8.182773590087890625e+00
-8.399464607238769531e+00
-8.617337226867675781e+00
-8.836238861083984375e+00
-9.056242942810058594e+00
-9.277123451232910156e+00
-9.499025344848632812e+00
-9.721203804016113281e+00
-9.943655014038085938e+00
-1.016712093353271484e+01
-1.039085388183593750e+01
-1.061485195159912109e+01
-1.083911323547363281e+01
-1.106363296508789062e+01
-1.128841018676757812e+01
-1.151269817352294922e+01
-1.173649406433105469e+01
-1.196053886413574219e+01
-1.218334293365478516e+01
-1.240639019012451172e+01
-1.262893390655517578e+01
-1.285023021697998047e+01
-1.307101726531982422e+01
-1.329129409790039062e+01
-1.351031303405761719e+01
-1.372807216644287109e+01
-1.394457054138183594e+01
-1.415980148315429688e+01
-1.437376499176025391e+01
-1.458645820617675781e+01
-1.479787826538085938e+01
-1.500727844238281250e+01
-1.521465587615966797e+01
-1.542075252532958984e+01
-1.562482166290283203e+01
-1.582686138153076172e+01
-1.602686500549316406e+01
-1.622483634948730469e+01
-1.642076683044433594e+01
-1.661391258239746094e+01
-1.680426979064941406e+01
-1.699332618713378906e+01
-1.717884445190429688e+01
-1.736231231689453125e+01
-1.754223823547363281e+01
-1.772010421752929688e+01
-1.789442634582519531e+01
-1.806669616699218750e+01
-1.823543167114257812e+01
-1.840064239501953125e+01
-1.856381988525390625e+01
-1.872274589538574219e+01
-1.887891006469726562e+01
-1.903157615661621094e+01
-1.918149566650390625e+01
-1.932793426513671875e+01
-1.947015190124511719e+01
-1.960964775085449219e+01
-1.974493789672851562e+01
-1.987677383422851562e+01
-2.000516319274902344e+01
-2.013011360168457031e+01
-2.025088882446289062e+01
-2.036823844909667969e+01
-2.048142623901367188e+01
-2.059120559692382812e+01
-2.069683456420898438e+01
-2.079832649230957031e+01
-2.089642715454101562e+01
-2.099040412902832031e+01
-2.108026313781738281e+01
-2.116600990295410156e+01
-2.124765396118164062e+01
-2.132520103454589844e+01
-2.139865684509277344e+01
-2.146803283691406250e+01
-2.153258895874023438e+01
-2.159382057189941406e+01
-2.165099143981933594e+01
-2.170336723327636719e+01
-2.175169372558593750e+01
-2.179598236083984375e+01
-2.183549499511718750e+01
-2.187098121643066406e+01
-2.190245246887207031e+01
-2.192991065979003906e+01
-2.195262336730957031e+01
-2.197134017944335938e+01
-2.198532295227050781e+01
-2.199532508850097656e+01
-2.200135040283203125e+01
-2.200266647338867188e+01
-2.200002098083496094e+01
-2.199267959594726562e+01
-2.198138999938964844e+01
-2.196542167663574219e+01
-2.194552040100097656e+01
-2.192169570922851562e+01
-2.189321708679199219e+01
-2.186083602905273438e+01
-2.182381820678710938e+01
-2.178365898132324219e+01
-2.173814201354980469e+01
-2.168950462341308594e+01
-2.163627052307128906e+01
-2.157919311523437500e+01
-2.151753807067871094e+01
-2.145205879211425781e+01
-2.138350677490234375e+01
-2.130966758728027344e+01
-2.123277282714843750e+01
-2.115209579467773438e+01
-2.106764221191406250e+01
-2.097942352294921875e+01
-2.088670539855957031e+01
-2.079098510742187500e+01
-2.069227409362792969e+01
-2.058909034729003906e+01
-2.048293495178222656e+01
-2.037307167053222656e+01
-2.025951194763183594e+01
-2.014300918579101562e+01
-2.002282905578613281e+01
-1.989972686767578125e+01
-1.977296257019042969e+01
-1.964329719543457031e+01
-1.951073455810546875e+01
-1.937528610229492188e+01
-1.923622131347656250e+01
-1.909429168701171875e+01
-1.895024681091308594e+01
-1.880261421203613281e+01
-1.865214538574218750e+01
-1.849959373474121094e+01
-1.834422492980957031e+01
-1.818605041503906250e+01
-1.802581977844238281e+01
-1.786280441284179688e+01
-1.769701004028320312e+01
-1.752919197082519531e+01
-1.735935974121093750e+01
-1.718752098083496094e+01
-1.701368713378906250e+01
-1.683712768554687500e+01
-1.665933227539062500e+01
-1.647957420349121094e+01
-1.629785919189453125e+01
-1.611418914794921875e+01
-1.592857170104980469e+01
-1.574175262451171875e+01
-1.555373382568359375e+01
-1.536377620697021484e+01
-1.517262554168701172e+01
-1.498028659820556641e+01
-1.478676223754882812e+01
-1.459131336212158203e+01
-1.439542961120605469e+01
-1.419836997985839844e+01
-1.400013828277587891e+01
-1.380073833465576172e+01
-1.360091686248779297e+01
-1.340067768096923828e+01
-1.319927978515625000e+01
-1.299747085571289062e+01
-1.279450988769531250e+01
-1.259188842773437500e+01
-1.238886642456054688e+01
-1.218470287322998047e+01
-1.198088741302490234e+01
-1.177668190002441406e+01
-1.157208824157714844e+01
-1.136785411834716797e+01
-1.116398334503173828e+01
-1.095973396301269531e+01
-1.075585460662841797e+01
-1.055160427093505859e+01
-1.034847354888916016e+01
-1.014497947692871094e+01
-9.942611694335937500e+00
-9.740631103515625000e+00
-9.539038658142089844e+00
-9.337841033935546875e+00
-9.137783050537109375e+00
-8.938867568969726562e+00
-8.740356445312500000e+00
-8.542994499206542969e+00
-8.346043586730957031e+00
-8.150992393493652344e+00
-7.956358909606933594e+00
-7.762888908386230469e+00
-7.571329593658447266e+00
-7.380941390991210938e+00
-7.191726207733154297e+00
-7.004431724548339844e+00
-6.817575931549072266e+00
-6.633389949798583984e+00
-6.450465202331542969e+00
-6.269169330596923828e+00
-6.089646816253662109e+00
-5.911967277526855469e+00
-5.736125469207763672e+00
-5.562118053436279297e+00
-5.390088558197021484e+00
-5.220032215118408203e+00
-5.051944732666015625e+00
-4.886044502258300781e+00
-4.722252368927001953e+00
-4.560564517974853516e+00
-4.401197910308837891e+00
-4.244000911712646484e+00
-4.089117050170898438e+00
-3.936541080474853516e+00
-3.786417961120605469e+00
-3.638594388961791992e+00
-3.493288516998291016e+00
-3.350421428680419922e+00
-3.210063219070434570e+00
-3.072283267974853516e+00
-2.937077045440673828e+00
-2.804440259933471680e+00
-2.674442768096923828e+00
-2.547153949737548828e+00
-2.422569274902343750e+00
-2.300684690475463867e+00
-2.181494951248168945e+00
-2.065144538879394531e+00
-1.951628923416137695e+00
-1.840869069099426270e+00
-1.733009099960327148e+00
-1.627970337867736816e+00
-1.525822162628173828e+00
-1.426634788513183594e+00
-1.330328941345214844e+00
-1.236974477767944336e+00
-1.146641373634338379e+00
-1.059250712394714355e+00
-9.748720526695251465e-01
-8.934267163276672363e-01
-8.150585889816284180e-01
-7.396889925003051758e-01
-6.673876643180847168e-01
-5.980756282806396484e-01
-5.318227410316467285e-01
-4.686244130134582520e-01
-4.084761142730712891e-01
-3.513732850551605225e-01
-2.973481118679046631e-01
-2.463865727186203003e-01
-1.985039412975311279e-01
-1.536783576011657715e-01
-1.119102463126182556e-01
-7.318516820669174194e-02
-3.750354051589965820e-02
-4.850923549383878708e-03
2.477225847542285919e-02
5.138787254691123962e-02
7.500293105840682983e-02
9.562444686889648438e-02
1.132742688059806824e-01
1.279653757810592651e-01
1.397092193365097046e-01
1.485195010900497437e-01
1.544132530689239502e-01
1.574134826660156250e-01
1.575476080179214478e-01
1.548408418893814087e-01
1.493202894926071167e-01
1.410115063190460205e-01
1.299408227205276489e-01
1.161353290081024170e-01
9.962134063243865967e-02
8.042593300342559814e-02
5.857691168785095215e-02
3.410136699676513672e-02
7.025617640465497971e-03
-2.262252010405063629e-02
-5.481448769569396973e-02
-8.951615542173385620e-02
-1.266911476850509644e-01
-1.663038879632949829e-01
-2.083172202110290527e-01
-2.526974081993103027e-01
-2.994129359722137451e-01
-3.484121859073638916e-01
-3.996732831001281738e-01
-4.531521201133728027e-01
-5.088118314743041992e-01
-5.666158795356750488e-01
-6.265273690223693848e-01
-6.885021924972534180e-01
-7.525110840797424316e-01
-8.184949159622192383e-01
-8.864245414733886719e-01
-9.562407732009887695e-01
-1.027906894683837891e+00
-1.101364016532897949e+00
-1.176553726196289062e+00
-1.253501772880554199e+00
-1.332093596458435059e+00
-1.412325859069824219e+00
-1.494121074676513672e+00
-1.577476024627685547e+00
-1.662313342094421387e+00
-1.748629450798034668e+00
-1.836347222328186035e+00
-1.925463199615478516e+00
-2.015899896621704102e+00
-2.107579708099365234e+00
-2.200499773025512695e+00
-2.294581890106201172e+00
-2.389823675155639648e+00
-2.486072540283203125e+00
-2.583400011062622070e+00
-2.681728363037109375e+00
-2.780980348587036133e+00
-2.881152629852294922e+00
-2.982167243957519531e+00
-3.083872795104980469e+00
-3.186414718627929688e+00
-3.289641141891479492e+00
-3.393474340438842773e+00
-3.497911214828491211e+00
-3.602874040603637695e+00
-3.708359956741333008e+00
-3.814216852188110352e+00
-3.920590162277221680e+00
-4.027179718017578125e+00
-4.134204864501953125e+00
-4.241365432739257812e+00
-4.348732471466064453e+00
-4.456302165985107422e+00
-4.563923358917236328e+00
-4.671593189239501953e+00
-4.779307365417480469e+00
-4.886914730072021484e+00
-4.994411468505859375e+00
-5.101795673370361328e+00
-5.208988189697265625e+00
-5.315912723541259766e+00
-5.422491073608398438e+00
-5.528794288635253906e+00
-5.634745597839355469e+00
-5.740192413330078125e+00
-5.845206260681152344e+00
-5.949635028839111328e+00
-6.053549289703369141e+00
-6.156799316406250000e+00
-6.259459972381591797e+00
-6.361385822296142578e+00
-6.462577819824218750e+00
-6.562965869903564453e+00
-6.662625312805175781e+00
-6.761410236358642578e+00
-6.859248638153076172e+00
-6.956218242645263672e+00
-7.052245616912841797e+00
-7.147259712219238281e+00
-7.241262435913085938e+00
-7.334181785583496094e+00
-7.426020622253417969e+00
-7.516707420349121094e+00
-7.606317520141601562e+00
-7.694705963134765625e+00
-7.781799793243408203e+00
-7.867751121520996094e+00
-7.952337741851806641e+00
-8.035637855529785156e+00
-8.117579460144042969e+00
-8.198163986206054688e+00
-8.277395248413085938e+00
-8.355273246765136719e+00
-8.431134223937988281e+00
-8.506018638610839844e+00
-8.579930305480957031e+00
-8.651385307312011719e+00
-8.721872329711914062e+00
-8.790649414062500000e+00
-8.857719421386718750e+00
-8.923086166381835938e+00
-8.986751556396484375e+00
-9.048715591430664062e+00
-9.109726905822753906e+00
-9.168299674987792969e+00
-9.225179672241210938e+00
-9.280369758605957031e+00
-9.333872795104980469e+00
-9.385689735412597656e+00
-9.435823440551757812e+00
-9.484277725219726562e+00
-9.530309677124023438e+00
-9.574666976928710938e+00
-9.617350578308105469e+00
-9.658361434936523438e+00
-9.697705268859863281e+00
-9.734640121459960938e+00
-9.769909858703613281e+00
-9.802775382995605469e+00
-9.834728240966796875e+00
-9.864285469055175781e+00
-9.891453742980957031e+00
-9.916978836059570312e+00
-9.940868377685546875e+00
-9.963125228881835938e+00
-9.983013153076171875e+00
-1.000053501129150391e+01
-1.001643943786621094e+01
-1.003073215484619141e+01
-1.004341793060302734e+01
-1.005375766754150391e+01
-1.006175804138183594e+01
-1.006816482543945312e+01
-1.007298469543457031e+01
-1.007547950744628906e+01
-1.007639598846435547e+01
-1.007573986053466797e+01
-1.007277297973632812e+01
-1.006750011444091797e+01
-1.006066989898681641e+01
-1.005228710174560547e+01
-1.004235553741455078e+01
-1.003013801574707031e+01
-1.001638221740722656e+01
-1.000035095214843750e+01
-9.982790946960449219e+00
-9.963707923889160156e+00
-9.942363739013671875e+00
-9.919506072998046875e+00
-9.895139694213867188e+00
-9.869270324707031250e+00
-9.841157913208007812e+00
-9.812295913696289062e+00
-9.781202316284179688e+00
-9.747882843017578125e+00
-9.713826179504394531e+00
-9.677553176879882812e+00
-9.640553474426269531e+00
-9.601348876953125000e+00
-9.560683250427246094e+00
-9.518564224243164062e+00
-9.474995613098144531e+00
-9.429983139038085938e+00
-9.383531570434570312e+00
-9.335645675659179688e+00
-9.287073135375976562e+00
-9.236333847045898438e+00
-9.184173583984375000e+00
-9.131342887878417969e+00
-9.076356887817382812e+00
-9.020704269409179688e+00
-8.963645935058593750e+00
-8.905926704406738281e+00
-8.846062660217285156e+00
-8.785543441772460938e+00
-8.724371910095214844e+00
-8.661808013916015625e+00
-8.597852706909179688e+00
-8.533253669738769531e+00
-8.467269897460937500e+00
-8.399903297424316406e+00
-8.332643508911132812e+00
-8.264006614685058594e+00
-8.193996429443359375e+00
-8.123357772827148438e+00
-8.052092552185058594e+00
-7.980204582214355469e+00
-7.907697200775146484e+00
-7.833828449249267578e+00
-7.759345054626464844e+00
-7.684249877929687500e+00
-7.608544826507568359e+00
-7.532232761383056641e+00
-7.456060409545898438e+00
-7.378320217132568359e+00
-7.300426959991455078e+00
-7.222012519836425781e+00
-7.143227577209472656e+00
-7.063926696777343750e+00
-6.984260082244873047e+00
-6.904231548309326172e+00
-6.823843955993652344e+00
-6.743247509002685547e+00
-6.662297248840332031e+00
-6.581143856048583984e+00
-6.499790191650390625e+00
-6.418313503265380859e+00
-6.336716651916503906e+00
-6.255001544952392578e+00
-6.173245906829833984e+00
-6.091452121734619141e+00
-6.009623050689697266e+00
-5.927909851074218750e+00
-5.846240997314453125e+00
-5.764619350433349609e+00
-5.683196067810058594e+00
-5.601899147033691406e+00
-5.520805835723876953e+00
-5.439918994903564453e+00
-5.359310626983642578e+00
-5.278981208801269531e+00
-5.198927402496337891e+00
-5.119223594665527344e+00
-5.039866924285888672e+00
-4.960931777954101562e+00
-4.882340908050537109e+00
-4.804243087768554688e+00
-4.726561546325683594e+00
-4.649443626403808594e+00
-4.572739601135253906e+00
-4.496596336364746094e+00
-4.421087265014648438e+00
-4.346061229705810547e+00
-4.271666526794433594e+00
-4.197901248931884766e+00
-4.124838352203369141e+00
-4.052476406097412109e+00
-3.980739831924438477e+00
-3.909775972366333008e+00
-3.839508295059204102e+00
-3.770084857940673828e+00
-3.701429605484008789e+00
-3.633540868759155273e+00
-3.566491842269897461e+00
-3.500281095504760742e+00
-3.434981346130371094e+00
-3.370591402053833008e+00
-3.307035207748413086e+00
-3.244460105895996094e+00
-3.182864904403686523e+00
-3.122173547744750977e+00
-3.062459230422973633e+00
-3.003794670104980469e+00
-2.946103811264038086e+00
-2.889460086822509766e+00
-2.833787202835083008e+00
-2.779307603836059570e+00
-2.725795745849609375e+00
-2.673399686813354492e+00
-2.622117757797241211e+00
-2.571948528289794922e+00
-2.522890329360961914e+00
-2.475016355514526367e+00
-2.428250789642333984e+00
-2.382666587829589844e+00
-2.338262081146240234e+00
-2.295036077499389648e+00
-2.252987146377563477e+00
-2.212187767028808594e+00
-2.172560453414916992e+00
-2.134176731109619141e+00
-2.096958398818969727e+00
-2.061050891876220703e+00
-2.026302576065063477e+00
-1.992858290672302246e+00
-1.960640907287597656e+00
-1.929720878601074219e+00
-1.899946570396423340e+00
-1.871537566184997559e+00
-1.844341754913330078e+00
-1.818356156349182129e+00
-1.793725728988647461e+00
-1.770298719406127930e+00
-1.748145818710327148e+00
-1.727189660072326660e+00
-1.707575559616088867e+00
-1.689151406288146973e+00
-1.672062754631042480e+00
-1.656157374382019043e+00
-1.641506314277648926e+00
-1.628106355667114258e+00
-1.615954160690307617e+00
-1.605046272277832031e+00
-1.595379471778869629e+00
-1.586950421333312988e+00
-1.579681515693664551e+00
-1.573717832565307617e+00
-1.568833470344543457e+00
-1.565247774124145508e+00
-1.562808871269226074e+00
-1.561587810516357422e+00
-1.561506867408752441e+00
-1.562562704086303711e+00
-1.564826369285583496e+00
-1.568220138549804688e+00
-1.572740793228149414e+00
-1.578384995460510254e+00
-1.585149407386779785e+00
-1.593030691146850586e+00
-1.602025508880615234e+00
-1.612056136131286621e+00
-1.623119354248046875e+00
-1.635286331176757812e+00
-1.648478984832763672e+00
-1.662694334983825684e+00
-1.677929043769836426e+00
-1.694179534912109375e+00
-1.711368560791015625e+00
-1.729567885398864746e+00
-1.748705983161926270e+00
-1.768787026405334473e+00
-1.789814710617065430e+00
-1.811792850494384766e+00
-1.834651112556457520e+00
-1.858467578887939453e+00
-1.883171796798706055e+00
