# ee
4.162344709038734436e-02
6.160217151045799255e-02
6.227393448352813721e-02
4.899628460407257080e-02
3.178986534476280212e-02
1.805800199508666992e-02
1.020205300301313400e-02
6.955004297196865082e-03
5.914112087339162827e-03
5.341970361769199371e-03
4.749994259327650070e-03
4.007455892860889435e-03
3.654517466202378273e-03
3.663602285087108612e-03
3.849585307762026787e-03
4.185292869806289673e-03
4.522911272943019867e-03
4.922818392515182495e-03
5.527987144887447357e-03
6.336279213428497314e-03
7.382902782410383224e-03
8.638143539428710938e-03
1.003775745630264282e-02
1.161561068147420883e-02
1.337976939976215363e-02
1.530119404196739197e-02
1.737348735332489014e-02
1.960348337888717651e-02
2.200994640588760376e-02
2.460671775043010712e-02
2.739697135984897614e-02
3.039437346160411835e-02
3.362616524100303650e-02
3.711503744125366211e-02
4.087841510772705078e-02
4.488446190953254700e-02
4.910646378993988037e-02
5.355918407440185547e-02
5.827334523200988770e-02
6.327836215496063232e-02
6.857834756374359131e-02
7.417093962430953979e-02
8.003889769315719604e-02
8.617536723613739014e-02
9.257788211107254028e-02
9.924794733524322510e-02
1.061951592564582825e-01
1.134068295359611511e-01
1.208628192543983459e-01
1.285388022661209106e-01
1.365200877189636230e-01
1.449547410011291504e-01
1.538347154855728149e-01
1.631371080875396729e-01
1.727172881364822388e-01
1.824638396501541138e-01
1.923813670873641968e-01
2.025041878223419189e-01
2.128815650939941406e-01
2.236042022705078125e-01
2.346615940332412720e-01
2.460179328918457031e-01
2.576893866062164307e-01
2.696549892425537109e-01
2.818503081798553467e-01
2.942751348018646240e-01
3.069674074649810791e-01
3.198834657669067383e-01
3.330612778663635254e-01
3.464872241020202637e-01
3.601337671279907227e-01
3.739662766456604004e-01
3.879724442958831787e-01
4.021622240543365479e-01
4.165359139442443848e-01
4.310851395130157471e-01
4.458364248275756836e-01
4.607345163822174072e-01
4.757837653160095215e-01
4.909337460994720459e-01
5.062056779861450195e-01
5.215737223625183105e-01
5.370340943336486816e-01
5.525609850883483887e-01
5.681660771369934082e-01
5.838182568550109863e-01
5.995315909385681152e-01
6.152901649475097656e-01
6.310561299324035645e-01
6.468212008476257324e-01
6.625701785087585449e-01
6.782954335212707520e-01
6.939595341682434082e-01
7.095622420310974121e-01
7.250884771347045898e-01
7.405232191085815430e-01
7.558587789535522461e-01
7.710577249526977539e-01
7.861199378967285156e-01
8.011046051979064941e-01
8.158628344535827637e-01
8.304688334465026855e-01
8.449223637580871582e-01
8.591488003730773926e-01
8.732224106788635254e-01
8.869942426681518555e-01
9.005385637283325195e-01
9.137807488441467285e-01
9.267206788063049316e-01
9.394323229789733887e-01
9.518411159515380859e-01
9.639465808868408203e-01
9.756739735603332520e-01
9.871714711189270020e-01
9.982157349586486816e-01
1.008880615234375000e+00
1.019314289093017578e+00
1.029367923736572266e+00
1.038892269134521484e+00
1.048184275627136230e+00
1.056946158409118652e+00
1.065251946449279785e+00
1.073175549507141113e+00
1.080642223358154297e+00
1.087725758552551270e+00
1.094277381896972656e+00
1.100445151329040527e+00
1.106080055236816406e+00
1.111181735992431641e+00
1.115898609161376953e+00
1.120082020759582520e+00
1.123806595802307129e+00
1.127072453498840332e+00
1.129805445671081543e+00
1.132005810737609863e+00
1.133748173713684082e+00
1.134958267211914062e+00
1.135785102844238281e+00
1.136005759239196777e+00
1.135694861412048340e+00
1.134927034378051758e+00
1.133702278137207031e+00
1.131946563720703125e+00
1.129808783531188965e+00
1.127066135406494141e+00
1.123941898345947266e+00
1.120287418365478516e+00
1.116177320480346680e+00
1.111686229705810547e+00
1.106739878654479980e+00
1.101264715194702148e+00
1.095409750938415527e+00
1.089175462722778320e+00
1.082562327384948730e+00
1.075571060180664062e+00
1.068202018737792969e+00
1.060530185699462891e+00
1.052407145500183105e+00
1.043982505798339844e+00
1.035330653190612793e+00
1.026303648948669434e+00
1.016976356506347656e+00
1.007423520088195801e+00
9.975712299346923828e-01
9.875687956809997559e-01
9.771935939788818359e-01
9.668177366256713867e-01
9.561444520950317383e-01
9.453973174095153809e-01
9.345763921737670898e-01
9.236081242561340332e-01
9.124929308891296387e-01
9.015284180641174316e-01
8.904178738594055176e-01
8.793846964836120605e-01
8.683556318283081055e-01
8.575546741485595703e-01
8.466855883598327637e-01
8.359725475311279297e-01
8.254164457321166992e-01
8.150928020477294922e-01
8.049283027648925781e-01
7.949982881546020508e-01
7.854524254798889160e-01
7.761505246162414551e-01
7.672348618507385254e-01
7.586914896965026855e-01
7.505586743354797363e-01
7.428893446922302246e-01
7.357068657875061035e-01
7.290344238281250000e-01
7.229174971580505371e-01
7.173869013786315918e-01
7.124807238578796387e-01
7.082369923591613770e-01
7.047012448310852051e-01
7.018966674804687500e-01
6.998612880706787109e-01
6.986258029937744141e-01
6.982504129409790039e-01
6.987435221672058105e-01
7.001653313636779785e-01
7.025390267372131348e-01
7.059099674224853516e-01
7.103160619735717773e-01
7.157804369926452637e-01
7.223559021949768066e-01
7.300654649734497070e-01
7.389619350433349609e-01
7.490758299827575684e-01
7.604375481605529785e-01
7.730923891067504883e-01
7.870336174964904785e-01
8.024551868438720703e-01
8.191720247268676758e-01
8.373408317565917969e-01
8.569622635841369629e-01
8.780370950698852539e-01
9.007143974304199219e-01
9.249206185340881348e-01
9.508050084114074707e-01
9.782939553260803223e-01
1.007387876510620117e+00
1.038236141204833984e+00
1.070839285850524902e+00
1.105197906494140625e+00
1.141312599182128906e+00
1.179258346557617188e+00
1.219035387039184570e+00
1.260718941688537598e+00
1.304234981536865234e+00
1.349807143211364746e+00
1.397287249565124512e+00
1.446750164031982422e+00
1.498196482658386230e+00
1.551700830459594727e+00
1.607338190078735352e+00
1.664960384368896484e+00
1.724642276763916016e+00
1.786532759666442871e+00
1.850484132766723633e+00
1.916645050048828125e+00
1.984941840171813965e+00
2.055449247360229492e+00
2.128168106079101562e+00
2.203023910522460938e+00
2.280389308929443359e+00
2.359744310379028320e+00
2.441535234451293945e+00
2.525465011596679688e+00
2.611755847930908203e+00
2.700183868408203125e+00
2.791044950485229492e+00
2.884041070938110352e+00
2.979542493820190430e+00
3.077102661132812500e+00
3.177091598510742188e+00
3.279360055923461914e+00
3.383906841278076172e+00
3.490656375885009766e+00
3.599830627441406250e+00
3.711205959320068359e+00
3.824855566024780273e+00
3.940703630447387695e+00
4.058972358703613281e+00
4.179289817810058594e+00
4.302025318145751953e+00
4.426881790161132812e+00
4.553931713104248047e+00
4.683100223541259766e+00
4.814683437347412109e+00
4.948086261749267578e+00
5.083901882171630859e+00
5.221609592437744141e+00
5.361430644989013672e+00
5.503364562988281250e+00
5.647336483001708984e+00
5.793270587921142578e+00
5.941166877746582031e+00
6.091097831726074219e+00
6.242765903472900391e+00
6.396392822265625000e+00
6.551904201507568359e+00
6.709298610687255859e+00
6.868427276611328125e+00
7.029288768768310547e+00
7.191882610321044922e+00
7.356133460998535156e+00
7.521893024444580078e+00
7.689902305603027344e+00
7.859046936035156250e+00
8.028954505920410156e+00
8.201110839843750000e+00
8.374030113220214844e+00
8.549195289611816406e+00
8.724378585815429688e+00
8.901808738708496094e+00
9.080740928649902344e+00
9.259690284729003906e+00
9.440141677856445312e+00
9.621348381042480469e+00
9.804051399230957031e+00
9.988249778747558594e+00
1.017245388031005859e+01
1.035740470886230469e+01
1.054310035705566406e+01
1.073102283477783203e+01
1.091819858551025391e+01
1.110536956787109375e+01
1.129476070404052734e+01
1.148339843750000000e+01
1.167276763916015625e+01
1.186286449432373047e+01
1.205220127105712891e+01
1.224226188659667969e+01
1.243155860900878906e+01
1.262231826782226562e+01
1.281231021881103516e+01
1.300227355957031250e+01
1.319295120239257812e+01
1.338211250305175781e+01
1.357124042510986328e+01
1.376107597351074219e+01
1.394790458679199219e+01
1.413617897033691406e+01
1.432366943359375000e+01
1.450963306427001953e+01
1.469555187225341797e+01
1.487994098663330078e+01
1.506353759765625000e+01
1.524708652496337891e+01
1.542909812927246094e+01
1.561031532287597656e+01
1.578924846649169922e+01
1.596738529205322266e+01
1.614472198486328125e+01
1.631977272033691406e+01
1.649476242065429688e+01
1.666746139526367188e+01
1.683787155151367188e+01
1.700821495056152344e+01
1.717552185058593750e+01
1.734127807617187500e+01
1.750473594665527344e+01
1.766738319396972656e+01
1.782698631286621094e+01
1.798429107666015625e+01
1.814003562927246094e+01
1.829273414611816406e+01
1.844387245178222656e+01
1.859270858764648438e+01
1.873849487304687500e+01
1.888198089599609375e+01
1.902316284179687500e+01
1.916204261779785156e+01
1.929787635803222656e+01
1.942992401123046875e+01
1.955966949462890625e+01
1.968711280822753906e+01
1.981151390075683594e+01
1.993287086486816406e+01
2.005192947387695312e+01
2.016645812988281250e+01
2.027869033813476562e+01
2.038788032531738281e+01
2.049254226684570312e+01
2.059490776062011719e+01
2.069423484802246094e+01
2.078977584838867188e+01
2.088153839111328125e+01
2.097026252746582031e+01
2.105520439147949219e+01
2.113710975646972656e+01
2.121523475646972656e+01
2.129032325744628906e+01
2.136089134216308594e+01
2.142768096923828125e+01
2.149143600463867188e+01
2.155215644836425781e+01
2.160612678527832031e+01
2.165855026245117188e+01
2.170645713806152344e+01
2.174984359741210938e+01
2.179094314575195312e+01
2.182752418518066406e+01
2.185958671569824219e+01
2.188787651062011719e+01
2.191016578674316406e+01
2.193165206909179688e+01
2.194788360595703125e+01
2.196182632446289062e+01
2.197051048278808594e+01
2.197542572021484375e+01
2.197582626342773438e+01
2.197245597839355469e+01
2.196531486511230469e+01
2.195366096496582031e+01
2.193823623657226562e+01
2.191904258728027344e+01
2.189533615112304688e+01
2.186711883544921875e+01
2.183588409423828125e+01
2.180014038085937500e+01
2.175989532470703125e+01
2.171663665771484375e+01
2.166888236999511719e+01
2.161737823486328125e+01
2.156286430358886719e+01
2.150312042236328125e+01
2.144037437438964844e+01
2.137388801574707031e+01
2.130366134643554688e+01
2.122969627380371094e+01
2.115274047851562500e+01
2.107131004333496094e+01
2.098689079284667969e+01
2.089725875854492188e+01
2.080538368225097656e+01
2.071052742004394531e+01
2.061195182800292969e+01
2.050965309143066406e+01
2.040363502502441406e+01
2.029464340209960938e+01
2.018193626403808594e+01
2.006700134277343750e+01
1.994835472106933594e+01
1.982674026489257812e+01
1.970216178894042969e+01
1.957535934448242188e+01
1.944485092163085938e+01
1.931138229370117188e+01
1.917643737792968750e+01
1.903779029846191406e+01
1.889767074584960938e+01
1.875459480285644531e+01
1.860856246948242188e+01
1.846031761169433594e+01
1.831060409545898438e+01
1.815793800354003906e+01
1.800306129455566406e+01
1.784597587585449219e+01
1.768742370605468750e+01
1.752741050720214844e+01
1.736370086669921875e+01
1.720001411437988281e+01
1.703486442565917969e+01
1.686676406860351562e+01
1.669794464111328125e+01
1.652840614318847656e+01
1.635666084289550781e+01
1.618420028686523438e+01
1.601102447509765625e+01
1.583639049530029297e+01
1.566104698181152344e+01
1.548425006866455078e+01
1.530749034881591797e+01
1.513002395629882812e+01
1.495259666442871094e+01
1.477372455596923828e+01
1.459489536285400391e+01
1.441536712646484375e+01
1.423662853240966797e+01
1.405793571472167969e+01
1.387929248809814453e+01
1.369995594024658203e+01
1.352141380310058594e+01
1.334366703033447266e+01
1.316523075103759766e+01
1.298833465576171875e+01
1.281298065185546875e+01
1.263768386840820312e+01
1.246318817138671875e+01
1.229023551940917969e+01
1.211734390258789062e+01
1.194674015045166016e+01
1.177694034576416016e+01
1.160794639587402344e+01
1.144124317169189453e+01
1.127608871459960938e+01
1.111248397827148438e+01
1.095117187500000000e+01
1.079141044616699219e+01
1.063394260406494141e+01
1.047802543640136719e+01
1.032514667510986328e+01
1.017456340789794922e+01
1.002553176879882812e+01
9.879538536071777344e+00
9.736583709716796875e+00
9.595924377441406250e+00
9.458304405212402344e+00
9.322237014770507812e+00
9.190695762634277344e+00
9.061450004577636719e+00
8.935987472534179688e+00
8.813563346862792969e+00
8.693434715270996094e+00
8.577832221984863281e+00
8.464526176452636719e+00
8.355745315551757812e+00
8.250744819641113281e+00
8.148778915405273438e+00
8.050588607788085938e+00
7.956915855407714844e+00
7.867163658142089844e+00
7.781032085418701172e+00
7.699560165405273438e+00
7.621778964996337891e+00
7.548356056213378906e+00
7.478991985321044922e+00
7.414129734039306641e+00
7.353544712066650391e+00
7.297532081604003906e+00
7.246016979217529297e+00
7.199069023132324219e+00
7.156836986541748047e+00
7.119168758392333984e+00
7.086286544799804688e+00
7.058114528656005859e+00
7.034722805023193359e+00
7.016335010528564453e+00
7.002798557281494141e+00
6.994113445281982422e+00
6.990426063537597656e+00
6.991734027862548828e+00
6.998037338256835938e+00
7.009332180023193359e+00
7.025915145874023438e+00
7.047562122344970703e+00
7.074198246002197266e+00
7.106116771697998047e+00
7.143170356750488281e+00
7.185430526733398438e+00
7.232970714569091797e+00
7.285641193389892578e+00
7.343514919281005859e+00
7.406740188598632812e+00
7.475018024444580078e+00
7.548793792724609375e+00
7.627620697021484375e+00
7.711719989776611328e+00
7.801167011260986328e+00
7.895811080932617188e+00
7.995652675628662109e+00
8.100467681884765625e+00
8.210478782653808594e+00
8.325686454772949219e+00
8.446088790893554688e+00
8.571687698364257812e+00
8.702481269836425781e+00
8.838465690612792969e+00
8.978151321411132812e+00
9.124507904052734375e+00
9.275300025939941406e+00
9.431267738342285156e+00
9.591665267944335938e+00
9.757973670959472656e+00
9.927962303161621094e+00
1.010236930847167969e+01
1.028193473815917969e+01
1.046665668487548828e+01
1.065504455566406250e+01
1.084932518005371094e+01
1.104652309417724609e+01
1.124886608123779297e+01
1.145486259460449219e+01
1.166599941253662109e+01
1.188152885437011719e+01
1.210070610046386719e+01
1.232427310943603516e+01
1.255148315429687500e+01
1.278233528137207031e+01
1.301757049560546875e+01
1.325570106506347656e+01
1.349821186065673828e+01
1.374435710906982422e+01
1.399339294433593750e+01
1.424680423736572266e+01
1.450310420989990234e+01
1.476229000091552734e+01
1.502510643005371094e+01
1.529080867767333984e+01
1.555939388275146484e+01
1.583086585998535156e+01
1.610447692871093750e+01
1.638171386718750000e+01
1.666109275817871094e+01
1.694335556030273438e+01
1.722701263427734375e+01
1.751429748535156250e+01
1.780223655700683594e+01
1.809380340576171875e+01
1.838676834106445312e+01
1.868038749694824219e+01
1.897763824462890625e+01
1.927405929565429688e+01
1.957336616516113281e+01
1.987407875061035156e+01
2.017619323730468750e+01
2.047971153259277344e+01
2.078314971923828125e+01
2.108873176574707031e+01
2.139423179626464844e+01
2.170038604736328125e+01
2.200720214843750000e+01
2.231467437744140625e+01
2.262280273437500000e+01
2.293009948730468750e+01
2.323731040954589844e+01
2.354517745971679688e+01
2.385369873046875000e+01
2.415915870666503906e+01
2.446602058410644531e+01
2.477130699157714844e+01
2.507724952697753906e+01
2.538236236572265625e+01
2.568664550781250000e+01
2.599084281921386719e+01
2.629198265075683594e+01
2.659303665161132812e+01
2.689252281188964844e+01
2.718969345092773438e+01
2.748529815673828125e+01
2.777933311462402344e+01
2.807180213928222656e+01
2.836195945739746094e+01
2.864981079101562500e+01
2.893535232543945312e+01
2.921858978271484375e+01
2.949952125549316406e+01
2.977740669250488281e+01
3.005373001098632812e+01
3.032552528381347656e+01
3.059576225280761719e+01
3.086370086669921875e+01
3.112636756896972656e+01
3.138748359680175781e+01
3.164407348632812500e+01
3.189836883544921875e+01
3.214888381958007812e+01
3.239488220214843750e+01
3.263859176635742188e+01
3.287629318237304688e+01
3.311096572875976562e+01
3.334186172485351562e+01
3.356824874877929688e+01
3.379086685180664062e+01
3.400822830200195312e+01
3.422107696533203125e+01
3.443090820312500000e+01
3.463548660278320312e+01
3.483408737182617188e+01
3.502893829345703125e+01
3.521930313110351562e+01
3.540444564819335938e+01
3.558437347412109375e+01
3.575983428955078125e+01
3.593008804321289062e+01
3.609440231323242188e+01
3.625352096557617188e+01
3.640819549560546875e+01
3.655768585205078125e+01
3.670051574707031250e+01
3.683817291259765625e+01
3.697066497802734375e+01
3.709725570678710938e+01
3.721868515014648438e+01
3.733422470092773438e+01
3.744387435913085938e+01
3.754912948608398438e+01
3.764701461791992188e+01
3.774051666259765625e+01
3.782740402221679688e+01
3.790843200683593750e+01
3.798359298706054688e+01
3.805290222167968750e+01
3.811561584472656250e+01
3.817322540283203125e+01
3.822499084472656250e+01
3.827017974853515625e+01
3.830878448486328125e+01
3.834304809570312500e+01
3.836925125122070312e+01
3.839037322998046875e+01
3.840493392944335938e+01
3.841441726684570312e+01
3.841660308837890625e+01
3.841297912597656250e+01
3.840428543090820312e+01
3.838755798339843750e+01
3.836651611328125000e+01
3.833892440795898438e+01
3.830479812622070312e+01
3.826635742187500000e+01
3.822063827514648438e+01
3.816912841796875000e+01
3.811108016967773438e+01
3.804798889160156250e+01
3.797836685180664062e+01
3.790295791625976562e+01
3.782251358032226562e+01
3.773554611206054688e+01
3.764354324340820312e+01
3.754502487182617188e+01
3.744148254394531250e+01
3.733217239379882812e+01
3.721784591674804688e+01
3.709775543212890625e+01
3.697190475463867188e+01
3.684104537963867188e+01
3.670516967773437500e+01
3.656354904174804688e+01
3.641765975952148438e+01
3.626602172851562500e+01
3.610937881469726562e+01
3.594847488403320312e+01
3.578257369995117188e+01
3.561017990112304688e+01
3.543427276611328125e+01
3.525485229492187500e+01
3.506968688964843750e+01
3.488101196289062500e+01
3.468733215332031250e+01
3.449013900756835938e+01
3.429017639160156250e+01
3.408446884155273438e+01
3.387376022338867188e+01
3.366027832031250000e+01
3.344327545166015625e+01
3.322126770019531250e+01
3.299797439575195312e+01
3.276966476440429688e+01
3.253857803344726562e+01
3.230322265625000000e+01
3.206507873535156250e+01
3.182489204406738281e+01
3.158191299438476562e+01
3.133539772033691406e+01
3.108609008789062500e+01
3.083323860168457031e+01
3.058055877685546875e+01
3.032581520080566406e+01
3.006752204895019531e+01
2.980715942382812500e+01
2.954546356201171875e+01
2.928095245361328125e+01
2.901584434509277344e+01
2.874716567993164062e+01
2.847862625122070312e+01
2.820799446105957031e+01
2.793749046325683594e+01
2.766414833068847656e+01
2.739093208312988281e+01
2.711635398864746094e+01
2.684115028381347656e+01
2.656606292724609375e+01
2.628960418701171875e+01
2.601251029968261719e+01
2.573552131652832031e+01
2.545863533020019531e+01
2.518184661865234375e+01
2.490589141845703125e+01
2.462928581237792969e+01
2.435276222229003906e+01
2.407780838012695312e+01
2.380367088317871094e+01
2.352960586547851562e+01
2.325560760498046875e+01
2.298390197753906250e+01
2.271299552917480469e+01
2.244363021850585938e+01
2.217579650878906250e+01
2.190949440002441406e+01
2.164471435546875000e+01
2.138219642639160156e+01
2.112119293212890625e+01
2.086244201660156250e+01
2.060593986511230469e+01
2.035019111633300781e+01
2.009890747070312500e+01
1.984911537170410156e+01
1.960228919982910156e+01
1.935842895507812500e+01
1.911678504943847656e+01
1.887809371948242188e+01
1.864309310913085938e+01
1.841029167175292969e+01
1.817968559265136719e+01
1.795498466491699219e+01
1.773246765136718750e+01
1.751435852050781250e+01
1.730065155029296875e+01
1.709059906005859375e+01
1.688345146179199219e+01
1.668143463134765625e+01
1.648231315612792969e+01
1.628831291198730469e+01
1.609868431091308594e+01
1.591267967224121094e+01
1.573177814483642578e+01
1.555523204803466797e+01
1.538229465484619141e+01
1.521518802642822266e+01
1.505241966247558594e+01
1.489398384094238281e+01
1.474136352539062500e+01
1.459380722045898438e+01
1.445131301879882812e+01
1.431387329101562500e+01
1.418148231506347656e+01
1.405562400817871094e+01
1.393331813812255859e+01
1.381753540039062500e+01
1.370678138732910156e+01
1.360179805755615234e+01
1.350183486938476562e+01
1.340837478637695312e+01
1.331992816925048828e+01
1.323723220825195312e+01
1.315954303741455078e+01
1.308908367156982422e+01
1.302362155914306641e+01
1.296463966369628906e+01
1.291064929962158203e+01
1.286387443542480469e+01
1.282208538055419922e+01
1.278676319122314453e+01
1.275790691375732422e+01
1.273476982116699219e+01
1.271735095977783203e+01
1.270564746856689453e+01
1.270040035247802734e+01
1.270086574554443359e+01
1.270852756500244141e+01
1.272115516662597656e+01
1.274023342132568359e+01
1.276576328277587891e+01
1.279699897766113281e+01
1.283542823791503906e+01
1.287881946563720703e+01
1.292791748046875000e+01
1.298346424102783203e+01
1.304546070098876953e+01
1.311242389678955078e+01
1.318732357025146484e+01
1.326644706726074219e+01
1.335202598571777344e+01
1.344331836700439453e+01
1.354106712341308594e+01
1.364453411102294922e+01
1.375445365905761719e+01
1.386933708190917969e+01
1.399066352844238281e+01
1.411768341064453125e+01
1.424890708923339844e+01
1.438655757904052734e+01
1.453137397766113281e+01
1.467889404296875000e+01
1.483282947540283203e+01
1.499243164062500000e+01
1.515695285797119141e+01
1.532713699340820312e+01
1.550149345397949219e+01
1.568150138854980469e+01
1.586642169952392578e+01
1.605699157714843750e+01
1.625172042846679688e+01
1.645135498046875000e+01
1.665514755249023438e+01
1.686383819580078125e+01
1.707742881774902344e+01
1.729517555236816406e+01
1.751781654357910156e+01
1.774312973022460938e+01
1.797408103942871094e+01
1.820844268798828125e+01
1.844621658325195312e+01
1.868888854980468750e+01
1.893497276306152344e+01
1.918372726440429688e+01
1.943664169311523438e+01
1.969371414184570312e+01
1.995271682739257812e+01
2.021588516235351562e+01
2.048247337341308594e+01
2.075100135803222656e+01
2.102370071411132812e+01
2.129759597778320312e+01
2.157566833496093750e+01
2.185569190979003906e+01
2.213766670227050781e+01
2.242308425903320312e+01
2.270971679687500000e+01
2.299831581115722656e+01
2.328962326049804688e+01
2.358290290832519531e+01
2.387741470336914062e+01
2.417390823364257812e+01
2.447164344787597656e+01
2.477062606811523438e+01
2.507085990905761719e+01
2.537234878540039062e+01
2.567435646057128906e+01
2.597836875915527344e+01
2.628216743469238281e+01
2.658649444580078125e+01
2.689135932922363281e+01
2.719676589965820312e+01
2.750345993041992188e+01
2.780847930908203125e+01
2.811479949951171875e+01
2.842019653320312500e+01
2.872542190551757812e+01
2.903047561645507812e+01
2.933462715148925781e+01
2.963936424255371094e+01
2.994246482849121094e+01
3.024467849731445312e+01
3.054601287841796875e+01
3.084647750854492188e+01
3.114532852172851562e+01
3.144257545471191406e+01
3.173896598815917969e+01
3.203302764892578125e+01
3.232624816894531250e+01
3.261714553833007812e+01
3.290647506713867188e+01
3.319350051879882812e+01
3.347748184204101562e+01
3.376065826416015625e+01
3.404005813598632812e+01
3.431718444824218750e+01
3.459277725219726562e+01
3.486462020874023438e+01
3.513346481323242188e+01
3.540005493164062500e+01
3.566366195678710938e+01
3.592279815673828125e+01
3.617970275878906250e+01
3.643289947509765625e+01
3.668238830566406250e+01
3.692818450927734375e+01
3.717028427124023438e+01
3.740795898437500000e+01
3.764269638061523438e+01
3.787302398681640625e+01
3.810042190551757812e+01
3.832193374633789062e+01
3.853978729248046875e+01
3.875399780273437500e+01
3.896382522583007812e+01
3.916780853271484375e+01
3.936817932128906250e+01
3.956348037719726562e+01
3.975445556640625000e+01
3.993964004516601562e+01
4.011978912353515625e+01
4.029640579223632812e+01
4.046726608276367188e+01
4.063313293457031250e+01
4.079401397705078125e+01
4.094992828369140625e+01
4.110013961791992188e+01
4.124540710449218750e+01
4.138574218750000000e+01
4.152115631103515625e+01
4.164942932128906250e+01
4.177280807495117188e+01
4.189129638671875000e+01
4.200416564941406250e+01
4.211068725585937500e+01
4.221160888671875000e+01
4.230768966674804688e+01
4.239818954467773438e+01
4.248163986206054688e+01
4.256027603149414062e+01
4.263335800170898438e+01
4.270090484619140625e+01
4.276217651367187500e+01
4.281644058227539062e+01
4.286667633056640625e+01
4.291066741943359375e+01
4.294692993164062500e+01
4.297919082641601562e+01
4.300522232055664062e+01
4.302503967285156250e+01
4.304013061523437500e+01
4.304827117919921875e+01
4.305393600463867188e+01
4.305043029785156250e+01
4.304148864746093750e+01
4.302635955810546875e+01
4.300654983520507812e+01
4.298056793212890625e+01
4.294693756103515625e+01
4.291012191772460938e+01
4.286640548706054688e+01
4.281728363037109375e+01
4.276276016235351562e+01
4.270209503173828125e+01
4.263528823852539062e+01
4.256382751464843750e+01
4.248621749877929688e+01
4.240320968627929688e+01
4.231405258178710938e+01
4.221949005126953125e+01
4.211952209472656250e+01
4.201414489746093750e+01
4.190409851074218750e+01
4.178938293457031250e+01
4.166850280761718750e+01
4.154368972778320312e+01
4.141271209716796875e+01
4.127779388427734375e+01
4.113669967651367188e+01
4.099165725708007812e+01
4.084043121337890625e+01
4.068599319458007812e+01
4.052461624145507812e+01
4.035927581787109375e+01
4.018996047973632812e+01
4.001517868041992188e+01
3.983567047119140625e+01
3.965291595458984375e+01
3.946467971801757812e+01
3.927392196655273438e+01
3.907841491699218750e+01
3.887814712524414062e+01
3.867459487915039062e+01
3.846701049804687500e+01
3.825389862060546875e+01
3.803823089599609375e+01
3.781998443603515625e+01
3.759693145751953125e+01
3.736980438232421875e+01
3.714007568359375000e+01
3.690774154663085938e+01
3.667130279541015625e+01
3.643149566650390625e+01
3.618978881835937500e+01
3.594395065307617188e+01
3.569545364379882812e+01
3.544353866577148438e+01
3.519116973876953125e+01
3.493461990356445312e+01
3.467536544799804688e+01
3.441413497924804688e+01
3.415092086791992188e+01
3.388495635986328125e+01
3.361698150634765625e+01
3.334698867797851562e+01
3.307496643066406250e+01
3.280166244506835938e+01
3.252705764770507812e+01
3.225041198730468750e+01
3.197245979309082031e+01
3.169393920898437500e+01
3.141335296630859375e+01
3.113143730163574219e+01
3.084967803955078125e+01
3.056657218933105469e+01
3.028286170959472656e+01
2.999853706359863281e+01
2.971284484863281250e+01
2.942726707458496094e+01
2.914179229736328125e+01
2.885567092895507812e+01
2.857038307189941406e+01
2.828368568420410156e+01
2.799854469299316406e+01
2.771272468566894531e+01
2.742770004272460938e+01
2.714346694946289062e+01
2.685852241516113281e+01
2.657509422302246094e+01
2.629242515563964844e+01
2.601125335693359375e+01
2.573008155822753906e+01
2.544964408874511719e+01
2.517216300964355469e+01
2.489539909362792969e+01
2.461934280395507812e+01
2.434547233581542969e+01
2.407303428649902344e+01
2.380276489257812500e+01
2.353465461730957031e+01
2.326646423339843750e+01
2.300190353393554688e+01
2.273947525024414062e+01
2.247843170166015625e+01
2.221950340270996094e+01
2.196416854858398438e+01
2.171019363403320312e+01
2.146053886413574219e+01
2.121148109436035156e+01
2.096598815917968750e+01
2.072405052185058594e+01
2.048491668701171875e+01
2.024932479858398438e+01
2.001577568054199219e+01
1.978575134277343750e+01
1.955923461914062500e+01
1.933695602416992188e+01
1.911742210388183594e+01
1.890061759948730469e+01
1.868802070617675781e+01
1.847812843322753906e+01
1.827019119262695312e+01
1.806865692138671875e+01
1.787054061889648438e+01
1.767583274841308594e+01
1.748600959777832031e+01
1.729883003234863281e+01
1.711651611328125000e+01
1.693831253051757812e+01
1.676420974731445312e+01
1.659494400024414062e+01
1.642901992797851562e+01
1.626791191101074219e+01
1.611087036132812500e+01
1.595788764953613281e+01
1.581044101715087891e+01
1.566629409790039062e+01
1.552692222595214844e+01
1.539232158660888672e+01
1.526173973083496094e+01
1.513665771484375000e+01
1.501632595062255859e+01
1.489999389648437500e+01
1.478839778900146484e+01
1.468153190612792969e+01
1.458013534545898438e+01
1.448271560668945312e+01
1.439001083374023438e+01
1.430275821685791016e+01
1.421947002410888672e+01
1.414236831665039062e+01
1.406847953796386719e+01
1.400076770782470703e+01
1.393626403808593750e+01
1.387793254852294922e+01
1.382354259490966797e+01
1.377383518218994141e+01
1.373029422760009766e+01
1.369069004058837891e+01
1.365650558471679688e+01
1.362625312805175781e+01
1.360142040252685547e+01
1.358126258850097656e+01
1.356577777862548828e+01
1.355496406555175781e+01
1.354955863952636719e+01
1.354881954193115234e+01
1.355274009704589844e+01
1.356057739257812500e+01
1.357307052612304688e+01
1.359096145629882812e+01
1.361276149749755859e+01
1.363995838165283203e+01
1.367106056213378906e+01
1.370681476593017578e+01
1.374721813201904297e+01
1.379227352142333984e+01
1.384123706817626953e+01
1.389484977722167969e+01
1.395237255096435547e+01
1.401455020904541016e+01
1.408063888549804688e+01
1.415064239501953125e+01
1.422530651092529297e+01
1.430389118194580078e+01
1.438639640808105469e+01
1.447208499908447266e+01
1.456170272827148438e+01
1.465525341033935547e+01
1.475348567962646484e+01
1.485417175292968750e+01
1.496029090881347656e+01
1.506961917877197266e+01
1.518141841888427734e+01
1.529717922210693359e+01
1.541616535186767578e+01
1.553763961791992188e+01
1.566383838653564453e+01
1.579253578186035156e+01
1.592448711395263672e+01
1.605895423889160156e+01
1.619668579101562500e+01
1.633694648742675781e+01
1.648049163818359375e+01
1.662658119201660156e+01
1.677522659301757812e+01
1.692643356323242188e+01
1.708021545410156250e+01
1.723731994628906250e+01
1.739552879333496094e+01
1.755633926391601562e+01
1.771901512145996094e+01
1.788430976867675781e+01
1.805075073242187500e+01
1.822056961059570312e+01
1.839155197143554688e+01
1.856444549560546875e+01
1.873777770996093750e+01
1.891378211975097656e+01
1.909098625183105469e+01
1.927014160156250000e+01
1.944976997375488281e+01
1.963062667846679688e+01
1.981346511840820312e+01
1.999680709838867188e+01
2.018066406250000000e+01
2.036653518676757812e+01
2.055219650268554688e+01
2.073915100097656250e+01
2.092666244506835938e+01
2.111548614501953125e+01
2.130340576171875000e+01
2.149191284179687500e+01
2.168028259277343750e+01
2.187000846862792969e+01
2.205961608886718750e+01
2.224763107299804688e+01
2.243703842163085938e+01
2.262561988830566406e+01
2.281413078308105469e+01
2.300257873535156250e+01
2.319023895263671875e+01
2.337711715698242188e+01
2.356397247314453125e+01
2.374932670593261719e+01
2.393542289733886719e+01
2.411930274963378906e+01
2.430320358276367188e+01
2.448490905761718750e+01
2.466591835021972656e+01
2.484624099731445312e+01
2.502440452575683594e+01
2.520190620422363281e+01
2.537726974487304688e+01
2.555273818969726562e+01
2.572460556030273438e+01
2.589660072326660156e+01
2.606650352478027344e+01
2.623358345031738281e+01
2.639933776855468750e+01
2.656303215026855469e+01
2.672616577148437500e+01
2.688577842712402344e+01
2.704262351989746094e+01
2.719893836975097656e+01
2.735176658630371094e+01
2.750186920166015625e+01
2.765073204040527344e+01
2.779614830017089844e+01
2.793961524963378906e+01
2.807965469360351562e+01
2.821776580810546875e+01
2.835247421264648438e+01
2.848527717590332031e+01
2.861544609069824219e+01
2.874224472045898438e+01
2.886642646789550781e+01
2.898725891113281250e+01
2.910550117492675781e+01
2.921966934204101562e+01
2.933274841308593750e+01
2.944029045104980469e+01
2.954527664184570312e+01
2.964771652221679688e+01
2.974687767028808594e+01
2.984202194213867188e+01
2.993316078186035156e+01
3.002178573608398438e+01
3.010716629028320312e+01
3.018930244445800781e+01
3.026746368408203125e+01
3.034165763854980469e+01
3.041337585449218750e+01
3.048113632202148438e+01
3.054495048522949219e+01
3.060556221008300781e+01
3.066224098205566406e+01
3.071572875976562500e+01
3.076454734802246094e+01
3.081018447875976562e+01
3.085190582275390625e+01
3.089045906066894531e+01
3.092435455322265625e+01
3.095509338378906250e+01
3.098044013977050781e+01
3.100412178039550781e+01
3.102316093444824219e+01
3.103830337524414062e+01
3.105030250549316406e+01
3.105841064453125000e+01
3.106262969970703125e+01
3.106295776367187500e+01
3.105866241455078125e+01
3.105196571350097656e+01
3.104064369201660156e+01
3.102544212341308594e+01
3.100711059570312500e+01
3.098416328430175781e+01
3.095883178710937500e+01
3.092889022827148438e+01
3.089508247375488281e+01
3.085666847229003906e+01
3.081587409973144531e+01
3.077122116088867188e+01
3.072344970703125000e+01
3.067107391357421875e+01
3.061558341979980469e+01
3.055697059631347656e+01
3.049375343322753906e+01
3.042890357971191406e+01
3.035870170593261719e+01
3.028537940979003906e+01
3.020892906188964844e+01
3.013009452819824219e+01
3.004590415954589844e+01
2.995932197570800781e+01
2.986960601806640625e+01
2.977674865722656250e+01
2.968074798583984375e+01
2.958234405517578125e+01
2.948078727722167969e+01
2.937533187866210938e+01
2.926671409606933594e+01
2.915567207336425781e+01
2.904145812988281250e+01
2.892406463623046875e+01
2.880497169494628906e+01
2.868194389343261719e+01
2.855720901489257812e+01
2.842851829528808594e+01
2.829810714721679688e+01
2.816447067260742188e+01
2.802909660339355469e+01
2.789196968078613281e+01
2.775160026550292969e+01
2.760871887207031250e+01
2.746331787109375000e+01
2.731687545776367188e+01
2.716715240478515625e+01
2.701562500000000000e+01
2.686228370666503906e+01
2.670563125610351562e+01
2.654863166809082031e+01
2.638904380798339844e+01
2.622760200500488281e+01
2.606578254699707031e+01
2.590135002136230469e+01
2.573503494262695312e+01
2.556831359863281250e+01
2.539894676208496094e+01
2.522841262817382812e+01
2.505669784545898438e+01
2.488528251647949219e+01
2.471043777465820312e+01
2.453512382507324219e+01
2.435858917236328125e+01
2.418156433105468750e+01
2.400329971313476562e+01
2.382377815246582031e+01
2.364299201965332031e+01
2.346315765380859375e+01
2.328129005432128906e+01
2.309960937500000000e+01
2.291736030578613281e+01
2.273453140258789062e+01
2.255185127258300781e+01
2.236856842041015625e+01
2.218466949462890625e+01
2.200088500976562500e+01
2.181794738769531250e+01
2.163287162780761719e+01
2.145010185241699219e+01
2.126517105102539062e+01
2.108177947998046875e+01
2.089843177795410156e+01
2.071511268615722656e+01
2.053255462646484375e+01
2.035000419616699219e+01
2.016818809509277344e+01
1.998709869384765625e+01
1.980597686767578125e+01
1.962555694580078125e+01
1.944656753540039062e+01
1.926825332641601562e+01
1.909060478210449219e+01
1.891435050964355469e+01
1.873873519897460938e+01
1.856375122070312500e+01
1.839086914062500000e+01
1.821859169006347656e+01
1.804690742492675781e+01
1.787803459167480469e+01
1.770973205566406250e+01
1.754198837280273438e+01
1.737701988220214844e+01
1.721332931518554688e+01
1.705164718627929688e+01
1.689047431945800781e+01
1.673202514648437500e+01
1.657480621337890625e+01
1.641880226135253906e+01
1.626548957824707031e+01
1.611336898803710938e+01
1.596317291259765625e+01
1.581563282012939453e+01
1.566999530792236328e+01
1.552624702453613281e+01
1.538438129425048828e+01
1.524512577056884766e+01
1.510698795318603516e+01
1.497144222259521484e+01
1.483847713470458984e+01
1.470808506011962891e+01
1.457951354980468750e+01
1.445349311828613281e+01
1.433001995086669922e+01
1.420908069610595703e+01
1.409066772460937500e+01
1.397477531433105469e+01
1.386139011383056641e+01
1.374976634979248047e+01
1.364212226867675781e+01
1.353622341156005859e+01
1.343280410766601562e+01
1.333260154724121094e+01
1.323486518859863281e+01
1.314033126831054688e+01
1.304751014709472656e+01
1.295787906646728516e+01
1.287143516540527344e+01
1.278668594360351562e+01
1.270585536956787109e+01
1.262745380401611328e+01
1.255147552490234375e+01
1.247865962982177734e+01
1.240974712371826172e+01
1.234250354766845703e+01
1.227915573120117188e+01
1.221747207641601562e+01
1.215967845916748047e+01
1.210503101348876953e+01
1.205204010009765625e+01
1.200293350219726562e+01
1.195696735382080078e+01
1.191339397430419922e+01
1.187295341491699219e+01
1.183564186096191406e+01
1.180071258544921875e+01
1.176964855194091797e+01
1.174021911621093750e+01
1.171465110778808594e+01
1.169145488739013672e+01
1.167211627960205078e+01
1.165366172790527344e+01
1.163906192779541016e+01
1.162757301330566406e+01
1.161845207214355469e+01
1.161244106292724609e+01
1.160954189300537109e+01
1.160900974273681641e+01
1.161159038543701172e+01
1.161654186248779297e+01
1.162386322021484375e+01
1.163504600524902344e+01
1.164860248565673828e+01
1.166453742980957031e+01
1.168285274505615234e+01
1.170355033874511719e+01
1.172737789154052734e+01
1.175359630584716797e+01
1.178220748901367188e+01
1.181395912170410156e+01
1.184811305999755859e+01
1.188393115997314453e+01
1.192290401458740234e+01
1.196429252624511719e+01
1.200736045837402344e+01
1.205285739898681641e+01
1.210153102874755859e+01
1.215115833282470703e+01
1.220397567749023438e+01
1.225924777984619141e+01
1.231549263000488281e+01
1.237420654296875000e+01
1.243539619445800781e+01
1.249758243560791016e+01
1.256225967407226562e+01
1.262943744659423828e+01
1.269838047027587891e+01
1.276835250854492188e+01
1.284085178375244141e+01
1.291440010070800781e+01
1.299049282073974609e+01
1.306765270233154297e+01
1.314663314819335938e+01
1.322743988037109375e+01
1.330933952331542969e+01
1.339308452606201172e+01
1.347794055938720703e+01
1.356465911865234375e+01
1.365250778198242188e+01
1.374075031280517578e+01
1.383162784576416016e+01
1.392292118072509766e+01
1.401538181304931641e+01
1.410902118682861328e+01
1.420459079742431641e+01
1.430061721801757812e+01
1.439710998535156250e+01
1.449482345581054688e+01
1.459376621246337891e+01
1.469246482849121094e+01
1.479241752624511719e+01
1.489363384246826172e+01
1.499463939666748047e+01
1.509618663787841797e+01
1.519903373718261719e+01
1.530244636535644531e+01
1.540569400787353516e+01
1.550878810882568359e+01
1.561322498321533203e+01
1.571753311157226562e+01
1.582172298431396484e+01
1.592654800415039062e+01
1.603202247619628906e+01
1.613666915893554688e+01
1.624199104309082031e+01
1.634724998474121094e+01
1.645172119140625000e+01
1.655690002441406250e+01
1.666205406188964844e+01
1.676571083068847656e+01
1.686936759948730469e+01
1.697377967834472656e+01
1.707747268676757812e+01
1.717971420288085938e+01
1.728274726867675781e+01
1.738435363769531250e+01
1.748528480529785156e+01
1.758629798889160156e+01
1.768666458129882812e+01
1.778564834594726562e+01
1.788400459289550781e+01
1.798174667358398438e+01
1.807814216613769531e+01
1.817468833923339844e+01
1.827065658569335938e+01
1.836456871032714844e+01
1.845718574523925781e+01
1.854925918579101562e+01
1.864079856872558594e+01
1.872958946228027344e+01
1.881861495971679688e+01
1.890565681457519531e+01
1.899221229553222656e+01
1.907680511474609375e+01
1.916093444824218750e+01
1.924237823486328125e+01
1.932337951660156250e+01
1.940097618103027344e+01
1.947963523864746094e+01
1.955565261840820312e+01
1.963126754760742188e+01
1.970648765563964844e+01
1.977761077880859375e+01
1.984835815429687500e+01
1.991650962829589844e+01
1.998430442810058594e+01
2.004803657531738281e+01
2.011143112182617188e+01
2.017300796508789062e+01
2.023203277587890625e+01
2.029074096679687500e+01
2.034691429138183594e+01
2.040130233764648438e+01
2.045242500305175781e+01
2.050326347351074219e+01
2.055233573913574219e+01
2.059816551208496094e+01
2.064298439025878906e+01
2.068531608581542969e+01
2.072590637207031250e+01
2.076402282714843750e+01
2.080040740966796875e+01
2.083506965637207031e+01
2.086726951599121094e+01
2.089775466918945312e+01
2.092653083801269531e+01
2.095211410522460938e+01
2.097599601745605469e+01
2.099743461608886719e+01
2.101717948913574219e+01
2.103523063659667969e+01
2.105084991455078125e+01
2.106329917907714844e+01
2.107406616210937500e+01
2.108241462707519531e+01
2.108908843994140625e+01
2.109335327148437500e+01
2.109594917297363281e+01
2.109688377380371094e+01
2.109392547607421875e+01
2.108931350708007812e+01
2.108304405212402344e+01
2.107363319396972656e+01
2.106256866455078125e+01
2.104985427856445312e+01
2.103474617004394531e+01
2.101724433898925781e+01
2.099809455871582031e+01
2.097654914855957031e+01
2.095261192321777344e+01
2.092702484130859375e+01
2.089829826354980469e+01
2.086866378784179688e+01
2.083663368225097656e+01
2.080294609069824219e+01
2.076611518859863281e+01
2.072836685180664062e+01
2.068747138977050781e+01
2.064565277099609375e+01
2.060142517089843750e+01
2.055552291870117188e+01
2.050720405578613281e+01
2.045646476745605469e+01
2.040478324890136719e+01
2.035067176818847656e+01
2.029561233520507812e+01
2.023662567138671875e+01
2.017742347717285156e+01
2.011651420593261719e+01
2.005314636230468750e+01
1.998806190490722656e+01
1.992125129699707031e+01
1.985271072387695312e+01
1.978391838073730469e+01
1.971115303039550781e+01
1.963737869262695312e+01
1.956258773803710938e+01
1.948603248596191406e+01
1.940770339965820312e+01
1.932833480834960938e+01
1.924643516540527344e+01
1.916422271728515625e+01
1.907872009277343750e+01
1.899289321899414062e+01
1.890673255920410156e+01
1.881874847412109375e+01
1.872893142700195312e+01
1.863801574707031250e+01
1.854525375366210938e+01
1.845137596130371094e+01
1.835712242126464844e+01
1.826099586486816406e+01
1.816447257995605469e+01
1.806680488586425781e+01
1.796723937988281250e+01
1.786725234985351562e+01
1.776609230041503906e+01
1.766449356079101562e+01
1.756170272827148438e+01
1.745845413208007812e+01
1.735399627685546875e+01
1.724831771850585938e+01
1.714215469360351562e+01
1.703474998474121094e+01
1.692832565307617188e+01
1.681989860534667969e+01
1.671020126342773438e+01
1.660145378112792969e+01
1.649067115783691406e+01
1.638081932067871094e+01
1.626965332031250000e+01
1.615716743469238281e+01
1.604557800292968750e+01
1.593413162231445312e+01
1.582132911682128906e+01
1.570864868164062500e+01
1.559607696533203125e+01
1.548211956024169922e+01
1.536899280548095703e+01
1.525594425201416016e+01
1.514221763610839844e+01
1.502928829193115234e+01
1.491491699218750000e+01
1.480132198333740234e+01
1.468849182128906250e+01
1.457418632507324219e+01
1.446136474609375000e+01
1.434779167175292969e+01
1.423493576049804688e+01
1.412204742431640625e+01
1.400837039947509766e+01
1.389686870574951172e+01
1.378455734252929688e+01
1.367365360260009766e+01
1.356191635131835938e+01
1.345156860351562500e+01
1.333962345123291016e+01
1.322904396057128906e+01
1.311981868743896484e+01
1.301119422912597656e+01
1.290390300750732422e+01
1.279719161987304688e+01
1.268956470489501953e+01
1.258324146270751953e+01
1.247821044921875000e+01
1.237297630310058594e+01
1.226901531219482422e+01
1.216557502746582031e+01
1.206338977813720703e+01
1.196170520782470703e+01
1.186125659942626953e+01
1.176203536987304688e+01
1.166254615783691406e+01
1.156426525115966797e+01
1.146792793273925781e+01
1.137129783630371094e+01
1.127659416198730469e+01
1.118232345581054688e+01
1.109070682525634766e+01
1.099950885772705078e+01
1.090872001647949219e+01
1.081907749176025391e+01
1.073057270050048828e+01
1.064394283294677734e+01
1.055769538879394531e+01
1.047330951690673828e+01
1.038929271697998047e+01
1.030786800384521484e+01
1.022680091857910156e+01
1.014756965637207031e+01
1.006942844390869141e+01
9.992369651794433594e+00
9.917133331298828125e+00
9.842969894409179688e+00
9.770618438720703125e+00
9.698587417602539062e+00
9.629102706909179688e+00
9.561416625976562500e+00
9.495525360107421875e+00
9.429940223693847656e+00
9.366142272949218750e+00
9.303385734558105469e+00
9.241664886474609375e+00
9.180975914001464844e+00
9.122799873352050781e+00
9.066907882690429688e+00
9.011513710021972656e+00
8.957727432250976562e+00
8.905396461486816406e+00
8.854665756225585938e+00
8.805604934692382812e+00
8.758064270019531250e+00
8.711965560913085938e+00
8.667602539062500000e+00
8.624899864196777344e+00
8.583556175231933594e+00
8.543719291687011719e+00
8.505387306213378906e+00
8.468707084655761719e+00
8.433528900146484375e+00
8.399776458740234375e+00
8.367671966552734375e+00
8.336993217468261719e+00
8.307813644409179688e+00
8.280207633972167969e+00
8.254099845886230469e+00
8.229417800903320312e+00
8.206384658813476562e+00
8.184703826904296875e+00
8.164598464965820312e+00
8.145923614501953125e+00
8.128679275512695312e+00
8.112941741943359375e+00
8.098639488220214844e+00
8.085700988769531250e+00
8.074275016784667969e+00
8.064219474792480469e+00
8.055684089660644531e+00
8.048449516296386719e+00
8.042593002319335938e+00
8.038119316101074219e+00
8.034958839416503906e+00
8.033188819885253906e+00
8.032739639282226562e+00
8.033543586730957031e+00
8.035826683044433594e+00
8.039297103881835938e+00
8.043960571289062500e+00
8.049898147583007812e+00
8.057188034057617188e+00
8.065690040588378906e+00
8.075332641601562500e+00
8.086125373840332031e+00
8.098144531250000000e+00
8.111248016357421875e+00
8.125590324401855469e+00
8.141103744506835938e+00
8.157718658447265625e+00
8.175219535827636719e+00
8.193686485290527344e+00
8.213349342346191406e+00
8.233991622924804688e+00
8.255694389343261719e+00
8.278316497802734375e+00
8.301864624023437500e+00
8.326345443725585938e+00
8.351694107055664062e+00
8.377915382385253906e+00
8.405018806457519531e+00
8.433086395263671875e+00
8.461752891540527344e+00
8.491325378417968750e+00
8.521586418151855469e+00
8.552695274353027344e+00
8.584213256835937500e+00
8.616371154785156250e+00
8.649994850158691406e+00
8.683904647827148438e+00
8.718331336975097656e+00
8.752540588378906250e+00
8.788769721984863281e+00
8.824798583984375000e+00
8.861379623413085938e+00
8.898520469665527344e+00
8.935486793518066406e+00
8.973774909973144531e+00
9.013392448425292969e+00
9.051376342773437500e+00
9.090709686279296875e+00
9.130656242370605469e+00
9.169738769531250000e+00
9.210195541381835938e+00
9.250552177429199219e+00
9.290814399719238281e+00
9.331737518310546875e+00
9.372586250305175781e+00
9.414111137390136719e+00
9.455580711364746094e+00
9.497003555297851562e+00
9.538388252258300781e+00
9.579744338989257812e+00
9.621824264526367188e+00
9.664637565612792969e+00
9.705964088439941406e+00
9.747298240661621094e+00
9.787908554077148438e+00
9.829287528991699219e+00
9.871446609497070312e+00
9.912164688110351562e+00
9.953681945800781250e+00
9.993775367736816406e+00
1.003468513488769531e+01
1.007493400573730469e+01
1.011527347564697266e+01
1.015645599365234375e+01
1.019626140594482422e+01
1.023544120788574219e+01
1.027474880218505859e+01
1.031344699859619141e+01
1.035154724121093750e+01
1.038980007171630859e+01
1.042821407318115234e+01
1.046531105041503906e+01
1.050258636474609375e+01
1.053856182098388672e+01
1.057473182678222656e+01
1.061036109924316406e+01
1.064545726776123047e+01
1.067928504943847656e+01
1.071259593963623047e+01
1.074539661407470703e+01
1.077769565582275391e+01
1.081024265289306641e+01
1.084081554412841797e+01
1.087239360809326172e+01
1.090201187133789062e+01
1.093190479278564453e+01
1.096059417724609375e+01
1.098808574676513672e+01
1.101512908935546875e+01
1.104172992706298828e+01
1.106789398193359375e+01
1.109288406372070312e+01
1.111744880676269531e+01
1.114084911346435547e+01
1.116383552551269531e+01
1.118641185760498047e+01
1.120709514617919922e+01
1.122737693786621094e+01
1.124726295471191406e+01
1.126527023315429688e+01
1.128288841247558594e+01
1.129937839508056641e+01
1.131474685668945312e+01
1.133048439025878906e+01
1.134436511993408203e+01
1.135713577270507812e+01
1.137028789520263672e+01
1.138159370422363281e+01
1.139180278778076172e+01
1.140240287780761719e+01
1.141116714477539062e+01
1.141884326934814453e+01
1.142543315887451172e+01
1.143093967437744141e+01
1.143610763549804688e+01
1.144019699096679688e+01
1.144246482849121094e+01
1.144514465332031250e+01
1.144600772857666016e+01
1.144579792022705078e+01
1.144526004791259766e+01
1.144290924072265625e+01
1.144023227691650391e+01
1.143648624420166016e+01
1.143092823028564453e+01
1.142578983306884766e+01
1.141958332061767578e+01
1.141230869293212891e+01
1.140396690368652344e+01
1.139455509185791016e+01
1.138333320617675781e+01
1.137252616882324219e+01
1.135990619659423828e+01
1.134695720672607422e+01
1.133219337463378906e+01
1.131783962249755859e+01
1.130018234252929688e+01
1.128367519378662109e+01
1.126534461975097656e+01
1.124667644500732422e+01
1.122692489624023438e+01
1.120608520507812500e+01
1.118489933013916016e+01
1.116113567352294922e+01
1.113850593566894531e+01
1.111403465270996094e+01
1.108920478820800781e+01
1.106326961517333984e+01
1.103548240661621094e+01
1.100806903839111328e+01
1.098028182983398438e+01
1.094988822937011719e+01
1.091985797882080078e+01
1.088870143890380859e+01
1.085715961456298828e+01
1.082448291778564453e+01
1.079066944122314453e+01
1.075645828247070312e+01
1.072110080718994141e+01
1.068607997894287109e+01
1.064990615844726562e+01
1.061331462860107422e+01
1.057556056976318359e+01
1.053738117218017578e+01
1.049802684783935547e+01
1.045749378204345703e+01
1.041726207733154297e+01
1.037584018707275391e+01
1.033396530151367188e+01
1.029311752319335938e+01
1.025031757354736328e+01
1.020630455017089844e+01
1.016329956054687500e+01
1.011832427978515625e+01
1.007360172271728516e+01
1.002763843536376953e+01
9.981914520263671875e+00
9.935679435729980469e+00
9.888926506042480469e+00
9.841649055480957031e+00
9.793837547302246094e+00
9.745488166809082031e+00
9.696591377258300781e+00
9.647883415222167969e+00
9.597870826721191406e+00
9.548031806945800781e+00
9.498358726501464844e+00
9.448101997375488281e+00
9.397995948791503906e+00
9.347290992736816406e+00
9.295234680175781250e+00
9.244049072265625000e+00
9.192983627319335938e+00
9.140545845031738281e+00
9.088212013244628906e+00
9.035231590270996094e+00
8.982339859008789062e+00
8.930274009704589844e+00
8.876794815063476562e+00
8.824123382568359375e+00
8.771512031555175781e+00
8.718207359313964844e+00
8.664946556091308594e+00
8.611721038818359375e+00
8.557781219482421875e+00
8.505350112915039062e+00
8.451446533203125000e+00
8.397548675537109375e+00
8.344393730163574219e+00
8.291231155395507812e+00
8.237311363220214844e+00
8.184112548828125000e+00
8.130141258239746094e+00
8.077620506286621094e+00
8.024312973022460938e+00
7.971699714660644531e+00
7.919030189514160156e+00
7.866444110870361328e+00
7.813937187194824219e+00
7.761501789093017578e+00
7.709724426269531250e+00
7.658005237579345703e+00
7.606486797332763672e+00
7.555160999298095703e+00
7.504096984863281250e+00
7.453286647796630859e+00
7.402873516082763672e+00
7.352701187133789062e+00
7.302839279174804688e+00
7.253280162811279297e+00
7.204092502593994141e+00
7.155195713043212891e+00
7.106806755065917969e+00
7.058769226074218750e+00
7.011080265045166016e+00
6.963805198669433594e+00
6.917014598846435547e+00
6.870552539825439453e+00
6.824636936187744141e+00
6.779113292694091797e+00
6.733976364135742188e+00
6.689442634582519531e+00
6.645359516143798828e+00
6.601720333099365234e+00
6.558595657348632812e+00
6.515978813171386719e+00
6.473865985870361328e+00
6.432326316833496094e+00
6.391355037689208984e+00
6.350872993469238281e+00
6.310950279235839844e+00
6.271656036376953125e+00
6.232910633087158203e+00
6.194709300994873047e+00
6.157047271728515625e+00
6.120067596435546875e+00
6.083692073822021484e+00
6.047842502593994141e+00
6.012662887573242188e+00
5.977926254272460938e+00
5.943926334381103516e+00
5.910584449768066406e+00
5.877823829650878906e+00
5.845715045928955078e+00
5.814255237579345703e+00
5.783441066741943359e+00
5.753196239471435547e+00
5.723592281341552734e+00
5.694701671600341797e+00
5.666447162628173828e+00
5.638827323913574219e+00
5.611915111541748047e+00
5.585634231567382812e+00
5.559984207153320312e+00
5.534963607788085938e+00
5.510645389556884766e+00
5.487029552459716797e+00
5.464040756225585938e+00
5.441753387451171875e+00
5.420092582702636719e+00
5.399207592010498047e+00
5.378875732421875000e+00
5.359245777130126953e+00
5.340392112731933594e+00
5.322093009948730469e+00
5.304498672485351562e+00
5.287608623504638672e+00
5.271351337432861328e+00
5.255801200866699219e+00
5.240885734558105469e+00
5.226681232452392578e+00
5.213040351867675781e+00
5.200113296508789062e+00
5.187902927398681641e+00
5.176261901855468750e+00
5.165415763854980469e+00
5.155069351196289062e+00
5.145447731018066406e+00
5.136405944824218750e+00
5.128167629241943359e+00
5.120439529418945312e+00
5.113372325897216797e+00
5.106892108917236328e+00
5.101076126098632812e+00
5.095777988433837891e+00
5.091222286224365234e+00
5.087188243865966797e+00
5.083753108978271484e+00
5.080918312072753906e+00
5.078686714172363281e+00
5.076912403106689453e+00
5.075820922851562500e+00
5.075117111206054688e+00
5.075027942657470703e+00
5.075554847717285156e+00
5.076702594757080078e+00
5.078546524047851562e+00
5.080571174621582031e+00
5.083225250244140625e+00
5.086288928985595703e+00
5.089989185333251953e+00
5.094032764434814453e+00
5.098570346832275391e+00
5.103533267974853516e+00
5.109073638916015625e+00
5.114823341369628906e+00
5.121232986450195312e+00
5.127935409545898438e+00
5.135009288787841797e+00
5.142533302307128906e+00
5.150587558746337891e+00
5.158878326416015625e+00
5.167634010314941406e+00
5.176711082458496094e+00
5.186189651489257812e+00
5.195851802825927734e+00
5.206000328063964844e+00
5.216417789459228516e+00
5.227184295654296875e+00
5.238231658935546875e+00
5.249416828155517578e+00
5.261043071746826172e+00
5.272894859313964844e+00
5.284976959228515625e+00
5.297371387481689453e+00
5.309934616088867188e+00
5.322749137878417969e+00
5.335894584655761719e+00
5.349230289459228516e+00
5.362687587738037109e+00
5.376348018646240234e+00
5.390217781066894531e+00
5.404230594635009766e+00
5.418391227722167969e+00
5.432707786560058594e+00
5.447186470031738281e+00
5.461759090423583984e+00
5.476507663726806641e+00
5.491363525390625000e+00
5.506259441375732422e+00
5.521276473999023438e+00
5.536420345306396484e+00
5.551550388336181641e+00
5.566746234893798828e+00
5.582162857055664062e+00
5.597434997558593750e+00
5.612718582153320312e+00
5.628167152404785156e+00
5.643489837646484375e+00
5.658915996551513672e+00
5.674227714538574219e+00
5.689580440521240234e+00
5.704830646514892578e+00
5.720206737518310547e+00
5.735416889190673828e+00
5.750466823577880859e+00
5.765584468841552734e+00
5.780551910400390625e+00
5.795448780059814453e+00
5.810205459594726562e+00
5.824901103973388672e+00
5.839466094970703125e+00
5.853905200958251953e+00
5.868148326873779297e+00
5.882199764251708984e+00
5.896213054656982422e+00
5.909969329833984375e+00
5.923620700836181641e+00
5.937023639678955078e+00
5.950181007385253906e+00
5.963246345520019531e+00
5.975925922393798828e+00
5.988446712493896484e+00
6.000811576843261719e+00
6.012876987457275391e+00
6.024645805358886719e+00
6.036196231842041016e+00
6.047457218170166016e+00
6.058432579040527344e+00
6.069125652313232422e+00
6.079615116119384766e+00
6.089681148529052734e+00
6.099551200866699219e+00
6.109079837799072266e+00
6.118197441101074219e+00
6.127056598663330078e+00
6.135586738586425781e+00
6.143865108489990234e+00
6.151674270629882812e+00
6.159165382385253906e+00
6.166418075561523438e+00
6.173136711120605469e+00
6.179624557495117188e+00
6.185735225677490234e+00
6.191546916961669922e+00
6.196841239929199219e+00
6.201843738555908203e+00
6.206408977508544922e+00
6.210616111755371094e+00
6.214541435241699219e+00
6.218040466308593750e+00
6.221115112304687500e+00
6.223770618438720703e+00
6.226156234741210938e+00
6.228127002716064453e+00
6.229611873626708984e+00
6.230761051177978516e+00
6.231429100036621094e+00
6.231766700744628906e+00
6.231701374053955078e+00
6.231235027313232422e+00
6.230369091033935547e+00
6.229105949401855469e+00
6.227446079254150391e+00
6.225465297698974609e+00
6.223016262054443359e+00
6.220098972320556641e+00
6.216862678527832031e+00
6.213233470916748047e+00
6.209211349487304688e+00
6.204721927642822266e+00
6.199839115142822266e+00
6.194562911987304688e+00
6.188891410827636719e+00
6.182749748229980469e+00
6.176285266876220703e+00
6.169422149658203125e+00
6.162085056304931641e+00
6.154419898986816406e+00
6.146276473999023438e+00
6.137801170349121094e+00
6.128842830657958984e+00
6.119550228118896484e+00
6.109845638275146484e+00
6.099802017211914062e+00
6.089267730712890625e+00
6.078389644622802734e+00
6.067090988159179688e+00
6.055369853973388672e+00
6.043296337127685547e+00
6.030795097351074219e+00
6.018010616302490234e+00
6.004792213439941406e+00
5.991136074066162109e+00
5.977188587188720703e+00
5.962872505187988281e+00
5.948184013366699219e+00
5.933047294616699219e+00
5.917605876922607422e+00
5.901857376098632812e+00
5.885725021362304688e+00
5.869279861450195312e+00
5.852295398712158203e+00
5.835066318511962891e+00
5.817589759826660156e+00
5.799713611602783203e+00
5.781509876251220703e+00
5.763049602508544922e+00
5.744180679321289062e+00
5.725124359130859375e+00
5.705580234527587891e+00
5.685916900634765625e+00
5.665834426879882812e+00
5.645627021789550781e+00
5.625069141387939453e+00
5.604158878326416016e+00
5.583115100860595703e+00
5.561712741851806641e+00
5.540172576904296875e+00
5.518268108367919922e+00
5.496145248413085938e+00
5.473876476287841797e+00
5.451308250427246094e+00
5.428588390350341797e+00
5.405489444732666016e+00
5.382454872131347656e+00
5.359109878540039062e+00
5.335673809051513672e+00
5.311994552612304688e+00
5.288069248199462891e+00
5.264042854309082031e+00
5.239985466003417969e+00
5.215597152709960938e+00
5.191171169281005859e+00
5.166629314422607422e+00
5.141893863677978516e+00
5.117108821868896484e+00
5.092196464538574219e+00
5.067151546478271484e+00
5.042118549346923828e+00
5.016795635223388672e+00
4.991549015045166016e+00
4.966225624084472656e+00
4.940820693969726562e+00
4.915328025817871094e+00
4.889816761016845703e+00
4.864282131195068359e+00
4.838643074035644531e+00
4.812969207763671875e+00
4.787328720092773438e+00
4.761567115783691406e+00
4.735900878906250000e+00
4.710101604461669922e+00
4.684460163116455078e+00
4.658673763275146484e+00
4.632959365844726562e+00
4.607086658477783203e+00
4.581422805786132812e+00
4.555663585662841797e+00
4.529952049255371094e+00
4.504356384277343750e+00
4.478722572326660156e+00
4.453118801116943359e+00
4.427390575408935547e+00
4.401905536651611328e+00
4.376359462738037109e+00
4.350970745086669922e+00
4.325660228729248047e+00
4.300274372100830078e+00
4.275031566619873047e+00
4.249927043914794922e+00
4.224807739257812500e+00
4.199819087982177734e+00
4.174882411956787109e+00
4.150143146514892578e+00
4.125523090362548828e+00
4.100944519042968750e+00
4.076553344726562500e+00
4.052198410034179688e+00
4.028025150299072266e+00
4.003958225250244141e+00
3.980067491531372070e+00
3.956277847290039062e+00
3.932734489440917969e+00
3.909288406372070312e+00
3.886084794998168945e+00
3.862974166870117188e+00
3.839955091476440430e+00
3.817174434661865234e+00
3.794704914093017578e+00
3.772397041320800781e+00
3.750249385833740234e+00
3.728335142135620117e+00
3.706579446792602539e+00
3.685203552246093750e+00
3.663909435272216797e+00
3.642843961715698242e+00
3.622007131576538086e+00
3.601546049118041992e+00
3.581162214279174805e+00
3.561151981353759766e+00
3.541290998458862305e+00
3.521800756454467773e+00
3.502531766891479492e+00
3.483556032180786133e+00
3.464798450469970703e+00
3.446331024169921875e+00
3.428152799606323242e+00
3.410261154174804688e+00
3.392580270767211914e+00
3.375182151794433594e+00
3.358139038085937500e+00
3.341300249099731445e+00
3.324812173843383789e+00
3.308523178100585938e+00
3.292579889297485352e+00
3.276831388473510742e+00
3.261571884155273438e+00
3.246353149414062500e+00
3.231544494628906250e+00
3.217068195343017578e+00
3.202773809432983398e+00
3.188732624053955078e+00
3.175016880035400391e+00
3.161623954772949219e+00
3.148477077484130859e+00
3.135574102401733398e+00
3.122987270355224609e+00
3.110566139221191406e+00
3.098531723022460938e+00
3.086733579635620117e+00
3.075169801712036133e+00
3.063838958740234375e+00
3.052887916564941406e+00
3.042092323303222656e+00
3.031599521636962891e+00
3.021409273147583008e+00
3.011446237564086914e+00
3.001636028289794922e+00
2.992201805114746094e+00
2.982920885086059570e+00
2.973942518234252930e+00
2.965193271636962891e+00
2.956674575805664062e+00
2.948387861251831055e+00
2.940409421920776367e+00
2.932592630386352539e+00
2.925014495849609375e+00
2.917603254318237305e+00
2.910584688186645508e+00
2.903739213943481445e+00
2.897144794464111328e+00
2.890804529190063477e+00
2.884648799896240234e+00
2.878903865814208984e+00
2.873277187347412109e+00
2.867847204208374023e+00
2.862767219543457031e+00
2.857744455337524414e+00
2.853155136108398438e+00
2.848780870437622070e+00
2.844552516937255859e+00
2.840622663497924805e+00
2.836848258972167969e+00
2.833382368087768555e+00
2.830154895782470703e+00
2.827170610427856445e+00
2.824359893798828125e+00
2.821875333786010742e+00
2.819572687149047852e+00
2.817455768585205078e+00
2.815677165985107422e+00
2.814091920852661133e+00
2.812703847885131836e+00
2.811589717864990234e+00
2.810604572296142578e+00
2.809825420379638672e+00
2.809254884719848633e+00
2.809043884277343750e+00
2.808971643447875977e+00
2.808966398239135742e+00
2.809251546859741211e+00
2.809680461883544922e+00
2.810328245162963867e+00
2.811121702194213867e+00
2.812135696411132812e+00
2.813296318054199219e+00
2.814530134201049805e+00
2.815985918045043945e+00
2.817515373229980469e+00
2.819192886352539062e+00
2.821093320846557617e+00
2.822993516921997070e+00
2.824967861175537109e+00
2.827091217041015625e+00
2.829438209533691406e+00
2.831785917282104492e+00
2.834135055541992188e+00
2.836634874343872070e+00
2.839211463928222656e+00
2.841791391372680664e+00
2.844450473785400391e+00
2.847190141677856445e+00
2.850011110305786133e+00
2.852841854095458984e+00
2.855683803558349609e+00
2.858539581298828125e+00
2.861411809921264648e+00
2.864303112030029297e+00
2.867217063903808594e+00
2.870157241821289062e+00
2.873052835464477539e+00
2.876056909561157227e+00
2.878950595855712891e+00
2.881961822509765625e+00
2.884872674942016602e+00
2.887762308120727539e+00
2.890636682510375977e+00
2.893575668334960938e+00
2.896436452865600586e+00
2.899299860000610352e+00
2.902097702026367188e+00
2.905058860778808594e+00
2.907819271087646484e+00
2.910607337951660156e+00
2.913430929183959961e+00
2.916221618652343750e+00
2.918912172317504883e+00
2.921732187271118164e+00
2.924390792846679688e+00
0.000000000000000000e+00
0.000000000000000000e+00
0.000000000000000000e+00
0.000000000000000000e+00
0.000000000000000000e+00
0.000000000000000000e+00
0.000000000000000000e+00
0.000000000000000000e+00
0.000000000000000000e+00
0.000000000000000000e+00
0.000000000000000000e+00
0.000000000000000000e+00
0.000000000000000000e+00
0.000000000000000000e+00
0.000000000000000000e+00
0.000000000000000000e+00
0.000000000000000000e+00
0.000000000000000000e+00
0.000000000000000000e+00
0.000000000000000000e+00
0.000000000000000000e+00
0.000000000000000000e+00
0.000000000000000000e+00
0.000000000000000000e+00
0.000000000000000000e+00
0.000000000000000000e+00
0.000000000000000000e+00
0.000000000000000000e+00
0.000000000000000000e+00
0.000000000000000000e+00
0.000000000000000000e+00
0.000000000000000000e+00
0.000000000000000000e+00
0.000000000000000000e+00
0.000000000000000000e+00
0.000000000000000000e+00
0.000000000000000000e+00
0.000000000000000000e+00
0.000000000000000000e+00
0.000000000000000000e+00
0.000000000000000000e+00
0.000000000000000000e+00
0.000000000000000000e+00
0.000000000000000000e+00
0.000000000000000000e+00
0.000000000000000000e+00
0.000000000000000000e+00
0.000000000000000000e+00
0.000000000000000000e+00
0.000000000000000000e+00
0.000000000000000000e+00
0.000000000000000000e+00
0.000000000000000000e+00
0.000000000000000000e+00
0.000000000000000000e+00
0.000000000000000000e+00
0.000000000000000000e+00
0.000000000000000000e+00
0.000000000000000000e+00
0.000000000000000000e+00
0.000000000000000000e+00
0.000000000000000000e+00
0.000000000000000000e+00
0.000000000000000000e+00
0.000000000000000000e+00
0.000000000000000000e+00
0.000000000000000000e+00
0.000000000000000000e+00
0.000000000000000000e+00
0.000000000000000000e+00
0.000000000000000000e+00
0.000000000000000000e+00
0.000000000000000000e+00
0.000000000000000000e+00
0.000000000000000000e+00
0.000000000000000000e+00
0.000000000000000000e+00
0.000000000000000000e+00
0.000000000000000000e+00
0.000000000000000000e+00
0.000000000000000000e+00
0.000000000000000000e+00
0.000000000000000000e+00
0.000000000000000000e+00
0.000000000000000000e+00
0.000000000000000000e+00
0.000000000000000000e+00
0.000000000000000000e+00
0.000000000000000000e+00
0.000000000000000000e+00
0.000000000000000000e+00
0.000000000000000000e+00
0.000000000000000000e+00
0.000000000000000000e+00
0.000000000000000000e+00
0.000000000000000000e+00
0.000000000000000000e+00
0.000000000000000000e+00
0.000000000000000000e+00
0.000000000000000000e+00
