# pp
8.753024935174932771e-09
5.324132115164177060e-09
3.679764141879146683e-09
2.733981973028029866e-09
2.127807945577250227e-09
1.711309167303876532e-09
1.410472404750568703e-09
1.184953814138633940e-09
1.010721514897865557e-09
8.731360049060273548e-10
7.621415458781303608e-10
6.711411159207886351e-10
5.955697744039912147e-10
5.320489631151082727e-10
4.780939422541147579e-10
4.318595557914598295e-10
3.919330511921596342e-10
3.571811007216875189e-10
3.267207925555973930e-10
2.998815208808101966e-10
2.761237165006467473e-10
2.549853118176505652e-10
2.360873109762893987e-10
2.191257788052993874e-10
2.038492686229829260e-10
1.900438076301938352e-10
1.775266703874143924e-10
1.661355673197038472e-10
1.557345609381615842e-10
1.462186654583458554e-10
1.374976534733535877e-10
1.294858098856390572e-10
1.221076692292234033e-10
1.152990189635732157e-10
1.090040362653479101e-10
1.031734049831470079e-10
9.776349834646791804e-11
9.273510262727744839e-11
8.805342421708721354e-11
8.368769963140693705e-11
7.961074011557274229e-11
7.579834612040585848e-11
7.222888526758363687e-11
6.888296645768190724e-11
6.574308701457452396e-11
6.279319564899815359e-11
6.001875108719774780e-11
5.740661625581728524e-11
5.494489620729607116e-11
5.262275252940790327e-11
5.043015974517437443e-11
4.835795586183825601e-11
4.639779276061577418e-11
4.454204994364191943e-11
4.278373125796527130e-11
4.111632330295137691e-11
3.953383160467720220e-11
3.803075556379970074e-11
3.660204002307558917e-11
3.524305151990850525e-11
3.394959277648746272e-11
3.271780320745621535e-11
3.154410970376184860e-11
3.042520097185725470e-11
2.935798146203079161e-11
2.833948701634970981e-11
2.736694429388692380e-11
2.643777684381786441e-11
2.554958846534816653e-11
2.470013303822775640e-11
2.388725885854951291e-11
2.310894723860668528e-11
2.236331644127753639e-11
2.164861069638706914e-11
2.096320141674196856e-11
2.030560937077307313e-11
1.967445911018659075e-11
1.906846028747669059e-11
1.848640137196197569e-11
1.792713976221966267e-11
1.738958491028209443e-11
1.687270723476723590e-11
1.637553784023353696e-11
1.589716426221078620e-11
1.543672343071918011e-11
1.499338926942471278e-11
1.456637970128484273e-11
1.415495673244606038e-11
1.375842350721728722e-11
1.337611961926796788e-11
1.300741303135676420e-11
1.265170422780434454e-11
1.230842604716199182e-11
1.197704161942626574e-11
1.165704245465764277e-11
1.134794667045579084e-11
1.104929734690125043e-11
1.076066099861204958e-11
1.048162615449920725e-11
1.021180203664717813e-11
9.950817330504716808e-12
9.698319039257213205e-12
9.453971415870760957e-12
9.217454966858589641e-12
8.988465522327500418e-12
8.766713367321777795e-12
8.551922429898803868e-12
8.343829521749280489e-12
8.142183627518997629e-12
7.946744251525773569e-12
7.757277971949844883e-12
7.573561053805292636e-12
7.395379897906391613e-12
7.222530500853299616e-12
7.054817948084745738e-12
6.892055937712257146e-12
6.734066333026284239e-12
6.580678741725356774e-12
6.431730120066915527e-12
6.287064400273522321e-12
6.146532139652116033e-12
6.009990189997906956e-12
5.877301385958953635e-12
5.748334251133795658e-12
5.622962720762809379e-12
5.501065879955597193e-12
5.382527716471639028e-12
5.267236887140698168e-12
5.155086497073288376e-12
5.045973583155087426e-12
4.939798030670337726e-12
4.836463371927568580e-12
4.735876920493340746e-12
4.637949597761466110e-12
4.542595768645958442e-12
4.449733085856294813e-12
4.359282342249384024e-12
4.271167330785736944e-12
4.185314711648100056e-12
4.101653886109395712e-12
4.020116876763287192e-12
3.940638213755347793e-12
3.863154826675781196e-12
3.787605941795883682e-12
3.713932984350337976e-12
3.642079485585907570e-12
3.571990994314298310e-12
3.503614992723035990e-12
3.436900816213151258e-12
3.371799588250337225e-12
3.308264180049962952e-12
3.246249105645765076e-12
3.185710444449915783e-12
3.126605778374869967e-12
3.068894131849689813e-12
3.012535914580630728e-12
2.957492866914344446e-12
2.903728007670267544e-12
2.851205584316336315e-12
2.799891025369325929e-12
2.749750894907790711e-12
2.700752849091887971e-12
2.652865594590204936e-12
2.606058848819307968e-12
2.560303301906856686e-12
2.515570580294049909e-12
2.471833211897730742e-12
2.429064592756796986e-12
2.387238955091605685e-12
2.346331336708887496e-12
2.306317551688257466e-12
2.267174162289798282e-12
2.228878452025374352e-12
2.191408399839326764e-12
2.154742615591064956e-12
2.118860200628406279e-12
2.083740850350089907e-12
2.049364872568293826e-12
2.015713166090050604e-12
1.982767200154726437e-12
1.950508994689038979e-12
1.918921101342997493e-12
1.887986585271963943e-12
1.857689007631792658e-12
1.828012408755591042e-12
1.798941291982229956e-12
1.770460608108156089e-12
1.742555740435446861e-12
1.715212490390377210e-12
1.688417063687971623e-12
1.662156057019204666e-12
1.636416445238623165e-12
1.611185569031207875e-12
1.586451123038292117e-12
1.562201144423305229e-12
1.538424001858998670e-12
1.515108384918660186e-12
1.492243293854642380e-12
1.469818029748286481e-12
1.447822224241085473e-12
1.426245944950773412e-12
1.405079563689869682e-12
1.384313708274203153e-12
1.363939254639714937e-12
1.343947319236611624e-12
1.324329251689863595e-12
1.305076627715554383e-12
1.286181242283023648e-12
1.267635103013200097e-12
1.249430423803937730e-12
1.231559618673557118e-12
1.214015295814183195e-12
1.196790251846825853e-12
1.179877466270497811e-12
1.163270096097980647e-12
1.146961470671185368e-12
1.130945086649322020e-12
1.115214603163404104e-12
1.099763837130861306e-12
1.084586758724314379e-12
1.069677486988794208e-12
1.055030285601931458e-12
1.040639558771867340e-12
1.026499847267849935e-12
1.012605824578683024e-12
9.989522931943941430e-13
9.855341810066688816e-13
9.723465378237895234e-13
9.593845319959715985e-13
9.466434471471643974e-13
9.341186790095382032e-13
9.218057323570243831e-13
9.097002180344235168e-13
8.977978500787271998e-13
8.860944429294361803e-13
8.745859087247763362e-13
8.632682546808412246e-13
8.521375805507941431e-13
8.411900761613843155e-13
8.304220190241270328e-13
8.198297720186046138e-13
8.094097811454383488e-13
7.991585733465752954e-13
7.890727543906220449e-13
7.791490068210413883e-13
7.693840879651137388e-13
7.597748280016372632e-13
7.503181280854159014e-13
7.410109585266677556e-13
7.318503776315001013e-13
7.228335905012609833e-13
7.139578833048316591e-13
7.052206008337789138e-13
6.966191450414361603e-13
6.881509736235292620e-13
6.798136386878987981e-13
6.716045851697985987e-13
6.635215118277295041e-13
6.555621604411276865e-13
6.477241693495712182e-13
6.400052319587903772e-13
6.324032341688097433e-13
6.249161009442330279e-13
6.175416629144409760e-13
6.102778005906123524e-13
6.031225696598229709e-13
5.960740613281463187e-13
5.891302806585143609e-13
5.822892779618537936e-13
5.755492631742706264e-13
5.689084785684590552e-13
5.623650876556671189e-13
5.559172950468316620e-13
5.495634509935761972e-13
5.433019352233598726e-13
5.371310553631478364e-13
5.310491564201799525e-13
5.250547164479029066e-13
5.191462404002274162e-13
5.133221671495519452e-13
5.075809696086846605e-13
5.019212423777572016e-13
4.963416046356127443e-13
4.908406149259313160e-13
4.854168628293868862e-13
4.800690493551377392e-13
4.747958979950586008e-13
4.695960765407047656e-13
4.644682811159419687e-13
4.594113099951288909e-13
4.544239820406169196e-13
4.495050648917483099e-13
4.446533520811595558e-13
4.398677308898434466e-13
4.351471074717825338e-13
4.304903408254457554e-13
4.258963136402106410e-13
4.213639947349015160e-13
4.168923702470432340e-13
4.124803912885894892e-13
4.081270639444919826e-13
4.038314807283406002e-13
3.995927487682045653e-13
3.954099338444019980e-13
3.912821204030309265e-13
3.872084646128768131e-13
3.831881360986918643e-13
3.792202663295664606e-13
3.753040039223177615e-13
3.714385636064895855e-13
3.676231725129004091e-13
3.638570225290014595e-13
3.601393213113480846e-13
3.564693375165852298e-13
3.528463512413571945e-13
3.492696099988161201e-13
3.457383758177547421e-13
3.422519670625070271e-13
3.388097126603007596e-13
3.354109113867646940e-13
3.320548753922025285e-13
3.287409689021262842e-13
3.254685659037683538e-13
3.222370124585218100e-13
3.190456669627328148e-13
3.158939359926918696e-13
3.127812351538231228e-13
3.097069541648866519e-13
3.066704941311097117e-13
3.036713007724885964e-13
3.007088281675932565e-13
2.977825063784406940e-13
2.948917759873413719e-13
2.920361189249992540e-13
2.892150248662915444e-13
2.864279611863035050e-13
2.836744049885939046e-13
2.809538717295101616e-13
2.782658840460791135e-13
2.756099438530598096e-13
2.729855620691061437e-13
2.703922852156916445e-13
2.678296664776722951e-13
2.652972397686104434e-13
2.627945473422638302e-13
2.603211645283099810e-13
2.578766728444787557e-13
2.554606358730507633e-13
2.530726249279824790e-13
2.507122457843260960e-13
2.483791246365961891e-13
2.460728742253322037e-13
2.437931139733974863e-13
2.415394914353636203e-13
2.393116590439530856e-13
2.371092532024153099e-13
2.349319165234566665e-13
2.327793178193421465e-13
2.306511304482061970e-13
2.285470128243097428e-13
2.264666291363385027e-13
2.244096679904403278e-13
2.223758222319726044e-13
2.203647707649421317e-13
2.183761978672047606e-13
2.164098105890379245e-13
2.144653199366784036e-13
2.125424239015382076e-13
2.106408254797130270e-13
2.087602489199777836e-13
2.069004221652248533e-13
2.050610610004690163e-13
2.032418858749066044e-13
2.014426370853179666e-13
1.996630583803561862e-13
1.979028821439912667e-13
1.961618451100521386e-13
1.944397025598488220e-13
1.927362130022761741e-13
1.910511243162776653e-13
1.893841884402669316e-13
1.877351746562685976e-13
1.861038552660700137e-13
1.844899926225870815e-13
1.828933528697179298e-13
1.813137183793767009e-13
1.797508743505327016e-13
1.782045966650874362e-13
1.766746647474950961e-13
1.751608732156730528e-13
1.736630193357701823e-13
1.721808916433819557e-13
1.707142819866124732e-13
1.692629964469374066e-13
1.678268435880053036e-13
1.664056237877680680e-13
1.649991405235107473e-13
1.636072106142647132e-13
1.622296532069227714e-13
1.608662813532203912e-13
1.595169172796074734e-13
1.581813971378947877e-13
1.568595590800170368e-13
1.555512338690838966e-13
1.542562548089091768e-13
1.529744667716408615e-13
1.517057165093099117e-13
1.504498438367345278e-13
1.492066909518003701e-13
1.479761194417714367e-13
1.467579585592584573e-13
1.455520739292148556e-13
1.443583323694862924e-13
1.431765698428201345e-13
1.420066570342222073e-13
1.408484502391277364e-13
1.397018078531030964e-13
1.385666054027917303e-13
1.374426898412056076e-13
1.363299402629880973e-13
1.352282368288539921e-13
1.341374324118711750e-13
1.330574105924398054e-13
1.319880422240422654e-13
1.309292000150535574e-13
1.298807718411212026e-13
1.288426202757783177e-13
1.278146363543576929e-13
1.267967120665456919e-13
1.257887152202415309e-13
1.247905408355020678e-13
1.238020726531701583e-13
1.228231960558759957e-13
1.218538098818306447e-13
1.208937905193816171e-13
1.199430396105852637e-13
1.190014596532330155e-13
1.180689316734595593e-13
1.171453608598830122e-13
1.162306423852948360e-13
1.153246728786377437e-13
1.144273609291155464e-13
1.135385951683324619e-13
1.126582866784878693e-13
1.117863473102882804e-13
1.109226698128267280e-13
1.100671684308017083e-13
1.092197484980450561e-13
1.083803166424494141e-13
1.075487903828308115e-13
1.067250704136846991e-13
1.059090776421632669e-13
1.051007336417430185e-13
1.042999429369046064e-13
1.035066291864895327e-13
1.027207080832686627e-13
1.019420964489357496e-13
1.011707205847410091e-13
1.004064909094101219e-13
9.964933566150160601e-14
9.889918368037402933e-14
9.815594858354169722e-14
9.741956107336142615e-14
9.668994473963414192e-14
9.596702417954115709e-14
9.525073246281096569e-14
9.454098846342047153e-14
9.383772698389271597e-14
9.314088336922766568e-14
9.245037935035389188e-14
9.176615193952941454e-14
9.108813178753047740e-14
9.041625044565554678e-14
8.975044705064279793e-14
8.909064802952149648e-14
8.843679407154792608e-14
8.778882635645266346e-14
8.714667386736935144e-14
8.651027927863258435e-14
8.587957956529965825e-14
8.525451250880916053e-14
8.463502269305133088e-14
8.402104330390796926e-14
8.341252031855915692e-14
8.280940015821553050e-14
8.221161829955705110e-14
8.161912250580735458e-14
8.103185542586475180e-14
8.044976043190790217e-14
7.987278700617799386e-14
7.930087439288219711e-14
7.873397332664342713e-14
7.817203494456901866e-14
7.761500054724527317e-14
7.706282247867676957e-14
7.651544848620962037e-14
7.597282696697414822e-14
7.543491181476437689e-14
7.490164771301633571e-14
7.437299002618785413e-14
7.384889584590252764e-14
7.332931372291900514e-14
7.281420211710815128e-14
7.230351531897677481e-14
7.179720817250492695e-14
7.129524044321801129e-14
7.079756356810201994e-14
7.030413826908369909e-14
6.981492557058694038e-14
6.932987848626044064e-14
6.884895896357889414e-14
6.837212519181610358e-14
6.789933985946791198e-14
6.743055014649158206e-14
6.696573551626303515e-14
6.650484411457824043e-14
6.604784035893849372e-14
6.559469644580373937e-14
6.514535481388272341e-14
6.469978857761287059e-14
6.425797074013450220e-14
6.381984565490590769e-14
6.338538721087315938e-14
6.295456223259846360e-14
6.252732405143370756e-14
6.210365409305267571e-14
6.168350653117158484e-14
6.126684970203761791e-14
6.085365218249930965e-14
6.044386987122421569e-14
6.003748506279253977e-14
5.963445444561774369e-14
5.923474801483577960e-14
5.883834214003261813e-14
5.844518882619725146e-14
5.805526519456708463e-14
5.766854828765518017e-14
5.728499166653883384e-14
5.690457309969979373e-14
5.652726457068736152e-14
5.615302699077868638e-14
5.578184432845241666e-14
5.541367818628719412e-14
5.504850179222269084e-14
5.468628857550078633e-14
5.432700154455574821e-14
5.397062540728295042e-14
5.361712382138685527e-14
5.326647138565400365e-14
5.291864802790053397e-14
5.257361392837017673e-14
5.223135001358884084e-14
5.189183714837083741e-14
5.155503684308780416e-14
5.122093054769629871e-14
5.088949494317905031e-14
5.056069757072845960e-14
5.023452498797224127e-14
4.991094529409491766e-14
4.958993617502062993e-14
4.927147547981397448e-14
4.895553244191475169e-14
4.864209421987688086e-14
4.833113057215544330e-14
4.802262029402580341e-14
4.771654652327566693e-14
4.741287579846867247e-14
4.711159175842359528e-14
4.681267799870277387e-14
4.651610208679720568e-14
4.622184810306190623e-14
4.592989618173564173e-14
4.564021887995825992e-14
4.535280452248003714e-14
4.506762612929610940e-14
4.478466467065097495e-14
4.450390125454960322e-14
4.422530983561431518e-14
4.394887925375008349e-14
4.367458389976780657e-14
4.340240567003909037e-14
4.313233007402095035e-14
4.286432882053688602e-14
4.259838783578925253e-14
4.233449301619755475e-14
4.207261692053951130e-14
4.181274584878127620e-14
4.155486281971171436e-14
4.129894454041579486e-14
4.104498085431220920e-14
4.079294885420964554e-14
4.054283225749163820e-14
4.029461489827338871e-14
4.004827464329728574e-14
3.980380177850147836e-14
3.956117453467090128e-14
3.932037740566672693e-14
3.908139790540102765e-14
3.884421202044296491e-14
3.860880768406002642e-14
3.837517309228478669e-14
3.814328535706886173e-14
3.791313307227160255e-14
3.768470208524746093e-14
3.745797295624631996e-14
3.723293723418125233e-14
3.700957579148425179e-14
3.678787504040079601e-14
3.656782148723728446e-14
3.634939663277566150e-14
3.613259238092651719e-14
3.591739052757749766e-14
3.570377811337159000e-14
3.549174470953326441e-14
3.528127021121547595e-14
3.507234447225307337e-14
3.486495732893478980e-14
3.465908925059894012e-14
3.445473034763692260e-14
3.425186842600362321e-14
3.405048684819013517e-14
3.385057821338024121e-14
3.365212614666276290e-14
3.345511893040390643e-14
3.325954492734870158e-14
3.306538828787497929e-14
3.287264191840941708e-14
3.268129021789572670e-14
3.249132200031114964e-14
3.230272821318151206e-14
3.211549165157312951e-14
3.192960350128774420e-14
3.174505493656142561e-14
3.156182923349576500e-14
3.137991779757992316e-14
3.119931009256218088e-14
3.101999183216067095e-14
3.084195652643888365e-14
3.066519011087592592e-14
3.048968245253935905e-14
3.031542348738342335e-14
3.014239959187718302e-14
2.997060454246107473e-14
2.980002492578171789e-14
2.963065106026892130e-14
2.946247332987425190e-14
2.929548218393431568e-14
2.912966472704730630e-14
2.896501501864454129e-14
2.880151706817286640e-14
2.863916863644408931e-14
2.847795422743189137e-14
2.831786839101967517e-14
2.815890239504576936e-14
2.800104121768178323e-14
2.784427957831064864e-14
2.768861212285255624e-14
2.753402419136461272e-14
2.738050752550885169e-14
2.722805693730831892e-14
2.707665821108033278e-14
2.692630925275894206e-14
2.677699607452417426e-14
2.662871367096403427e-14
2.648145123448152845e-14
2.633520096488271519e-14
2.618995511273370613e-14
2.604570597926628056e-14
2.590244316035767656e-14
2.576016186892292062e-14
2.561885185513809939e-14
2.547850570116208354e-14
2.533911603743905830e-14
2.520067292048999109e-14
2.506317175086074295e-14
2.492660273168264850e-14
2.479095876047929478e-14
2.465623278081038004e-14
2.452241778217570935e-14
2.438950432869145964e-14
2.425748802098926946e-14
2.412635713864780717e-14
2.399610979388375490e-14
2.386673444960639586e-14
2.373822685797832517e-14
2.361058039162813741e-14
2.348378385156829971e-14
2.335783311664784896e-14
2.323272401758431645e-14
2.310844561564458321e-14
2.298499162734176209e-14
2.286235800746257188e-14
2.274053413495088750e-14
2.261951822197995007e-14
2.249929981176663843e-14
2.237987499727626408e-14
2.226123563924032025e-14
2.214337579268680392e-14
2.202628955070560383e-14
2.190997108333245487e-14
2.179441273751851672e-14
2.167961100480425076e-14
2.156555837901246094e-14
2.145224942305000917e-14
2.133967873350528757e-14
2.122783901838900956e-14
2.111672689995637762e-14
2.100633518876782663e-14
2.089665866817170291e-14
2.078769215370150218e-14
2.067943049301389354e-14
2.057186674965837997e-14
2.046499768553045281e-14
2.035881467906903678e-14
2.025331633643295537e-14
2.014849416486642710e-14
2.004434503236552653e-14
1.994086405518608718e-14
1.983804297850139725e-14
1.973587875923673621e-14
1.963436832017248276e-14
1.953350358978310283e-14
1.943327992636124667e-14
1.933369433987772854e-14
1.923473898297577821e-14
1.913641253066401737e-14
1.903870725156628430e-14
1.894162025284048250e-14
1.884514551083118938e-14
1.874927862249068897e-14
1.865401521162109281e-14
1.855935092881576552e-14
1.846527995716682200e-14
1.837179952214167152e-14
1.827890388677798181e-14
1.818658884780036527e-14
1.809485022756545310e-14
1.800368244649591798e-14
1.791308283140459353e-14
1.782304587900329389e-14
1.773356755116512901e-14
1.764464383429449211e-14
1.755627073926920781e-14
1.746844294950885340e-14
1.738115790083982190e-14
1.729440902145186961e-14
1.720819512212312125e-14
1.712250972608674650e-14
1.703735035095877344e-14
1.695271323994284261e-14
1.686859224002294898e-14
1.678498511415919252e-14
1.670188960035692937e-14
1.661929970560082027e-14
1.653721199532586819e-14
1.645562426860625690e-14
1.637453069183649711e-14
1.629393030684833979e-14
1.621381736240261959e-14
1.613418972549745769e-14
1.605504291840617530e-14
1.597637367478509125e-14
1.589817874716168965e-14
1.582045490689892550e-14
1.574319782328390756e-14
1.566640544575775191e-14
1.559007350033934497e-14
1.551419886193671953e-14
1.543877842351537627e-14
1.536380802334323613e-14
1.528928568179969108e-14
1.521520729139929437e-14
1.514156984416563411e-14
1.506837034943942349e-14
1.499560583384287583e-14
1.492327232323475766e-14
1.485136791430702529e-14
1.477988768407393574e-14
1.470883076313674159e-14
1.463819229657830488e-14
1.456797043874501130e-14
1.449816236000587313e-14
1.442876333090521945e-14
1.435977155394766818e-14
1.429118521449410693e-14
1.422299968036495963e-14
1.415521225102417684e-14
1.408782115909244946e-14
1.402082189116188500e-14
1.395421362056240274e-14
1.388799189569166135e-14
1.382215500231480491e-14
1.375669945191733962e-14
1.369162267291120373e-14
1.362692210835510015e-14
1.356259521592136746e-14
1.349863861783736290e-14
1.343505066527578059e-14
1.337182802359276420e-14
1.330896825105134975e-14
1.324646900581613444e-14
1.318432716562516272e-14
1.312254126422302033e-14
1.306110821811773772e-14
1.300002577779436849e-14
1.293929170596954650e-14
1.287890377757078607e-14
1.281885900497838401e-14
1.275915597513212195e-14
1.269979097552139076e-14
1.264076337861361493e-14
1.258206952098826270e-14
1.252370803016593974e-14
1.246567678348376757e-14
1.240797220840843205e-14
1.235059369131566647e-14
1.229353770666839683e-14
1.223680221359518621e-14
1.218038659596435615e-14
1.212428739755869413e-14
1.206850261048717594e-14
1.201302885848361024e-14
1.195786692508508669e-14
1.190301208754666836e-14
1.184846376012997920e-14
1.179421998863877809e-14
1.174027750598084637e-14
1.168663441183765970e-14
1.163329011808821229e-14
1.158024142123461972e-14
1.152748645145894986e-14
1.147502334897284180e-14
1.142285026399820402e-14
1.137096535674708897e-14
1.131936555751038809e-14
1.126805030638581926e-14
1.121701779315060691e-14
1.116626500744043668e-14
1.111579018811791503e-14
1.106559277396874690e-14
1.101566863168708991e-14
1.096601839983704673e-14
1.091663916411888889e-14
1.086752921008090898e-14
1.081868568897841554e-14
1.077010806663409356e-14
1.072179465596330189e-14
1.067374266276575904e-14
1.062595155237790243e-14
1.057841858082893335e-14
1.053114219560233216e-14
1.048412086649695537e-14
1.043735414358978958e-14
1.039083835870858830e-14
1.034457308605391602e-14
1.029855682647309325e-14
1.025278704967748254e-14
1.020726332727156237e-14
1.016198418303418973e-14
1.011694713401000340e-14
1.007215074335123658e-14
1.002759457993279543e-14
9.983275216515935126e-15
9.939192244338320120e-15
9.895345230532554696e-15
9.851730816411423914e-15
9.808348591191626834e-15
9.765197168412224074e-15
9.722274223851510166e-15
9.679578407489628146e-15
9.637109306237360919e-15
9.594864638808005760e-15
9.552843075531593913e-15
9.511044202059110037e-15
9.469464877790752198e-15
9.428104708868381638e-15
9.386962392344383532e-15
9.346036631922272315e-15
9.305325264040139439e-15
9.264827893093617338e-15
9.224542382045860439e-15
9.184467480831742188e-15
9.144602792826629655e-15
9.104946220164164773e-15
9.065496531629113852e-15
9.026251674426562006e-15
8.987212091664772583e-15
8.948374921389778656e-15
8.909739784749981913e-15
8.871305481268311047e-15
8.833070020091430333e-15
8.795032231291762145e-15
8.757191735134015139e-15
8.719546576920827477e-15
8.682095604256222114e-15
8.644837670514679575e-15
8.607771634830395246e-15
8.570896362086134344e-15
8.534209973670536949e-15
8.497712115666246085e-15
8.461401715502690845e-15
8.425276982683076927e-15
8.389336880861895750e-15
8.353581099893875477e-15
8.318007165241250391e-15
8.282615492502884962e-15
8.247404343812261709e-15
8.212372707476957051e-15
8.177518882178327182e-15
8.142842570928326712e-15
8.108342776524947632e-15
8.074017827645565540e-15
8.039867425957201353e-15
8.005889919836229743e-15
7.972084346349262140e-15
7.938449747134876413e-15
7.904985822360274840e-15
7.871690309985839025e-15
7.838562924209667455e-15
7.805602724893127461e-15
7.772808141740295512e-15
7.740178887808241171e-15
7.707714036429455434e-15
7.675412044787222365e-15
7.643272009031968749e-15
7.611293641084514146e-15
7.579474818091717859e-15
7.547815265049841525e-15
7.516314693186183950e-15
7.484971019413972229e-15
7.453783967882669993e-15
7.422752664472069513e-15
7.391875658657652702e-15
7.361152097547438279e-15
7.330581704364670931e-15
7.300163053675085355e-15
7.269895304645002452e-15
7.239778180052272889e-15
7.209809723628196478e-15
7.179989670202384833e-15
7.150317194789655277e-15
7.120791476349898011e-15
7.091411158274172296e-15
7.062175974752559423e-15
7.033084584755604040e-15
7.004136194443538455e-15
6.975330537679861853e-15
6.946666296465057098e-15
6.918142688186375989e-15
6.889758426563895097e-15
6.861513791895640497e-15
6.833407022468314696e-15
6.805437894269096692e-15
6.777605674018571926e-15
6.749909137411316081e-15
6.722347568651442785e-15
6.694920742498254839e-15
6.667627455246527219e-15
6.640467000830774813e-15
6.613438676391929171e-15
6.586541782273076281e-15
6.559775622014962432e-15
6.533139035615810530e-15
6.506631806407355715e-15
6.480253247413571752e-15
6.454002218033066790e-15
6.427878047413610849e-15
6.401880518028024158e-15
6.376008061205831083e-15
6.350260912589669229e-15
6.324637963106936299e-15
6.299138556993123639e-15
6.273761606931150542e-15
6.248506903829781652e-15
6.223373800802866438e-15
6.198361228562951595e-15
6.173468977557597393e-15
6.148695990350466283e-15
6.124041640728318704e-15
6.099505305290402225e-15
6.075086774024655991e-15
6.050784605093600753e-15
6.026598597001576782e-15
6.002528137555913748e-15
5.978572218194956119e-15
5.954730637060281745e-15
5.931002790250378758e-15
5.907387685811268850e-15
5.883884733588757430e-15
5.860493731448671285e-15
5.837213321048116332e-15
5.814043308225807944e-15
5.790983490724404109e-15
5.768032534153839699e-15
5.745190244140761397e-15
5.722456048899177960e-15
5.699829012262587527e-15
5.677308575291932384e-15
5.654894543438227224e-15
5.632585998660190173e-15
5.610382403826094337e-15
5.588283581468978426e-15
5.566288290646133371e-15
5.544396361005003853e-15
5.522607267592663663e-15
5.500920487771092610e-15
5.479335158819480396e-15
5.457851109823810999e-15
5.436467487312745546e-15
5.415183784774276008e-15
5.393999830965752430e-15
5.372914786102097750e-15
5.351928150281970159e-15
5.331039099501047952e-15
5.310247793009964516e-15
5.289553087068234311e-15
5.268954816704351022e-15
5.248452492830947920e-15
5.228045313227317801e-15
5.207732799568901131e-15
5.187514786606448658e-15
5.167390484878572662e-15
5.147359422270640064e-15
5.127421128715607238e-15
5.107575136190974219e-15
5.087820978715614273e-15
5.068158192346491446e-15
5.048585722067454788e-15
5.029103709124827985e-15
5.009711695577497852e-15
4.990409225509168606e-15
4.971195267766640965e-15
4.952069955504549154e-15
4.933032838769056606e-15
4.914082338249912814e-15
4.895219716457637407e-15
4.876443401745064642e-15
4.857752963314842393e-15
4.839147972193332417e-15
4.820628548195684072e-15
4.802193168394889986e-15
4.783842499605028775e-15
4.765576109310553252e-15
4.747392501977705411e-15
4.729291799279839857e-15
4.711273585017728741e-15
4.693337444793591707e-15
4.675482966007962542e-15
4.657709737856481663e-15
4.640016841272229693e-15
4.622404395059070229e-15
4.604872002823790577e-15
4.587419269886020679e-15
4.570045305110190691e-15
4.552750221984522030e-15
4.535533139272618958e-15
4.518394167131998836e-15
4.501332434117426831e-15
4.484348047143268760e-15
4.467439665683130603e-15
4.450607878558397265e-15
4.433852306004380499e-15
4.417171631167398621e-15
4.400566428734080477e-15
4.384035397341769274e-15
4.367579102426825685e-15
4.351196257926063445e-15
4.334887420197383442e-15
4.318651769526932493e-15
4.302488499644901067e-15
4.286397708238857787e-15
4.270379040308678864e-15
4.254431702790891748e-15
4.238556225740275632e-15
4.222751382358205786e-15
4.207016832155789668e-15
4.191352664286384663e-15
4.175758107205807520e-15
4.160233247350528967e-15
4.144777321610185766e-15
4.129390413775984248e-15
4.114071354511809451e-15
4.098820644959572154e-15
4.083637947776566157e-15
4.068522113921584254e-15
4.053473632677444509e-15
4.038491368288120190e-15
4.023575403488384570e-15
4.008725811999995036e-15
3.993941477692570908e-15
3.979222870706388926e-15
3.964568887795939840e-15
3.949979219393982543e-15
3.935454324517798213e-15
3.920993118902442114e-15
3.906595675573236827e-15
3.892261306384110520e-15
3.877990082051042018e-15
3.863781321829730133e-15
3.849635095128822632e-15
3.835551100072471443e-15
3.821528307973140928e-15
3.807567158771100038e-15
3.793666995374027080e-15
3.779827528719080183e-15
3.766048826264784579e-15
3.752330241443000078e-15
3.738671137896996478e-15
3.725071935235445052e-15
3.711531650765733360e-15
3.698050697546544847e-15
3.684628104030311296e-15
3.671264276843669345e-15
3.657958255450831149e-15
3.644709768871664693e-15
3.631519214255313367e-15
3.618385647292502374e-15
3.605309129632251549e-15
3.592289061140416782e-15
3.579325501505909186e-15
3.566417856930959199e-15
3.553566185195500019e-15
3.540769898772224543e-15
3.528028736417460468e-15
3.515342437936865252e-15
3.502711057398825316e-15
3.490134019580020947e-15
3.477611067465620974e-15
3.465141945083133497e-15
3.452726397500639230e-15
3.440364170824993294e-15
3.428055313894919458e-15
3.415798969626095507e-15
3.403594892850117434e-15
3.391443431580206640e-15
3.379343742986620209e-15
3.367295877291610225e-15
3.355299587781193006e-15
3.343354628764590711e-15
3.331460181432176056e-15
3.319616868656696750e-15
3.307823875373726275e-15
3.296080965167138653e-15
3.284388182618478665e-15
3.272745009686109773e-15
3.261151212804353511e-15
3.249606559342438871e-15
3.238111090841256135e-15
3.226664299945687193e-15
3.215265957562531249e-15
3.203915838347487238e-15
3.192613718563378333e-15
3.181359375368494484e-15
3.170152586815004050e-15
3.158993131847338997e-15
3.147880530147943061e-15
3.136814825764416969e-15
3.125795800275280503e-15
3.114823236144829859e-15
3.103896662845970350e-15
3.093016121569557717e-15
3.082181397394687136e-15
3.071391777720515490e-15
3.060647801753070747e-15
3.049948760102825668e-15
3.039294445793453770e-15
3.028684652658944519e-15
3.018119417168250393e-15
3.007598049659917486e-15
2.997120828602425942e-15
2.986687546736094779e-15
2.976297525576283715e-15
2.965950802735053984e-15
2.955647177709857049e-15
2.945386450797131491e-15
2.935168423090775776e-15
2.924992896480614313e-15
2.914859445991094765e-15
2.904768105487766908e-15
2.894718679211037401e-15
2.884710972191051021e-15
2.874744567989228473e-15
2.864819498123013519e-15
2.854935350345204596e-15
2.845092155031368912e-15
2.835289504084140830e-15
2.825527426766971172e-15
2.815805304670232823e-15
2.806123382946169978e-15
2.796481473526498711e-15
2.786878967876300679e-15
2.777316105711667558e-15
2.767792284971706654e-15
2.758307741809169715e-15
2.748861880564842077e-15
2.739454933889149218e-15
2.730086515696124775e-15
2.720756245464295469e-15
2.711464149853275548e-15
2.702210052426660562e-15
2.692993581547132299e-15
2.683814963537036165e-15
2.674673631434833335e-15
2.665569418238743536e-15
2.656502351433202144e-15
2.647472069143755412e-15
2.638478597865967254e-15
2.629521579304419028e-15
2.620601038991116948e-15
2.611716433938334050e-15
2.602867979179007606e-15
2.594055509489663606e-15
2.585278490406473943e-15
2.576537132261795934e-15
2.567830906181766481e-15
2.559159837682921052e-15
2.550523948621266338e-15
2.541922718392943607e-15
2.533356349722228741e-15
2.524824327442840996e-15
2.516326498309789629e-15
2.507863060614560049e-15
2.499433507215289281e-15
2.491037860070513847e-15
2.482675792790961003e-15
2.474347326487047922e-15
2.466052137952154479e-15
2.457790247470415746e-15
2.449561503480723745e-15
2.441365419981969504e-15
2.433202185521639182e-15
2.425071484707056808e-15
2.416973171199093551e-15
2.408907262910369022e-15
2.400873449043116131e-15
2.392871423135131153e-15
2.384901365656134181e-15
2.376962810356396471e-15
2.369055935096187216e-15
2.361180278426096070e-15
2.353336015640303432e-15
2.345522690037738128e-15
2.337740163521703426e-15
2.329988607599493579e-15
2.322267572579251145e-15
2.314577074721808959e-15
2.306916823484837426e-15
2.299286834429319200e-15
2.291686819807969316e-15
2.284116795117377289e-15
2.276576478457236018e-15
2.269065740077100886e-15
2.261584450708093330e-15
2.254132627530295146e-15
2.246709994611580449e-15
2.239316424138732828e-15
2.231951788776684584e-15
2.224615961667656475e-15
2.217308816430294701e-15
2.210030368237958939e-15
2.202780208704275682e-15
2.195558215262261985e-15
2.188364543195144916e-15
2.181198790285726844e-15
2.174060972467813186e-15
2.166950966654700103e-15
2.159868650228779895e-15
2.152813631352578647e-15
2.145786195147844762e-15
2.138785951443829366e-15
2.131812781718787215e-15
2.124866699729686907e-15
2.117947454506001591e-15
2.111054928845432801e-15
2.104189005979249489e-15
2.097349698487895745e-15
2.090536760110728892e-15
2.083750075388588123e-15
2.076989529292612194e-15
2.070255007223418613e-15
2.063546395010280862e-15
2.056863578910284708e-15
2.050206445607478599e-15
2.043574758932429138e-15
2.036968531069996252e-15
2.030387649967082287e-15
2.023832003994154251e-15
2.017301361379115837e-15
2.010795733238172090e-15
2.004315009194526382e-15
1.997858842144571913e-15
1.991427362320187617e-15
1.985020460577268270e-15
1.978638028189051168e-15
1.972279724895592901e-15
1.965945677309925065e-15
1.959635548528804823e-15
1.953349463387329853e-15
1.947087315183862121e-15
1.940848772592485063e-15
1.934633736425170469e-15
1.928442331591677360e-15
1.922274456509519225e-15
1.916129789266815986e-15
1.910008232683216861e-15
1.903909908221237209e-15
1.897834498686354795e-15
1.891782123858252186e-15
1.885752469654270934e-15
1.879745440632367328e-15
1.873760941687704926e-15
1.867799089292031915e-15
1.861859365381479290e-15
1.855942306144134589e-15
1.850047187576412095e-15
1.844174126360202680e-15
1.838323234972572165e-15
1.832494008459095108e-15
1.826686764408079303e-15
1.820901205216744904e-15
1.815137239162767181e-15
1.809394574825220340e-15
1.803673522285329389e-15
1.797973789691353846e-15
1.792295286640357776e-15
1.786637727324823765e-15
1.781001414521333886e-15
1.775385868389291770e-15
1.769791388126941147e-15
1.764217498752061251e-15
1.758664305426181195e-15
1.753131530531627437e-15
1.747619466235580100e-15
1.742127647094887384e-15
1.736656175403390532e-15
1.731204964296478365e-15
1.725773742790480825e-15
1.720362611082321044e-15
1.714971300784516354e-15
1.709599910717296458e-15
1.704248355579218688e-15
1.698916370837190535e-15
1.693604053295198819e-15
1.688311140951711583e-15
1.683037729286841584e-15
1.677783558805277821e-15
1.672548723683797969e-15
1.667332966908216542e-15
1.662136208428238545e-15
1.656958541017843240e-15
1.651799713937452867e-15
1.646659651101871331e-15
1.641538445976339942e-15
1.636435851902640976e-15
1.631351793587483851e-15
1.626286362603944168e-15
1.621239150072951734e-15
1.616210413817306216e-15
1.611199912979428881e-15
1.606207573566398309e-15
1.601233321840941406e-15
1.596277084321019046e-15
1.591338948310619594e-15
1.586418518926603988e-15
1.581515884834104189e-15
1.576631131570354970e-15
1.571763870084602589e-15
1.566914187257563411e-15
1.562082011381501304e-15
1.557267271000335244e-15
1.552469894909165014e-15
1.547689812153788418e-15
1.542926952030217913e-15
1.538181092609735561e-15
1.533452316751061645e-15
1.528740554483918880e-15
1.524045586982021890e-15
1.519367643760733346e-15
1.514706358156247845e-15
1.510061663503737765e-15
1.505433785374192027e-15
1.500822362473412398e-15
1.496227328820241502e-15
1.491648762385058348e-15
1.487086595374372178e-15
1.482540618000047207e-15
1.478010765178369527e-15
1.473497112803644305e-15
1.468999594028875624e-15
1.464518002948200934e-15
1.460052275369242040e-15
1.455602485172357009e-15
1.451168429307762682e-15
1.446750044241182549e-15
1.442347402375864584e-15
1.437960303476755094e-15
1.433588684664189535e-15
1.429232483271877618e-15
1.424891769781052685e-15
1.420566348071485544e-15
1.416256158267519618e-15
1.411961141121050788e-15
1.407681237580872445e-15
1.403416518330489165e-15
1.399166664967739951e-15
1.394931877446567715e-15
1.390711840426951574e-15
1.386506624708077228e-15
1.382316298651660819e-15
1.378140551451462695e-15
1.373979577454973171e-15
1.369833068839305617e-15
1.365701094094285213e-15
1.361583596313860728e-15
1.357480518785006913e-15
1.353391804987369902e-15
1.349317277442362963e-15
1.345257002403918161e-15
1.341210923916959439e-15
1.337178986217724103e-15
1.333161015040741281e-15
1.329157074907929303e-15
1.325167110616880869e-15
1.321190950269477157e-15
1.317228657119335322e-15
1.313280176522395131e-15
1.309345338914306629e-15
1.305424091784641478e-15
1.301516496732502370e-15
1.297622499846843360e-15
1.293741934617079267e-15
1.289874749223559045e-15
1.286021003659109770e-15
1.282180644740303976e-15
1.278353398436290662e-15
1.274539435206490951e-15
1.270738702404772511e-15
1.266950929875226500e-15
1.263176285236022673e-15
1.259414608625392760e-15
1.255665849747179850e-15
1.251930065134793058e-15
1.248207097080650766e-15
1.244496895791236535e-15
1.240799411636976382e-15
1.237114595151968000e-15
1.233442397033715899e-15
1.229782768142848404e-15
1.226135762464258108e-15
1.222501125061658591e-15
1.218878912350517166e-15
1.215269179152994794e-15
1.211671675679426294e-15
1.208086457565814982e-15
1.204513478669256426e-15
1.200952692997381168e-15
1.197404054708100315e-15
1.193867419701395718e-15
1.190342939742870980e-15
1.186830373110367647e-15
1.183329772960156651e-15
1.179841094189595164e-15
1.176364195869710947e-15
1.172899130127262144e-15
1.169445852297143687e-15
1.166004223314815261e-15
1.162574294299600075e-15
1.159156021021750011e-15
1.155749266255429364e-15
1.152354080134093865e-15
1.148970326641032979e-15
1.145598055261647485e-15
1.142237131177248410e-15
1.138887603234458583e-15
1.135549337801604010e-15
1.132222293139644578e-15
1.128906517150412615e-15
1.125601877958678682e-15
1.122308422850103349e-15
1.119026021109446373e-15
1.115754631661549514e-15
1.112494300880642972e-15
1.109244812878766610e-15
1.106006301182045032e-15
1.102778637918234915e-15
1.099561868274126288e-15
1.096355780311884344e-15
1.093160504668125335e-15
1.089975831347388404e-15
1.086801889564593434e-15
1.083638554772807524e-15
1.080485787321865840e-15
1.077343464981615238e-15
1.074211714175579062e-15
1.071090412519031211e-15
1.067979520868671677e-15
1.064878919110374595e-15
1.061788730944018086e-15
1.058708755802926717e-15
1.055639036363249569e-15
1.052579614750705269e-15
1.049530215348633209e-15
1.046491039787678463e-15
1.043461893367316725e-15
1.040442818515034118e-15
1.037433778642407150e-15
1.034434737277963130e-15
1.031445581221442283e-15
1.028466351828346857e-15
1.025496936871389836e-15
1.022537377178288249e-15
1.019587636847216121e-15
1.016647605097025257e-15
1.013717247349608732e-15
1.010796603399197891e-15
1.007885637794018805e-15
1.004984241647048325e-15
1.002092380805358200e-15
9.992100940583987640e-16
9.963372739146972283e-16
9.934739586718087247e-16
9.906200417601406734e-16
9.877754895518933539e-16
9.849402685215951241e-16
9.821144159979191937e-16
9.792978272248432991e-16
9.764904689885264242e-16
9.736923081768655632e-16
9.709033811765091677e-16
9.681235159498897010e-16
9.653528181529262512e-16
9.625911856871764505e-16
9.598385859523163275e-16
9.570949864488343902e-16
9.543603547778772064e-16
9.516346586410918288e-16
9.489178658404672340e-16
9.462099442781741836e-16
9.435108619564009441e-16
9.408205869771907815e-16
9.381390220403485728e-16
9.354662667644965370e-16
9.328021588565927564e-16
9.301467323133895633e-16
9.274999557287562048e-16
9.248617977954273010e-16
9.222321636593742828e-16
9.196110864634209633e-16
9.169985351910220554e-16
9.143944790706751492e-16
9.117988255746563365e-16
9.092116078907779706e-16
9.066327344134359686e-16
9.040622379124286428e-16
9.015000888102697023e-16
8.989461966533292356e-16
8.964005329182371253e-16
8.938631295559023937e-16
8.913339573494710486e-16
8.888129273548077897e-16
8.863000113898404094e-16
8.837952406088785949e-16
8.812985271804341351e-16
8.788099018686725404e-16
8.763292775772673625e-16
8.738566265458129591e-16
8.713919210961358306e-16
8.689351912237021908e-16
8.664862939594731204e-16
8.640453738342086861e-16
8.616122315431785825e-16
8.591868971414809914e-16
8.567693996919651264e-16
8.543595993366903664e-16
8.519575812847887510e-16
8.495632623556511235e-16
8.471766156954599817e-16
8.447975595966839037e-16
8.424261774946461609e-16
8.400623875837969974e-16
8.377061633332680146e-16
8.353574243825806575e-16
8.330162524344774690e-16
8.306825136291293138e-16
8.283562888181169480e-16
8.260374453077124274e-16
8.237260104494107096e-16
8.214219058562439209e-16
8.191252107032484293e-16
8.168357945924635546e-16
8.145536841962101191e-16
8.122788538534744577e-16
8.100112267826869032e-16
8.077508291578932607e-16
8.054975848278392077e-16
8.032515196387859253e-16
8.010126083159128168e-16
7.987807756451871412e-16
7.965560469913211812e-16
7.943383478523312215e-16
7.921277037507752872e-16
7.899240412683765020e-16
7.877273857048593084e-16
7.855376642427393511e-16
7.833548534548394216e-16
7.811789781698645820e-16
7.790099664601998939e-16
7.768477951041725280e-16
7.746924884689467248e-16
7.725439755054557232e-16
7.704022331966488316e-16
7.682672854574251905e-16
7.661390154576564126e-16
7.640174938963797435e-16
7.619026511617906890e-16
7.597944645736461720e-16
7.576929115181110042e-16
7.555979694476625323e-16
7.535096612525560600e-16
7.514278735654420991e-16
7.493526296188159599e-16
7.472839518770555395e-16
7.452217284215970993e-16
7.431659820552710248e-16
7.411166906919715348e-16
7.390738323111032106e-16
7.370373849574750911e-16
7.350073267411954585e-16
7.329836358375642574e-16
7.309662042277683975e-16
7.289551831308976187e-16
7.269503787901423114e-16
7.249519409728215152e-16
7.229596776249905498e-16
7.209736527753874883e-16
7.189938450467137515e-16
7.170201495927067130e-16
7.150527126128296491e-16
7.130913462336019198e-16
7.111361128619459144e-16
7.091869914353914260e-16
7.072438793108417672e-16
7.053069192142127720e-16
7.033759273535672472e-16
7.014508840259856774e-16
6.995319299151508084e-16
6.976188836294154988e-16
6.957118050730499880e-16
6.938105946009942710e-16
6.919153902864641405e-16
6.900259358260622396e-16
6.881424473540926112e-16
6.862647485356585696e-16
6.843928978250078677e-16
6.825267984250124343e-16
6.806665081962112748e-16
6.788119311525099339e-16
6.769631245674451708e-16
6.751200688247155807e-16
6.732826691437085261e-16
6.714509819324148896e-16
6.696249132031283161e-16
6.678045187932224774e-16
6.659897055007832546e-16
6.641805285989878445e-16
6.623768956646663856e-16
6.605788614131423373e-16
6.587863341930069999e-16
6.569993681679940454e-16
6.552178724515363438e-16
6.534418290858514069e-16
6.516712914164500070e-16
6.499061696888166020e-16
6.481465167122197618e-16
6.463922434800123829e-16
6.446433322885797065e-16
6.428998351516993171e-16
6.411616641696699052e-16
6.394288017895693595e-16
6.377012992430010400e-16
6.359790697224504351e-16
6.342620958250286920e-16
6.325503601961991024e-16
6.308439130434518954e-16
6.291426689914265573e-16
6.274466108347412414e-16
6.257557880288659636e-16
6.240701162570100948e-16
6.223895784622398309e-16
6.207141576354900391e-16
6.190438368155007544e-16
6.173786642291911209e-16
6.157184924396868995e-16
6.140634346223302145e-16
6.124134088702308856e-16
6.107683984643806377e-16
6.091283867331498860e-16
6.074934204729672871e-16
6.058633559835176932e-16
6.042382404815737026e-16
6.026181202777584786e-16
6.010028537547375857e-16
5.993925496624314280e-16
5.977871293363016601e-16
5.961865152597541140e-16
5.945908146659635701e-16
5.929999498557397057e-16
5.914138442615834736e-16
5.898326036233588206e-16
5.882560910651912202e-16
5.866844113442227243e-16
5.851174287427794571e-16
5.835552470454071968e-16
5.819977316819724465e-16
5.804449266606487638e-16
5.788968164351565810e-16
5.773533855039579576e-16
5.758146184101785810e-16
5.742804997415306554e-16
5.727510141302345093e-16
5.712260889761608298e-16
5.697057667807771864e-16
5.681900323056980993e-16
5.666788703567563062e-16
5.651722657839207208e-16
5.636701474515509436e-16
5.621725568189460635e-16
5.606794788644324257e-16
5.591908433144249950e-16
5.577067460686043324e-16
5.562270618850050286e-16
5.547518312090463426e-16
5.532809849003281243e-16
5.518145630043795724e-16
5.503525507977539250e-16
5.488948799762340270e-16
5.474416433852273421e-16
5.459926662580614055e-16
5.445480942100361601e-16
5.431078066463145131e-16
5.416717897879101675e-16
5.402400821273838820e-16
5.388126692753325380e-16
5.373894851037249889e-16
5.359705675404854328e-16
5.345558509891311045e-16
5.331453730051934663e-16
5.317391194052605063e-16
5.303370253832032842e-16
5.289390775365687721e-16
5.275453128695253440e-16
5.261556675696973850e-16
5.247701783152943652e-16
5.233887818054733825e-16
5.220115143599944847e-16
5.206383131851526394e-16
5.192692142461358225e-16
5.179041552520217674e-16
5.165431233064412995e-16
5.151861538483844621e-16
5.138331853315320362e-16
5.124842049654635012e-16
5.111392476714791287e-16
5.097982526383437596e-16
5.084612071811182261e-16
5.071281457117725869e-16
5.057990081447604096e-16
5.044737819001449419e-16
5.031525008887773814e-16
5.018351057415280474e-16
5.005215839829709452e-16
4.992119231714651195e-16
4.979061108991088012e-16
4.966041802575346473e-16
4.953060730495302423e-16
4.940117769708968803e-16
4.927212797509716141e-16
4.914346138423176680e-16
4.901516774699689339e-16
4.888725476531200995e-16
4.875971675677178832e-16
4.863255251127229707e-16
4.850576082203201082e-16
4.837934048558681081e-16
4.825329030178491647e-16
4.812761339186090678e-16
4.800229990764827179e-16
4.787735727676793740e-16
4.775277573150205985e-16
4.762856263253206298e-16
4.750470829187696031e-16
4.738121579536746046e-16
4.725808815978612508e-16
4.713531581543786402e-16
4.701290595855313768e-16
4.689084909742295478e-16
4.676915236363802009e-16
4.664780634278657824e-16
4.652681401780174133e-16
4.640617424112363582e-16
4.628588588256873579e-16
4.616594781863265269e-16
4.604635892893161338e-16
4.592711409760088445e-16
4.580822022464612277e-16
4.568966821863570835e-16
4.557146096997395437e-16
4.545359737356402874e-16
4.533607632739842661e-16
4.521889283461875784e-16
4.510204973032454580e-16
4.498554592151279759e-16
4.486938031824898216e-16
4.475355183366137022e-16
4.463805556776508116e-16
4.452289428821900253e-16
4.440806691708086181e-16
4.429356861143516624e-16
4.417940209923761642e-16
4.406556631143111688e-16
4.395205646146016474e-16
4.383887523820378205e-16
4.372602158144495219e-16
4.361349076028784596e-16
4.350128542515056705e-16
4.338940452461014271e-16
4.327784338273911889e-16
4.316660461209974709e-16
4.305568357296027262e-16
4.294508285290665913e-16
4.283479784810401598e-16
4.272483112142459138e-16
4.261517810463418087e-16
4.250584133615074889e-16
4.239681979044624398e-16
4.228810895223908520e-16
4.217970784578769223e-16
4.207161896136830869e-16
4.196383783579568842e-16
4.185636693565255397e-16
4.174920183219445358e-16
4.164234156268013604e-16
4.153578855851718868e-16
4.142954181945951666e-16
4.132359362143885287e-16
4.121795310219061051e-16
4.111260922180254169e-16
4.100756771769743166e-16
4.090282429589118771e-16
4.079837801782432052e-16
4.069423124194563053e-16
4.059037974530310791e-16
4.048682586766407949e-16
4.038356217929524214e-16
4.028059426407286663e-16
4.017791796350809251e-16
4.007553237425533324e-16
3.997343978101908425e-16
3.987163607301410212e-16
3.977012035415022028e-16
3.966889173068804810e-16
3.956794931123568719e-16
3.946729532685299112e-16
3.936692574484855397e-16
3.926683968102834995e-16
3.916703625353121219e-16
3.906751458282533711e-16
3.896827379170482323e-16
3.886931300528621507e-16
3.877063438176456712e-16
3.867223097683696112e-16
3.857410797166415921e-16
3.847625847669982392e-16
3.837868762780484827e-16
3.828138858972363843e-16
3.818436645345176731e-16
3.808761738176055640e-16
3.799113758861688635e-16
3.789493209852344158e-16
3.779899711786966476e-16
3.770332890357179104e-16
3.760793241459202784e-16
3.751280102826177586e-16
3.741793680004366083e-16
3.732334174027515236e-16
3.722900930415813749e-16
3.713494151831176077e-16
3.704113755127916229e-16
3.694759657385100606e-16
3.685431496855046197e-16
3.676129750312734820e-16
3.666853778542081534e-16
3.657603778552940596e-16
3.648379668526910623e-16
3.639181366868028296e-16
3.630008792202367033e-16
3.620861592237800819e-16
3.611739959403188762e-16
3.602643812973354613e-16
3.593572804971768565e-16
3.584527126888477704e-16
3.575506700747944560e-16
3.566511448785100249e-16
3.557541029972671129e-16
3.548595632589515315e-16
3.539675179485279838e-16
3.530779333459807336e-16
3.521908280162461648e-16
3.513061943054568605e-16
3.504239988717396797e-16
3.495442600210808564e-16
3.486669446607272062e-16
3.477920709257559309e-16
3.469196312630983373e-16
3.460495929506636596e-16
3.451819738711036185e-16
3.443167415465226941e-16
3.434539136929645924e-16
3.425934580747920406e-16
3.417353922431298289e-16
3.408796842026777597e-16
3.400263513413119726e-16
3.391753619021640980e-16
3.383267331115136475e-16
3.374804334490339196e-16
3.366364558938599490e-16
3.357948174322836374e-16
3.349554868946392324e-16
3.341184811096777389e-16
3.332837691396287312e-16
3.324513676572913789e-16
3.316212224468968219e-16
3.307933971380154227e-16
3.299678143292656555e-16
3.291445138930447748e-16
3.283234655750745666e-16
3.275046855884166655e-16
3.266881209594117284e-16
3.258738108805293649e-16
3.250617483031336981e-16
3.242518808631062749e-16
3.234442472515828794e-16
3.226388179910622834e-16
3.218355863804891066e-16
3.210345680404506062e-16
3.202357116052328281e-16
3.194390549451154882e-16
3.186445691239445757e-16
3.178522475271019745e-16
3.170621054495242857e-16
3.162740926680388730e-16
3.154882464478427110e-16
3.147045169822888708e-16
3.139229412189542252e-16
3.131434911558415217e-16
3.123661604913143422e-16
3.115909429397243101e-16
3.108178322313872763e-16
3.100468221125600969e-16
3.092779063454155869e-16
3.085110787080197423e-16
3.077463329943063480e-16
3.069836837613147681e-16
3.062230832571330294e-16
3.054645461537599138e-16
3.047080663083549287e-16
3.039536375938222099e-16
3.032012538987856230e-16
3.024509091275632734e-16
3.017025972001422626e-16
3.009562919587881121e-16
3.002120276216310422e-16
2.994697580482419673e-16
2.987295171672999473e-16
2.979912591887170611e-16
2.972549980583348300e-16
2.965207278040833979e-16
2.957884424693604005e-16
2.950581166512504511e-16
2.943297640406123001e-16
2.936033980333190370e-16
2.928789548116726024e-16
2.921564864167225870e-16
2.914359485979492282e-16
2.907173547347864444e-16
2.900006989914578998e-16
2.892859755474245505e-16
2.885731598205577570e-16
2.878622649464655758e-16
2.871532851491938039e-16
2.864461961136007675e-16
2.857410107953357772e-16
2.850377234628103150e-16
2.843363100647982923e-16
2.836367833796468121e-16
2.829391195300744042e-16
2.822433311773712220e-16
2.815494126630878876e-16
2.808573403688282953e-16
2.801671268108130500e-16
2.794787486805358038e-16
2.787922185186660810e-16
2.781075132126434829e-16
2.774246451887356435e-16
2.767436090542298065e-16
2.760643819465964173e-16
2.753869587080946530e-16
2.747113515395428501e-16
2.740375378246949627e-16
2.733655296532972187e-16
2.726953045720213451e-16
2.720268745606284624e-16
2.713602173274635436e-16
2.706953278029022685e-16
2.700322178033118578e-16
2.693708652768124443e-16
2.687112819324555973e-16
2.680534458769735209e-16
2.673973521030211814e-16
2.667429956153209475e-16
2.660903879105892132e-16
2.654395238236027115e-16
2.647903655010822212e-16
2.641429407633557028e-16
2.634972282616148805e-16
2.628532230742816011e-16
2.622109363876879342e-16
2.615703310491650538e-16
2.609314343023379431e-16
2.602942410857689817e-16
2.596587146607971546e-16
2.590248819315633730e-16
2.583927064321392068e-16
2.577622148423653442e-16
2.571333865658229098e-16
2.565062323392278193e-16
2.558807162364118195e-16
2.552568490785787165e-16
2.546346414563979721e-16
2.540140731390690050e-16
2.533951241477307765e-16
2.527778202857994599e-16
2.521621415380897330e-16
2.515480831978004381e-16
2.509356405697635523e-16
2.503248089704260927e-16
2.497155837278323670e-16
2.491079601816059779e-16
2.485019336829318267e-16
2.478974996173366912e-16
2.472946534728894553e-16
2.466933907714765331e-16
2.460937070459416660e-16
2.454955978400699977e-16
2.448990587085710147e-16
2.443040564743464259e-16
2.437106443109272405e-16
2.431187889509214087e-16
2.425284575832374968e-16
2.419397027458193105e-16
2.413524633491868416e-16
2.407667915121177727e-16
2.401826266056936453e-16
2.395999924702162998e-16
2.390188847673549995e-16
2.384392991695231943e-16
2.378612313598610678e-16
2.372846770322178861e-16
2.367096318911339528e-16
2.361360644296979841e-16
2.355639978063974665e-16
2.349934547684869431e-16
2.344243769332808680e-16
2.338567871740791137e-16
2.332906812578973516e-16
2.327260283651517049e-16
2.321628775809746336e-16
2.316011716114970310e-16
2.310409328618114319e-16
2.304821571503447067e-16
2.299248403060120263e-16
2.293689521805594135e-16
2.288145148116971666e-16
2.282615498462576187e-16
2.277099757902415212e-16
2.271598658869300734e-16
2.266111902387350278e-16
2.260639193531318425e-16
2.255180747294762411e-16
2.249736270896132805e-16
2.244306228571471277e-16
2.238890076723835186e-16
2.233488026832499617e-16
2.228100038497386079e-16
2.222725824241572749e-16
2.217365592946268901e-16
2.212019304506347438e-16
2.206686674573674054e-16
2.201368152873600582e-16
2.196063212019768890e-16
2.190771815971031536e-16
2.185494410175084902e-16
2.180230234288567111e-16
2.174979971785359022e-16
2.169743105889443642e-16
2.164519838094935324e-16
2.159310130294005406e-16
2.154113709328404288e-16
2.148930774227589707e-16
2.143761287160856140e-16
2.138604977932954990e-16
2.133462043141044729e-16
2.128332214542496578e-16
2.123215687127040915e-16
2.118112423519246772e-16
2.113022158382665957e-16
2.107945084327666338e-16
2.102880937933000420e-16
2.097830135693015772e-16
2.092791964314598916e-16
2.087766839596365985e-16
2.082754724792089850e-16
2.077755361209557527e-16
2.072768936020663737e-16
2.067795412749670416e-16
2.062834535500295199e-16
2.057886270488557611e-16
2.052950801849906200e-16
2.048028093460237899e-16
2.043117893094382968e-16
2.038220167278070930e-16
2.033335097163056522e-16
2.028462646974617500e-16
2.023602568102621808e-16
2.018754827380941844e-16
2.013919814343540009e-16
2.009096859620396159e-16
2.004286352103627855e-16
1.999488256538278759e-16
1.994702121506744951e-16
1.989928538682497656e-16
1.985167057602040744e-16
1.980417645710651779e-16
1.975680475515797740e-16
1.970955308062062350e-16
1.966242111017575635e-16
1.961541054793779707e-16
1.956852104900816915e-16
1.952175025796062229e-16
1.947509785577711689e-16
1.942856552550428879e-16
1.938215094457296744e-16
1.933585380251243839e-16
1.928967576323597722e-16
1.924361452901112459e-16
1.919766979148164856e-16
1.915184319440877876e-16
1.910613246461425131e-16
1.906053923259957696e-16
1.901506124143013379e-16
1.896969818628533240e-16
1.892445167794706895e-16
1.887931948357058115e-16
1.883430130042763208e-16
1.878939682645667827e-16
1.874460764651336203e-16
1.869993155941916354e-16
1.865537013727725855e-16
1.861092119460533425e-16
1.856658443283461265e-16
1.852235955405804680e-16
1.847824810511718627e-16
1.843424793148114177e-16
1.839035873730714032e-16
1.834658022741078731e-16
1.830291392380509072e-16
1.825935589272284493e-16
1.821591127019777747e-16
1.817257433458819645e-16
1.812934839322542301e-16
1.808622956936804246e-16
1.804322114470836113e-16
1.800032280941604461e-16
1.795753072895962352e-16
1.791484814705077393e-16
1.787227125697202938e-16
1.782980327732325180e-16
1.778744216549168909e-16
1.774518936567346105e-16
1.770304112621383400e-16
1.766100061618861333e-16
1.761906582178885089e-16
1.757723645985682961e-16
1.753551224787682961e-16
1.749389290397431224e-16
1.745237983216539078e-16
1.741096937506228442e-16
1.736966461696761412e-16
1.732846192693905403e-16
1.728736436640536255e-16
1.724636998930245402e-16
1.720547852379437268e-16
1.716469134038700236e-16
1.712400487889707532e-16
1.708342051719927195e-16
1.704293960935321272e-16
1.700255863364969513e-16
1.696228056281577815e-16
1.692210190054513597e-16
1.688202559669377530e-16
1.684204818016310995e-16
1.680217257812583833e-16
1.676239692612128053e-16
1.672272095969759108e-16
1.668314441500664226e-16
1.664366546474862972e-16
1.660428698019929872e-16
1.656500712942893400e-16
1.652582565099574911e-16
1.648674228405736372e-16
1.644775523313639316e-16
1.640886731474950957e-16
1.637007672889541068e-16
1.633138321712067786e-16
1.629278500898175180e-16
1.625428487799069045e-16
1.621588104926299027e-16
1.617757177088695564e-16
1.613935978458120810e-16
1.610124184927923561e-16
1.606321920644149290e-16
1.602529307608847971e-16
1.598746025196378857e-16
1.594972196073783669e-16
1.591207795038871444e-16
1.587452796947986672e-16
1.583707176715919559e-16
1.579970765175072566e-16
1.576243826170833619e-16
1.572526047039619156e-16
1.568817689612989812e-16
1.565118443465138297e-16
1.561428426931142984e-16
1.557747615326105489e-16
1.554075984022851589e-16
1.550413368512996176e-16
1.546760024678186766e-16
1.543115648698097993e-16
1.539480356108277446e-16
1.535854122626056567e-16
1.532236786899775766e-16
1.528628600340231624e-16
1.525029264893454560e-16
1.521438894190461551e-16
1.517857464538646818e-16
1.514284952300805050e-16
1.510721199521879988e-16
1.507166318036603764e-16
1.503620284367575797e-16
1.500083075092449617e-16
1.496554534435684657e-16
1.493034904387494649e-16
1.489523765919300344e-16
1.486021491587420129e-16
1.482527926315986717e-16
1.479042917010472105e-16
1.475566571574505733e-16
1.472098737968860247e-16
1.468639523240540537e-16
1.465188904495867839e-16
1.461746858895257062e-16
1.458313236492540595e-16
1.454888142648479153e-16
1.451471554679707003e-16
1.448063324188418914e-16
1.444663555287811061e-16
1.441272225450017479e-16
1.437889312200642675e-16
1.434514669181805707e-16
1.431148275385887985e-16
1.427790232879678193e-16
1.424440519391084710e-16
1.421099112701048814e-16
1.417765868955965730e-16
1.414440888619270515e-16
1.411124028825268380e-16
1.407815389243145557e-16
1.404514947907200548e-16
1.401222563422720346e-16
1.397938215237080873e-16
1.394662120061856387e-16
1.391394018475796762e-16
1.388133890062630060e-16
1.384881831766061118e-16
1.381637705080405952e-16
1.378401722648776711e-16
1.375173513561613486e-16
1.371953290129561763e-16
1.368741030934257134e-16
1.365536599898751201e-16
1.362340091652071408e-16
1.359151371380096383e-16
1.355970533032899726e-16
1.352797442718775366e-16
1.349632193648393632e-16
1.346474652845782600e-16
1.343324912788348390e-16
1.340182841409220380e-16
1.337048530458625312e-16
1.333921848772212057e-16
1.330802887379059313e-16
1.327691516010803182e-16
1.324587715512477976e-16
1.321491575840314027e-16
1.318402968055506673e-16
1.315321981407992698e-16
1.312248487838879410e-16
1.309182575897658220e-16
1.306124118398983037e-16
1.303073096478307070e-16
1.300029597643052991e-16
1.296993601951517231e-16
1.293964878382996798e-16
1.290943619748400573e-16
1.287929806241374783e-16
1.284923209261401265e-16
1.281924019451607267e-16
1.278932217140349096e-16
1.275947679412035422e-16
1.272970387810997648e-16
1.270000426466297772e-16
1.267037571537469906e-16
1.264082111214982008e-16
1.261133720677159350e-16
1.258192584913024848e-16
1.255258583902000941e-16
1.252331799810614071e-16
1.249412013453486518e-16
1.246499407057333808e-16
1.243593961482828929e-16
1.240695459833552720e-16
1.237804082294175858e-16
1.234919809856803200e-16
1.232042427888638148e-16
1.229172114556512484e-16
1.226308753851689278e-16
1.223452327993174702e-16
1.220602819237979288e-16
1.217760305966643170e-16
1.214924673733413090e-16
1.212095904907827630e-16
1.209273981896210447e-16
1.206458981852065517e-16
1.203650791866269874e-16
1.200849394462215366e-16
1.198054772200904020e-16
1.195266907680900951e-16
1.192485876556788627e-16
1.189711475130765814e-16
1.186943871819019332e-16
1.184182956355167934e-16
1.181428803217440761e-16
1.178681211525619948e-16
1.175940347194426959e-16
1.173206010735056022e-16
1.170478366824371487e-16
1.167757307409720696e-16
1.165042815506949066e-16
1.162334874168830321e-16
1.159633555574418556e-16
1.156938664351979722e-16
1.154250273074783403e-16
1.151568453077624541e-16
1.148893098830754116e-16
1.146224193611020311e-16
1.143561633540750494e-16
1.140905576664185840e-16
1.138255918863206693e-16
1.135612643560548245e-16
1.132975734215284313e-16
1.130345259964573768e-16
1.127721032750061879e-16
1.125103122088827119e-16
1.122491511584763871e-16
1.119886269301181770e-16
1.117287209765634816e-16
1.114694401416303289e-16
1.112107911522569953e-16
1.109527556526754397e-16
1.106953404069367132e-16
1.104385438005669004e-16
1.101823724561511069e-16
1.099268082699818628e-16
1.096718579012640845e-16
1.094175278954297915e-16
1.091638003354156712e-16
1.089106818029081507e-16
1.086581707083017849e-16
1.084062654655216753e-16
1.081549645133423997e-16
1.079042663792130587e-16
1.076541696150310194e-16
1.074046648595233508e-16
1.071557665314518255e-16
1.069074652473998908e-16
1.066597517395822999e-16
1.064126402671347224e-16
1.061661137640753785e-16
1.059201786354783958e-16
1.056748334574800760e-16
1.054300768092676280e-16
1.051859072730745332e-16
1.049423157951351845e-16
1.046993162689958373e-16
1.044568920348696319e-16
1.042150493258666853e-16
1.039737867390819653e-16
1.037331028746314070e-16
1.034929963356475128e-16
1.032534582771775993e-16
1.030144948123668460e-16
1.027761119513712395e-16
1.025382861141507182e-16
1.023010381134544204e-16
1.020643591718261053e-16
1.018282406192098017e-16
1.015926884280197154e-16
1.013577012277519694e-16
1.011232776508765072e-16
1.008894091418087784e-16
1.006561015809255396e-16
1.004233536093032067e-16
1.001911567560935864e-16
9.995952392323373219e-17
9.972843955589611536e-17
9.949790942155356270e-17
9.926792516105765134e-17
9.903849948704854775e-17
9.880961705619395902e-17
9.858127660670972091e-17
9.835349071110929378e-17
9.812624418261928535e-17
9.789953576710462256e-17
9.767337789857235526e-17
9.744775554512281239e-17
9.722267425487021946e-17
9.699812594103647884e-17
9.677411610880870498e-17
9.655064344754708636e-17
9.632769989359842813e-17
9.610529060529983344e-17
9.588341394143428714e-17
9.566206163624717592e-17
9.544123873173085910e-17
9.522093701646465224e-17
9.500116805170427307e-17
9.478191053960018392e-17
9.456318253804394736e-17
9.434496938478432886e-17
9.412726953824559306e-17
9.391008790414339179e-17
9.369342287961702532e-17
9.347726646711810468e-17
9.326162351520771909e-17
9.304648607882578206e-17
9.283185896873172289e-17
9.261773429199390140e-17
9.240411682187568431e-17
9.219100498187810652e-17
9.197839095671506063e-17
9.176627946409513598e-17
9.155466273997026941e-17
9.134353928828829831e-17
9.113291377163122591e-17
9.092278463570759396e-17
9.071314421789761085e-17
9.050399103590842592e-17
9.029532968001193335e-17
9.008715861057852995e-17
8.987947026503549887e-17
8.967226317475023770e-17
8.946554185884197540e-17
8.925930479222819692e-17
8.905353856848444068e-17
8.884825956015345378e-17
8.864344848781013874e-17
8.843911572565202000e-17
8.823525976650527813e-17
8.803187326784760387e-17
8.782895479130721004e-17
8.762650869991993554e-17
8.742452772295108308e-17
8.722301618953462716e-17
8.702196687646327325e-17
8.682137836191400752e-17
8.662125492456385583e-17
8.642158941178357763e-17
8.622238041156347782e-17
8.602363215272549750e-17
8.582533777519231011e-17
8.562750258696573120e-17
8.543011530368600162e-17
8.523319259211130523e-17
8.503671764607011650e-17
8.484070149315726370e-17
8.464513850207450703e-17
8.445002859957662911e-17
8.425537717391436721e-17
8.406117864898160474e-17
8.386743294859550492e-17
8.367414540099318860e-17
8.348131048468520069e-17
8.328892812060943610e-17
8.309699822868800802e-17
8.290552605813199791e-17
8.271450615931886782e-17
8.252393844936870936e-17
8.233382811906316816e-17
8.214416451583441713e-17
8.195495808487889198e-17
8.176620868456568908e-17
8.157790576989293591e-17
8.139005967350036044e-17
8.120265992131764011e-17
8.101571677151678532e-17
8.082923007892017382e-17
8.064318947509770487e-17
8.045760510776928808e-17
8.027246667816342234e-17
8.008778426092679624e-17
7.990355266695890068e-17
7.971977682277605955e-17
7.953644656761260065e-17
7.935357183181795908e-17
7.917114749349973991e-17
7.898916849942565944e-17
7.880764467300806827e-17
7.862657586104125460e-17
7.844595210593522068e-17
7.826577824064886612e-17
7.808605902904371617e-17
7.790678461336326374e-17
7.772796460697421723e-17
7.754959403550654509e-17
7.737167279172392568e-17
7.719420076757186533e-17
7.701717785418349157e-17
7.684060394188534627e-17
7.666447892020301867e-17
7.648880189757059755e-17
7.631356886533914332e-17
7.613877973268636040e-17
7.596442034999188277e-17
7.579049532344772979e-17
7.561699059587224399e-17
7.544391073631216641e-17
7.527124177939694762e-17
7.509898825735550157e-17
7.492713629600884761e-17
7.475568583370654456e-17
7.458463675899611740e-17
7.441397533334141852e-17
7.424370599831623086e-17
7.407381510506019167e-17
7.390430705942407246e-17
7.373516830163042939e-17
7.356640320210516265e-17
7.339799828956841255e-17
7.322995348168292069e-17
7.306226424560581749e-17
7.289492606167362158e-17
7.272793442336623568e-17
7.256128483727123834e-17
7.239497282304801540e-17
7.222899391339201478e-17
7.206334365399922302e-17
7.189801330650302276e-17
7.173300705139522474e-17
7.156831189385342372e-17
7.140393198073527336e-17
7.123985440209249253e-17
7.107607482483520349e-17
7.091259734569772546e-17
7.074941756915319590e-17
7.058651439418773808e-17
7.042390861563045476e-17
7.026157088528052158e-17
7.009951357688135238e-17
6.993773235854409780e-17
6.977621469564422516e-17
6.961495636723267450e-17
6.945396132320667529e-17
6.929321715168077260e-17
6.913271966840164505e-17
6.897247277525045698e-17
6.881247222800641894e-17
6.865269775882775161e-17
6.849316129611832702e-17
6.833385863263253590e-17
