# pp
8.752831190112527979e-09
5.323848005193791543e-09
3.679494746438751657e-09
2.733746574074014048e-09
2.127642215322232704e-09
1.711180304128408984e-09
1.410366512504930912e-09
1.184862973905239175e-09
1.010640327149993204e-09
8.730569532994172286e-10
7.620667430389171146e-10
6.710723542005279588e-10
5.955069832553801917e-10
5.319912345103979590e-10
4.780402121587872745e-10
4.318095314774516484e-10
3.918869247365264625e-10
3.571387566410153436e-10
3.266818431171436776e-10
2.998456063831014762e-10
2.760905560103800934e-10
2.549547094453203148e-10
2.360591193178732816e-10
2.190998133495910193e-10
2.038253236122324347e-10
1.900217352247879148e-10
1.775063630538213760e-10
1.661168724255185814e-10
1.557173100182935817e-10
1.462028060711275556e-10
1.374831988368870578e-10
1.294726247473030208e-10
1.220955170056270389e-10
1.152878093784011305e-10
1.089938075429273075e-10
1.031641445699546067e-10
9.775513076603229400e-11
9.272755400554887873e-11
8.804663477992234094e-11
8.368162001532332074e-11
7.960532416442835702e-11
7.579354927289815858e-11
7.222466456001426526e-11
6.887928051000648828e-11
6.573989677894742864e-11
6.279046721027757242e-11
6.001645572650198397e-11
5.740472977546737418e-11
5.494339834831538063e-11
5.262162591234442328e-11
5.042938738269537105e-11
4.835752066130402739e-11
4.639767761087577038e-11
4.454223778676401300e-11
4.278420497397854326e-11
4.111706510990662986e-11
3.953482304965990791e-11
3.803197767622041002e-11
3.660347344620863877e-11
3.524467734288744844e-11
3.395139532216255061e-11
3.271977035385275146e-11
3.154623248643749821e-11
3.042747323033273288e-11
2.936039888431820993e-11
2.834204444851269857e-11
2.736963524708417478e-11
2.644059366222102144e-11
2.555252247560276392e-11
2.470317499145750558e-11
2.389040021591151962e-11
2.311218040669602060e-11
2.236663468890091505e-11
2.165200807902508757e-11
2.096667250385741602e-11
2.030914840953865427e-11
1.967805987571206901e-11
1.907211614180645324e-11
1.849010531719271798e-11
1.793088492069882807e-11
1.739336621279477686e-11
1.687652167003472581e-11
1.637938426767079210e-11
1.590104324094558501e-11
1.544063651074849103e-11
1.499733673992814762e-11
1.457036017514804577e-11
1.415896729647689667e-11
1.376245985985836380e-11
1.338017648257828872e-11
1.301148535992863280e-11
1.265578746961983503e-11
1.231251610853198744e-11
1.198113483251489247e-11
1.166113554738414106e-11
1.135203673858446761e-11
1.105338182814653986e-11
1.076473764860073664e-11
1.048569302444545785e-11
1.021585745260827596e-11
9.954859874096588092e-12
9.702347529718856920e-12
9.457984893376035050e-12
9.221452676982001468e-12
8.992446901578418881e-12
8.770678029668286295e-12
8.555870154208833554e-12
8.347760240082342056e-12
8.146097414207203359e-12
7.950641279189692487e-12
7.761158371629217892e-12
7.577424885132014381e-12
7.399227153993147903e-12
7.226361112866058676e-12
7.058631789520824861e-12
6.895852828404056995e-12
6.737846042889264400e-12
6.584440994267523985e-12
6.435474595675776903e-12
6.290790739295317687e-12
6.150239945277098218e-12
6.013679030964418645e-12
5.880970799088177757e-12
5.751983743706166933e-12
5.626591772746390420e-12
5.504673946095903467e-12
5.386114228251805693e-12
5.270801254620264600e-12
5.158628110613277685e-12
5.049491830524330939e-12
4.943292358638042135e-12
4.839933298156828987e-12
4.739322029681384250e-12
4.641369537987420799e-12
4.545990247914127005e-12
4.453101868823710099e-12
4.362625247127083841e-12
4.274484226403902198e-12
4.188605514675771471e-12
4.104918558420087755e-12
4.023355422938315450e-12
3.943850678717236166e-12
3.866341293444521556e-12
3.790766529361281937e-12
3.717067845654110196e-12
3.645188805607508924e-12
3.575074988254880346e-12
3.506673904282223024e-12
3.439934915953649374e-12
3.374809164444541431e-12
3.311249507601945901e-12
3.249210439238424561e-12
3.188648019455382323e-12
3.129519811723117937e-12
3.071784822857447543e-12
3.015403445742551700e-12
2.960337404658306393e-12
2.906549703078566511e-12
2.854004573814432857e-12
2.802667431383728350e-12
2.752504826494575814e-12
2.703484402537252758e-12
2.655574853984417268e-12
2.608745886605300583e-12
2.562968179404689193e-12
2.518213348202360779e-12
2.474453910773276284e-12
2.431663253473097151e-12
2.389815599277670077e-12
2.348885977168948143e-12
2.308850192803385607e-12
2.269684800402238810e-12
2.231367075806388350e-12
2.193874990641294584e-12
2.157187151356049514e-12
2.121282670173992384e-12
2.086141256380464268e-12
2.051743231057849687e-12
2.018069505692608323e-12
1.985101561637253233e-12
1.952821430388780149e-12
1.921211674646999267e-12
1.890255370118010540e-12
1.859936088029825351e-12
1.830237878328727124e-12
1.801145253526532817e-12
1.772643173170350017e-12
1.744717028907814835e-12
1.717352630122103745e-12
1.690536190112235571e-12
1.664254312795353731e-12
1.638493979908793577e-12
1.613242538690785815e-12
1.588487690019635875e-12
1.564217476992171942e-12
1.540420273923151369e-12
1.517084775748148881e-12
1.494199987813278933e-12
1.471755216035847187e-12
1.449740095485811751e-12
1.428144692423630120e-12
1.406959376164467685e-12
1.386174772069307642e-12
1.365781753660877090e-12
1.345771435016938755e-12
1.326135163429956265e-12
1.306864512322620374e-12
1.287951274409197868e-12
1.269387455093081337e-12
1.251165266091367300e-12
1.233277119277651489e-12
1.215715620734643063e-12
1.198473565008534945e-12
1.181543929557429412e-12
1.164919869386429626e-12
1.148594711862336594e-12
1.132561951701176788e-12
1.116815246122074260e-12
1.101348410161247227e-12
1.086155412140183972e-12
1.071230369282270208e-12
1.056567543472406796e-12
1.042161337154357693e-12
1.028006289360800400e-12
1.014097071871233174e-12
1.000428485493123463e-12
9.869954564618282496e-13
9.737930329550312546e-13
9.608163817175907717e-13
9.480607847928599493e-13
9.355216363567069166e-13
9.231944396505970569e-13
9.110748040102522057e-13
8.991584419865366489e-13
8.874411665553445040e-13
8.759188884133993802e-13
8.645876133569844486e-13
8.534434397407466652e-13
8.424825560138181471e-13
8.317012383306140258e-13
8.210958482337587928e-13
8.106628304066886786e-13
8.003987104935810998e-13
7.903000929843356227e-13
7.803636591624267106e-13
7.705861651135279932e-13
7.609644397928825162e-13
7.514953831494694599e-13
7.421759643050930468e-13
7.330032405046110507e-13
7.239744162381700638e-13
7.150867771710778828e-13
7.063376675874355795e-13
6.977244889295306116e-13
6.892446983787550663e-13
6.808958475893667705e-13
6.726753807852874447e-13
6.645809963327599363e-13
6.566104356056460489e-13
6.487613362921698112e-13
6.410313911555391661e-13
6.334184856849398329e-13
6.259205444227106245e-13
6.185353973517240953e-13
6.112609243453612573e-13
6.040951806656430080e-13
5.970362570838162411e-13
5.900821580232993147e-13
5.832309331640552067e-13
5.764807920066519701e-13
5.698299763799236521e-13
5.632766491643431932e-13
5.568190143484270458e-13
5.504554217409686112e-13
5.441842506195459996e-13
5.380038079904852527e-13
5.319124382485224166e-13
5.259086189997060946e-13
5.199908547446103259e-13
5.141575837462374399e-13
5.084072783158972663e-13
5.027385326040753734e-13
4.971499653350031570e-13
4.916401344550690942e-13
4.862076289553026834e-13
4.808511493949376508e-13
4.755694188118131007e-13
4.703611044129492517e-13
4.652249017450671653e-13
4.601596086339915809e-13
4.551640434901775038e-13
4.502369733816664474e-13
4.453771912769247095e-13
4.405835840112096885e-13
4.358550572900631429e-13
4.311904695542181932e-13
4.265887029421863814e-13
4.220487258310390638e-13
4.175695239144168633e-13
4.131500476449915930e-13
4.087893019998711114e-13
4.044863783866527227e-13
4.002403828434830110e-13
3.960503799863469972e-13
3.919154531202006568e-13
3.878347573818579737e-13
3.838074613789289989e-13
3.798326954949874321e-13
3.759096072826842407e-13
3.720374105078356800e-13
3.682153313512310753e-13
3.644425606874522211e-13
3.607183051798616725e-13
3.570418325843572955e-13
3.534124221095032704e-13
3.498293203226102394e-13
3.462917883247817217e-13
3.427991436377850779e-13
3.393507143580060543e-13
3.359457983771361568e-13
3.325837069783025919e-13
3.292638035982490184e-13
3.259854614463019173e-13
3.227480257571422182e-13
3.195508541158951495e-13
3.163933523598756491e-13
3.132749353656044789e-13
3.101949920780790279e-13
3.071529228430939695e-13
3.041481726877970669e-13
3.011801950072581832e-13
2.982484191387684886e-13
2.953522849531804716e-13
2.924912737311188017e-13
2.896648745060660272e-13
2.868725539738347086e-13
2.841137885710060360e-13
2.813880931435388678e-13
2.786949897261458333e-13
2.760339795964811645e-13
2.734045730474966508e-13
2.708063160271421325e-13
2.682387611542629902e-13
2.657014417444692465e-13
2.631938994641501797e-13
2.607157091037278456e-13
2.582664516486736411e-13
2.558456901196981655e-13
2.534529952790194890e-13
2.510879726128432222e-13
2.487502488975385044e-13
2.464394376201154061e-13
2.441551589301270541e-13
2.418970611214291718e-13
2.396647973444032407e-13
2.374580046681942782e-13
2.352763263533505659e-13
2.331194318716949383e-13
2.309869952211563094e-13
2.288786754083057436e-13
2.267941371976538502e-13
2.247330697820656338e-13
2.226951665755522598e-13
2.206801070072100492e-13
2.186875758649270023e-13
2.167172807191368795e-13
2.147689330797236833e-13
2.128422314017701541e-13
2.109368791312847770e-13
2.090526009763704557e-13
2.071891253241592265e-13
2.053461683672093611e-13
2.035234509496860638e-13
2.017207137721045549e-13
1.999377009730642830e-13
1.981741452927802420e-13
1.964297838098306174e-13
1.947043721584512465e-13
1.929976691878637990e-13
1.913094230863677017e-13
1.896393860912213100e-13
1.879873277909396333e-13
1.863530207822912667e-13
1.847362276846881572e-13
1.831367148989113319e-13
1.815542650609317447e-13
1.799886636232638481e-13
1.784396866951288195e-13
1.769071139195073621e-13
1.753907401396020168e-13
1.738903628372499887e-13
1.724057707395590032e-13
1.709367558781016335e-13
1.694831245242205572e-13
1.680446854226735585e-13
1.666212391102001437e-13
1.652125892155151503e-13
1.638185527151708063e-13
1.624389489055926546e-13
1.610735905600609370e-13
1.597222980066850247e-13
1.583849051416062091e-13
1.570612479011865678e-13
1.557511548603275123e-13
1.544544571741194361e-13
1.531709976164093315e-13
1.519006208782556615e-13
1.506431647388861636e-13
1.493984693973338558e-13
1.481663945000065164e-13
1.469467673495720881e-13
1.457394516997032622e-13
1.445443125298717502e-13
1.433611839554910752e-13
1.421899348891783874e-13
1.410304198651321300e-13
1.398824955495328679e-13
1.387460357904340607e-13
1.376208858534112441e-13
1.365069232149012312e-13
1.354040264460118869e-13
1.343120468214172659e-13
1.332308663892070694e-13
1.321603544797399294e-13
1.311003823059322862e-13
1.300508362926277252e-13
1.290115775538386783e-13
1.279824957265791249e-13
1.269634814270842144e-13
1.259544010811433864e-13
1.249551483851879258e-13
1.239656057639238920e-13
1.229856573079168542e-13
1.220152006026550974e-13
1.210541107752183865e-13
1.201022882606238459e-13
1.191596343712533122e-13
1.182260289393879356e-13
1.173013760116236644e-13
1.163855696248097505e-13
1.154785052929272671e-13
1.145800905248960293e-13
1.136902128638080736e-13
1.128087823513929462e-13
1.119357098167036279e-13
1.110708869791238106e-13
1.102142270995264980e-13
1.093656345328842590e-13
1.085250149465453216e-13
1.076922852544344303e-13
1.068673468274741205e-13
1.060501215854222198e-13
1.052405320969977377e-13
1.044384838413080350e-13
1.036439014396518586e-13
1.028567015193087595e-13
1.020768018209259496e-13
1.013041295604392781e-13
1.005385960337695769e-13
9.978013036393226380e-14
9.902866225945787560e-14
9.828410617133671792e-14
9.754639364230586958e-14
9.681544907799036422e-14
9.609119787774012446e-14
9.537357390966236462e-14
9.466249681325670260e-14
9.395790216285685995e-14
9.325972606181262608e-14
9.256789096816763045e-14
9.188233462721529557e-14
9.120298840125211517e-14
9.052978454109176886e-14
8.986266287954711356e-14
8.920155051103584498e-14
8.854638879751205157e-14
8.789711957954609654e-14
8.725367247387215574e-14
8.661599079338341674e-14
8.598401213288378389e-14
8.535767488299048093e-14
8.473692423360238736e-14
8.412169395162910358e-14
8.351193059966944997e-14
8.290758117390500219e-14
8.230858170228104942e-14
8.171488050336133137e-14
8.112642076495447369e-14
8.054314638883477033e-14
7.996500738389871328e-14
7.939194349927938207e-14
7.882390597810299077e-14
7.826084645677472156e-14
7.770270671455803812e-14
7.714943957744409822e-14
7.660099326041588522e-14
7.605731662002096488e-14
7.551836400674739315e-14
7.498408054180941986e-14
7.445442186457174229e-14
7.392934467565403741e-14
7.340879696549735251e-14
7.289273665186443515e-14
7.238111748589333124e-14
7.187389377999805959e-14
7.137102478047798481e-14
7.087246140320085405e-14
7.037816386575001170e-14
6.988809269524814048e-14
6.940220040632149690e-14
6.892044846340514910e-14
6.844279457529859881e-14
6.796920096109262122e-14
6.749961432172933095e-14
6.703401368096796639e-14
6.657234671900621918e-14
6.611457741049437248e-14
6.566067752279639111e-14
6.521058904144119388e-14
6.476428466444430514e-14
6.432173698396457231e-14
6.388288991965880683e-14
6.344771696164146614e-14
6.301618453405283595e-14
6.258824556005876239e-14
6.216388108995175060e-14
6.174304490074501429e-14
6.132570495100070561e-14
6.091182944520200252e-14
6.050137390261051400e-14
6.009432026858413292e-14
5.969062486283313431e-14
5.929025732932142347e-14
5.889319369715440016e-14
5.849938561281023038e-14
5.810880986716784349e-14
5.772144317674216978e-14
5.733723875956805473e-14
5.695617406783994145e-14
5.657822076785163557e-14
5.620333944801653190e-14
5.583151377898487724e-14
5.546270504965961127e-14
5.509688618891670516e-14
5.473403033119087311e-14
5.437410018510022214e-14
5.401708018163571738e-14
5.366293368726163878e-14
5.331163502293403359e-14
5.296316395501273363e-14
5.261748091862176519e-14
5.227456721598411961e-14
5.193440408185560441e-14
5.159695337518345372e-14
5.126219690558001036e-14
5.093011170439216223e-14
5.060066565068363819e-14
5.027384564993176377e-14
4.994962012944967966e-14
4.962796710587842326e-14
4.930886475413433584e-14
4.899228262212108657e-14
4.867820819160165560e-14
4.836661152638614867e-14
4.805747172923183722e-14
4.775077224386274091e-14
4.744647989827544458e-14
4.714457862859214758e-14
4.684505232303101639e-14
4.654786882624210154e-14
4.625301250294435915e-14
4.596046376467945257e-14
4.567019543668049116e-14
4.538219611810543421e-14
4.509643908918108720e-14
4.481290558160310844e-14
4.453157696090334738e-14
4.425242743089111698e-14
4.397544608601133961e-14
4.370060755890292522e-14
4.342789398862942024e-14
4.315729112568490819e-14
4.288877090824950778e-14
4.262231949658216983e-14
4.235792301742881247e-14
4.209555424896720031e-14
4.183519971478124446e-14
4.157684265198078247e-14
4.132045997928314959e-14
4.106604175532992598e-14
4.081356527819628565e-14
4.056301447076394669e-14
4.031437336948149174e-14
4.006762003736595483e-14
3.982274495958351201e-14
3.957972655722844031e-14
3.933854951448560541e-14
3.909920153395659390e-14
3.886165878268115431e-14
3.862590922325392806e-14
3.839194046735098647e-14
3.815972889231370530e-14
3.792926237170837702e-14
3.770052604050094522e-14
3.747349975337598356e-14
3.724817436719899904e-14
3.702453006672372471e-14
3.680255258753021649e-14
3.658222776788149988e-14
3.636353644705144765e-14
3.614646987991945479e-14
3.593100921768664589e-14
3.571714086655112877e-14
3.550485377230659968e-14
3.529412720908338818e-14
3.508495042130526406e-14
3.487731264358555884e-14
3.467119374796468223e-14
3.446658325860443906e-14
3.426346840191299804e-14
3.406183196677663741e-14
3.386166598923472780e-14
3.366295353548566479e-14
3.346568233773865082e-14
3.326984021567839930e-14
3.307541078233196655e-14
3.288238641638741829e-14
3.269075099329034157e-14
3.250049281162332269e-14
3.231160231076113745e-14
3.212406178195583594e-14
3.193786191606078275e-14
3.175299339871458691e-14
3.156943902178857631e-14
3.138718971491077469e-14
3.120623447165588671e-14
3.102655854089209370e-14
3.084815497560667904e-14
3.067100925857112829e-14
3.049511081091796676e-14
3.032044912850928327e-14
3.014701015293828593e-14
2.997478723268745524e-14
2.980376653096995040e-14
2.963393794895720956e-14
2.946529145884131334e-14
2.929781710363057513e-14
2.913150158674406246e-14
2.896633857228343984e-14
2.880231206667150834e-14
2.863942137433600868e-14
2.847765290919273996e-14
2.831700310825294867e-14
2.815746510362302246e-14
2.799902571569072355e-14
2.784168148344093372e-14
2.768542885013624349e-14
2.753025493243384762e-14
2.737615322663260439e-14
2.722312027758243127e-14
2.707114358298524933e-14
2.692022273919120748e-14
2.677034543068105051e-14
2.662150830214558262e-14
2.647370217745879724e-14
2.632692086736940811e-14
2.618115821375268700e-14
2.603640808974034183e-14
2.589266164496331823e-14
2.574991562513127526e-14
2.560816129653735554e-14
2.546739273791484830e-14
2.532760405794613128e-14
2.518878677450150875e-14
2.505093772914687965e-14
2.491404855078422210e-14
2.477811354397947666e-14
2.464312704201119288e-14
2.450908340697426133e-14
2.437597456002480645e-14
2.424379743938293140e-14
2.411254164979406553e-14
2.398220660675766283e-14
2.385278206583075007e-14
2.372426505166410144e-14
2.359665019495736968e-14
2.346992754189632733e-14
2.334409419689283416e-14
2.321914720100447547e-14
2.309507681472517777e-14
2.297187793611610490e-14
2.284954768549803030e-14
2.272807659647285197e-14
2.260746401651402367e-14
2.248770061462886189e-14
2.236878359192988187e-14
2.225070590554001135e-14
2.213346269192613569e-14
2.201704911197502376e-14
2.190145971121552182e-14
2.178668449966777441e-14
2.167271698068537874e-14
2.155954669402692632e-14
2.144716528009427070e-14
2.133556444498897480e-14
2.122473403820524019e-14
2.111466785409128035e-14
2.100535590689289635e-14
2.089679021397589689e-14
2.078896285528171521e-14
2.068186597295217003e-14
2.057548995446869054e-14
2.046982891554717301e-14
2.036487161642722178e-14
2.026061407561640737e-14
2.015704523913544444e-14
2.005415944370756989e-14
1.995194930174661263e-14
1.985040408013456875e-14
1.974951828754285705e-14
1.964928642601986945e-14
1.954969802642615254e-14
1.945074607810714708e-14
1.935242524993162593e-14
1.925472537482026479e-14
1.915764284007630702e-14
1.906116764539707796e-14
1.896529465932196944e-14
1.887001564079165949e-14
1.877532399580713096e-14
1.868121318164625639e-14
1.858767670654986608e-14
1.849470663279492959e-14
1.840229809331054671e-14
1.831044327726512218e-14
1.821913593300760124e-14
1.812836985746781408e-14
1.803813746561755320e-14
1.794843410663210795e-14
1.785925231636891864e-14
1.777058612053575470e-14
1.768242959116047094e-14
1.759477684630363178e-14
1.750762069486726564e-14
1.742095672525886035e-14
1.733477652998638136e-14
1.724907711709585074e-14
1.716385021517041110e-14
1.707909157675693693e-14
1.699479631179655641e-14
1.691095959384917407e-14
1.682758112067697142e-14
1.674466054584694248e-14
1.666219376323575399e-14
1.658017921266136554e-14
1.649861655204255385e-14
1.641750177855450027e-14
1.633683575912633477e-14
1.625661453680284662e-14
1.617683776430372375e-14
1.609750272554471129e-14
1.601860790129753317e-14
1.594015177370334436e-14
1.586213282640117941e-14
1.578454842083551569e-14
1.570739818755387164e-14
1.563067951094831917e-14
1.555439091059610170e-14
1.547853090760586249e-14
1.540309694927512076e-14
1.532808865437241106e-14
1.525350349225721506e-14
1.517934001868049154e-14
1.510559679095631137e-14
1.503227236807508747e-14
1.495936429034434350e-14
1.488687215861695808e-14
1.481479253161775711e-14
1.474312601628918976e-14
1.467186920972810968e-14
1.460102171059763751e-14
1.453058211662521356e-14
1.446054710703587407e-14
1.439091628527997998e-14
1.432168922327930223e-14
1.425286265528642489e-14
1.418443523750239446e-14
1.411640654736313222e-14
1.404877339698758700e-14
1.398153627916020104e-14
1.391469204108138012e-14
1.384824025944733700e-14
1.378217872009282337e-14
1.371650611452731535e-14
1.365122113601313325e-14
1.358632247965568568e-14
1.352180799100832032e-14
1.345767723504015726e-14
1.339392807557445704e-14
1.333055898192610843e-14
1.326756741017209713e-14
1.320494976111469376e-14
1.314270409857371780e-14
1.308082687093642579e-14
1.301931536618902042e-14
1.295816688882524516e-14
1.289737875978875643e-14
1.283694754058515584e-14
1.277687137368487838e-14
1.271714610300626163e-14
1.265777066580270666e-14
1.259874096332607494e-14
1.254005519488508640e-14
1.248171081254670065e-14
1.242370382060260731e-14
1.236603318995547168e-14
1.230869497976280681e-14
1.225168673958059805e-14
1.219500744920575177e-14
1.213865324865514712e-14
1.208262173178230222e-14
1.202690912617761529e-14
1.197151582772113397e-14
1.191643672327570608e-14
1.186167084506777022e-14
1.180721585885029376e-14
1.175306811958470914e-14
1.169922535404644687e-14
1.164568660607566463e-14
1.159244830475765362e-14
1.153950821771882011e-14
1.148686412600433895e-14
1.143451382402919208e-14
1.138245511952855391e-14
1.133068459237734170e-14
1.127920133805427350e-14
1.122800320367374224e-14
1.117708683825022144e-14
1.112645014444865245e-14
1.107609222914261714e-14
1.102600862683211813e-14
1.097619965150696456e-14
1.092666206399866845e-14
1.087739382916257754e-14
1.082839177955434141e-14
1.077965506738208918e-14
1.073118169384576856e-14
1.068296855500457341e-14
1.063501481133843895e-14
1.058731748076021016e-14
1.053987503837731361e-14
1.049268604684907067e-14
1.044575014912699501e-14
1.039906376646326669e-14
1.035262656427788559e-14
1.030643713292736975e-14
1.026049303003155114e-14
1.021479391589305578e-14
1.016933840136127099e-14
1.012412408903287169e-14
1.007914962760068564e-14
1.003441467137387664e-14
9.989915875711754863e-15
9.945652915755773387e-15
9.901625441696487937e-15
9.857830175269378896e-15
9.814266787258179632e-15
9.770933971384433209e-15
9.727829482329824401e-15
9.684952048843354147e-15
9.642301336378651449e-15
9.599875140430282794e-15
9.557672207934808055e-15
9.515692200885309615e-15
9.473932052970877115e-15
9.432391445295777043e-15
9.391069148721671341e-15
9.349963940077162687e-15
9.309073727895176853e-15
9.268398188733692887e-15
9.227935256346964897e-15
9.187683751169311509e-15
9.147643346701236787e-15
9.107812013953653724e-15
9.068188590260461949e-15
9.028771090505826272e-15
8.989560025553298437e-15
8.950552599651660116e-15
8.911748500206169566e-15
8.873146592148633909e-15
8.834744949272041876e-15
8.796542465885986547e-15
8.758538826010772941e-15
8.720732137836702419e-15
8.683121311414775033e-15
8.645705261979925590e-15
8.608482909945406958e-15
8.571453180896775792e-15
8.534614256318771195e-15
8.497965826333308520e-15
8.461506799708540640e-15
8.425235351902842611e-15
8.389150412828397054e-15
8.353251638834300538e-15
8.317536522213644373e-15
8.282005445544113539e-15
8.246656638295019535e-15
8.211489056338821413e-15
8.176500966263804930e-15
8.141692039091568685e-15
8.107061245945586476e-15
8.072606884197383540e-15
8.038328624239706958e-15
8.004224783657535103e-15
7.970294368861352242e-15
7.936536391075245063e-15
7.902950520123395463e-15
7.869534464357023031e-15
7.836287908115246189e-15
7.803209881793891849e-15
7.770298786069288618e-15
7.737554304809563938e-15
7.704975482574736333e-15
7.672560748233973977e-15
7.640309169643837830e-15
7.608220430407906094e-15
7.576292380310441477e-15
7.544524716480678224e-15
7.512917122466007133e-15
7.481467488520219335e-15
7.450175511552968067e-15
7.419040290680707188e-15
7.388060349127508328e-15
7.357234807682017981e-15
7.326563363142861944e-15
7.296044564471643934e-15
7.265677545136174560e-15
7.235462002085939799e-15
7.205395954420635145e-15
7.175479111551129859e-15
7.145710623599891596e-15
7.116089644832256711e-15
7.086614794505985440e-15
7.057285782154844474e-15
7.028101243015926991e-15
6.999060359348591515e-15
6.970162840917296064e-15
6.941407346577269601e-15
6.912793070380990136e-15
6.884318707135164107e-15
6.855984532458789317e-15
6.827788785415992271e-15
6.799731241542273090e-15
6.771811167502117374e-15
6.744027339355821452e-15
6.716379041248425892e-15
6.688866047430236774e-15
6.661487154549770081e-15
6.634241656455552498e-15
6.607128850193740244e-15
6.580148036004043032e-15
6.553298517315338786e-15
6.526579134474291852e-15
6.499989670224379058e-15
6.473529437452883508e-15
6.447197295895425774e-15
6.420992574559913203e-15
6.394915055281276532e-15
6.368963170209007393e-15
6.343137153838195323e-15
6.317435897415002514e-15
6.291858744996159702e-15
6.266404609587967084e-15
6.241073281403563080e-15
6.215864113355916097e-15
6.190776036470183417e-15
6.165808840465557417e-15
6.140961468211360480e-15
6.116233293275984515e-15
6.091623692033343707e-15
6.067132453701622506e-15
6.042758137276412702e-15
6.018500540482252147e-15
5.994359050874502818e-15
5.970332660183270966e-15
5.946421165741371365e-15
5.922623963376357868e-15
5.898940061416161078e-15
5.875368869432105408e-15
5.851910184444919634e-15
5.828562648951205194e-15
5.805326067935328478e-15
5.782200238269074223e-15
5.759183826400356630e-15
5.736276637076169109e-15
5.713478098195123572e-15
5.690787273852054365e-15
5.668203604788687264e-15
5.645726895544557096e-15
5.623356227531717946e-15
5.601091059301990107e-15
5.578931207709686620e-15
5.556875427943631823e-15
5.534923544039901620e-15
5.513075026057644107e-15
5.491329346403065789e-15
5.469685638034546681e-15
5.448143724546712965e-15
5.426702748214258629e-15
5.405362197701232832e-15
5.384121896362056770e-15
5.362981000256181834e-15
5.341939004750849688e-15
5.320995081755510136e-15
5.300149384622124644e-15
5.279400766200502349e-15
5.258749056293597660e-15
5.238193761232989732e-15
5.217734074868352269e-15
5.197369514356969078e-15
5.177099909336014661e-15
5.156924466505757356e-15
5.136842709320029875e-15
5.116854163308761450e-15
5.096958356074768745e-15
5.077154817290421347e-15
5.057443078694185758e-15
5.037822082243776701e-15
5.018291963661969811e-15
4.998852260772017889e-15
4.979502513449370135e-15
4.960241687631707040e-15
4.941069911051116586e-15
4.921986729626456150e-15
4.902990562500556856e-15
4.884082664283986247e-15
4.865261461836854168e-15
4.846526520344472801e-15
4.827877406841624521e-15
4.809314235893712424e-15
4.790835483199538173e-15
4.772441809089336969e-15
4.754132777154218301e-15
4.735906890569011528e-15
4.717764265880950544e-15
4.699704483075555882e-15
4.681727123964380422e-15
4.663831772181727730e-15
4.646018013181311230e-15
4.628284925766933177e-15
4.610632625227044483e-15
4.593060713251550942e-15
4.575568793253622625e-15
4.558155973497589786e-15
4.540822364290890431e-15
4.523567083818450440e-15
4.506390239076207792e-15
4.489290958061322900e-15
4.472269344545790176e-15
4.455324058764732219e-15
4.438455685118475008e-15
4.421663842026842655e-15
4.404947213428645507e-15
4.388306369617360228e-15
4.371740010042769983e-15
4.355248695766809243e-15
4.338831141558192112e-15
4.322487899419275448e-15
4.306218149187942962e-15
4.290021084155302775e-15
4.273896798980878557e-15
4.257844936945052208e-15
4.241864704572623369e-15
4.225956627620261804e-15
4.210119480194222249e-15
4.194352920122081229e-15
4.178657033585400903e-15
4.163031048672294176e-15
4.147475048866119932e-15
4.131988270705886772e-15
4.116570795048355210e-15
4.101221453518426672e-15
4.085940743046212568e-15
4.070728324677860059e-15
4.055583050355985086e-15
4.040505405181075029e-15
4.025494254395553361e-15
4.010549677862580310e-15
3.995671746443587238e-15
3.980859345027867974e-15
3.966112939622807276e-15
3.951431428016230316e-15
3.936814499101879637e-15
3.922262607793983100e-15
3.907774670880639291e-15
3.893350758588377497e-15
3.878990182550743393e-15
3.864693010702988211e-15
3.850458562094585958e-15
3.836286903142843569e-15
3.822177729360623238e-15
3.808130011793574481e-15
3.794144185016459380e-15
3.780219590425276291e-15
3.766355936183874988e-15
3.752553285721481147e-15
3.738810991007117738e-15
3.725128414233587056e-15
3.711505969762135729e-15
3.697942674753383745e-15
3.684438937057484694e-15
3.670993785008670595e-15
3.657607620063718979e-15
3.644279481596664156e-15
3.631009096019373136e-15
3.617796855368658674e-15
3.604641815286017106e-15
3.591544033603706774e-15
3.578502908904674855e-15
3.565518497095961496e-15
3.552590203125847899e-15
3.539718081026995736e-15
3.526901542046675852e-15
3.514140322476780556e-15
3.501434159674008577e-15
3.488783104027714041e-15
3.476186579144877159e-15
3.463644325607620529e-15
3.451156085055517437e-15
3.438721600183740794e-15
3.426340614741178549e-15
3.414013173987621129e-15
3.401738420983675057e-15
3.389516108242309251e-15
3.377346579010988684e-15
3.365228990638701075e-15
3.353163389845012124e-15
3.341149527660093359e-15
3.329187156151573318e-15
3.317275456726979980e-15
3.305415046373643970e-15
3.293605110270594261e-15
3.281845409810988837e-15
3.270135986184162908e-15
3.258476320404082481e-15
3.246866176755486232e-15
3.235305320471568982e-15
3.223793789762528391e-15
3.212331076375800714e-15
3.200916949624560695e-15
3.189551184586041013e-15
3.178233558440857960e-15
3.166963849257433583e-15
3.155741835990464115e-15
3.144567298479366702e-15
3.133439758487522445e-15
3.122359259745419057e-15
3.111325584704247782e-15
3.100338516693660379e-15
3.089397587230567822e-15
3.078502837166997862e-15
3.067654052425760025e-15
3.056850523603014375e-15
3.046092787188020947e-15
3.035380136972266260e-15
3.024712366789243982e-15
3.014089271275840685e-15
3.003510886526525928e-15
2.992976526012019999e-15
2.982486466644206534e-15
2.972040501945051322e-15
2.961637956530180431e-15
2.951278867607546504e-15
2.940963035430508822e-15
2.930690261044902527e-15
2.920460346287563847e-15
2.910273093784841512e-15
2.900128080441915938e-15
2.890025339693554554e-15
2.879964676497734775e-15
2.869945896595955909e-15
2.859968585397210857e-15
2.850032773971505418e-15
2.840138051902865421e-15
2.830284449111409228e-15
2.820471559314815111e-15
2.810699411313293470e-15
2.800967389626128753e-15
2.791275737800636712e-15
2.781624268425987459e-15
2.772012375866072461e-15
2.762440298227375433e-15
2.752907436327885684e-15
2.743414024707906310e-15
2.733959470567300301e-15
2.724544004941440056e-15
2.715167243473074525e-15
2.705828807355327888e-15
2.696528722735612923e-15
2.687266813140609647e-15
2.678042705472466479e-15
2.668856620670545141e-15
2.659707990817877132e-15
2.650596645768572518e-15
2.641522608789315744e-15
2.632485515997988252e-15
2.623485389715515064e-15
2.614521869672829200e-15
2.605594977269978903e-15
2.596704168661136406e-15
2.587849653703061492e-15
2.579031264187766123e-15
2.570248464836059503e-15
2.561501460873412244e-15
2.552789722638506091e-15
2.544113271655175370e-15
2.535472125813920819e-15
2.526865763764447742e-15
2.518294383237589822e-15
2.509757468347427560e-15
2.501254863014592191e-15
2.492786760603967899e-15
2.484352653293441569e-15
2.475952559209413327e-15
2.467586150253155948e-15
2.459253443742073374e-15
2.450954114789944650e-15
2.442688179926611669e-15
2.434455484901749095e-15
2.426255543115482018e-15
2.418088538376996863e-15
2.409954153686913102e-15
2.401852240076874654e-15
2.393782811818980231e-15
2.385745556551322359e-15
2.377740166254781708e-15
2.369766816786366084e-15
2.361825041392654320e-15
2.353915013362276549e-15
2.346036270764979755e-15
2.338188984363982889e-15
2.330372696999869628e-15
2.322587268100263036e-15
2.314832864701788948e-15
2.307109036687342621e-15
2.299415796887583384e-15
2.291752853351319455e-15
2.284120218244230003e-15
2.276517602435944297e-15
2.268945018729308799e-15
2.261402187193143388e-15
2.253888979708285759e-15
2.246405268626511335e-15
2.238951071754891716e-15
2.231526115748373905e-15
2.224130274382878120e-15
2.216763421902099767e-15
2.209425433016714666e-15
2.202116182903573226e-15
2.194835687314094250e-15
2.187583541341910869e-15
2.180359623941348529e-15
2.173164089980078549e-15
2.165996540677868102e-15
2.158856992500947312e-15
2.151745323850834727e-15
2.144661413588392345e-15
2.137604873250154829e-15
2.130575986552684484e-15
2.123574366677884185e-15
2.116599896537603242e-15
2.109652590368960305e-15
2.102732199564487792e-15
2.095838608327313148e-15
2.088971701284857782e-15
2.082131491469095566e-15
2.075317734936859159e-15
2.068530317597658269e-15
2.061769125782258271e-15
2.055034046241912645e-15
2.048324966147596995e-15
2.041641773089218606e-15
2.034984355074823645e-15
2.028352478168499134e-15
2.021746154939055435e-15
2.015165274631250942e-15
2.008609726904797903e-15
2.002079282178050990e-15
1.995573951925385711e-15
1.989093627033751928e-15
1.982637963461620437e-15
1.976207090872628813e-15
1.969800901361395261e-15
1.963419287431634940e-15
1.957061911835386605e-15
1.950728900601634086e-15
1.944419919814379219e-15
1.938135093717072423e-15
1.931874316798126377e-15
1.925637260128049843e-15
1.919423822916605766e-15
1.913234126168203384e-15
1.907068066180134334e-15
1.900925320684081995e-15
1.894805790391459294e-15
1.888709592925949343e-15
1.882636410760654015e-15
1.876586359869271011e-15
1.870559125852478917e-15
1.864554611220712014e-15
1.858572718833559548e-15
1.852613561421663127e-15
1.846676622348347486e-15
1.840762430662019086e-15
1.834870265510209325e-15
1.829000239884814767e-15
1.823152462601359558e-15
1.817326430148474017e-15
1.811522454783769135e-15
1.805740238669812081e-15
1.799979688164642302e-15
1.794240511614233892e-15
1.788523013847854025e-15
1.782826902807170196e-15
1.777152086214240062e-15
1.771498278056129195e-15
1.765865775935036642e-15
1.760254101481211195e-15
1.754663548756863041e-15
1.749093644255589556e-15
1.743544489678792512e-15
1.738015807243305602e-15
1.732507884056116893e-15
1.727020256159317244e-15
1.721553022445417321e-15
1.716106094292608218e-15
1.710679200583588617e-15
1.705272438157366621e-15
1.699885538505240238e-15
1.694518597118150131e-15
1.689171526988701298e-15
1.683844063480830031e-15
1.678536300111671477e-15
1.673247974788661297e-15
1.667979179733039104e-15
1.662729655370215149e-15
1.657499492645815916e-15
1.652288434477949365e-15
1.647096399177515417e-15
1.641923476714723905e-15
1.636769418226100982e-15
1.631634148317006764e-15
1.626517759590079928e-15
1.621420007626452259e-15
1.616340817811183344e-15
1.611280280854355266e-15
1.606237991625804867e-15
1.601214205543923610e-15
1.596208683950864495e-15
1.591221353512180527e-15
1.586252141145170935e-15
1.581300974018483189e-15
1.576367938572687725e-15
1.571452643591960043e-15
1.566555176866513572e-15
1.561675623070184093e-15
1.556813596785166878e-15
1.551969184017432920e-15
1.547142313683355954e-15
1.542332914947250080e-15
1.537540917220919713e-15
1.532766250163195739e-15
1.528008843679472251e-15
1.523268477915323707e-15
1.518545234855585072e-15
1.513839045128555274e-15
1.509149691960287337e-15
1.504477402539213110e-15
1.499821813700415213e-15
1.495182859352367333e-15
1.490560762750917886e-15
1.485955166068054827e-15
1.481366003885597872e-15
1.476793353302067886e-15
1.472237147091200010e-15
1.467697177452809435e-15
1.463173379852675150e-15
1.458665829314472435e-15
1.454174459545015506e-15
1.449699066598471653e-15
1.445239586818772723e-15
1.440796093217063495e-15
1.436368384682925645e-15
1.431956398208708652e-15
1.427560205329645873e-15
1.423179607729605713e-15
1.418814543046027869e-15
1.414464949126595500e-15
1.410130895586291617e-15
1.405812187967406654e-15
1.401508765754093433e-15
1.397220568832683419e-15
1.392947537291161435e-15
1.388689739597642025e-15
1.384446859220752368e-15
1.380219092552648713e-15
1.376006126119274858e-15
1.371808028526644940e-15
1.367624865962008613e-15
1.363456329477774221e-15
1.359302609917934547e-15
1.355163401313320380e-15
1.351038770000999077e-15
1.346928658264819800e-15
1.342833008586125212e-15
1.338751763643374591e-15
1.334684746475020955e-15
1.330632021221920812e-15
1.326593531141030977e-15
1.322569219684972396e-15
1.318558913109029877e-15
1.314562673853258656e-15
1.310580445944583633e-15
1.306612058008272320e-15
1.302657571239182739e-15
1.298716930235331299e-15
1.294789965958255265e-15
1.290876625137837864e-15
1.286976967344830087e-15
1.283090937926964002e-15
1.279218370902686637e-15
1.275359213709281785e-15
1.271513524341159724e-15
1.267681248890026256e-15
1.263862115109796624e-15
1.260056290224175421e-15
1.256263720874218758e-15
1.252484138680926980e-15
1.248717708058625661e-15
1.244964269680905803e-15
1.241223772544733534e-15
1.237496271250804809e-15
1.233781608628773782e-15
1.230079734189939948e-15
1.226390597613407912e-15
1.222714148745802220e-15
1.219050337600975277e-15
1.215399114359710939e-15
1.211760531123719832e-15
1.208134334806523756e-15
1.204520580466851228e-15
1.200919321688136819e-15
1.197330311038061095e-15
1.193753602911257510e-15
1.190189151124448127e-15
1.186636909645153655e-15
1.183096832591443193e-15
1.179568777002325778e-15
1.176052892243748319e-15
1.172548938908596823e-15
1.169056968935763788e-15
1.165576937184089270e-15
1.162108703849392629e-15
1.158652319851201092e-15
1.155207740486679160e-15
1.151774827807623308e-15
1.148353631736187352e-15
1.144944108005667209e-15
1.141546120498164172e-15
1.138159718159941500e-15
1.134784766076667934e-15
1.131421312553162236e-15
1.128069223867582034e-15
1.124728547692540734e-15
1.121399151487701929e-15
1.118080993470090492e-15
1.114774120377331711e-15
1.111478401417328994e-15
1.108193882718015180e-15
1.104920434641836773e-15
1.101658016071041974e-15
1.098406672231796603e-15
1.095166189408519095e-15
1.091936698876990387e-15
1.088718073829177989e-15
1.085510358316571909e-15
1.082313342551308321e-15
1.079127154944095167e-15
1.075951587638330083e-15
1.072786767635155356e-15
1.069632571435877440e-15
1.066488959350610186e-15
1.063355810183557827e-15
1.060233248168525578e-15
1.057121151958517293e-15
1.054019482371524547e-15
1.050928120317401975e-15
1.047847187330113648e-15
1.044776484927084039e-15
1.041716054666585981e-15
1.038665937497194728e-15
1.035625860812796901e-15
1.032596022948379844e-15
1.029576231156025511e-15
1.026566526674315333e-15
1.023566872775082460e-15
1.020577232847895760e-15
1.017597494586043333e-15
1.014627698170411766e-15
1.011667732263343447e-15
1.008717636525027265e-15
1.005777374918597863e-15
1.002846837546669695e-15
9.999259896894727852e-16
9.970148699877520611e-16
9.941134428577605169e-16
9.912216002884736831e-16
9.883393079884176375e-16
9.854666036074201336e-16
9.826033805242243159e-16
9.797496759036281905e-16
9.769053840424058640e-16
9.740704711780322033e-16
9.712449036510682494e-16
9.684287176710525309e-16
9.656218093406909304e-16
9.628241453144111410e-16
9.600356923491235507e-16
9.572564857257912197e-16
9.544863552308158892e-16
9.517254044430543642e-16
9.489735321114320371e-16
9.462307055082797124e-16
9.434968920074618898e-16
9.407720590842185978e-16
9.380561743150032831e-16
9.353492053773212908e-16
9.326511200495653874e-16
9.299618862108487191e-16
9.272814718408375736e-16
9.246097804622806657e-16
9.219469096810312783e-16
9.192926989704867236e-16
9.166471812631721331e-16
9.140103250340363666e-16
9.113820988575710918e-16
9.087624086917565845e-16
9.061512866279662426e-16
9.035487015334380157e-16
9.009546224894394526e-16
8.983689576149739451e-16
8.957917388701770327e-16
8.932228752627794502e-16
8.906623983431015249e-16
8.881102782354661629e-16
8.855664250971041072e-16
8.830308101023682367e-16
8.805034639989083714e-16
8.779843572780715606e-16
8.754734016032741826e-16
8.729705684965707030e-16
8.704758879250000427e-16
8.679892726621378973e-16
8.655107522927851720e-16
8.630402403240079265e-16
8.605777087073640320e-16
8.581231294781935154e-16
8.556765314682601281e-16
8.532377731849892657e-16
8.508069962480070048e-16
8.483840037014436009e-16
8.459688244451211884e-16
8.435614863974486281e-16
8.411618511611052439e-16
8.387700019389928104e-16
8.363858561446772333e-16
8.340093866529093560e-16
8.316405123417576055e-16
8.292793146646308362e-16
8.269257124067832568e-16
8.245796787717419322e-16
8.222411339813260832e-16
8.199101577803570403e-16
8.175866177383757761e-16
8.152705927609180365e-16
8.129619515774418088e-16
8.106607204404262807e-16
8.083668215402407013e-16
8.060803321294095299e-16
8.038011232208756504e-16
8.015292204024479149e-16
7.992645977629737399e-16
7.970071790940688061e-16
7.947569894960098532e-16
7.925139533890744537e-16
7.902780955528556554e-16
7.880493904691619751e-16
7.858277634929983860e-16
7.836132389329534451e-16
7.814057429264517841e-16
7.792053003063292367e-16
7.770118386495146439e-16
7.748253826408407148e-16
7.726458604520874070e-16
7.704732488399052756e-16
7.683075720220253299e-16
7.661487590512660407e-16
7.639967868873588634e-16
7.618516792903868165e-16
7.597133661829698563e-16
7.575818247270670866e-16
7.554570782343656905e-16
7.533390116171223666e-16
7.512276941902273805e-16
7.491230572991792596e-16
7.470250784388305922e-16
7.449337351696716307e-16
7.428490051177381931e-16
7.407709105790341979e-16
7.386993398943702167e-16
7.366343156984334966e-16
7.345758598651597618e-16
7.325238621697020791e-16
7.304783448209275802e-16
7.284392859010079258e-16
7.264066635568830180e-16
7.243804560001586455e-16
7.223606415070033400e-16
7.203471984180441480e-16
7.183400203690443661e-16
7.163392557590599653e-16
7.143447139704618003e-16
7.123565419648718012e-16
7.103745508103462353e-16
7.083988032145476957e-16
7.064292779604886344e-16
7.044658718240886335e-16
7.025087282346707787e-16
7.005576623982568769e-16
6.986127354167092916e-16
6.966739263843812930e-16
6.947411342576252058e-16
6.928144990273311404e-16
6.908938399391476345e-16
6.889791374328103137e-16
6.870705294778493611e-16
6.851678376953396539e-16
6.832711207097456042e-16
6.813802804441841951e-16
6.794954521924540245e-16
6.776163835769615013e-16
6.757432860886500501e-16
6.738759858051730201e-16
6.720145393712528309e-16
6.701588509859047884e-16
6.683089767116157577e-16
6.664648215550500530e-16
6.646264410030875859e-16
6.627938150491276652e-16
6.609668499002269880e-16
6.591456001946570247e-16
6.573299729289998945e-16
6.555200221821151330e-16
6.537156557329992919e-16
6.519169271074458647e-16
6.501237448598201246e-16
6.483361619691162342e-16
6.465540877580882481e-16
6.447775746651197105e-16
6.430065327744379081e-16
6.412409437502631547e-16
6.394808592290995178e-16
6.377261904221943201e-16
6.359769884406010438e-16
6.342331652400770719e-16
6.324947027483681131e-16
6.307616512970980693e-16
6.290339239439581885e-16
6.273115027729006685e-16
6.255944373492720163e-16
6.238826418179481105e-16
6.221760984183529132e-16
6.204747894400697126e-16
6.187787634452769305e-16
6.170879360043656862e-16
6.154022895614106748e-16
6.137218719420793076e-16
6.120465997703627647e-16
6.103764556440458805e-16
6.087114222105296849e-16
6.070514821667592226e-16
6.053966821353550044e-16
6.037468768729014025e-16
6.021021766929553227e-16
6.004625006179117320e-16
5.988278315955133910e-16
5.971981526225713916e-16
5.955735089212302385e-16
5.939537589550594928e-16
5.923389484685536269e-16
5.907291227215913209e-16
5.891241428541855693e-16
5.875241154338551355e-16
5.859289633130879348e-16
5.843386104782105366e-16
5.827531619957349404e-16
5.811725416702088207e-16
5.795966744238943861e-16
5.780256638456017957e-16
5.764593757558512351e-16
5.748979127710659337e-16
5.733411418549646640e-16
5.717891646616538312e-16
5.702418492874845948e-16
5.686992388105515732e-16
5.671613179528611724e-16
5.656280714800130405e-16
5.640994842011267043e-16
5.625755409687692894e-16
5.610562266788820580e-16
5.595414701655425084e-16
5.580313130139557757e-16
5.565257402461075145e-16
5.550247369270851617e-16
5.535282881650000364e-16
5.520363242376668738e-16
5.505488856978699867e-16
5.490659577787946892e-16
5.475874716080238822e-16
5.461135210401191882e-16
5.446439833765371583e-16
5.431788981658288610e-16
5.417181976525453701e-16
5.402619209891922073e-16
5.388100536996636367e-16
5.373625288526677396e-16
5.359194372826003298e-16
5.344806078381205245e-16
5.330461830065186643e-16
5.316160446737234521e-16
5.301901792930896240e-16
5.287686244793593584e-16
5.273513660821506441e-16
5.259383393148219688e-16
5.245295812331198972e-16
5.231250275741899921e-16
5.217247150251361302e-16
5.203286296365044976e-16
5.189367079242274139e-16
5.175489366225042539e-16
5.161653514413994604e-16
5.147858893614085968e-16
5.134105856880996895e-16
5.120393779106366606e-16
5.106723009845316930e-16
5.093092929032273522e-16
5.079503882760025017e-16
5.065955255962273882e-16
5.052446916809942988e-16
5.038979206258034976e-16
5.025551516643654715e-16
5.012163717237937547e-16
4.998816143941981673e-16
4.985508196401220848e-16
4.972239744981790486e-16
4.959011120613282840e-16
4.945821730155623574e-16
4.932671445064626324e-16
4.919560591379306633e-16
4.906488583081485582e-16
4.893455292711209916e-16
4.880460593159371281e-16
4.867504357667203324e-16
4.854586904280070775e-16
4.841707658628958925e-16
4.828866495030386875e-16
4.816063288148933948e-16
4.803298349795721386e-16
4.790570679840566613e-16
4.777881025713753122e-16
4.765228826694411833e-16
4.752613959205853932e-16
4.740036300016010407e-16
4.727495726236869986e-16
4.714992115323920031e-16
4.702525766992997012e-16
4.690095713729122017e-16
4.677702676046041960e-16
4.665345694395155845e-16
4.653025482722637870e-16
4.640741089375446940e-16
4.628492810677900406e-16
4.616280936162650193e-16
4.604104525888757698e-16
4.591964277669750830e-16
4.579859259286097023e-16
4.567790162210938476e-16
4.555756061877642010e-16
4.543757244579000912e-16
4.531793593850806729e-16
4.519864997546706811e-16
4.507971344827582733e-16
4.496112525160633718e-16
4.484288037899009692e-16
4.472498555633544118e-16
4.460743189564879709e-16
4.449022220776706784e-16
4.437335540236735139e-16
4.425683039215986652e-16
4.414064228789463073e-16
4.402479384585153839e-16
4.390928398757990107e-16
4.379411163764207966e-16
4.367927572360796721e-16
4.356477145163589008e-16
4.345060151148788670e-16
4.333676483950082625e-16
4.322325669803432586e-16
4.311007973769589965e-16
4.299723290354676479e-16
4.288471151344606350e-16
4.277251817946903411e-16
4.266065185535773123e-16
4.254910791377807403e-16
4.243788892888448107e-16
4.232699386305555965e-16
4.221641814308002903e-16
4.210616430579249643e-16
4.199622781361833443e-16
4.188661117877154501e-16
4.177730989901858274e-16
4.166832646221359737e-16
4.155965640117112278e-16
4.145130217964311330e-16
4.134326278544222527e-16
4.123553380351167550e-16
4.112811427068027862e-16
4.102100660325723347e-16
4.091420643746693206e-16
4.080771616627199314e-16
4.070153145979736655e-16
4.059565136763445802e-16
4.049007824808880592e-16
4.038481111381025850e-16
4.027984242348038325e-16
4.017518107212424502e-16
4.007081628678360215e-16
3.996675364768203319e-16
3.986298895757591357e-16
3.975952128569018900e-16
3.965635289788729881e-16
3.955347964224511708e-16
3.945090376231088448e-16
3.934861798208979152e-16
3.924662770634711225e-16
3.914492884701448496e-16
3.904352048800094891e-16
3.894240481915860589e-16
3.884157779966832733e-16
3.874103852087654296e-16
3.864078607654109718e-16
3.854081956282776821e-16
3.844114111729101072e-16
3.834174677645507550e-16
3.824263564386151626e-16
3.814380682544409757e-16
3.804525942952505265e-16
3.794699256681132155e-16
3.784900535039081878e-16
3.775129984680531227e-16
3.765386925940897965e-16
3.755671859834468295e-16
3.745984112102422022e-16
3.736324179321733819e-16
3.726691392593105469e-16
3.717086244099112173e-16
3.707508356846972531e-16
3.697957358888854532e-16
3.688433735895255543e-16
3.678937115191745469e-16
3.669467129082557598e-16
3.660024256820136286e-16
3.650607850488979538e-16
3.641218106769851031e-16
3.631855217915155984e-16
3.622518543694720876e-16
3.613208277980345797e-16
3.603924336529875429e-16
3.594666635331253845e-16
3.585434819122488470e-16
3.576229348435828801e-16
3.567049598103773157e-16
3.557895756494892367e-16
3.548767740726222677e-16
3.539665468142441434e-16
3.530588856315445532e-16
3.521537559341744851e-16
3.512511761130855709e-16
3.503511379918993013e-16
3.494536074292091309e-16
3.485586028365862831e-16
3.476661164424155464e-16
3.467761404960915898e-16
3.458886416513891760e-16
3.450036380276735176e-16
3.441211219357134508e-16
3.432410604063499325e-16
3.423634713014795065e-16
3.414883469929405283e-16
3.406156548841146511e-16
3.397454125833819432e-16
3.388775877395390800e-16
3.380121977936585431e-16
3.371492352182145611e-16
3.362886680271382852e-16
3.354305134144312082e-16
3.345747396345630116e-16
3.337213637184768010e-16
3.328703541592625253e-16
3.320217278264738365e-16
3.311754534499186621e-16
3.303315477394113497e-16
3.294899796595910964e-16
3.286507657621646552e-16
3.278138752447316599e-16
3.269793011063167444e-16
3.261470596638422305e-16
3.253171204602383187e-16
3.244894996583256701e-16
3.236641670293943839e-16
3.228411385837331459e-16
3.220203614917050472e-16
3.212018973608753336e-16
3.203856708513758208e-16
3.195717204993000141e-16
3.187600167489469039e-16
3.179505751610252111e-16
3.171433441273406701e-16
3.163383615176212870e-16
3.155356203079384073e-16
3.147350694894270479e-16
3.139367464405516920e-16
3.131406223703650897e-16
3.123466905973752659e-16
3.115549661031030033e-16
3.107653988602554493e-16
3.099780254430492525e-16
3.091928175934333627e-16
3.084097687162613642e-16
3.076288934709799800e-16
3.068501429333637167e-16
3.060735530615912746e-16
3.052990753370186546e-16
3.045267454069234304e-16
3.037565359087619077e-16
3.029884405333477277e-16
3.022224529875755101e-16
3.014585669943964482e-16
3.006967762927942484e-16
2.999370746377601336e-16
2.991794558002683384e-16
2.984239135672515075e-16
2.976704618594099677e-16
2.969190541784434465e-16
2.961697045586037198e-16
2.954224068504029094e-16
2.946771549201851317e-16
2.939339426501006130e-16
2.931927639380799042e-16
2.924536126978078478e-16
2.917164633822304140e-16
2.909813489680020077e-16
2.902482245409003644e-16
2.895171227944859611e-16
2.887879991588699799e-16
2.880608669602984772e-16
2.873357202209941884e-16
2.866125529787287412e-16
2.858913404296731611e-16
2.851720956515587030e-16
2.844548314332785048e-16
2.837394857566570351e-16
2.830261088527096864e-16
2.823146576644807486e-16
2.816051449662557264e-16
2.808975649172856991e-16
2.801919116921356565e-16
2.794881612949965446e-16
2.787863262626327307e-16
2.780864008144315908e-16
2.773883612173811994e-16
2.766922198329715324e-16
2.759979709251888086e-16
2.753055910207770242e-16
2.746150923085685632e-16
2.739264514864996553e-16
2.732396806294239684e-16
2.725547740748491142e-16
2.718717087754869679e-16
2.711904966558605879e-16
2.705111149267289012e-16
2.698335754911918214e-16
2.691578557438582257e-16
2.684839674769123604e-16
2.678119052360689524e-16
2.671416466626256157e-16
2.664731865336338906e-16
2.658065364227400837e-16
2.651416742142159475e-16
2.644786113740609142e-16
2.638173259472663975e-16
2.631578292932512485e-16
2.625000996164918270e-16
2.618441317843254940e-16
2.611899369978516967e-16
2.605374936980625290e-16
2.598868129820960726e-16
2.592378734473918091e-16
2.585906700250768577e-16
2.579451976586488102e-16
2.573014672395702847e-16
2.566594735460601876e-16
2.560191797518036680e-16
2.553806125324855470e-16
2.547437510225180434e-16
2.541085902408639936e-16
2.534751407784380967e-16
2.528433664975348568e-16
2.522132935120200006e-16
2.515849167061424398e-16
2.509582003490704754e-16
2.503331702240103546e-16
2.497097908681436520e-16
2.490880878462242670e-16
2.484680410345659622e-16
2.478496605889049162e-16
2.472329115768033739e-16
2.466178042377401282e-16
2.460043485861383647e-16
2.453925248587724693e-16
2.447823135394606006e-16
2.441737393395818699e-16
2.435667827084657330e-16
2.429614388849080782e-16
2.423577031196088528e-16
2.417555706751525880e-16
2.411550368259900581e-16
2.405560968584183122e-16
2.399587460705620374e-16
2.393629798161832944e-16
2.387687936358081467e-16
2.381761831246232241e-16
2.375851438885447495e-16
2.369956715442025151e-16
2.364077617189243022e-16
2.358213823060024403e-16
2.352365845526714203e-16
2.346533362639519099e-16
2.340716056910900587e-16
2.334914434598373460e-16
2.329127905307910876e-16
2.323356971198766051e-16
2.317601046380491932e-16
2.311860360105020653e-16
2.306134869693085949e-16
2.300424532570665951e-16
2.294729306268812107e-16
2.289049148423477599e-16
2.283384016775344785e-16
2.277733606589057720e-16
2.272098140452255062e-16
2.266477836933248302e-16
2.260872132102005775e-16
2.255281245759286716e-16
2.249705136257749587e-16
2.244143505580949195e-16
2.238596826236996623e-16
2.233064544938092279e-16
2.227546876910296839e-16
2.222043781009928842e-16
2.216555216196076174e-16
2.211080891013639292e-16
2.205621017099794887e-16
2.200175802273076967e-16
2.194744460196063024e-16
2.189327696020383683e-16
2.183925220741345489e-16
2.178536749311544906e-16
2.173162488110306027e-16
2.167802154184684298e-16
2.162456194043594932e-16
2.157124083069197497e-16
2.151806024209325138e-16
2.146501977707462688e-16
2.141211665793043184e-16
2.135935288877419588e-16
2.130672807493129669e-16
2.125423946925856494e-16
2.120189139516159265e-16
2.114967876207407051e-16
2.109760120142941072e-16
2.104566297862645595e-16
2.099385674736018073e-16
2.094218906493600384e-16
2.089065493105204390e-16
2.083925626172312654e-16
2.078799266586884243e-16
2.073686148974271855e-16
2.068586462549408774e-16
2.063500168494113365e-16
2.058427004344937053e-16
2.053367156961970874e-16
2.048320365800096755e-16
2.043286816163311038e-16
2.038266469709656076e-16
2.033259068748968712e-16
2.028264796282261277e-16
2.023283396500667794e-16
2.018315267794235742e-16
2.013359721560553331e-16
2.008417155523270395e-16
2.003487531998306002e-16
1.998570599821648600e-16
1.993666536731683344e-16
1.988775305326814228e-16
1.983896657188883181e-16
1.979030557554159031e-16
1.974177181223556178e-16
1.969336491162994863e-16
1.964508242559305101e-16
1.959692400974870817e-16
1.954889138324765868e-16
1.950098417939922596e-16
1.945319998556694541e-16
1.940553846061759689e-16
1.935800332652315639e-16
1.931058812669855294e-16
1.926329657697600879e-16
1.921612831609231393e-16
1.916907898353538532e-16
1.912215424329462782e-16
1.907534974427701675e-16
1.902866515177898963e-16
1.898210210137748718e-16
1.893565827521391821e-16
1.888933334092984840e-16
1.884312891384459337e-16
1.879704464068117617e-16
1.875107823707671756e-16
1.870522937807028446e-16
1.865949967354035720e-16
1.861388688909689605e-16
1.856839072301498914e-16
1.852301276948210641e-16
1.847775081828356301e-16
1.843260456972633089e-16
1.838757559833424496e-16
1.834266171779082623e-16
1.829786448968312569e-16
1.825318174350342457e-16
1.820861318295775102e-16
1.816416035039551084e-16
1.811982109875171268e-16
1.807559513374397753e-16
1.803148216173036807e-16
1.798748369977131996e-16
1.794359763161373317e-16
1.789982546188100041e-16
1.785616508959177711e-16
1.781261622446375386e-16
1.776917857685049986e-16
1.772585362674117747e-16
1.768263930326515687e-16
1.763953531876181174e-16
1.759654138620340407e-16
1.755365896137153609e-16
1.751088426750990532e-16
1.746822222618368084e-16
1.742566734635260033e-16
1.738322279554881879e-16
1.734088485250316381e-16
1.729865665977315916e-16
1.725653791601378866e-16
1.721452494102191775e-16
1.717262084036333870e-16
1.713082196089212123e-16
1.708913138371828485e-16
1.704754714681509914e-16
1.700607063012330571e-16
1.696469823405625894e-16
1.692343299150085453e-16
1.688227296843412053e-16
1.684121788940214099e-16
1.680026747956878408e-16
1.675942146471499699e-16
1.671868118564034356e-16
1.667804313443159550e-16
1.663751026144923855e-16
1.659707908449318750e-16
1.655675252920365519e-16
1.651652871514338615e-16
1.647640736314135430e-16
1.643638976673977246e-16
1.639647249796664378e-16
1.635665685762457090e-16
1.631694412340295592e-16
1.627733090488574406e-16
1.623782002949987919e-16
1.619840813162367316e-16
1.615909801653823221e-16
1.611988634322394997e-16
1.608077589500007466e-16
1.604176486888655289e-16
1.600285299345098548e-16
1.596403999789359038e-16
1.592532411549641345e-16
1.588670807546892890e-16
1.584819010668376320e-16
1.580976994086207985e-16
1.577144731035280553e-16
1.573322047959281002e-16
1.569509212479637756e-16
1.565706050609384820e-16
1.561912535833550329e-16
1.558128497046339763e-16
1.554354197708162631e-16
1.550589466290618808e-16
1.546834133501763594e-16
1.543088459726280477e-16
1.539352133304288133e-16
1.535625271173800652e-16
1.531907988194475025e-16
1.528199976101175491e-16
1.524501350408267985e-16
1.520812085274086985e-16
1.517132154918174435e-16
1.513461533621173752e-16
1.509800057985661515e-16
1.506147978409426214e-16
1.502504994390684574e-16
1.498871354380203218e-16
1.495246760057797158e-16
1.491631322769316029e-16
1.488025017214150584e-16
1.484427818151994812e-16
1.480839566743560487e-16
1.477260505688081879e-16
1.473690343104106997e-16
1.470129187644707546e-16
1.466577014607993573e-16
1.463033669153248351e-16
1.459499390753281318e-16
1.455973894233656448e-16
1.452457287504407991e-16
1.448949547355308996e-16
1.445450650630196355e-16
1.441960445969745414e-16
1.438479039541763994e-16
1.435006408346026822e-16
1.431542529436040651e-16
1.428087253568464864e-16
1.424640811076909535e-16
1.421202801534328582e-16
1.417773579838239395e-16
1.414352997425351226e-16
1.410940907654807386e-16
1.407537412882856988e-16
1.404142367492879142e-16
1.400755873010744799e-16
1.397377907005920856e-16
1.394008447100680561e-16
1.390647349709691752e-16
1.387294714724563935e-16
1.383950519920054953e-16
1.380614623213305505e-16
1.377287123287022630e-16
1.373967998067755061e-16
1.370657225534254645e-16
1.367354665582907191e-16
1.364060297615194171e-16
1.360774218331228062e-16
1.357496405907244400e-16
1.354226838571261518e-16
1.350965378649018590e-16
1.347712121287682185e-16
1.344466929771216132e-16
1.341229898477602999e-16
1.338001005882215607e-16
1.334780116695696153e-16
1.331567210763537208e-16
1.328362493917312614e-16
1.325165718462662668e-16
1.321976864378166201e-16
1.318796023403010092e-16
1.315623063049339472e-16
1.312458185208535837e-16
1.309301036116686014e-16
1.306151817343783898e-16
1.303010507899648179e-16
1.299876977528793112e-16
1.296751315119939279e-16
1.293633391033298243e-16
1.290523293383304135e-16
1.287420893429344470e-16
1.284326278575550940e-16
1.281239320973910874e-16
1.278160107324238514e-16
1.275088510664594901e-16
1.272024616996411774e-16
1.268968300237344876e-16
1.265919645696323166e-16
1.262878528164172310e-16
1.259844928144857677e-16
1.256818929917192703e-16
1.253800409567579393e-16
1.250789450696808438e-16
1.247785930248634118e-16
1.244789931151524148e-16
1.241801331200326701e-16
1.238820111199651408e-16
1.235846353077850100e-16
1.232880036602734491e-16
1.229920940913996682e-16
1.226969248035388393e-16
1.224024937874082985e-16
1.221087791919696012e-16
1.218157990106805086e-16
1.215235512481254220e-16
1.212320240997012556e-16
1.209412156881727721e-16
1.206511338822788010e-16
1.203617572930865685e-16
1.200731131741151734e-16
1.197851705463602577e-16
1.194979468585319804e-16
1.192114305879430935e-16
1.189256294151531333e-16
1.186405224030391297e-16
1.183561267342569560e-16
1.180724404681602703e-16
1.177894428897472702e-16
1.175071509850303295e-16
1.172255628268790055e-16
1.169446579199286386e-16
1.166644530559097065e-16
1.163849371026947196e-16
1.161061082528148805e-16
1.158279647027349969e-16
1.155505137701903085e-16
1.152737444884962671e-16
1.149976551322845272e-16
1.147222439930705607e-16
1.144475183503628870e-16
1.141734674527379195e-16
1.139000896029898445e-16
1.136273831075346563e-16
1.133553462764060161e-16
1.130839862442379899e-16
1.128132836540122959e-16
1.125432544365148619e-16
1.122738880955870630e-16
1.120051916521951097e-16
1.117371460214570003e-16
1.114697668924978297e-16
1.112030353148059472e-16
1.109369668579360639e-16
1.106715512395034276e-16
1.104067868097482388e-16
1.101426719224688305e-16
1.098792133765399022e-16
1.096163926189771511e-16
1.093542164867039241e-16
1.090926916970672185e-16
1.088318082112507162e-16
1.085715644046505046e-16
1.083119503979203218e-16
1.080529811201602064e-16
1.077946466688044786e-16
1.075369454333101535e-16
1.072798758066370231e-16
1.070234442939867043e-16
1.067676330482601062e-16
1.065124486113142169e-16
1.062578893900695338e-16
1.060039617861010320e-16
1.057506482018153793e-16
1.054979550749506971e-16
1.052458887304843923e-16
1.049944317555430489e-16
1.047435905109026557e-16
1.044933634277208081e-16
1.042437567303177285e-16
1.039947532489470425e-16
1.037463592432473353e-16
1.034985808631349351e-16
1.032514011188632963e-16
1.030048261953110134e-16
1.027588545476201965e-16
1.025134846343384683e-16
1.022687149037876204e-16
1.020245437532701855e-16
1.017809695701015077e-16
1.015379832614016803e-16
1.012955982166665054e-16
1.010538053230310987e-16
1.008125955797583526e-16
1.005719822245204543e-16
1.003319488878587453e-16
1.000925013848802227e-16
9.985363813166755950e-17
9.961535754791121046e-17
9.937765805690271856e-17
9.914053086881599885e-17
9.890398887371023850e-17
9.866801609817789716e-17
9.843261819626875198e-17
9.819779360889144658e-17
9.796354078051965953e-17
9.772985815918607705e-17
9.749673716080207741e-17
9.726418332711646887e-17
9.703220210133648900e-17
9.680077099090096462e-17
9.656990941573268582e-17
9.633960885997339782e-17
9.610986091182543535e-17
9.588067098136050066e-17
9.565203754779206725e-17
9.542395909383207116e-17
9.519642732043573471e-17
9.496944755159004269e-17
9.474301828018519665e-17
9.451713129063451303e-17
9.429179853091994938e-17
9.406700510449813860e-17
9.384275622979481602e-17
9.361904380122852152e-17
9.339587958706356215e-17
9.317324889679732642e-17
9.295115032177986552e-17
9.272959549726317176e-17
9.250856988525129141e-17
9.228807208628259468e-17
9.206811360415507991e-17
9.184868005172619586e-17
9.162977644243548140e-17
9.141139493890350990e-17
9.119354051446930868e-17
9.097621171892012813e-17
9.075940086500053131e-17
9.054311322371716087e-17
9.032734778199778322e-17
9.011209728477996369e-17
8.989736701183286397e-17
8.968314975664401307e-17
8.946945693414933452e-17
8.925626901033132288e-17
8.904360351355947158e-17
8.883144715691088704e-17
8.861979900838925475e-17
8.840866420384175881e-17
8.819804174870758795e-17
8.798792462753348586e-17
8.777831791578971281e-17
8.756921464488968258e-17
8.736061985037500467e-17
8.715252661019668473e-17
8.694493992028908066e-17
8.673785879891745833e-17
8.653127639334638263e-17
8.632519764081607586e-17
8.611961573431377682e-17
8.591452976237938971e-17
8.570994460402854601e-17
8.550585928836166402e-17
8.530226709885085518e-17
8.509916713030047911e-17
8.489656418534070417e-17
8.469445730026703805e-17
8.449283984776851887e-17
8.429171092890443363e-17
8.409107527114494609e-17
8.389093191795681491e-17
8.369126874528121004e-17
8.349210161456370361e-17
8.329341288041204471e-17
8.309521276264184208e-17
8.289750031353629945e-17
8.270026910186532389e-17
8.250351824260989644e-17
8.230725229840041003e-17
8.211146490192211887e-17
8.191616058000741338e-17
8.172133300765100539e-17
8.152698130749510816e-17
8.133310995310672002e-17
8.113971268227874961e-17
8.094678862219832135e-17
8.075434219381113411e-17
8.056236320442864446e-17
8.037083610277588492e-17
8.017972563405427762e-17
7.998902285665036076e-17
7.979868749172332034e-17
7.960870546070589881e-17
7.941904712954728587e-17
7.922968815809640246e-17
