# bb
1.772217387951968703e-06
3.544760602380847558e-06
5.908646926400251687e-06
8.864320079737808555e-06
1.241230347659438848e-05
1.655322921578772366e-05
2.128782034560572356e-05
2.661689541127998382e-05
3.254135299357585609e-05
3.906217534677125514e-05
4.618041930370964110e-05
5.389720172388479114e-05
6.221371586434543133e-05
7.113119499990716577e-05
8.065093425102531910e-05
9.077424329007044435e-05
1.015024972730316222e-04
1.128370786318555474e-04
1.247793697984889150e-04
1.373308041365817189e-04
1.504928077338263392e-04
1.642667630221694708e-04
1.786540815373882651e-04
1.936561602633446455e-04
2.092743525281548500e-04
2.255100116599351168e-04
2.423644182272255421e-04
2.598387945909053087e-04
2.779344504233449697e-04
2.966525207739323378e-04
3.159941406920552254e-04
3.359603288117796183e-04
3.565521910786628723e-04
3.777706588152796030e-04
3.996166342403739691e-04
4.220910195726901293e-04
4.451946297194808722e-04
4.689281340688467026e-04
4.932923475280404091e-04
5.182878812775015831e-04
5.439153756015002728e-04
5.701754125766456127e-04
5.970684578642249107e-04
6.245952099561691284e-04
6.527559598907828331e-04
6.815512897446751595e-04
7.109816069714725018e-04
7.410473772324621677e-04
7.717491243965923786e-04
8.030871977098286152e-04
8.350620628334581852e-04
8.676741854287683964e-04
9.009241475723683834e-04
9.348124731332063675e-04
9.693396277725696564e-04
1.004506251774728298e-03
1.040313160046935081e-03
1.076760934665799141e-03
1.113850274123251438e-03
1.151582226157188416e-03
1.189957489259541035e-03
1.228977111168205738e-03
1.268642139621078968e-03
1.308953855186700821e-03
1.349913189187645912e-03
1.391521655023097992e-03
1.433780533261597157e-03
1.476691337302327156e-03
1.520255580544471741e-03
1.564475009217858315e-03
1.609351253136992455e-03
1.654886058531701565e-03
1.701081520877778530e-03
1.747939502820372581e-03
1.795461867004632950e-03
1.843651174567639828e-03
1.892509288154542446e-03
1.942038652487099171e-03
1.992241712287068367e-03
2.043120563030242920e-03
2.094677882269024849e-03
2.146916231140494347e-03
2.199838170781731606e-03
2.253446262329816818e-03
2.307743299752473831e-03
2.362731844186782837e-03
2.418414689600467682e-03
2.474794862791895866e-03
2.531874924898147583e-03
2.589657437056303024e-03
2.648145891726016998e-03
2.707343082875013351e-03
2.767251338809728622e-03
2.827874384820461273e-03
2.889214782044291496e-03
2.951275324448943138e-03
3.014059271663427353e-03
3.077569650486111641e-03
3.141809022054076195e-03
3.206781111657619476e-03
3.272488480433821678e-03
3.338934388011693954e-03
3.406121861189603806e-03
3.474053926765918732e-03
3.542734077200293541e-03
3.612165106460452080e-03
3.682350274175405502e-03
3.753292607143521309e-03
3.824996296316385269e-03
3.897463670000433922e-03
3.970698453485965729e-03
4.044704139232635498e-03
4.119483754038810730e-03
4.195041488856077194e-03
4.271380603313446045e-03
4.348505288362503052e-03
4.426417872309684753e-03
4.505123011767864227e-03
4.584624432027339935e-03
4.664926324039697647e-03
4.746031947433948517e-03
4.827945958822965622e-03
4.910671617835760117e-03
4.994214512407779694e-03
5.078577436506748199e-03
5.163765046745538712e-03
5.249781999737024307e-03
5.336632020771503448e-03
5.424320232123136520e-03
5.512851290404796600e-03
5.602228920906782150e-03
5.692457780241966248e-03
5.783542525023221970e-03
5.875487811863422394e-03
5.968297831714153290e-03
6.061977706849575043e-03
6.156531628221273422e-03
6.251963786780834198e-03
6.348278839141130447e-03
6.445481441915035248e-03
6.543575786054134369e-03
6.642565131187438965e-03
6.742455530911684036e-03
6.843248847872018814e-03
6.944950670003890991e-03
7.047563791275024414e-03
7.151092402637004852e-03
7.255539763718843460e-03
7.360908668488264084e-03
7.467202842235565186e-03
7.574424613267183304e-03
7.682577241212129593e-03
7.791662588715553284e-03
7.901683449745178223e-03
8.012641221284866333e-03
8.124537765979766846e-03
8.237374946475028992e-03
8.351152762770652771e-03
8.465873077511787415e-03
8.581535890698432922e-03
8.698142133653163910e-03
8.815691806375980377e-03
8.934183977544307709e-03
9.053617715835571289e-03
9.173993021249771118e-03
9.295307099819183350e-03
9.417559951543807983e-03
9.540749713778495789e-03
9.664872661232948303e-03
9.789927862584590912e-03
9.915910661220550537e-03
1.004282012581825256e-02
1.017065159976482391e-02
1.029940042644739151e-02
1.042906288057565689e-02
1.055963709950447083e-02
1.069111470133066177e-02
1.082349382340908051e-02
1.095676701515913010e-02
1.109093148261308670e-02
1.122597884386777878e-02
1.136190444231033325e-02
1.149870175868272781e-02
1.163636520504951477e-02
1.177488733083009720e-02
1.191426068544387817e-02
1.205447968095541000e-02
1.219553686678409576e-02
1.233742386102676392e-02
1.248013414442539215e-02
1.262365840375423431e-02
1.276798918843269348e-02
1.291311997920274734e-02
1.305904053151607513e-02
1.320574246346950531e-02
1.335321832448244095e-02
1.350145693868398666e-02
1.365045271813869476e-02
1.380019355565309525e-02
1.395067013800144196e-02
1.410187594592571259e-02
1.425379794090986252e-02
1.440642774105072021e-02
1.455975417047739029e-02
1.471376977860927582e-02
1.486846245825290680e-02
1.502382010221481323e-02
1.517983525991439819e-02
1.533649396151304245e-02
1.549378782510757446e-02
1.565170288085937500e-02
1.581023074686527252e-02
1.596935465931892395e-02
1.612906903028488159e-02
1.628935709595680237e-02
1.645020768046379089e-02
1.661160960793495178e-02
1.677354797720909119e-02
1.693601161241531372e-02
1.709898561239242554e-02
1.726245880126953125e-02
1.742641441524028778e-02
1.759084127843379974e-02
1.775572262704372406e-02
1.792104542255401611e-02
1.808679848909378052e-02
1.825295947492122650e-02
1.841951906681060791e-02
1.858646050095558167e-02
1.875376887619495392e-02
1.892142742872238159e-02
1.908941939473152161e-02
1.925773359835147858e-02
1.942634768784046173e-02
1.959524862468242645e-02
1.976441964507102966e-02
1.993384398519992828e-02
2.010350674390792847e-02
2.027338929474353790e-02
2.044347301125526428e-02
2.061374485492706299e-02
2.078418433666229248e-02
2.095477841794490814e-02
2.112550660967826843e-02
2.129635587334632874e-02
2.146730571985244751e-02
2.163833938539028168e-02
2.180944196879863739e-02
2.198059484362602234e-02
2.215178497135639191e-02
2.232299186289310455e-02
2.249420247972011566e-02
2.266540005803108215e-02
2.283656597137451172e-02
2.300768718123435974e-02
2.317874692380428314e-02
2.334973216056823730e-02
2.352062612771987915e-02
2.369141392409801483e-02
2.386208064854145050e-02
2.403261326253414154e-02
2.420300059020519257e-02
2.437322214245796204e-02
2.454327046871185303e-02
2.471313066780567169e-02
2.488279156386852264e-02
2.505223825573921204e-02
2.522146143019199371e-02
2.539044804871082306e-02
2.555918879806995392e-02
2.572767063975334167e-02
2.589588239789009094e-02
2.606381662189960480e-02
2.623146399855613708e-02
2.639881148934364319e-02
2.656585350632667542e-02
2.673258073627948761e-02
2.689898200333118439e-02
2.706505171954631805e-02
2.723078429698944092e-02
2.739616855978965759e-02
2.756119892001152039e-02
2.772586792707443237e-02
2.789017185568809509e-02
2.805410139262676239e-02
2.821765281260013580e-02
2.838081866502761841e-02
2.854359708726406097e-02
2.870598062872886658e-02
2.886796556413173676e-02
2.902954630553722382e-02
2.919072099030017853e-02
2.935148589313030243e-02
2.951183542609214783e-02
2.967176586389541626e-02
2.983127720654010773e-02
2.999036759138107300e-02
3.014903143048286438e-02
3.030726872384548187e-02
3.046507574617862701e-02
3.062245436012744904e-02
3.077940084040164948e-02
3.093591704964637756e-02
3.109199926257133484e-02
3.124764934182167053e-02
3.140286728739738464e-02
3.155765309929847717e-02
3.171201050281524658e-02
3.186593204736709595e-02
3.201942890882492065e-02
3.217250108718872070e-02
3.232514858245849609e-02
3.247737511992454529e-02
3.262918442487716675e-02
3.278057649731636047e-02
3.293155878782272339e-02
3.308213502168655396e-02
3.323231264948844910e-02
3.338209539651870728e-02
3.353148698806762695e-02
3.368049487471580505e-02
3.382912650704383850e-02
3.397738561034202576e-02
3.412528708577156067e-02
3.427283093333244324e-02
3.442003205418586731e-02
3.456689417362213135e-02
3.471343219280242920e-02
3.485965356230735779e-02
3.500556573271751404e-02
3.515118733048439026e-02
3.529652208089828491e-02
3.544158488512039185e-02
3.558639064431190491e-02
3.573095053434371948e-02
3.587527200579643250e-02
3.601938113570213318e-02
3.616327792406082153e-02
3.630698844790458679e-02
3.645052388310432434e-02
3.659389913082122803e-02
3.673712536692619324e-02
3.688022121787071228e-02
3.702320903539657593e-02
3.716609627008438110e-02
3.730890527367591858e-02
3.745165094733238220e-02
3.759434819221496582e-02
3.773701936006546021e-02
3.787967935204505920e-02
3.802234679460525513e-02
3.816504403948783875e-02
3.830777853727340698e-02
3.845057636499404907e-02
3.859344869852066040e-02
3.873642161488533020e-02
3.887951001524925232e-02
3.902273252606391907e-02
3.916611149907112122e-02
3.930965811014175415e-02
3.945339098572731018e-02
3.959733247756958008e-02
3.974150121212005615e-02
3.988591209053993225e-02
4.003058373928070068e-02
4.017553851008415222e-02
4.032078757882118225e-02
4.046634957194328308e-02
4.061224684119224548e-02
4.075849056243896484e-02
4.090510308742523193e-02
4.105209931731224060e-02
4.119949415326118469e-02
4.134730622172355652e-02
4.149555787444114685e-02
4.164425656199455261e-02
4.179342091083526611e-02
4.194306954741477966e-02
4.209321364760398865e-02
4.224387556314468384e-02
4.239506646990776062e-02
4.254680499434471130e-02
4.269909858703613281e-02
4.285197332501411438e-02
4.300543665885925293e-02
4.315950721502304077e-02
4.331419244408607483e-02
4.346951842308044434e-02
4.362548887729644775e-02
4.378212243318557739e-02
4.393943026661872864e-02
4.409743100404739380e-02
4.425613582134246826e-02
4.441555589437484741e-02
4.457570612430572510e-02
4.473660141229629517e-02
4.489825293421745300e-02
4.506067186594009399e-02
4.522387310862541199e-02
4.538786783814430237e-02
4.555266723036766052e-02
4.571828246116638184e-02
4.588472470641136169e-02
4.605200886726379395e-02
4.622014611959457397e-02
4.638914018869400024e-02
4.655900597572326660e-02
4.672975465655326843e-02
4.690139740705490112e-02
4.707393422722816467e-02
4.724738374352455139e-02
4.742175340652465820e-02
4.759704694151878357e-02
4.777327552437782288e-02
4.795044660568237305e-02
4.812856391072273254e-02
4.830763861536979675e-02
4.848767071962356567e-02
4.866867139935493469e-02
4.885064065456390381e-02
4.903358593583106995e-02
4.921751096844673157e-02
4.940241202712059021e-02
4.958830401301383972e-02
4.977517947554588318e-02
4.996304586529731750e-02
5.015189573168754578e-02
5.034173652529716492e-02
5.053256452083587646e-02
5.072437971830368042e-02
5.091717839241027832e-02
5.111095681786537170e-02
5.130571871995925903e-02
5.150145664811134338e-02
5.169816315174102783e-02
5.189583078026771545e-02
5.209446325898170471e-02
5.229404568672180176e-02
5.249457061290740967e-02
5.269603431224822998e-02
5.289843305945396423e-02
5.310174822807312012e-02
5.330596864223480225e-02
5.351109057664871216e-02
5.371710658073425293e-02
5.392399430274963379e-02
5.413174629211425781e-02
5.434035137295722961e-02
5.454979464411735535e-02
5.476006492972373962e-02
5.497114360332489014e-02
5.518301576375961304e-02
5.539567396044731140e-02
5.560909584164619446e-02
5.582326278090476990e-02
5.603816732764244080e-02
5.625377967953681946e-02
5.647009238600730896e-02
5.668708682060241699e-02
5.690474063158035278e-02
5.712304264307022095e-02
5.734195932745933533e-02
5.756148323416709900e-02
5.778159946203231812e-02
5.800227448344230652e-02
5.822349712252616882e-02
5.844524502754211426e-02
5.866749584674835205e-02
5.889023467898368835e-02
5.911342799663543701e-02
5.933706834912300110e-02
5.956112965941429138e-02
5.978558585047721863e-02
6.001042202115058899e-02
6.023560464382171631e-02
6.046112626791000366e-02
6.068694964051246643e-02
6.091305986046791077e-02
6.113943457603454590e-02
6.136604398488998413e-02
6.159287318587303162e-02
6.181989237666130066e-02
6.204707548022270203e-02
6.227440387010574341e-02
6.250185519456863403e-02
6.272939592599868774e-02
6.295700371265411377e-02
6.318466365337371826e-02
6.341233849525451660e-02
6.364000588655471802e-02
6.386763602495193481e-02
6.409521400928497314e-02
6.432270258665084839e-02
6.455007940530776978e-02
6.477731466293334961e-02
6.500439345836639404e-02
6.523127853870391846e-02
6.545794755220413208e-02
6.568436324596405029e-02
6.591051071882247925e-02
6.613635271787643433e-02
6.636186689138412476e-02
6.658702343702316284e-02
6.681179255247116089e-02
6.703615933656692505e-02
6.726007163524627686e-02
6.748352199792861938e-02
6.770646572113037109e-02
6.792888790369033813e-02
6.815075874328613281e-02
6.837204098701477051e-02
6.859271973371505737e-02
6.881275027990341187e-02
6.903211772441864014e-02
6.925078481435775757e-02
6.946873664855957031e-02
6.968592852354049683e-02
6.990235298871994019e-02
7.011796534061431885e-02
7.033275067806243896e-02
7.054667174816131592e-02
7.075970619916915894e-02
7.097183167934417725e-02
7.118301838636398315e-02
7.139324396848678589e-02
7.160248607397079468e-02
7.181071490049362183e-02
7.201790809631347656e-02
7.222403585910797119e-02
7.242909073829650879e-02
7.263303548097610474e-02
7.283584773540496826e-02
7.303752005100250244e-02
7.323802262544631958e-02
7.343733310699462891e-02
7.363542914390563965e-02
7.383231073617935181e-02
7.402793318033218384e-02
7.422228902578353882e-02
7.441536337137222290e-02
7.460713386535644531e-02
7.479759305715560913e-02
7.498671859502792358e-02
7.517449557781219482e-02
7.536090910434722900e-02
7.554595172405242920e-02
7.572960853576660156e-02
7.591185718774795532e-02
7.609269767999649048e-02
7.627211511135101318e-02
7.645009458065032959e-02
7.662662863731384277e-02
7.680170238018035889e-02
7.697532325983047485e-02
7.714746892452239990e-02
7.731812447309494019e-02
7.748730480670928955e-02
7.765498012304306030e-02
7.782116532325744629e-02
7.798583805561065674e-02
7.814899832010269165e-02
7.831064611673355103e-02
7.847077399492263794e-02
7.862938195466995239e-02
7.878645509481430054e-02
7.894200086593627930e-02
7.909601926803588867e-02
7.924850285053253174e-02
7.939945161342620850e-02
7.954887300729751587e-02
7.969675958156585693e-02
7.984310388565063477e-02
7.998792082071304321e-02
8.013121038675308228e-02
8.027297258377075195e-02
8.041319996118545532e-02
8.055191487073898315e-02
8.068909496068954468e-02
8.082477003335952759e-02
8.095894008874893188e-02
8.109159767627716064e-02
8.122275769710540771e-02
8.135242760181427002e-02
8.148060739040374756e-02
8.160731941461563110e-02
8.173255622386932373e-02
8.185633271932601929e-02
8.197865635156631470e-02
8.209953457117080688e-02
8.221898972988128662e-02
8.233702927827835083e-02
8.245366066694259644e-02
8.256889879703521729e-02
8.268275111913681030e-02
8.279523998498916626e-02
8.290638029575347900e-02
8.301617950201034546e-02
8.312465995550155640e-02
8.323183655738830566e-02
8.333772420883178711e-02
8.344235271215438843e-02
8.354572206735610962e-02
8.364786952733993530e-02
8.374880254268646240e-02
8.384854346513748169e-02
8.394712209701538086e-02
8.404455333948135376e-02
8.414085954427719116e-02
8.423606306314468384e-02
8.433018624782562256e-02
8.442325890064239502e-02
8.451530337333679199e-02
8.460634946823120117e-02
8.469640463590621948e-02
8.478551357984542847e-02
8.487369865179061890e-02
8.496098965406417847e-02
8.504740148782730103e-02
8.513297140598297119e-02
8.521772921085357666e-02
8.530169725418090820e-02
8.538490533828735352e-02
8.546739071607589722e-02
8.554916828870773315e-02
8.563027530908584595e-02
8.571074157953262329e-02
8.579059690237045288e-02
8.586987107992172241e-02
8.594859391450881958e-02
8.602678775787353516e-02
8.610449731349945068e-02
8.618174493312835693e-02
8.625855296850204468e-02
8.633496612310409546e-02
8.641100674867630005e-02
8.648670464754104614e-02
8.656209707260131836e-02
8.663720637559890747e-02
8.671205490827560425e-02
8.678669482469558716e-02
8.686114102602005005e-02
8.693542331457138062e-02
8.700957149267196655e-02
8.708360791206359863e-02
8.715757727622985840e-02
8.723150938749313354e-02
8.730541914701461792e-02
8.737933635711669922e-02
8.745329827070236206e-02
8.752733469009399414e-02
8.760145306587219238e-02
8.767571300268173218e-02
8.775010704994201660e-02
8.782469481229782104e-02
8.789949119091033936e-02
8.797451108694076538e-02
8.804979920387268066e-02
8.812537044286727905e-02
8.820126205682754517e-02
8.827748149633407593e-02
8.835408091545104980e-02
8.843106776475906372e-02
8.850847184658050537e-02
8.858631551265716553e-02
8.866463601589202881e-02
8.874344080686569214e-02
8.882276713848114014e-02
8.890262991189956665e-02
8.898306638002395630e-02
8.906408399343490601e-02
8.914572745561599731e-02
8.922800421714782715e-02
8.931094408035278320e-02
8.939456194639205933e-02
8.947888016700744629e-02
8.956393599510192871e-02
8.964973688125610352e-02
8.973631262779235840e-02
8.982367813587188721e-02
8.991185575723648071e-02
9.000086039304733276e-02
9.009072929620742798e-02
9.018146991729736328e-02
9.027309715747833252e-02
9.036562591791152954e-02
9.045909345149993896e-02
9.055349975824356079e-02
9.064887464046478271e-02
9.074522554874420166e-02
9.084256738424301147e-02
9.094092249870300293e-02
9.104029834270477295e-02
9.114070981740951538e-02
9.124217182397842407e-02
9.134469926357269287e-02
9.144829958677291870e-02
9.155298769474029541e-02
9.165877103805541992e-02
9.176566451787948608e-02
9.187366813421249390e-02
9.198279678821563721e-02
9.209305047988891602e-02
9.220444411039352417e-02
9.231698513031005859e-02
9.243066608905792236e-02
9.254550188779830933e-02
9.266149252653121948e-02
9.277863800525665283e-02
9.289693832397460938e-02
9.301640838384628296e-02
9.313703328371047974e-02
9.325882047414779663e-02
9.338175505399703979e-02
9.350585192441940308e-02
9.363109618425369263e-02
9.375749528408050537e-02
9.388503432273864746e-02
9.401371330022811890e-02
9.414350986480712891e-02
9.427443891763687134e-02
9.440649300813674927e-02
9.453964233398437500e-02
9.467389434576034546e-02
9.480924159288406372e-02
9.494566172361373901e-02
9.508315473794937134e-02
9.522169828414916992e-02
9.536128491163253784e-02
9.550189971923828125e-02
9.564353525638580322e-02
9.578616172075271606e-02
9.592978656291961670e-02
9.607438743114471436e-02
9.621993452310562134e-02
9.636642783880233765e-02
9.651383757591247559e-02
9.666216373443603516e-02
9.681136906147003174e-02
9.696144610643386841e-02
9.711237251758575439e-02
9.726414084434509277e-02
9.741670638322830200e-02
9.757006913423538208e-02
9.772420674562454224e-02
9.787908941507339478e-02
9.803470224142074585e-02
9.819102287292480469e-02
9.834802895784378052e-02
9.850569814443588257e-02
9.866400808095932007e-02
9.882293641567230225e-02
9.898245334625244141e-02
9.914253652095794678e-02
9.930316358804702759e-02
9.946431219577789307e-02
9.962595999240875244e-02
9.978806972503662109e-02
9.995061904191970825e-02
1.001135855913162231e-01
1.002769470214843750e-01
1.004406586289405823e-01
1.006047055125236511e-01
1.007690653204917908e-01
1.009336933493614197e-01
1.010985746979713440e-01
1.012636795639991760e-01
1.014289632439613342e-01
1.015944108366966248e-01
1.017599925398826599e-01
1.019256636500358582e-01
1.020914092659950256e-01
1.022571921348571777e-01
1.024229750037193298e-01
1.025887280702590942e-01
1.027544289827346802e-01
1.029200330376625061e-01
1.030855178833007812e-01
1.032508388161659241e-01
1.034159734845161438e-01
1.035808846354484558e-01
1.037455275654792786e-01
1.039098799228668213e-01
1.040739119052886963e-01
1.042375862598419189e-01
1.044008657336235046e-01
1.045637056231498718e-01
1.047260910272598267e-01
1.048879697918891907e-01
1.050493270158767700e-01
1.052101105451583862e-01
1.053702905774116516e-01
1.055298447608947754e-01
1.056887283921241760e-01
1.058468893170356750e-01
1.060043275356292725e-01
1.061609908938407898e-01
1.063168570399284363e-01
1.064718738198280334e-01
1.066260263323783875e-01
1.067792698740959167e-01
1.069315671920776367e-01
1.070828959345817566e-01
1.072332337498664856e-01
1.073825359344482422e-01
1.075307652354240417e-01
1.076779067516326904e-01
1.078239083290100098e-01
1.079687699675559998e-01
1.081124395132064819e-01
1.082548946142196655e-01
1.083961054682731628e-01
1.085360422730445862e-01
1.086746975779533386e-01
1.088120117783546448e-01
1.089479699730873108e-01
1.090825572609901428e-01
1.092157363891601562e-01
1.093474924564361572e-01
1.094777956604957581e-01
1.096066161990165710e-01
1.097339391708374023e-01
1.098597422242164612e-01
1.099839881062507629e-01
1.101066842675209045e-01
1.102277860045433044e-01
1.103472784161567688e-01
1.104651317000389099e-01
1.105813384056091309e-01
1.106958836317062378e-01
1.108087599277496338e-01
1.109199002385139465e-01
1.110293492674827576e-01
1.111370474100112915e-01
1.112429946660995483e-01
1.113471686840057373e-01
1.114495620131492615e-01
1.115501448512077332e-01
1.116489320993423462e-01
1.117458865046501160e-01
1.118410006165504456e-01
1.119342669844627380e-01
1.120256632566452026e-01
1.121151819825172424e-01
1.122028231620788574e-01
1.122885644435882568e-01
1.123724058270454407e-01
1.124543324112892151e-01
1.125343367457389832e-01
1.126124113798141479e-01
1.126885339617729187e-01
1.127627342939376831e-01
1.128349676728248596e-01
1.129052564501762390e-01
1.129735708236694336e-01
1.130399405956268311e-01
1.131043210625648499e-01
1.131667494773864746e-01
1.132271885871887207e-01
1.132856607437133789e-01
1.133421584963798523e-01
1.133966818451881409e-01
1.134492233395576477e-01
1.134997978806495667e-01
1.135483980178833008e-01
1.135950312018394470e-01
1.136397048830986023e-01
1.136824190616607666e-01
1.137231737375259399e-01
1.137619838118553162e-01
1.137988418340682983e-01
1.138337776064872742e-01
1.138667687773704529e-01
1.138978525996208191e-01
1.139270365238189697e-01
1.139543130993843079e-01
1.139797195792198181e-01
1.140032336115837097e-01
1.140248998999595642e-01
1.140447109937667847e-01
1.140626892447471619e-01
1.140788570046424866e-01
1.140932142734527588e-01
1.141058057546615601e-01
1.141166165471076965e-01
1.141256839036941528e-01
1.141330227255821228e-01
1.141386479139328003e-01
1.141425818204879761e-01
1.141448467969894409e-01
1.141454577445983887e-01
1.141444519162178040e-01
1.141418516635894775e-01
1.141376569867134094e-01
1.141319125890731812e-01
1.141246259212493896e-01
1.141158491373062134e-01
1.141055822372436523e-01
1.140938624739646912e-01
1.140807047486305237e-01
1.140661537647247314e-01
1.140502169728279114e-01
1.140329390764236450e-01
1.140143349766731262e-01
1.139944493770599365e-01
1.139732822775840759e-01
1.139509007334709167e-01
1.139272972941398621e-01
1.139025241136550903e-01
1.138766035437583923e-01
1.138495653867721558e-01
1.138214394450187683e-01
1.137922555208206177e-01
1.137620434165000916e-01
1.137308403849601746e-01
1.136986762285232544e-01
1.136655658483505249e-01
1.136315464973449707e-01
1.135966777801513672e-01
1.135609522461891174e-01
1.135244220495223999e-01
1.134871169924736023e-01
1.134490594267845154e-01
1.134102866053581238e-01
1.133708357810974121e-01
1.133307442069053650e-01
1.132900193333625793e-01
1.132487133145332336e-01
1.132068559527397156e-01
1.131644695997238159e-01
1.131216064095497131e-01
1.130782738327980042e-01
1.130345165729522705e-01
1.129903644323348999e-01
1.129458546638488770e-01
1.129010096192359924e-01
1.128558814525604248e-01
1.128104850649833679e-01
1.127648502588272095e-01
1.127190291881561279e-01
1.126730367541313171e-01
1.126269027590751648e-01
1.125806793570518494e-01
1.125343739986419678e-01
1.124880388379096985e-01
1.124416962265968323e-01
1.123953834176063538e-01
1.123491302132606506e-01
1.123029664158821106e-01
1.122569292783737183e-01
1.122110486030578613e-01
1.121653467416763306e-01
1.121198609471321106e-01
1.120746359229087830e-01
1.120296791195869446e-01
1.119850352406501770e-01
1.119407415390014648e-01
1.118968054652214050e-01
1.118532717227935791e-01
1.118101775646209717e-01
1.117675453424453735e-01
1.117254048585891724e-01
1.116837784647941589e-01
1.116427034139633179e-01
1.116022020578384399e-01
1.115622967481613159e-01
1.115230321884155273e-01
1.114844232797622681e-01
1.114464923739433289e-01
1.114092692732810974e-01
1.113727837800979614e-01
1.113370582461357117e-01
1.113021075725555420e-01
1.112679839134216309e-01
1.112346723675727844e-01
1.112022325396537781e-01
1.111706569790840149e-01
1.111399829387664795e-01
1.111102104187011719e-01
1.110813915729522705e-01
1.110535189509391785e-01
1.110266298055648804e-01
1.110007315874099731e-01
1.109758466482162476e-01
1.109519898891448975e-01
1.109291911125183105e-01
1.109074428677558899e-01
1.108867675065994263e-01
1.108671799302101135e-01
1.108487024903297424e-01
1.108313426375389099e-01
1.108151152729988098e-01
1.108000203967094421e-01
1.107860729098320007e-01
1.107732951641082764e-01
1.107617020606994629e-01
1.107512786984443665e-01
1.107420325279235840e-01
1.107340008020401001e-01
1.107271686196327209e-01
1.107215434312820435e-01
1.107171326875686646e-01
1.107139661908149719e-01
1.107119992375373840e-01
1.107112839818000793e-01
1.107117980718612671e-01
1.107135489583015442e-01
1.107165440917015076e-01
1.107207760214805603e-01
1.107262521982192993e-01
1.107329726219177246e-01
1.107409372925758362e-01
1.107501536607742310e-01
1.107606142759323120e-01
1.107723116874694824e-01
1.107852533459663391e-01
1.107994318008422852e-01
1.108148470520973206e-01
1.108314916491508484e-01
1.108493655920028687e-01
1.108684614300727844e-01
1.108887717127799988e-01
1.109102964401245117e-01
1.109330356121063232e-01
1.109569668769836426e-01
1.109820753335952759e-01
1.110083907842636108e-01
1.110358834266662598e-01
1.110645234584808350e-01
1.110943332314491272e-01
1.111252903938293457e-01
1.111573874950408936e-01
1.111906096339225769e-01
1.112249419093132019e-01
1.112603768706321716e-01
1.112969145178794861e-01
1.113345175981521606e-01
1.113731861114501953e-01
1.114129051566123962e-01
1.114536523818969727e-01
1.114954128861427307e-01
1.115381866693496704e-01
1.115819364786148071e-01
1.116266623139381409e-01
1.116723343729972839e-01
1.117189377546310425e-01
1.117664575576782227e-01
1.118148788809776306e-01
1.118641644716262817e-01
1.119142994284629822e-01
1.119652763009071350e-01
1.120170503854751587e-01
1.120696216821670532e-01
1.121229752898216248e-01
1.121770590543746948e-01
1.122318506240844727e-01
1.122873574495315552e-01
1.123435422778129578e-01
1.124003529548645020e-01
1.124578118324279785e-01
1.125158593058586121e-01
1.125744730234146118e-01
1.126336380839347839e-01
1.126933172345161438e-01
1.127534955739974976e-01
1.128141358494758606e-01
1.128752157092094421e-01
1.129367128014564514e-01
1.129985824227333069e-01
1.130608096718788147e-01
1.131233647465705872e-01
1.131862252950668335e-01
1.132493540644645691e-01
1.133127287030220032e-01
1.133762970566749573e-01
1.134400740265846252e-01
1.135039851069450378e-01
1.135680377483367920e-01
1.136321797966957092e-01
1.136963963508605957e-01
1.137606501579284668e-01
1.138249114155769348e-01
1.138891503214836121e-01
1.139533594250679016e-01
1.140174716711044312e-01
1.140814870595932007e-01
1.141453608870506287e-01
1.142090857028961182e-01
1.142726093530654907e-01
1.143359169363975525e-01
1.143989711999893188e-01
1.144617572426795959e-01
1.145242303609848022e-01
1.145863831043243408e-01
1.146481707692146301e-01
1.147095635533332825e-01
1.147705465555191040e-01
1.148310974240303040e-01
1.148911714553833008e-01
1.149507388472557068e-01
1.150098070502281189e-01
1.150683090090751648e-01
1.151262521743774414e-01
1.151835843920707703e-01
1.152402907609939575e-01
1.152963489294052124e-01
1.153517290949821472e-01
1.154064163565635681e-01
1.154603585600852966e-01
1.155135706067085266e-01
1.155660003423690796e-01
1.156176328659057617e-01
1.156684383749961853e-01
1.157184019684791565e-01
1.157674863934516907e-01
1.158156916499137878e-01
1.158629879355430603e-01
1.159093379974365234e-01
1.159547343850135803e-01
1.159991472959518433e-01
1.160425543785095215e-01
1.160849407315254211e-01
1.161262914538383484e-01
1.161665767431259155e-01
1.162057742476463318e-01
1.162438690662384033e-01
1.162808462977409363e-01
1.163166835904121399e-01
1.163513511419296265e-01
1.163848489522933960e-01
1.164171695709228516e-01
1.164482533931732178e-01
1.164781227707862854e-01
1.165067404508590698e-01
1.165340915322303772e-01
1.165601760149002075e-01
1.165849640965461731e-01
1.166084557771682739e-01
1.166306138038635254e-01
1.166514456272125244e-01
1.166709288954734802e-01
1.166890636086463928e-01
1.167058274149894714e-01
1.167211979627609253e-01
1.167351827025413513e-01
1.167477741837501526e-01
1.167589500546455383e-01
1.167686954140663147e-01
1.167770326137542725e-01
1.167839169502258301e-01
1.167893707752227783e-01
1.167933568358421326e-01
1.167959049344062805e-01
1.167969703674316406e-01
1.167965829372406006e-01
1.167947202920913696e-01
1.167913824319839478e-01
1.167865693569183350e-01
1.167802885174751282e-01
1.167725101113319397e-01
1.167632564902305603e-01
1.167525202035903931e-01
1.167402938008308411e-01
1.167265996336936951e-01
1.167114153504371643e-01
1.166947484016418457e-01
1.166766136884689331e-01
1.166569963097572327e-01
1.166359111666679382e-01
1.166133657097816467e-01
1.165893599390983582e-01
1.165638938546180725e-01
1.165369749069213867e-01
1.165086105465888977e-01
1.164788156747817993e-01
1.164475828409194946e-01
1.164149269461631775e-01
1.163808628916740417e-01
1.163453981280326843e-01
1.163085252046585083e-01
1.162702813744544983e-01
1.162306517362594604e-01
1.161896660923957825e-01
1.161473169922828674e-01
1.161036342382431030e-01
1.160586178302764893e-01
1.160122752189636230e-01
1.159646287560462952e-01
1.159156933426856995e-01
1.158654913306236267e-01
1.158140152692794800e-01
1.157612800598144531e-01
1.157073229551315308e-01
1.156521514058113098e-01
1.155957654118537903e-01
1.155381798744201660e-01
1.154794394969940186e-01
1.154195293784141541e-01
1.153585016727447510e-01
1.152963414788246155e-01
1.152330711483955383e-01
1.151687130331993103e-01
1.151032894849777222e-01
1.150368228554725647e-01
1.149693205952644348e-01
1.149008125066757202e-01
1.148312985897064209e-01
1.147608235478401184e-01
1.146893873810768127e-01
1.146170273423194885e-01
1.145437434315681458e-01
1.144695729017257690e-01
1.143945306539535522e-01
1.143186464905738831e-01
1.142419278621673584e-01
1.141644045710563660e-01
1.140860915184020996e-01
1.140070259571075439e-01
1.139272078871726990e-01
1.138466894626617432e-01
1.137654706835746765e-01
1.136835813522338867e-01
1.136010363698005676e-01
1.135178729891777039e-01
1.134340912103652954e-01
1.133497506380081177e-01
1.132648661732673645e-01
1.131794378161430359e-01
1.130934953689575195e-01
1.130070835351943970e-01
1.129202097654342651e-01
1.128329038619995117e-01
1.127451881766319275e-01
1.126570925116539001e-01
1.125686392188072205e-01
1.124798506498336792e-01
1.123907491564750671e-01
1.123013719916343689e-01
1.122117266058921814e-01
1.121218428015708923e-01
1.120317578315734863e-01
1.119414791464805603e-01
1.118510439991950989e-01
1.117604672908782959e-01
1.116697937250137329e-01
1.115790158510208130e-01
1.114881709218025208e-01
1.113973036408424377e-01
1.113064140081405640e-01
1.112155392765998840e-01
1.111246943473815918e-01
1.110339090228080750e-01
1.109431907534599304e-01
1.108525916934013367e-01
1.107621118426322937e-01
1.106717884540557861e-01
1.105816289782524109e-01
1.104916855692863464e-01
1.104019358754158020e-01
1.103124469518661499e-01
1.102232038974761963e-01
1.101342514157295227e-01
1.100455969572067261e-01
1.099572777748107910e-01
1.098692938685417175e-01
1.097816899418830872e-01
1.096944585442543030e-01
1.096076369285583496e-01
1.095212548971176147e-01
1.094353124499320984e-01
1.093498170375823975e-01
1.092648208141326904e-01
1.091803237795829773e-01
1.090963408350944519e-01
1.090128943324089050e-01
1.089300066232681274e-01
1.088476777076721191e-01
1.087659373879432678e-01
1.086848005652427673e-01
1.086042895913124084e-01
1.085243970155715942e-01
1.084451675415039062e-01
1.083665862679481506e-01
1.082886829972267151e-01
1.082114651799201965e-01
1.081349626183509827e-01
1.080591678619384766e-01
1.079840883612632751e-01
1.079097613692283630e-01
1.078361794352531433e-01
1.077633723616600037e-01
1.076913252472877502e-01
1.076200678944587708e-01
1.075496003031730652e-01
1.074799448251724243e-01
1.074110940098762512e-01
1.073430702090263367e-01
1.072758659720420837e-01
1.072095036506652832e-01
1.071439906954765320e-01
1.070793196558952332e-01
1.070155203342437744e-01
1.069525778293609619e-01
1.068904995918273926e-01
1.068293228745460510e-01
1.067690104246139526e-01
1.067095771431922913e-01
1.066510528326034546e-01
1.065934076905250549e-01
1.065366715192794800e-01
1.064808368682861328e-01
1.064258962869644165e-01
1.063718721270561218e-01
1.063187420368194580e-01
1.062665358185768127e-01
1.062152236700057983e-01
1.061648353934288025e-01
1.061153635382652283e-01
1.060667783021926880e-01
1.060191169381141663e-01
1.059723645448684692e-01
1.059265136718750000e-01
1.058815717697143555e-01
1.058375388383865356e-01
1.057943999767303467e-01
1.057521477341651917e-01
1.057107970118522644e-01
1.056703329086303711e-01
1.056307405233383179e-01
1.055920422077178955e-01
1.055542081594467163e-01
1.055172458291053772e-01
1.054811403155326843e-01
1.054458916187286377e-01
1.054114848375320435e-01
1.053779125213623047e-01
1.053451821208000183e-01
1.053132712841033936e-01
1.052821725606918335e-01
1.052518784999847412e-01
1.052223816514015198e-01
1.051936671137809753e-01
1.051657274365425110e-01
1.051385551691055298e-01
1.051121279597282410e-01
1.050864532589912415e-01
1.050615012645721436e-01
1.050372719764709473e-01
1.050137430429458618e-01
1.049908995628356934e-01
1.049687415361404419e-01
1.049472540616989136e-01
1.049264073371887207e-01
1.049062013626098633e-01
1.048866212368011475e-01
1.048676446080207825e-01
1.048492640256881714e-01
1.048314571380615234e-01
1.048142164945602417e-01
1.047975197434425354e-01
1.047813445329666138e-01
1.047656908631324768e-01
1.047505363821983337e-01
1.047358587384223938e-01
1.047216355800628662e-01
1.047078743577003479e-01
1.046945303678512573e-01
1.046815961599349976e-01
1.046690642833709717e-01
1.046569049358367920e-01
1.046451032161712646e-01
1.046336442232131958e-01
1.046224981546401978e-01
1.046116650104522705e-01
1.046011149883270264e-01
1.045908257365226746e-01
1.045807972550392151e-01
1.045709848403930664e-01
1.045613959431648254e-01
1.045519933104515076e-01
1.045427620410919189e-01
1.045336946845054626e-01
1.045247614383697510e-01
1.045159474015235901e-01
1.045072302222251892e-01
1.044985949993133545e-01
1.044900268316268921e-01
1.044814959168434143e-01
1.044729948043823242e-01
1.044645011425018311e-01
1.044559925794601440e-01
1.044474542140960693e-01
1.044388711452484131e-01
1.044302135705947876e-01
1.044214740395545959e-01
1.044126376509666443e-01
1.044036671519279480e-01
1.043945625424385071e-01
1.043853014707565308e-01
1.043758690357208252e-01
1.043662354350090027e-01
1.043563932180404663e-01
1.043463200330734253e-01
1.043360084295272827e-01
1.043254286050796509e-01
1.043145582079887390e-01
1.043033972382545471e-01
1.042919233441352844e-01
1.042801067233085632e-01
1.042679473757743835e-01
1.042554154992103577e-01
1.042424961924552917e-01
1.042291820049285889e-01
1.042154580354690552e-01
1.042012870311737061e-01
1.041866689920425415e-01
1.041715890169143677e-01
1.041560322046279907e-01
1.041399762034416199e-01
1.041233986616134644e-01
1.041062995791435242e-01
1.040886566042900085e-01
1.040704548358917236e-01
1.040516793727874756e-01
1.040323078632354736e-01
1.040123403072357178e-01
1.039917618036270142e-01
1.039705425500869751e-01
1.039486825466156006e-01
1.039261668920516968e-01
1.039029806852340698e-01
1.038791015744209290e-01
1.038545295596122742e-01
1.038292497396469116e-01
1.038032472133636475e-01
1.037765070796012878e-01
1.037490293383598328e-01
1.037207916378974915e-01
1.036917865276336670e-01
1.036620065569877625e-01
1.036314293742179871e-01
1.036000698804855347e-01
1.035678908228874207e-01
1.035348996520042419e-01
1.035010814666748047e-01
1.034664288163185120e-01
1.034309417009353638e-01
1.033945977687835693e-01
1.033573970198631287e-01
1.033193394541740417e-01
1.032804101705551147e-01
1.032406091690063477e-01
1.031999215483665466e-01
1.031583473086357117e-01
1.031158864498138428e-01
1.030725240707397461e-01
1.030282676219940186e-01
1.029831022024154663e-01
1.029370352625846863e-01
1.028900593519210815e-01
1.028421744704246521e-01
1.027933731675148010e-01
1.027436554431915283e-01
1.026930212974548340e-01
1.026414781808853149e-01
1.025890111923217773e-01
1.025356277823448181e-01
1.024813279509544373e-01
1.024261116981506348e-01
1.023699864745140076e-01
1.023129373788833618e-01
1.022549793124198914e-01
1.021961197257041931e-01
1.021363437175750732e-01
1.020756661891937256e-01
1.020140871405601501e-01
1.019516065716743469e-01
1.018882319331169128e-01
1.018239632248878479e-01
1.017588153481483459e-01
1.016927808523178101e-01
1.016258671879768372e-01
1.015580892562866211e-01
1.014894321560859680e-01
1.014199182391166687e-01
1.013495475053787231e-01
1.012783199548721313e-01
1.012062579393386841e-01
1.011333465576171875e-01
1.010596156120300293e-01
1.009850502014160156e-01
1.009096726775169373e-01
1.008334830403327942e-01
1.007564887404441833e-01
1.006787046790122986e-01
1.006001308560371399e-01
1.005207747220993042e-01
1.004406511783599854e-01
1.003597676753997803e-01
1.002781316637992859e-01
1.001957505941390991e-01
1.001126319169998169e-01
1.000287830829620361e-01
9.994423389434814453e-02
9.985896944999694824e-02
9.977300465106964111e-02
9.968636184930801392e-02
9.959904849529266357e-02
9.951106458902359009e-02
9.942243248224258423e-02
9.933315217494964600e-02
9.924324601888656616e-02
9.915272891521453857e-02
9.906160831451416016e-02
9.896988421678543091e-02
9.887758642435073853e-02
9.878471493721008301e-02
9.869129210710525513e-02
9.859732538461685181e-02
9.850283712148666382e-02
9.840782731771469116e-02
9.831231832504272461e-02
9.821631759405136108e-02
9.811986237764358521e-02
9.802293032407760620e-02
9.792556613683700562e-02
9.782776981592178345e-02
9.772955626249313354e-02
9.763094782829284668e-02
9.753195941448211670e-02
9.743259847164154053e-02
9.733288735151290894e-02
9.723284840583801270e-02
9.713248163461685181e-02
9.703180938959121704e-02
9.693085402250289917e-02
9.682963043451309204e-02
9.672814607620239258e-02
9.662642329931259155e-02
9.652446955442428589e-02
9.642232209444046021e-02
9.631997346878051758e-02
9.621745347976684570e-02
9.611478447914123535e-02
9.601195901632308960e-02
9.590901434421539307e-02
9.580595791339874268e-02
9.570281207561492920e-02
9.559958428144454956e-02
9.549629688262939453e-02
9.539295732975006104e-02
9.528959542512893677e-02
9.518621861934661865e-02
9.508282691240310669e-02
9.497947245836257935e-02
9.487612545490264893e-02
9.477283805608749390e-02
9.466961026191711426e-02
9.456644952297210693e-02
9.446337819099426270e-02
9.436041861772537231e-02
9.425756335258483887e-02
9.415484964847564697e-02
9.405227750539779663e-02
9.394985437393188477e-02
9.384761005640029907e-02
9.374554455280303955e-02
9.364367276430130005e-02
9.354201704263687134e-02
9.344057738780975342e-02
9.333936870098114014e-02
9.323840588331222534e-02
9.313770383596420288e-02
9.303727000951766968e-02
9.293711185455322266e-02
9.283725172281265259e-02
9.273768961429595947e-02
9.263844043016433716e-02
9.253951907157897949e-02
9.244093298912048340e-02
9.234268963336944580e-02
9.224480390548706055e-02
9.214728325605392456e-02
9.205014258623123169e-02
9.195338934659957886e-02
9.185702353715896606e-02
9.176106750965118408e-02
9.166552871465682983e-02
9.157041460275650024e-02
9.147573262453079224e-02
9.138149023056030273e-02
9.128770232200622559e-02
9.119436889886856079e-02
9.110151976346969604e-02
9.100913256406784058e-02
9.091724455356597900e-02
9.082584828138351440e-02
9.073495119810104370e-02
9.064456075429916382e-02
9.055469930171966553e-02
9.046535938978195190e-02
9.037654846906661987e-02
9.028828144073486328e-02
9.020056575536727905e-02
9.011340141296386719e-02
9.002679586410522461e-02
8.994076400995254517e-02
8.985529839992523193e-02
8.977041393518447876e-02
8.968611806631088257e-02
8.960241079330444336e-02
8.951929956674575806e-02
8.943678438663482666e-02
8.935487270355224609e-02
8.927357941865921021e-02
8.919288963079452515e-02
8.911281824111938477e-02
8.903337270021438599e-02
8.895453810691833496e-02
8.887633681297302246e-02
8.879876881837844849e-02
8.872181922197341919e-02
8.864550292491912842e-02
8.856981992721557617e-02
8.849477022886276245e-02
8.842034637928009033e-02
8.834656327962875366e-02
8.827342092990875244e-02
8.820089697837829590e-02
8.812901377677917480e-02
8.805775642395019531e-02
8.798712491989135742e-02
8.791712671518325806e-02
8.784774690866470337e-02
8.777898550033569336e-02
8.771084994077682495e-02
8.764333277940750122e-02
8.757641911506652832e-02
8.751011639833450317e-02
8.744441717863082886e-02
8.737932145595550537e-02
8.731480687856674194e-02
8.725089579820632935e-02
8.718755841255187988e-02
8.712480962276458740e-02
8.706262707710266113e-02
8.700101077556610107e-02
8.693995326757431030e-02
8.687945455312728882e-02
8.681949973106384277e-02
8.676009625196456909e-02
8.670122176408767700e-02
8.664286881685256958e-02
8.658504486083984375e-02
8.652773499488830566e-02
8.647092431783676147e-02
8.641462028026580811e-02
8.635880798101425171e-02
8.630347996950149536e-02
8.624862134456634521e-02
8.619423210620880127e-02
8.614030480384826660e-02
8.608683943748474121e-02
8.603381365537643433e-02
8.598122000694274902e-02
8.592906594276428223e-02
8.587732911109924316e-02
8.582600951194763184e-02
8.577508479356765747e-02
8.572456985712051392e-02
8.567444235086441040e-02
8.562468737363815308e-02
8.557531982660293579e-02
8.552630990743637085e-02
8.547765016555786133e-02
8.542934060096740723e-02
8.538138121366500854e-02
8.533373475074768066e-02
8.528642356395721436e-02
8.523942530155181885e-02
8.519272506237030029e-02
8.514633029699325562e-02
8.510021120309829712e-02
8.505437523126602173e-02
8.500880002975463867e-02
8.496349304914474487e-02
8.491843193769454956e-02
8.487360924482345581e-02
8.482901751995086670e-02
8.478464931249618530e-02
8.474048972129821777e-02
8.469651639461517334e-02
8.465275168418884277e-02
8.460915088653564453e-02
8.456573635339736938e-02
8.452247083187103271e-02
8.447935432195663452e-02
8.443636447191238403e-02
8.439351618289947510e-02
8.435077220201492310e-02
8.430813252925872803e-02
8.426558971405029297e-02
8.422312885522842407e-02
8.418073505163192749e-02
8.413839340209960938e-02
8.409610390663146973e-02
8.405384421348571777e-02
8.401161432266235352e-02
8.396939188241958618e-02
8.392716944217681885e-02
8.388493210077285767e-02
8.384267240762710571e-02
8.380038291215896606e-02
8.375804126262664795e-02
8.371564000844955444e-02
8.367317169904708862e-02
8.363061398267745972e-02
8.358797430992126465e-02
8.354522287845611572e-02
8.350235968828201294e-02
8.345936983823776245e-02
8.341623842716217041e-02
8.337296545505523682e-02
8.332952857017517090e-02
8.328592777252197266e-02
8.324214816093444824e-02
8.319818228483200073e-02
8.315400779247283936e-02
8.310963958501815796e-02
8.306504040956497192e-02
8.302022516727447510e-02
8.297517150640487671e-02
8.292987197637557983e-02
8.288431912660598755e-02
8.283852040767669678e-02
8.279244601726531982e-02
8.274608850479125977e-02
8.269946277141571045e-02
8.265253901481628418e-02
8.260532468557357788e-02
8.255779743194580078e-02
8.250997215509414673e-02
8.246183395385742188e-02
8.241336047649383545e-02
8.236457407474517822e-02
8.231544494628906250e-02
8.226599544286727905e-02
8.221618831157684326e-02
8.216603845357894897e-02
8.211554586887359619e-02
8.206468820571899414e-02
8.201346546411514282e-02
8.196189254522323608e-02
8.190994709730148315e-02
8.185762912034988403e-02
8.180493116378784180e-02
8.175185322761535645e-02
8.169839531183242798e-02
8.164455741643905640e-02
8.159031718969345093e-02
8.153568953275680542e-02
8.148067444562911987e-02
8.142524957656860352e-02
8.136942982673645020e-02
8.131320774555206299e-02
8.125656843185424805e-02
8.119952678680419922e-02
8.114207535982131958e-02
8.108420670032501221e-02
8.102591335773468018e-02
8.096720278263092041e-02
8.090807497501373291e-02
8.084851503372192383e-02
8.078853785991668701e-02
8.072812110185623169e-02
8.066727966070175171e-02
8.060600608587265015e-02
8.054429292678833008e-02
8.048214763402938843e-02
8.041956275701522827e-02
8.035653829574584961e-02
8.029307425022125244e-02
8.022916316986083984e-02
8.016480505466461182e-02
8.010001480579376221e-02
8.003477007150650024e-02
7.996908575296401978e-02
7.990294694900512695e-02
7.983636856079101562e-02
7.976934313774108887e-02
7.970187067985534668e-02
7.963395118713378906e-02
7.956558465957641602e-02
7.949678599834442139e-02
7.942753285169601440e-02
7.935784012079238892e-02
7.928770780563354492e-02
7.921714335680007935e-02
7.914613932371139526e-02
7.907470315694808960e-02
7.900283485651016235e-02
7.893054932355880737e-02
7.885783165693283081e-02
7.878469675779342651e-02
7.871114462614059448e-02
7.863717526197433472e-02
7.856281101703643799e-02
7.848802953958511353e-02
7.841286808252334595e-02
7.833730429410934448e-02
7.826135307550430298e-02
7.818502187728881836e-02
7.810831815004348755e-02
7.803124189376831055e-02
7.795380800962448120e-02
7.787601649761199951e-02
7.779788225889205933e-02
7.771939039230346680e-02
7.764057815074920654e-02
7.756143063306808472e-02
7.748196274042129517e-02
7.740218192338943481e-02
7.732209563255310059e-02
7.724171876907348633e-02
7.716104388236999512e-02
7.708009332418441772e-02
7.699885964393615723e-02
7.691737264394760132e-02
7.683560997247695923e-02
7.675360888242721558e-02
7.667136192321777344e-02
7.658887654542922974e-02
7.650616765022277832e-02
7.642323523759841919e-02
7.634009420871734619e-02
7.625675201416015625e-02
7.617320120334625244e-02
7.608947157859802246e-02
7.600555568933486938e-02
7.592146843671798706e-02
7.583720237016677856e-02
7.575278729200363159e-02
7.566821575164794922e-02
7.558349519968032837e-02
7.549864053726196289e-02
7.541364431381225586e-02
7.532852888107299805e-02
7.524328678846359253e-02
7.515794038772583008e-02
7.507248222827911377e-02
7.498692721128463745e-02
7.490126788616180420e-02
7.481552660465240479e-02
7.472971081733703613e-02
7.464381307363510132e-02
7.455784082412719727e-02
7.447180896997451782e-02
7.438572496175765991e-02
7.429958134889602661e-02
7.421339303255081177e-02
7.412716746330261230e-02
7.404091209173202515e-02
7.395462691783905029e-02
7.386832684278488159e-02
7.378200441598892212e-02
7.369567453861236572e-02
7.360935211181640625e-02
7.352302223443984985e-02
7.343670725822448730e-02
7.335040718317031860e-02
7.326413691043853760e-02
7.317789644002914429e-02
7.309170812368392944e-02
7.300554960966110229e-02
7.291944324970245361e-02
7.283340394496917725e-02
7.274742424488067627e-02
7.266152650117874146e-02
7.257570326328277588e-02
7.248997688293457031e-02
7.240434736013412476e-02
7.231881469488143921e-02
7.223340123891830444e-02
7.214810699224472046e-02
7.206294685602188110e-02
7.197790592908859253e-02
7.189302146434783936e-02
7.180828601121902466e-02
7.172370702028274536e-02
7.163929939270019531e-02
7.155506312847137451e-02
7.147101312875747681e-02
7.138714939355850220e-02
7.130347937345504761e-02
7.122002542018890381e-02
7.113676518201828003e-02
7.105374336242675781e-02
7.097093760967254639e-02
7.088836282491683960e-02
7.080603390932083130e-02
7.072393596172332764e-02
7.064209878444671631e-02
7.056051492691040039e-02
7.047919929027557373e-02
7.039815187454223633e-02
7.031737267971038818e-02
7.023687660694122314e-02
7.015665620565414429e-02
7.007673382759094238e-02
6.999708712100982666e-02
6.991774588823318481e-02
6.983869522809982300e-02
6.975995004177093506e-02
6.968151032924652100e-02
6.960337609052658081e-02
6.952554732561111450e-02
6.944803148508071899e-02
6.937082856893539429e-02
6.929393857717514038e-02
6.921736150979995728e-02
6.914110481739044189e-02
6.906515359878540039e-02
6.898953020572662354e-02
6.891421973705291748e-02
6.883922964334487915e-02
6.876455247402191162e-02
6.869019567966461182e-02
6.861615926027297974e-02
6.854242831468582153e-02
6.846902519464492798e-02
6.839592754840850830e-02
6.832315027713775635e-02
6.825067847967147827e-02
6.817851960659027100e-02
6.810667365789413452e-02
6.803514063358306885e-02
6.796391308307647705e-02
6.789299100637435913e-02
6.782237440347671509e-02
6.775207072496414185e-02
6.768206506967544556e-02
6.761235743761062622e-02
6.754296272993087769e-02
6.747386604547500610e-02
6.740507483482360840e-02
6.733657419681549072e-02
6.726837903261184692e-02
6.720048189163208008e-02
6.713287532329559326e-02
6.706558167934417725e-02
6.699857860803604126e-02
6.693186610937118530e-02
6.686545163393020630e-02
6.679934263229370117e-02
6.673352420330047607e-02
6.666800379753112793e-02
6.660278141498565674e-02
6.653785705566406250e-02
6.647322326898574829e-02
6.640888750553131104e-02
6.634484976530075073e-02
6.628110259771347046e-02
6.621765345335006714e-02
6.615449488162994385e-02
6.609164178371429443e-02
6.602907925844192505e-02
6.596679985523223877e-02
6.590481847524642944e-02
6.584312766790390015e-02
6.578172743320465088e-02
6.572061032056808472e-02
6.565979123115539551e-02
6.559924781322479248e-02
6.553898751735687256e-02
6.547901034355163574e-02
6.541931629180908203e-02
6.535989046096801758e-02
6.530073285102844238e-02
6.524185091257095337e-02
6.518322229385375977e-02
6.512486934661865234e-02
6.506676226854324341e-02
6.500891596078872681e-02
6.495130807161331177e-02
6.489394605159759521e-02
6.483681499958038330e-02
6.477992236614227295e-02
6.472325325012207031e-02
6.466680020093917847e-02
6.461056321859359741e-02
6.455452740192413330e-02
6.449869275093078613e-02
6.444305926561355591e-02
6.438759714365005493e-02
6.433232873678207397e-02
6.427722424268722534e-02
6.422227621078491211e-02
6.416749209165573120e-02
6.411285698413848877e-02
6.405836343765258789e-02
6.400400400161743164e-02
6.394976377487182617e-02
6.389564275741577148e-02
6.384164094924926758e-02
6.378773599863052368e-02
6.373393535614013672e-02
6.368021667003631592e-02
6.362658739089965820e-02
6.357302516698837280e-02
6.351954489946365356e-02
6.346611678600311279e-02
6.341274827718734741e-02
6.335943192243576050e-02
6.330615282058715820e-02
6.325292587280273438e-02
6.319972872734069824e-02
6.314656138420104980e-02
6.309341639280319214e-02
6.304030120372772217e-02
6.298719346523284912e-02
6.293410062789916992e-02
6.288101524114608765e-02
6.282793730497360229e-02
6.277485936880111694e-02
6.272178143262863159e-02
6.266870349645614624e-02
6.261562556028366089e-02
6.256253272294998169e-02
6.250942498445510864e-02
6.245630607008934021e-02
6.240317597985267639e-02
6.235003098845481873e-02
6.229687109589576721e-02
6.224368885159492493e-02
6.219048053026199341e-02
6.213725730776786804e-02
6.208400800824165344e-02
6.203072890639305115e-02
6.197743117809295654e-02
6.192409619688987732e-02
6.187073886394500732e-02
6.181734427809715271e-02
6.176391243934631348e-02
6.171044707298278809e-02
6.165694445371627808e-02
6.160339340567588806e-02
6.154980137944221497e-02
6.149616092443466187e-02
6.144247576594352722e-02
6.138873472809791565e-02
6.133493036031723022e-02
6.128107011318206787e-02
6.122714653611183167e-02
6.117314472794532776e-02
6.111907586455345154e-02
6.106493249535560608e-02
6.101069971919059753e-02
6.095638126134872437e-02
6.090196967124938965e-02
6.084746122360229492e-02
6.079285219311714172e-02
6.073812767863273621e-02
6.068329140543937683e-02
6.062832847237586975e-02
6.057324633002281189e-02
6.051803380250930786e-02
6.046267226338386536e-02
6.040717661380767822e-02
6.035153195261955261e-02
6.029572710394859314e-02
6.023976206779479980e-02
6.018363684415817261e-02
6.012734025716781616e-02
6.007086485624313354e-02
6.001421809196472168e-02
5.995737761259078979e-02
5.990035086870193481e-02
5.984313040971755981e-02
5.978571623563766479e-02
5.972810089588165283e-02
5.967028439044952393e-02
5.961226299405097961e-02
5.955403298139572144e-02
5.949559807777404785e-02
5.943695083260536194e-02
5.937809497117996216e-02
5.931902676820755005e-02
5.925975367426872253e-02
5.920026451349258423e-02
5.914056301116943359e-02
5.908066034317016602e-02
5.902054160833358765e-02
5.896022170782089233e-02
5.889970064163208008e-02
5.883897840976715088e-02
5.877806246280670166e-02
5.871694907546043396e-02
5.865564942359924316e-02
5.859415978193283081e-02
5.853248760104179382e-02
5.847063288092613220e-02
5.840860679745674133e-02
5.834641307592391968e-02
5.828405544161796570e-02
5.822153016924858093e-02
5.815885215997695923e-02
5.809602886438369751e-02
5.803305283188819885e-02
5.796993151307106018e-02
5.790667235851287842e-02
5.784329026937484741e-02
5.777976661920547485e-02
5.771612375974655151e-02
5.765235424041748047e-02
5.758847296237945557e-02
5.752447247505187988e-02
5.746035650372505188e-02
5.739614367485046387e-02
5.733181536197662354e-02
5.726737901568412781e-02
5.720284208655357361e-02
5.713820457458496094e-02
5.707346647977828979e-02
5.700862780213356018e-02
5.694369599223136902e-02
5.687866359949111938e-02
5.681352689862251282e-02
5.674830079078674316e-02
5.668297037482261658e-02
5.661753937602043152e-02
5.655200779438018799e-02
5.648637562990188599e-02
5.642064288258552551e-02
5.635480582714080811e-02
5.628886446356773376e-02
5.622281134128570557e-02
5.615665018558502197e-02
5.609038472175598145e-02
5.602400377392768860e-02
5.595751106739044189e-02
5.589090287685394287e-02
5.582417547702789307e-02
5.575733631849288940e-02
5.569038167595863342e-02
5.562330782413482666e-02
5.555611848831176758e-02
5.548880994319915771e-02
5.542138591408729553e-02
5.535384640097618103e-02
5.528618767857551575e-02
5.521841719746589661e-02
5.515053868293762207e-02
5.508255213499069214e-02
5.501445382833480835e-02
5.494625493884086609e-02
5.487795919179916382e-02
5.480956658720970154e-02
5.474108085036277771e-02
5.467251688241958618e-02
5.460386350750923157e-02
5.453514307737350464e-02
5.446635559201240540e-02
5.439750477671623230e-02
5.432859808206558228e-02
5.425964295864105225e-02
5.419064313173294067e-02
5.412162095308303833e-02
5.405256897211074829e-02
5.398350208997726440e-02
5.391442775726318359e-02
5.384535342454910278e-02
5.377628654241561890e-02
5.370723456144332886e-02
5.363821238279342651e-02
5.356922000646591187e-02
5.350026860833168030e-02
5.343137308955192566e-02
5.336252227425575256e-02
5.329374969005584717e-02
5.322504043579101562e-02
5.315641313791275024e-02
5.308787524700164795e-02
5.301942303776741028e-02
5.295107141137123108e-02
5.288282781839370728e-02
5.281468480825424194e-02
5.274665728211402893e-02
5.267874896526336670e-02
5.261095613241195679e-02
5.254328995943069458e-02
5.247575044631958008e-02
5.240833759307861328e-02
5.234105512499809265e-02
5.227389931678771973e-02
5.220688134431838989e-02
5.213999003171920776e-02
5.207323282957077026e-02
5.200660228729248047e-02
5.194010213017463684e-02
5.187373235821723938e-02
5.180748552083969116e-02
5.174136161804199219e-02
5.167536437511444092e-02
5.160948261618614197e-02
5.154372006654739380e-02
5.147807300090789795e-02
5.141253024339675903e-02
5.134710296988487244e-02
5.128177627921104431e-02
5.121655389666557312e-02
5.115143209695816040e-02
5.108640342950820923e-02
5.102147534489631653e-02
5.095663666725158691e-02
5.089188739657402039e-02
5.082723125815391541e-02
5.076265707612037659e-02
5.069817602634429932e-02
5.063377693295478821e-02
5.056946724653244019e-02
5.050524324178695679e-02
5.044110491871833801e-02
5.037705972790718079e-02
5.031310394406318665e-02
5.024923756718635559e-02
5.018546804785728455e-02
5.012179911136627197e-02
5.005823075771331787e-02
4.999477043747901917e-02
4.993141442537307739e-02
4.986817762255668640e-02
4.980506375432014465e-02
4.974207282066345215e-02
4.967921599745750427e-02
4.961649328470230103e-02
4.955392330884933472e-02
4.949149861931800842e-02
4.942923039197921753e-02
4.936712607741355896e-02
4.930519685149192810e-02
4.924344271421432495e-02
4.918187856674194336e-02
4.912050068378448486e-02
4.905932024121284485e-02
4.899834468960762024e-02
4.893758147954940796e-02
4.887703433632850647e-02
4.881670698523521423e-02
4.875660687685012817e-02
4.869673773646354675e-02
4.863710328936576843e-02
4.857770726084709167e-02
4.851855337619781494e-02
4.845964163541793823e-02
4.840097948908805847e-02
4.834256321191787720e-02
4.828439652919769287e-02
4.822647571563720703e-02
4.816880077123641968e-02
4.811137542128562927e-02
4.805419221520423889e-02
4.799725115299224854e-02
4.794055223464965820e-02
4.788408428430557251e-02
4.782784730195999146e-02
4.777184128761291504e-02
4.771605134010314941e-02
4.766047745943069458e-02
4.760511219501495361e-02
4.754994809627532959e-02
4.749498143792152405e-02
4.744020476937294006e-02
4.738560691475868225e-02
4.733118414878845215e-02
4.727692529559135437e-02
4.722282290458679199e-02
4.716887697577476501e-02
4.711507260799407959e-02
4.706139862537384033e-02
4.700785502791404724e-02
4.695443436503410339e-02
4.690112918615341187e-02
4.684792831540107727e-02
4.679482802748680115e-02
4.674182459712028503e-02
4.668891057372093201e-02
4.663608223199844360e-02
4.658333212137222290e-02
4.653066396713256836e-02
4.647807031869888306e-02
4.642554372549057007e-02
4.637308791279792786e-02
4.632069915533065796e-02
4.626837745308876038e-02
4.621612653136253357e-02
4.616393893957138062e-02
4.611182212829589844e-02
4.605976864695549011e-02
4.600779339671134949e-02
4.595589265227317810e-02
4.590407013893127441e-02
4.585232213139533997e-02
4.580066353082656860e-02
4.574909433722496033e-02
4.569761827588081360e-02
4.564624279737472534e-02
4.559496790170669556e-02
4.554380476474761963e-02
4.549275338649749756e-02
4.544182121753692627e-02
4.539101198315620422e-02
4.534033313393592834e-02
4.528979212045669556e-02
4.523938149213790894e-02
4.518911987543106079e-02
4.513900354504585266e-02
4.508903995156288147e-02
4.503922909498214722e-02
4.498957470059394836e-02
4.494008049368858337e-02
4.489074647426605225e-02
4.484156891703605652e-02
4.479255899786949158e-02
4.474370926618576050e-02
4.469501972198486328e-02
4.464648663997650146e-02
4.459811374545097351e-02
4.454988986253738403e-02
4.450181871652603149e-02
4.445388913154602051e-02
4.440610110759735107e-02
4.435845091938972473e-02
4.431092366576194763e-02
4.426351934671401978e-02
4.421622678637504578e-02
4.416903853416442871e-02
4.412194713950157166e-02
4.407494515180587769e-02
4.402802139520645142e-02
4.398116841912269592e-02
4.393437132239341736e-02
4.388762637972831726e-02
4.384091868996620178e-02
4.379423707723617554e-02
4.374757781624794006e-02
4.370092973113059998e-02
4.365427792072296143e-02
4.360761865973472595e-02
4.356094077229499817e-02
4.351423308253288269e-02
4.346748813986778259e-02
4.342070221900939941e-02
4.337386041879653931e-02
4.332696646451950073e-02
4.328000172972679138e-02
4.323296993970870972e-02
4.318586736917495728e-02
4.313867911696434021e-02
4.309141263365745544e-02
4.304406419396400452e-02
4.299662634730339050e-02
4.294910281896591187e-02
4.290149360895156860e-02
4.285379499197006226e-02
4.280601441860198975e-02
4.275815188884735107e-02
4.271020740270614624e-02
4.266218468546867371e-02
4.261409118771553040e-02
4.256593063473701477e-02
4.251770675182342529e-02
4.246943071484565735e-02
4.242110252380371094e-02
4.237272962927818298e-02
4.232431948184967041e-02
4.227587953209877014e-02
4.222742095589637756e-02
4.217894375324249268e-02
4.213046282529830933e-02
4.208197444677352905e-02
4.203350096940994263e-02
4.198503494262695312e-02
4.193659499287605286e-02
4.188817739486694336e-02
4.183979332447052002e-02
4.179145023226737976e-02
4.174314811825752258e-02
4.169489443302154541e-02
4.164668917655944824e-02
4.159854352474212646e-02
4.155045375227928162e-02
4.150241985917091370e-02
4.145444929599761963e-02
4.140653461217880249e-02
4.135868325829505920e-02
4.131088405847549438e-02
4.126314073801040649e-02
4.121545329689979553e-02
4.116781428456306458e-02
4.112021997570991516e-02
4.107265919446945190e-02
4.102513566613197327e-02
4.097763821482658386e-02
4.093015938997268677e-02
4.088269174098968506e-02
4.083522781729698181e-02
4.078776016831398010e-02
4.074028134346008301e-02
4.069277644157409668e-02
4.064524173736572266e-02
4.059766605496406555e-02
4.055003821849822998e-02
4.050235077738761902e-02
4.045459628105163574e-02
4.040676727890968323e-02
4.035884514451026917e-02
4.031082987785339355e-02
4.026271402835845947e-02
4.021448642015457153e-02
4.016613960266113281e-02
4.011767357587814331e-02
4.006907343864440918e-02
4.002034291625022888e-02
3.997147828340530396e-02
3.992246836423873901e-02
3.987331688404083252e-02
3.982402011752128601e-02
3.977457806468009949e-02
3.972499072551727295e-02
3.967525810003280640e-02
3.962538763880729675e-02
3.957537561655044556e-02
3.952522948384284973e-02
3.947495669126510620e-02
3.942455723881721497e-02
3.937404230237007141e-02
3.932341560721397400e-02
3.927268832921981812e-02
3.922186419367790222e-02
3.917095437645912170e-02
3.911997377872467041e-02
3.906892240047454834e-02
3.901782259345054626e-02
3.896667063236236572e-02
3.891548886895179749e-02
3.886428102850914001e-02
3.881306573748588562e-02
3.876184672117233276e-02
3.871063515543937683e-02
3.865944594144821167e-02
3.860828652977943420e-02
3.855716809630393982e-02
3.850609436631202698e-02
3.845508024096488953e-02
3.840413317084312439e-02
3.835325315594673157e-02
3.830245509743690491e-02
3.825174272060394287e-02
3.820112347602844238e-02
3.815059363842010498e-02
3.810016438364982605e-02
3.804982826113700867e-02
3.799960017204284668e-02
3.794947266578674316e-02
3.789944574236869812e-02
3.784951567649841309e-02
3.779968619346618652e-02
3.774994984269142151e-02
3.770030289888381958e-02
3.765074163675308228e-02
3.760125860571861267e-02
3.755185380578041077e-02
3.750251233577728271e-02
3.745323047041893005e-02
3.740399330854415894e-02
3.735480830073356628e-02
3.730564936995506287e-02
3.725652024149894714e-02
3.720740228891372681e-02
3.715829178690910339e-02
3.710918128490447998e-02
3.706005215644836426e-02
3.701090812683105469e-02
3.696173056960105896e-02
3.691251575946807861e-02
3.686325624585151672e-02
3.681394085288047791e-02
3.676456212997436523e-02
3.671512380242347717e-02
3.666561096906661987e-02
3.661601990461349487e-02
3.656634688377380371e-02
3.651659190654754639e-02
3.646675869822502136e-02
3.641682863235473633e-02
3.636682033538818359e-02
3.631672635674476624e-02
3.626654669642448425e-02
3.621629253029823303e-02
3.616596013307571411e-02
0.000000000000000000e+00
0.000000000000000000e+00
0.000000000000000000e+00
0.000000000000000000e+00
0.000000000000000000e+00
0.000000000000000000e+00
0.000000000000000000e+00
0.000000000000000000e+00
0.000000000000000000e+00
0.000000000000000000e+00
0.000000000000000000e+00
0.000000000000000000e+00
0.000000000000000000e+00
0.000000000000000000e+00
0.000000000000000000e+00
0.000000000000000000e+00
0.000000000000000000e+00
0.000000000000000000e+00
0.000000000000000000e+00
0.000000000000000000e+00
0.000000000000000000e+00
0.000000000000000000e+00
0.000000000000000000e+00
0.000000000000000000e+00
0.000000000000000000e+00
0.000000000000000000e+00
0.000000000000000000e+00
0.000000000000000000e+00
0.000000000000000000e+00
0.000000000000000000e+00
0.000000000000000000e+00
0.000000000000000000e+00
0.000000000000000000e+00
0.000000000000000000e+00
0.000000000000000000e+00
0.000000000000000000e+00
0.000000000000000000e+00
0.000000000000000000e+00
0.000000000000000000e+00
0.000000000000000000e+00
0.000000000000000000e+00
0.000000000000000000e+00
0.000000000000000000e+00
0.000000000000000000e+00
0.000000000000000000e+00
0.000000000000000000e+00
0.000000000000000000e+00
0.000000000000000000e+00
0.000000000000000000e+00
0.000000000000000000e+00
0.000000000000000000e+00
0.000000000000000000e+00
0.000000000000000000e+00
0.000000000000000000e+00
0.000000000000000000e+00
0.000000000000000000e+00
0.000000000000000000e+00
0.000000000000000000e+00
0.000000000000000000e+00
0.000000000000000000e+00
0.000000000000000000e+00
0.000000000000000000e+00
0.000000000000000000e+00
0.000000000000000000e+00
0.000000000000000000e+00
0.000000000000000000e+00
0.000000000000000000e+00
0.000000000000000000e+00
0.000000000000000000e+00
0.000000000000000000e+00
0.000000000000000000e+00
0.000000000000000000e+00
0.000000000000000000e+00
0.000000000000000000e+00
0.000000000000000000e+00
0.000000000000000000e+00
0.000000000000000000e+00
0.000000000000000000e+00
0.000000000000000000e+00
0.000000000000000000e+00
0.000000000000000000e+00
0.000000000000000000e+00
0.000000000000000000e+00
0.000000000000000000e+00
0.000000000000000000e+00
0.000000000000000000e+00
0.000000000000000000e+00
0.000000000000000000e+00
0.000000000000000000e+00
0.000000000000000000e+00
0.000000000000000000e+00
0.000000000000000000e+00
0.000000000000000000e+00
0.000000000000000000e+00
0.000000000000000000e+00
0.000000000000000000e+00
0.000000000000000000e+00
0.000000000000000000e+00
0.000000000000000000e+00
0.000000000000000000e+00
