# ee
1.369527820497751236e-02
2.304689958691596985e-02
2.595651894807815552e-02
2.260431088507175446e-02
1.614658720791339874e-02
9.908235631883144379e-03
5.715262144804000854e-03
3.710114397108554840e-03
3.079453017562627792e-03
2.915717894211411476e-03
2.796174492686986923e-03
2.404419472441077232e-03
2.130783163011074066e-03
2.046971581876277924e-03
2.103840466588735580e-03
2.307869261130690575e-03
2.502680756151676178e-03
2.673552837222814560e-03
2.894253702834248543e-03
3.183561842888593674e-03
3.617774462327361107e-03
4.198803566396236420e-03
4.881894215941429138e-03
5.681290756911039352e-03
6.584763526916503906e-03
7.579413708299398422e-03
8.677463978528976440e-03
9.877855889499187469e-03
1.118403021246194839e-02
1.259132381528615952e-02
1.408800389617681503e-02
1.569047756493091583e-02
1.743052527308464050e-02
1.932496018707752228e-02
2.138740755617618561e-02
2.360095269978046417e-02
2.595325000584125519e-02
2.845246717333793640e-02
3.111748769879341125e-02
3.396797552704811096e-02
3.700667992234230042e-02
4.023193567991256714e-02
4.362721368670463562e-02
4.718639329075813293e-02
5.090803280472755432e-02
5.479604378342628479e-02
5.886274203658103943e-02
6.309814006090164185e-02
6.748482584953308105e-02
7.200010120868682861e-02
7.672644406557083130e-02
8.180791884660720825e-02
8.723254501819610596e-02
9.297347813844680786e-02
9.888412058353424072e-02
1.048590913414955139e-01
1.109110265970230103e-01
1.170823201537132263e-01
1.234302073717117310e-01
1.300520002841949463e-01
1.369377076625823975e-01
1.440505385398864746e-01
1.514057368040084839e-01
1.589813381433486938e-01
1.667129248380661011e-01
1.746038347482681274e-01
1.826966404914855957e-01
1.909521669149398804e-01
1.994130164384841919e-01
2.080700099468231201e-01
2.169002294540405273e-01
2.258736044168472290e-01
2.349823862314224243e-01
2.442410439252853394e-01
2.536545097827911377e-01
2.632189393043518066e-01
2.729655504226684570e-01
2.828436791896820068e-01
2.928622066974639893e-01
3.029753267765045166e-01
3.132083415985107422e-01
3.235392868518829346e-01
3.339685201644897461e-01
3.444741070270538330e-01
3.550719618797302246e-01
3.657360374927520752e-01
3.764857351779937744e-01
3.873105645179748535e-01
3.981778025627136230e-01
4.090844392776489258e-01
4.200198352336883545e-01
4.309807717800140381e-01
4.419343173503875732e-01
4.528845846652984619e-01
4.638209939002990723e-01
4.747328758239746094e-01
4.856169819831848145e-01
4.964404106140136719e-01
5.072072744369506836e-01
5.179813504219055176e-01
5.286181569099426270e-01
5.391961932182312012e-01
5.497197508811950684e-01
5.601187348365783691e-01
5.704716444015502930e-01
5.806339979171752930e-01
5.906844735145568848e-01
6.005528569221496582e-01
6.102434992790222168e-01
6.198343634605407715e-01
6.292532086372375488e-01
6.385017633438110352e-01
6.475071907043457031e-01
6.564197540283203125e-01
6.650180816650390625e-01
6.733781695365905762e-01
6.816502213478088379e-01
6.896871328353881836e-01
6.973420977592468262e-01
7.049137353897094727e-01
7.121065855026245117e-01
7.189964652061462402e-01
7.256594300270080566e-01
7.320227026939392090e-01
7.381622195243835449e-01
7.439309358596801758e-01
7.494792938232421875e-01
7.546600699424743652e-01
7.594749927520751953e-01
7.640736699104309082e-01
7.683066725730895996e-01
7.722464203834533691e-01
7.758914828300476074e-01
7.791658639907836914e-01
7.820680141448974609e-01
7.846706509590148926e-01
7.868977785110473633e-01
7.888965606689453125e-01
7.904422879219055176e-01
7.916078567504882812e-01
7.924658656120300293e-01
7.930147051811218262e-01
7.931785583496093750e-01
7.931044697761535645e-01
7.925677895545959473e-01
7.917899489402770996e-01
7.906206250190734863e-01
7.891326546669006348e-01
7.873987555503845215e-01
7.853423357009887695e-01
7.828848361968994141e-01
7.801700234413146973e-01
7.771930098533630371e-01
7.739487886428833008e-01
7.704325914382934570e-01
7.666394710540771484e-01
7.626388669013977051e-01
7.582772374153137207e-01
7.536983489990234375e-01
7.489715218544006348e-01
7.439433932304382324e-01
7.386832237243652344e-01
7.332605123519897461e-01
7.275959849357604980e-01
7.218333482742309570e-01
7.157447934150695801e-01
7.096969485282897949e-01
7.033876180648803711e-01
6.970348358154296875e-01
6.906337141990661621e-01
6.841049790382385254e-01
6.774436831474304199e-01
6.709421277046203613e-01
6.642981767654418945e-01
6.577292680740356445e-01
6.511538624763488770e-01
6.447871327400207520e-01
6.383239030838012695e-01
6.319794654846191406e-01
6.257459521293640137e-01
6.196899414062500000e-01
6.137291789054870605e-01
6.079303622245788574e-01
6.024341583251953125e-01
5.970915555953979492e-01
5.920360088348388672e-01
5.872448086738586426e-01
5.827471017837524414e-01
5.785872936248779297e-01
5.747796893119812012e-01
5.713387727737426758e-01
5.683012008666992188e-01
5.656889081001281738e-01
5.635311007499694824e-01
5.618570446968078613e-01
5.607035160064697266e-01
5.600848793983459473e-01
5.600303411483764648e-01
5.605617165565490723e-01
5.617313385009765625e-01
5.635424852371215820e-01
5.660514235496520996e-01
5.692770481109619141e-01
5.732606649398803711e-01
5.780361294746398926e-01
5.836222767829895020e-01
5.900679826736450195e-01
5.973920226097106934e-01
6.056430935859680176e-01
6.148476004600524902e-01
6.250318884849548340e-01
6.362370848655700684e-01
6.484524607658386230e-01
6.618677973747253418e-01
6.762939691543579102e-01
6.918835043907165527e-01
7.086331248283386230e-01
7.265393137931823730e-01
7.457472681999206543e-01
7.661792039871215820e-01
7.879803776741027832e-01
8.110730051994323730e-01
8.354535698890686035e-01
8.612673282623291016e-01
8.885107636451721191e-01
9.171802997589111328e-01
9.472725391387939453e-01
9.788582324981689453e-01
1.011934041976928711e+00
1.046570658683776855e+00
1.082690119743347168e+00
1.120512127876281738e+00
1.159884452819824219e+00
1.200877666473388672e+00
1.243488430976867676e+00
1.287787437438964844e+00
1.333845496177673340e+00
1.381510496139526367e+00
1.430853128433227539e+00
1.482018351554870605e+00
1.534854054450988770e+00
1.589505434036254883e+00
1.645894527435302734e+00
1.704092025756835938e+00
1.764094352722167969e+00
1.825823426246643066e+00
1.889647722244262695e+00
1.955043077468872070e+00
2.022451877593994141e+00
2.091575145721435547e+00
2.162640810012817383e+00
2.235432863235473633e+00
2.310256004333496094e+00
2.386819124221801758e+00
2.465501546859741211e+00
2.545863866806030273e+00
2.628284931182861328e+00
2.712622880935668945e+00
2.798884630203247070e+00
2.887002706527709961e+00
2.977207422256469727e+00
3.069282531738281250e+00
3.163309335708618164e+00
3.259220600128173828e+00
3.357245922088623047e+00
3.457021236419677734e+00
3.558924674987792969e+00
3.662666082382202148e+00
3.768327236175537109e+00
3.875839710235595703e+00
3.985509157180786133e+00
4.096746921539306641e+00
4.210155010223388672e+00
4.325220108032226562e+00
4.442173004150390625e+00
4.561019420623779297e+00
4.681693077087402344e+00
4.804126739501953125e+00
4.928326606750488281e+00
5.054374694824218750e+00
5.181980609893798828e+00
5.311375141143798828e+00
5.442490100860595703e+00
5.575333595275878906e+00
5.709763050079345703e+00
5.845786571502685547e+00
5.983410835266113281e+00
6.122568130493164062e+00
6.263118743896484375e+00
6.405811786651611328e+00
6.549539566040039062e+00
6.693938732147216797e+00
6.840502262115478516e+00
6.987750053405761719e+00
7.137178421020507812e+00
7.286562919616699219e+00
7.438140392303466797e+00
7.591177463531494141e+00
7.744191646575927734e+00
7.898679256439208984e+00
8.053906440734863281e+00
8.210622787475585938e+00
8.368837356567382812e+00
8.527074813842773438e+00
8.686085700988769531e+00
8.845878601074218750e+00
9.007950782775878906e+00
9.169335365295410156e+00
9.330787658691406250e+00
9.494544982910156250e+00
9.657643318176269531e+00
9.821578025817871094e+00
9.986358642578125000e+00
1.015050792694091797e+01
1.031552028656005859e+01
1.047992038726806641e+01
1.064594554901123047e+01
1.081137561798095703e+01
1.097696304321289062e+01
1.114346027374267578e+01
1.130864810943603516e+01
1.147402000427246094e+01
1.164032936096191406e+01
1.180387020111083984e+01
1.196911144256591797e+01
1.213383102416992188e+01
1.229729652404785156e+01
1.246100330352783203e+01
1.262347412109375000e+01
1.278546333312988281e+01
1.294772052764892578e+01
1.310877132415771484e+01
1.326936721801757812e+01
1.342803287506103516e+01
1.358626270294189453e+01
1.374406719207763672e+01
1.389996814727783203e+01
1.405620574951171875e+01
1.421056079864501953e+01
1.436304283142089844e+01
1.451588821411132812e+01
1.466613864898681641e+01
1.481528759002685547e+01
1.496260166168212891e+01
1.510957717895507812e+01
1.525399398803710938e+01
1.539660644531250000e+01
1.553816604614257812e+01
1.567719745635986328e+01
1.581519317626953125e+01
1.595141506195068359e+01
1.608511734008789062e+01
1.621704673767089844e+01
1.634719848632812500e+01
1.647557640075683594e+01
1.660143661499023438e+01
1.672403526306152344e+01
1.684486198425292969e+01
1.696391487121582031e+01
1.708045005798339844e+01
1.719446754455566406e+01
1.730671691894531250e+01
1.741496086120605469e+01
1.752143287658691406e+01
1.762539100646972656e+01
1.772534561157226562e+01
1.782353401184082031e+01
1.791920471191406250e+01
1.801161956787109375e+01
1.810077857971191406e+01
1.818742370605468750e+01
1.827081489562988281e+01
1.835169410705566406e+01
1.842931938171386719e+01
1.850443077087402344e+01
1.857554626464843750e+01
1.864340972900390625e+01
1.870876121520996094e+01
1.877160453796386719e+01
1.882822227478027344e+01
1.888381767272949219e+01
1.893541908264160156e+01
1.898302459716796875e+01
1.902886772155761719e+01
1.907071495056152344e+01
1.910857009887695312e+01
1.914317703247070312e+01
1.917230415344238281e+01
1.920115280151367188e+01
1.922526931762695312e+01
1.924762153625488281e+01
1.926523971557617188e+01
1.927961158752441406e+01
1.928999137878417969e+01
1.929712295532226562e+01
1.930101013183593750e+01
1.930090522766113281e+01
1.929755401611328125e+01
1.929095649719238281e+01
1.928036689758300781e+01
1.926577949523925781e+01
1.924867439270019531e+01
1.922755241394042969e+01
1.920240783691406250e+01
1.917471504211425781e+01
1.914298439025878906e+01
1.910794830322265625e+01
1.907033920288085938e+01
1.902791976928710938e+01
1.898291397094726562e+01
1.893456649780273438e+01
1.888286972045898438e+01
1.882781410217285156e+01
1.877013397216796875e+01
1.870833778381347656e+01
1.864389801025390625e+01
1.857457733154296875e+01
1.850334167480468750e+01
1.842943763732910156e+01
1.835211372375488281e+01
1.827135848999023438e+01
1.818716430664062500e+01
1.810026741027832031e+01
1.800991249084472656e+01
1.791757774353027344e+01
1.782176780700683594e+01
1.772321510314941406e+01
1.762191009521484375e+01
1.751858901977539062e+01
1.741175651550292969e+01
1.730214118957519531e+01
1.719122505187988281e+01
1.707676696777343750e+01
1.696098709106445312e+01
1.684238815307617188e+01
1.672096252441406250e+01
1.659744262695312500e+01
1.647256088256835938e+01
1.634482192993164062e+01
1.621496009826660156e+01
1.608296394348144531e+01
1.594956684112548828e+01
1.581475830078125000e+01
1.567629909515380859e+01
1.553789520263671875e+01
1.539805030822753906e+01
1.525526523590087891e+01
1.511176395416259766e+01
1.496753311157226562e+01
1.482107448577880859e+01
1.467387104034423828e+01
1.452591609954833984e+01
1.437646102905273438e+01
1.422624111175537109e+01
1.407450866699218750e+01
1.392274284362792969e+01
1.377019309997558594e+01
1.361759853363037109e+01
1.346346759796142578e+01
1.330927562713623047e+01
1.315427684783935547e+01
1.299994945526123047e+01
1.284554290771484375e+01
1.269105434417724609e+01
1.253572940826416016e+01
1.238105010986328125e+01
1.222700881958007812e+01
1.207211303710937500e+01
1.191858577728271484e+01
1.176641941070556641e+01
1.161412048339843750e+01
1.146242523193359375e+01
1.131207084655761719e+01
1.116156291961669922e+01
1.101312351226806641e+01
1.086526012420654297e+01
1.071796417236328125e+01
1.057271575927734375e+01
1.042876529693603516e+01
1.028610324859619141e+01
1.014546775817871094e+01
1.000610637664794922e+01
9.868756294250488281e+00
9.732665061950683594e+00
9.599312782287597656e+00
9.467948913574218750e+00
9.337821006774902344e+00
9.210411071777343750e+00
9.085708618164062500e+00
8.962964057922363281e+00
8.842911720275878906e+00
8.724058151245117188e+00
8.609369277954101562e+00
8.496606826782226562e+00
8.387248992919921875e+00
8.280546188354492188e+00
8.175745964050292969e+00
8.075071334838867188e+00
7.976283550262451172e+00
7.881607055664062500e+00
7.790297508239746094e+00
7.701613903045654297e+00
7.616301059722900391e+00
7.535103321075439453e+00
7.457428455352783203e+00
7.382980346679687500e+00
7.312801361083984375e+00
7.245925903320312500e+00
7.183024883270263672e+00
7.123802185058593750e+00
7.068706512451171875e+00
7.017515182495117188e+00
6.970528125762939453e+00
6.927671432495117188e+00
6.889020919799804688e+00
6.854728698730468750e+00
6.824645519256591797e+00
6.798997402191162109e+00
6.777711391448974609e+00
6.760862827301025391e+00
6.748677253723144531e+00
6.741006851196289062e+00
6.737854480743408203e+00
6.739369392395019531e+00
6.745553970336914062e+00
6.756410121917724609e+00
6.771939754486083984e+00
6.792440891265869141e+00
6.817694187164306641e+00
6.847626209259033203e+00
6.882536888122558594e+00
6.922278881072998047e+00
6.966929912567138672e+00
7.016564369201660156e+00
7.071037292480468750e+00
7.130425930023193359e+00
7.194878578186035156e+00
7.264102935791015625e+00
7.338546276092529297e+00
7.417765140533447266e+00
7.501984596252441406e+00
7.591281890869140625e+00
7.685511589050292969e+00
7.784674644470214844e+00
7.888552665710449219e+00
7.997370719909667969e+00
8.111130714416503906e+00
8.229837417602539062e+00
8.353492736816406250e+00
8.482099533081054688e+00
8.615663528442382812e+00
8.752700805664062500e+00
8.896191596984863281e+00
9.043908119201660156e+00
9.196599960327148438e+00
9.353528022766113281e+00
9.516185760498046875e+00
9.682345390319824219e+00
9.852757453918457031e+00
1.002817058563232422e+01
1.020858860015869141e+01
1.039253044128417969e+01
1.058223152160644531e+01
1.077472591400146484e+01
1.097224807739257812e+01
1.117331600189208984e+01
1.137942314147949219e+01
1.158983230590820312e+01
1.180380535125732422e+01
1.202209281921386719e+01
1.224395656585693359e+01
1.246940326690673828e+01
1.269918251037597656e+01
1.293181419372558594e+01
1.316879177093505859e+01
1.340937805175781250e+01
1.365283584594726562e+01
1.390066051483154297e+01
1.415137100219726562e+01
1.440497398376464844e+01
1.466222095489501953e+01
1.492237567901611328e+01
1.518544673919677734e+01
1.545143795013427734e+01
1.571961688995361328e+01
1.599147605895996094e+01
1.626553916931152344e+01
1.654255294799804688e+01
1.682104301452636719e+01
1.710324478149414062e+01
1.738619232177734375e+01
1.767287254333496094e+01
1.796105575561523438e+01
1.825001335144042969e+01
1.854272651672363281e+01
1.883474159240722656e+01
1.912978363037109375e+01
1.942637825012207031e+01
1.972453308105468750e+01
2.002425193786621094e+01
2.032405662536621094e+01
2.062617111206054688e+01
2.092837142944335938e+01
2.123139953613281250e+01
2.153525733947753906e+01
2.183994483947753906e+01
2.214546394348144531e+01
2.245032882690429688e+01
2.275528717041015625e+01
2.306107902526855469e+01
2.336771011352539062e+01
2.367146110534667969e+01
2.397679710388183594e+01
2.428074455261230469e+01
2.458553504943847656e+01
2.488968658447265625e+01
2.519319725036621094e+01
2.549681854248046875e+01
2.579757118225097656e+01
2.609843635559082031e+01
2.639792633056640625e+01
2.669530296325683594e+01
2.699131202697753906e+01
2.728595161437988281e+01
2.757922744750976562e+01
2.787039947509765625e+01
2.815946960449218750e+01
2.844643974304199219e+01
2.873130989074707031e+01
2.901408767700195312e+01
2.929402923583984375e+01
2.957262420654296875e+01
2.984690475463867188e+01
3.011984443664550781e+01
3.039070320129394531e+01
3.065651130676269531e+01
3.092098426818847656e+01
3.118115806579589844e+01
3.143926048278808594e+01
3.169380950927734375e+01
3.194406700134277344e+01
3.219226074218750000e+01
3.243468093872070312e+01
3.267430496215820312e+01
3.291038894653320312e+01
3.314219284057617188e+01
3.337046432495117188e+01
3.359372329711914062e+01
3.381270599365234375e+01
3.402891159057617188e+01
3.424010086059570312e+01
3.444554138183593750e+01
3.464745712280273438e+01
3.484510421752929688e+01
3.503773880004882812e+01
3.522536468505859375e+01
3.540872192382812500e+01
3.558707046508789062e+01
3.575966262817382812e+01
3.592724227905273438e+01
3.609055709838867188e+01
3.624885940551757812e+01
3.640066146850585938e+01
3.654745101928710938e+01
3.668922805786132812e+01
3.682524871826171875e+01
3.695625686645507812e+01
3.708150482177734375e+01
3.720099639892578125e+01
3.731621170043945312e+01
3.742418289184570312e+01
3.752788162231445312e+01
3.762507247924804688e+01
3.771649932861328125e+01
3.780216598510742188e+01
3.788206100463867188e+01
3.795545196533203125e+01
3.802381896972656250e+01
3.808641052246093750e+01
3.814249420166015625e+01
3.819205856323242188e+01
3.823733520507812500e+01
3.827460861206054688e+01
3.830684661865234375e+01
3.833256149291992188e+01
3.835323715209960938e+01
3.836664199829101562e+01
3.837425994873046875e+01
3.837683105468750000e+01
3.837137985229492188e+01
3.836162185668945312e+01
3.834532546997070312e+01
3.832248687744140625e+01
3.829533004760742188e+01
3.826087570190429688e+01
3.822061538696289062e+01
3.817380142211914062e+01
3.812191009521484375e+01
3.806345748901367188e+01
3.799917984008789062e+01
3.792982482910156250e+01
3.785389709472656250e+01
3.777288818359375000e+01
3.768531036376953125e+01
3.759265518188476562e+01
3.749416732788085938e+01
3.739059829711914062e+01
3.728120040893554688e+01
3.716597366333007812e+01
3.704565429687500000e+01
3.692024612426757812e+01
3.678900527954101562e+01
3.665341567993164062e+01
3.651198577880859375e+01
3.636545562744140625e+01
3.621457290649414062e+01
3.605858612060546875e+01
3.589600753784179688e+01
3.572980880737304688e+01
3.555998611450195312e+01
3.538430786132812500e+01
3.520499420166015625e+01
3.502056503295898438e+01
3.483249664306640625e+01
3.464152908325195312e+01
3.444468688964843750e+01
3.424271011352539062e+01
3.403782272338867188e+01
3.382927322387695312e+01
3.361558151245117188e+01
3.340044784545898438e+01
3.318016052246093750e+01
3.295693588256835938e+01
3.272928619384765625e+01
3.249869155883789062e+01
3.226589202880859375e+01
3.203013610839843750e+01
3.179067802429199219e+01
3.154825210571289062e+01
3.130211067199707031e+01
3.105596160888671875e+01
3.080756950378417969e+01
3.055544281005859375e+01
3.030106353759765625e+01
3.004516410827636719e+01
2.978624916076660156e+01
2.952655029296875000e+01
2.926307487487792969e+01
2.899954414367675781e+01
2.873371696472167969e+01
2.846781921386718750e+01
2.819888877868652344e+01
2.792989158630371094e+01
2.765934753417968750e+01
2.738799667358398438e+01
2.711658477783203125e+01
2.684362983703613281e+01
2.656986999511718750e+01
2.629605484008789062e+01
2.602218246459960938e+01
2.574825286865234375e+01
2.547500991821289062e+01
2.520096588134765625e+01
2.492686843872070312e+01
2.465419960021972656e+01
2.438221931457519531e+01
2.411018562316894531e+01
2.383809471130371094e+01
2.356817817687988281e+01
2.329894828796386719e+01
2.303114700317382812e+01
2.276477622985839844e+01
2.249983596801757812e+01
2.223632431030273438e+01
2.197498321533203125e+01
2.171507072448730469e+01
2.145732879638671875e+01
2.120175743103027344e+01
2.094686889648437500e+01
2.069637489318847656e+01
2.044730949401855469e+01
2.020115280151367188e+01
1.995790481567382812e+01
1.971682167053222656e+01
1.947864723205566406e+01
1.924412155151367188e+01
1.901176071166992188e+01
1.878156089782714844e+01
1.855723762512207031e+01
1.833507347106933594e+01
1.811729812622070312e+01
1.790390968322753906e+01
1.769416618347167969e+01
1.748732185363769531e+01
1.728560638427734375e+01
1.708678817749023438e+01
1.689309883117675781e+01
1.670379066467285156e+01
1.651811981201171875e+01
1.633757591247558594e+01
1.616141319274902344e+01
1.598889160156250000e+01
1.582224178314208984e+01
1.565997886657714844e+01
1.550210189819335938e+01
1.535010242462158203e+01
1.520323657989501953e+01
1.506150722503662109e+01
1.492491340637207031e+01
1.479345989227294922e+01
1.466863441467285156e+01
1.454746532440185547e+01
1.443292617797851562e+01
1.432353401184082031e+01
1.422003555297851562e+01
1.412168788909912109e+01
1.402998065948486328e+01
1.394342899322509766e+01
1.386278057098388672e+01
1.378729438781738281e+01
1.371920204162597656e+01
1.365627765655517578e+01
1.360000896453857422e+01
1.354891586303710938e+01
1.350523090362548828e+01
1.346672534942626953e+01
1.343489170074462891e+01
1.340973281860351562e+01
1.339051055908203125e+01
1.337722778320312500e+01
1.336988925933837891e+01
1.336924362182617188e+01
1.337455177307128906e+01
1.338730335235595703e+01
1.340527725219726562e+01
1.342996311187744141e+01
1.346136474609375000e+01
1.349874782562255859e+01
1.354360389709472656e+01
1.359370708465576172e+01
1.364980888366699219e+01
1.371265792846679688e+01
1.378226089477539062e+01
1.385713958740234375e+01
1.394027233123779297e+01
1.402795219421386719e+01
1.412241458892822266e+01
1.422292327880859375e+01
1.433023262023925781e+01
1.444360160827636719e+01
1.456377029418945312e+01
1.468924522399902344e+01
1.482150459289550781e+01
1.495979976654052734e+01
1.510263538360595703e+01
1.525223827362060547e+01
1.540934085845947266e+01
1.556948184967041016e+01
1.573636913299560547e+01
1.590925502777099609e+01
1.608739280700683594e+01
1.627151870727539062e+01
1.646014213562011719e+01
1.665474319458007812e+01
1.685457611083984375e+01
1.706038093566894531e+01
1.727066421508789062e+01
1.748616790771484375e+01
1.770614814758300781e+01
1.793133926391601562e+01
1.816174125671386719e+01
1.839661026000976562e+01
1.863668251037597656e+01
1.887973022460937500e+01
1.912872123718261719e+01
1.938142395019531250e+01
1.963784027099609375e+01
1.989945220947265625e+01
2.016477203369140625e+01
2.043305778503417969e+01
2.070579338073730469e+01
2.098297882080078125e+01
2.126238441467285156e+01
2.154623985290527344e+01
2.183379936218261719e+01
2.212358093261718750e+01
2.241781044006347656e+01
2.271351814270019531e+01
2.301367759704589844e+01
2.331606101989746094e+01
2.362066650390625000e+01
2.392898368835449219e+01
2.423878479003906250e+01
2.455081558227539062e+01
2.486581993103027344e+01
2.518305397033691406e+01
2.550178337097167969e+01
2.582274818420410156e+01
2.614520835876464844e+01
2.646916961669921875e+01
2.679462242126464844e+01
2.712156105041503906e+01
2.744924163818359375e+01
2.777913856506347656e+01
2.810902404785156250e+01
2.843962669372558594e+01
2.877095222473144531e+01
2.910298919677734375e+01
2.943647766113281250e+01
2.976843833923339844e+01
3.010184478759765625e+01
3.043445587158203125e+01
3.076701545715332031e+01
3.109951591491699219e+01
3.143121337890625000e+01
3.176358795166015625e+01
3.209440994262695312e+01
3.242441558837890625e+01
3.275359725952148438e+01
3.308195877075195312e+01
3.340874862670898438e+01
3.373396682739257812e+01
3.405834960937500000e+01
3.438040924072265625e+01
3.470162963867187500e+01
3.502051544189453125e+01
3.533781814575195312e+01
3.565277862548828125e+01
3.596466064453125000e+01
3.627568054199218750e+01
3.658287048339843750e+01
3.688771438598632812e+01
3.719094848632812500e+01
3.749034500122070312e+01
3.778663253784179688e+01
3.808056640625000000e+01
3.837138748168945312e+01
3.865761566162109375e+01
3.894146728515625000e+01
3.922146606445312500e+01
3.949759674072265625e+01
3.976986312866210938e+01
4.003825759887695312e+01
4.030204010009765625e+01
4.056268692016601562e+01
4.081870651245117188e+01
4.107158660888671875e+01
4.131835174560546875e+01
4.156122207641601562e+01
4.180020141601562500e+01
4.203454589843750000e+01
4.226277923583984375e+01
4.248714447021484375e+01
4.270615005493164062e+01
4.292055511474609375e+01
4.312887573242187500e+01
4.333186721801757812e+01
4.353100967407226562e+01
4.372409820556640625e+01
4.391186523437500000e+01
4.409432601928710938e+01
4.427148437500000000e+01
4.444260025024414062e+01
4.460842895507812500e+01
4.476896667480468750e+01
4.492422485351562500e+01
4.507197570800781250e+01
4.521445465087890625e+01
4.535166549682617188e+01
4.548286819458007812e+01
4.560732650756835938e+01
4.572578811645507812e+01
4.583899307250976562e+01
4.594620513916015625e+01
4.604594421386718750e+01
4.614044189453125000e+01
4.622895431518554688e+01
4.631148529052734375e+01
4.638729476928710938e+01
4.645564270019531250e+01
4.651950073242187500e+01
4.657664489746093750e+01
4.662558364868164062e+01
4.667004394531250000e+01
4.670778656005859375e+01
4.673882293701171875e+01
4.676462936401367188e+01
4.678298187255859375e+01
4.679833984375000000e+01
4.680401611328125000e+01
4.680372238159179688e+01
4.679671859741210938e+01
4.678448867797851562e+01
4.676554107666015625e+01
4.673839569091796875e+01
4.670750808715820312e+01
4.666915512084960938e+01
4.662483215332031250e+01
4.657452774047851562e+01
4.651749801635742188e+01
4.645375061035156250e+01
4.638477325439453125e+01
4.630908203125000000e+01
4.622741699218750000e+01
4.613904953002929688e+01
4.604471588134765625e+01
4.594442367553710938e+01
4.583816909790039062e+01
4.572670364379882812e+01
4.561002731323242188e+01
4.548664855957031250e+01
4.535880661010742188e+01
4.522426605224609375e+01
4.508526229858398438e+01
4.493955993652343750e+01
4.478939437866210938e+01
4.463253402709960938e+01
4.447195434570312500e+01
4.430392837524414062e+01
4.413143920898437500e+01
4.395448303222656250e+01
4.377157211303710938e+01
4.358344268798828125e+01
4.339158630371093750e+01
4.319376373291015625e+01
4.299295425415039062e+01
4.278692245483398438e+01
4.257566070556640625e+01
4.236065673828125000e+01
4.214116668701171875e+01
4.191569137573242188e+01
4.168721008300781250e+01
4.145570755004882812e+01
4.121895980834960938e+01
4.097770309448242188e+01
4.073341369628906250e+01
4.048608779907226562e+01
4.023424148559570312e+01
3.997860336303710938e+01
3.972065734863281250e+01
3.945816421508789062e+01
3.919260787963867188e+01
3.892323303222656250e+01
3.865301132202148438e+01
3.837821960449218750e+01
3.810033035278320312e+01
3.782008743286132812e+01
3.753747177124023438e+01
3.725174331665039062e+01
3.696363067626953125e+01
3.667314529418945312e+01
3.638028717041015625e+01
3.608581542968750000e+01
3.578973007202148438e+01
3.549129867553710938e+01
3.519127273559570312e+01
3.489039993286132812e+01
3.458719635009765625e+01
3.428241729736328125e+01
3.397755432128906250e+01
3.367111968994140625e+01
3.336387634277343750e+01
3.305581283569335938e+01
3.274620437622070312e+01
3.243653488159179688e+01
3.212681579589843750e+01
3.181630516052246094e+01
3.150649261474609375e+01
3.119515800476074219e+01
3.088527297973632812e+01
3.057461929321289062e+01
3.026468276977539062e+01
2.995546913146972656e+01
2.964549636840820312e+01
2.933699798583984375e+01
2.902923393249511719e+01
2.872295570373535156e+01
2.841667747497558594e+01
2.811115074157714844e+01
2.780860519409179688e+01
2.750681304931640625e+01
2.720578384399414062e+01
2.690700721740722656e+01
2.660974121093750000e+01
2.631473541259765625e+01
2.602199554443359375e+01
2.572929191589355469e+01
2.544034957885742188e+01
2.515368270874023438e+01
2.486855506896972656e+01
2.458571434020996094e+01
2.430664825439453125e+01
2.402913665771484375e+01
2.375615501403808594e+01
2.348399162292480469e+01
2.321562385559082031e+01
2.295105743408203125e+01
2.268955612182617188e+01
2.243186569213867188e+01
2.217650222778320312e+01
2.192495536804199219e+01
2.167721557617187500e+01
2.143402481079101562e+01
2.119389533996582031e+01
2.095681953430175781e+01
2.072428131103515625e+01
2.049479484558105469e+01
2.026760864257812500e+01
2.004718208312988281e+01
1.983053779602050781e+01
1.961767578125000000e+01
1.941007804870605469e+01
1.920551490783691406e+01
1.900621223449707031e+01
1.881142425537109375e+01
1.862115097045898438e+01
1.843613624572753906e+01
1.825488853454589844e+01
1.807889366149902344e+01
1.790741157531738281e+01
1.774043655395507812e+01
1.757945632934570312e+01
1.742224502563476562e+01
1.727028274536132812e+01
1.712357711791992188e+01
1.698137664794921875e+01
1.684517669677734375e+01
1.671423149108886719e+01
1.658779716491699219e+01
1.646662139892578125e+01
1.635070800781250000e+01
1.624079704284667969e+01
1.613540458679199219e+01
1.603528213500976562e+01
1.594116973876953125e+01
1.585158729553222656e+01
1.576876640319824219e+01
1.568973922729492188e+01
1.561748218536376953e+01
1.554902553558349609e+01
1.548734664916992188e+01
1.543022251129150391e+01
1.537839984893798828e+01
1.533337020874023438e+01
1.529291057586669922e+01
1.525851249694824219e+01
1.522869777679443359e+01
1.520495605468750000e+01
1.518655395507812500e+01
1.517349529266357422e+01
1.516577243804931641e+01
1.516411876678466797e+01
1.516778469085693359e+01
1.517675971984863281e+01
1.519029426574707031e+01
1.520911979675292969e+01
1.523397636413574219e+01
1.526336765289306641e+01
1.529877281188964844e+01
1.533870029449462891e+01
1.538388633728027344e+01
1.543432331085205078e+01
1.549000930786132812e+01
1.555019187927246094e+01
1.561561203002929688e+01
1.568552017211914062e+01
1.576065540313720703e+01
1.584027099609375000e+01
1.592436122894287109e+01
1.601366806030273438e+01
1.610744285583496094e+01
1.620568656921386719e+01
1.630764770507812500e+01
1.641407394409179688e+01
1.652495765686035156e+01
1.664104270935058594e+01
1.676009750366210938e+01
1.688509559631347656e+01
1.701380157470703125e+01
1.714547729492187500e+01
1.728160858154296875e+01
1.742144584655761719e+01
1.756425285339355469e+01
1.771225929260253906e+01
1.786323356628417969e+01
1.801792144775390625e+01
1.817558097839355469e+01
1.833695602416992188e+01
1.850130653381347656e+01
1.866937637329101562e+01
1.884042739868164062e+01
1.901445960998535156e+01
1.919147491455078125e+01
1.937147903442382812e+01
1.955521774291992188e+01
1.974046707153320312e+01
1.992871284484863281e+01
2.011921691894531250e+01
2.031272888183593750e+01
2.050776290893554688e+01
2.070654487609863281e+01
2.090684318542480469e+01
2.110939025878906250e+01
2.131270027160644531e+01
2.151899337768554688e+01
2.172678184509277344e+01
2.193680572509765625e+01
2.214757156372070312e+01
2.235981941223144531e+01
2.257428932189941406e+01
2.278948974609375000e+01
2.300541687011718750e+01
2.322355651855468750e+01
2.344167327880859375e+01
2.366124916076660156e+01
2.388154220581054688e+01
2.410329055786132812e+01
2.432426071166992188e+01
2.454593658447265625e+01
2.476757431030273438e+01
2.499065589904785156e+01
2.521369361877441406e+01
2.543519592285156250e+01
2.565813827514648438e+01
2.588028335571289062e+01
2.610237693786621094e+01
2.632441520690917969e+01
2.654565238952636719e+01
2.676608467102050781e+01
2.698645782470703125e+01
2.720528030395507812e+01
2.742478179931640625e+01
2.764198303222656250e+01
2.785911750793457031e+01
2.807395172119140625e+01
2.828796577453613281e+01
2.850116539001464844e+01
2.871205711364746094e+01
2.892212486267089844e+01
2.912988281250000000e+01
2.933755493164062500e+01
2.954143142700195312e+01
2.974521827697753906e+01
2.994668388366699219e+01
3.014508438110351562e+01
3.034190559387207031e+01
3.053639793395996094e+01
3.073004722595214844e+01
3.091987800598144531e+01
3.110663604736328125e+01
3.129254531860351562e+01
3.147464561462402344e+01
3.165367698669433594e+01
3.183113670349121094e+01
3.200479507446289062e+01
3.217614746093750000e+01
3.234370422363281250e+01
3.250896072387695312e+01
3.267042922973632812e+01
3.282960128784179688e+01
3.298574066162109375e+01
3.313809967041015625e+01
3.328743362426757812e+01
3.343299102783203125e+01
3.357551956176757812e+01
3.371354293823242188e+01
3.385003280639648438e+01
3.398052215576171875e+01
3.410799789428710938e+01
3.423245239257812500e+01
3.435315322875976562e+01
3.446934509277343750e+01
3.458103561401367188e+01
3.468971252441406250e+01
3.479462814331054688e+01
3.489578628540039062e+01
3.499243927001953125e+01
3.508458709716796875e+01
3.517371749877929688e+01
3.525834274291992188e+01
3.533846282958984375e+01
3.541481399536132812e+01
3.548665618896484375e+01
3.555472183227539062e+01
3.561753082275390625e+01
3.567655944824218750e+01
3.573106765747070312e+01
3.578179168701171875e+01
3.582724380493164062e+01
3.586890029907226562e+01
3.590453338623046875e+01
3.593785095214843750e+01
3.596587371826171875e+01
3.598934555053710938e+01
3.600899887084960938e+01
3.602408599853515625e+01
3.603459930419921875e+01
3.604053497314453125e+01
3.604114151000976562e+01
3.603863906860351562e+01
3.603081512451171875e+01
3.601841354370117188e+01
3.600219345092773438e+01
3.598067092895507812e+01
3.595608520507812500e+01
3.592621231079101562e+01
3.589181137084960938e+01
3.585213851928710938e+01
3.580942916870117188e+01
3.576221466064453125e+01
3.571123123168945312e+01
3.565500640869140625e+01
3.559503173828125000e+01
3.553131103515625000e+01
3.546236038208007812e+01
3.539115905761718750e+01
3.531399917602539062e+01
3.523310852050781250e+01
3.514849090576171875e+01
3.506090164184570312e+01
3.496736145019531250e+01
3.487084579467773438e+01
3.477062225341796875e+01
3.466668701171875000e+01
3.455904388427734375e+01
3.444843292236328125e+01
3.433411407470703125e+01
3.421535110473632812e+01
3.409288024902343750e+01
3.396744537353515625e+01
3.383831024169921875e+01
3.370546722412109375e+01
3.357040405273437500e+01
3.343089294433593750e+01
3.328915405273437500e+01
3.314296722412109375e+01
3.299455261230468750e+01
3.284242630004882812e+01
3.268806457519531250e+01
3.253147506713867188e+01
3.237116241455078125e+01
3.220786666870117188e+01
3.204158782958984375e+01
3.187380218505859375e+01
3.170228195190429688e+01
3.152850723266601562e+01
3.135247421264648438e+01
3.117268943786621094e+01
3.099212646484375000e+01
3.080854415893554688e+01
3.062269592285156250e+01
3.043606758117675781e+01
3.024643898010253906e+01
3.005455207824707031e+01
2.986190032958984375e+01
2.966625404357910156e+01
2.946911048889160156e+01
2.927046585083007812e+01
2.907181358337402344e+01
2.886943817138671875e+01
2.866632080078125000e+01
2.846171188354492188e+01
2.825636672973632812e+01
2.804953956604003906e+01
2.784122848510742188e+01
2.763144493103027344e+01
2.742241287231445312e+01
2.721116638183593750e+01
2.699993515014648438e+01
2.678797721862792969e+01
2.657529449462890625e+01
2.636263275146484375e+01
2.614924621582031250e+01
2.593514442443847656e+01
2.572106361389160156e+01
2.550775146484375000e+01
2.529223823547363281e+01
2.507897949218750000e+01
2.486352348327636719e+01
2.464958000183105469e+01
2.443567276000976562e+01
2.422179412841796875e+01
2.400869369506835938e+01
2.379562568664550781e+01
2.358333778381347656e+01
2.337182807922363281e+01
2.316035652160644531e+01
2.294966316223144531e+01
2.274049949645996094e+01
2.253211784362792969e+01
2.232452011108398438e+01
2.211845016479492188e+01
2.191316986083984375e+01
2.170867538452148438e+01
2.150645828247070312e+01
2.130502891540527344e+01
2.110439300537109375e+01
2.090678024291992188e+01
2.070996475219726562e+01
2.051394271850585938e+01
2.032094192504882812e+01
2.012947463989257812e+01
1.994027519226074219e+01
1.975185585021972656e+01
1.956644058227539062e+01
1.938254165649414062e+01
1.920015144348144531e+01
1.902075576782226562e+01
1.884286308288574219e+01
1.866721534729003906e+01
1.849455070495605469e+01
1.832412338256835938e+01
1.815592956542968750e+01
1.798996734619140625e+01
1.782697868347167969e+01
1.766547393798828125e+01
1.750693511962890625e+01
1.735136604309082031e+01
1.719875717163085938e+01
1.704836845397949219e+01
1.690094375610351562e+01
1.675647735595703125e+01
1.661497306823730469e+01
1.647642326354980469e+01
1.634083557128906250e+01
1.620820617675781250e+01
1.607779121398925781e+01
1.595182037353515625e+01
1.582806777954101562e+01
1.570727539062500000e+01
1.559018707275390625e+01
1.547606277465820312e+01
1.536564540863037109e+01
1.525745105743408203e+01
1.515297031402587891e+01
1.505220317840576172e+01
1.495366668701171875e+01
1.485959529876708984e+01
1.476850318908691406e+01
1.468039608001708984e+01
1.459602165222167969e+01
1.451612567901611328e+01
1.443848323822021484e+01
1.436533069610595703e+01
1.429444217681884766e+01
1.422805213928222656e+01
1.416542530059814453e+01
1.410508155822753906e+01
1.404925441741943359e+01
1.399720573425292969e+01
1.394818782806396484e+01
1.390293407440185547e+01
1.386143493652343750e+01
1.382294178009033203e+01
1.378893184661865234e+01
1.375716876983642578e+01
1.372987365722656250e+01
1.370555686950683594e+01
1.368569374084472656e+01
1.366730976104736328e+01
1.365336990356445312e+01
1.364312648773193359e+01
1.363582992553710938e+01
1.363221836090087891e+01
1.363229084014892578e+01
1.363529682159423828e+01
1.364197731018066406e+01
1.365158462524414062e+01
1.366411590576171875e+01
1.368105411529541016e+01
1.370091152191162109e+01
1.372368621826171875e+01
1.374937438964843750e+01
1.377797794342041016e+01
1.381023406982421875e+01
1.384540176391601562e+01
1.388348197937011719e+01
1.392521286010742188e+01
1.396985435485839844e+01
1.401666259765625000e+01
1.406712436676025391e+01
1.412049674987792969e+01
1.417604064941406250e+01
1.423449802398681641e+01
1.429661273956298828e+01
1.436015987396240234e+01
1.442737007141113281e+01
1.449750328063964844e+01
1.456907463073730469e+01
1.464357471466064453e+01
1.472100734710693359e+01
1.479988765716552734e+01
1.488170623779296875e+01
1.496647071838378906e+01
1.505343723297119141e+01
1.514187240600585938e+01
1.523326206207275391e+01
1.532612991333007812e+01
1.542196464538574219e+01
1.551928615570068359e+01
1.561883068084716797e+01
1.572060012817382812e+01
1.582384300231933594e+01
1.592930221557617188e+01
1.603622817993164062e+01
1.614536285400390625e+01
1.625596046447753906e+01
1.636727523803710938e+01
1.648153305053710938e+01
1.659650230407714844e+01
1.671292495727539062e+01
1.683079910278320312e+01
1.695086479187011719e+01
1.707163429260253906e+01
1.719310760498046875e+01
1.731602287292480469e+01
1.744038391113281250e+01
1.756469917297363281e+01
1.769045829772949219e+01
1.781765747070312500e+01
1.794480705261230469e+01
1.807265663146972656e+01
1.820194244384765625e+01
1.833192443847656250e+01
1.846185874938964844e+01
1.859174346923828125e+01
1.872306632995605469e+01
1.885434150695800781e+01
1.898556518554687500e+01
1.911748695373535156e+01
1.925010108947753906e+01
1.938192367553710938e+01
1.951444053649902344e+01
1.964690971374511719e+01
1.977858924865722656e+01
1.991096115112304688e+01
2.004328727722167969e+01
2.017407989501953125e+01
2.030482482910156250e+01
2.043626403808593750e+01
2.056691741943359375e+01
2.069603347778320312e+01
2.082584953308105469e+01
2.095413017272949219e+01
2.108162307739257812e+01
2.120906829833984375e+01
2.133572387695312500e+01
2.146084594726562500e+01
2.158518028259277344e+01
2.170872306823730469e+01
2.183073616027832031e+01
2.195271110534667969e+01
2.207390975952148438e+01
2.219284629821777344e+01
2.231027221679687500e+01
2.242693328857421875e+01
2.254283142089843750e+01
2.265574073791503906e+01
2.276864242553710938e+01
2.287930488586425781e+01
2.298921966552734375e+01
2.309690284729003906e+01
2.320384597778320312e+01
2.330782127380371094e+01
2.341106033325195312e+01
2.351059341430664062e+01
2.361088180541992188e+01
2.370821189880371094e+01
2.380481529235839844e+01
2.390069580078125000e+01
2.399213409423828125e+01
2.408285331726074219e+01
2.417062187194824219e+01
2.425767135620117188e+01
2.434028816223144531e+01
2.442218589782714844e+01
2.450188064575195312e+01
2.457863044738769531e+01
2.465466308593750000e+01
2.472774887084960938e+01
2.479863357543945312e+01
2.486582565307617188e+01
2.493230056762695312e+01
2.499657058715820312e+01
2.505714607238769531e+01
2.511625671386718750e+01
2.517241287231445312e+01
2.522635841369628906e+01
2.527734565734863281e+01
2.532611656188964844e+01
2.537266540527343750e+01
2.541625022888183594e+01
2.545760726928710938e+01
2.549673461914062500e+01
2.553214263916015625e+01
2.556531143188476562e+01
2.559549522399902344e+01
2.562343215942382812e+01
2.564911651611328125e+01
2.567180442810058594e+01
2.569075393676757812e+01
2.570746231079101562e+01
2.572119140625000000e+01
2.573269462585449219e+01
2.574123191833496094e+01
2.574755477905273438e+01
2.575167083740234375e+01
2.575135421752929688e+01
2.574883842468261719e+01
2.574412918090820312e+01
2.573574829101562500e+01
2.572518539428710938e+01
2.571244049072265625e+01
2.569677925109863281e+01
2.567820358276367188e+01
2.565746116638183594e+01
2.563381004333496094e+01
2.560725212097167969e+01
2.557853507995605469e+01
2.554617309570312500e+01
2.551239967346191406e+01
2.547572708129882812e+01
2.543690109252929688e+01
2.539443588256835938e+01
2.535056304931640625e+01
2.530305099487304688e+01
2.525412940979003906e+01
2.520231437683105469e+01
2.514834403991699219e+01
2.509147834777832031e+01
2.503171539306640625e+01
2.497053909301757812e+01
2.490645980834960938e+01
2.484096336364746094e+01
2.477107620239257812e+01
2.470051002502441406e+01
2.462777328491210938e+01
2.455212593078613281e+01
2.447430229187011719e+01
2.439430236816406250e+01
2.431211853027343750e+01
2.422923660278320312e+01
2.414193344116210938e+01
2.405318069458007812e+01
2.396296882629394531e+01
2.387055397033691406e+01
2.377592849731445312e+01
2.367983055114746094e+01
2.358076858520507812e+01
2.348096656799316406e+01
2.337745475769042969e+01
2.327320861816406250e+01
2.316823196411132812e+01
2.306104087829589844e+01
2.295163726806640625e+01
2.284076881408691406e+01
2.272769355773925781e+01
2.261315727233886719e+01
2.249790191650390625e+01
2.238044738769531250e+01
2.226228141784667969e+01
2.214265823364257812e+01
2.202083778381347656e+01
2.189831161499023438e+01
2.177433204650878906e+01
2.164964485168457031e+01
2.152350807189941406e+01
2.139666366577148438e+01
2.126837158203125000e+01
2.113862991333007812e+01
2.100818252563476562e+01
2.087628555297851562e+01
2.074517059326171875e+01
2.061186218261718750e+01
2.047710227966308594e+01
2.034312248229980469e+01
2.020694923400878906e+01
2.007155227661132812e+01
1.993470191955566406e+01
1.979639816284179688e+01
1.965887069702148438e+01
1.952137184143066406e+01
1.938241767883300781e+01
1.924348831176757812e+01
1.910458755493164062e+01
1.896422576904296875e+01
1.882463073730468750e+01
1.868505859375000000e+01
1.854476356506347656e+01
1.840523147583007812e+01
1.826422882080078125e+01
1.812398719787597656e+01
1.798450279235839844e+01
1.784354591369628906e+01
1.770408439636230469e+01
1.756389045715332031e+01
1.742444801330566406e+01
1.728501319885253906e+01
1.714483642578125000e+01
1.700689506530761719e+01
1.686820983886718750e+01
1.673100471496582031e+01
1.659305191040039062e+01
1.645657157897949219e+01
1.631859207153320312e+01
1.618208122253417969e+01
1.604703521728515625e+01
1.591270637512207031e+01
1.577983665466308594e+01
1.564767932891845703e+01
1.551474475860595703e+01
1.538326263427734375e+01
1.525322532653808594e+01
1.512314701080322266e+01
1.499450969696044922e+01
1.486657142639160156e+01
1.474006938934326172e+01
1.461426067352294922e+01
1.448988437652587891e+01
1.436694049835205078e+01
1.424394226074218750e+01
1.412237167358398438e+01
1.400297260284423828e+01
1.388351440429687500e+01
1.376622486114501953e+01
1.364961624145507812e+01
1.353592014312744141e+01
1.342290401458740234e+01
1.331056976318359375e+01
1.319965934753417969e+01
1.309017467498779297e+01
1.298285770416259766e+01
1.287622165679931641e+01
1.277175617218017578e+01
1.266797542572021484e+01
1.256710910797119141e+01
1.246692848205566406e+01
1.236892509460449219e+01
1.227235412597656250e+01
1.217721843719482422e+01
1.208426570892333984e+01
1.199275207519531250e+01
1.190342521667480469e+01
1.181480216979980469e+01
1.172911548614501953e+01
1.164562320709228516e+01
1.156433296203613281e+01
1.148375892639160156e+01
1.140539264678955078e+01
1.132849311828613281e+01
1.125305652618408203e+01
1.117907619476318359e+01
1.110803031921386719e+01
1.103969097137451172e+01
1.097227001190185547e+01
1.090687370300292969e+01
1.084335041046142578e+01
1.078184223175048828e+01
1.072242069244384766e+01
1.066492938995361328e+01
1.060929107666015625e+01
1.055580043792724609e+01
1.050437736511230469e+01
1.045472049713134766e+01
1.040697765350341797e+01
1.036114311218261719e+01
1.031736373901367188e+01
1.027548885345458984e+01
1.023544120788574219e+01
1.019744205474853516e+01
1.016126537322998047e+01
1.012698554992675781e+01
1.009467506408691406e+01
1.006425857543945312e+01
1.003566169738769531e+01
1.000910663604736328e+01
9.984294891357421875e+00
9.961450576782226562e+00
9.940424919128417969e+00
9.921219825744628906e+00
9.903909683227539062e+00
9.888421058654785156e+00
9.874681472778320312e+00
9.862841606140136719e+00
9.852754592895507812e+00
9.844570159912109375e+00
9.838069915771484375e+00
9.833330154418945312e+00
9.830353736877441406e+00
9.829070091247558594e+00
9.829557418823242188e+00
9.831743240356445312e+00
9.835558891296386719e+00
9.841233253479003906e+00
9.848471641540527344e+00
9.857277870178222656e+00
9.867733955383300781e+00
9.879918098449707031e+00
9.893687248229980469e+00
9.908971786499023438e+00
9.925769805908203125e+00
9.944154739379882812e+00
9.963973999023437500e+00
9.985375404357910156e+00
1.000828170776367188e+01
1.003261947631835938e+01
1.005816173553466797e+01
1.008498287200927734e+01
1.011330509185791016e+01
1.014290332794189453e+01
1.017385292053222656e+01
1.020600318908691406e+01
1.023935508728027344e+01
1.027390670776367188e+01
1.030958557128906250e+01
1.034639072418212891e+01
1.038432216644287109e+01
1.042345428466796875e+01
1.046341800689697266e+01
1.050450897216796875e+01
1.054650592803955078e+01
1.058955955505371094e+01
1.063322162628173828e+01
1.067772006988525391e+01
1.072386932373046875e+01
1.077048397064208984e+01
1.081778907775878906e+01
1.086504077911376953e+01
1.091447162628173828e+01
1.096385192871093750e+01
1.101392841339111328e+01
1.106470108032226562e+01
1.111542987823486328e+01
1.116760253906250000e+01
1.122122001647949219e+01
1.127331256866455078e+01
1.132685375213623047e+01
1.138110446929931641e+01
1.143457794189453125e+01
1.148950767517089844e+01
1.154440784454345703e+01
1.159928226470947266e+01
1.165487480163574219e+01
1.171044635772705078e+01
1.176673984527587891e+01
1.182301712036132812e+01
1.187927722930908203e+01
1.193552589416503906e+01
1.199176311492919922e+01
1.204873561859130859e+01
1.210644626617431641e+01
1.216266822814941406e+01
1.221889019012451172e+01
1.227437305450439453e+01
1.233060646057128906e+01
1.238759326934814453e+01
1.244310665130615234e+01
1.249937820434570312e+01
1.255418300628662109e+01
1.260975360870361328e+01
1.266460514068603516e+01
1.271948432922363281e+01
1.277513694763183594e+01
1.282933712005615234e+01
1.288283061981201172e+01
1.293636226654052734e+01
1.298919200897216797e+01
1.304132270812988281e+01
1.309349918365478516e+01
1.314572429656982422e+01
1.319651412963867188e+01
1.324735736846923828e+01
1.329677009582519531e+01
1.334623908996582031e+01
1.339502429962158203e+01
1.344312763214111328e+01
1.348980617523193359e+01
1.353580570220947266e+01
1.358112907409667969e+01
1.362577533721923828e+01
1.367048835754394531e+01
1.371304130554199219e+01
1.375640678405761719e+01
1.379761219024658203e+01
1.383888721466064453e+01
1.387874794006347656e+01
1.391719341278076172e+01
1.395496654510498047e+01
1.399206638336181641e+01
1.402849292755126953e+01
1.406350326538085938e+01
1.409783840179443359e+01
1.413075542449951172e+01
1.416299343109130859e+01
1.419455528259277344e+01
1.422395038604736328e+01
1.425266265869140625e+01
1.428069114685058594e+01
1.430654716491699219e+01
1.433171653747558594e+01
1.435545825958251953e+01
1.437777900695800781e+01
1.440016841888427734e+01
1.442040252685546875e+01
1.443922996520996094e+01
1.445814037322998047e+01
1.447490978240966797e+01
1.449028205871582031e+01
1.450574970245361328e+01
1.451908683776855469e+01
1.453103828430175781e+01
1.454160785675048828e+01
1.455079746246337891e+01
1.455935382843017578e+01
1.456653499603271484e+01
1.457160186767578125e+01
1.457678318023681641e+01
1.457985305786132812e+01
1.458155632019042969e+01
1.458263587951660156e+01
1.458160686492919922e+01
1.457995605468750000e+01
1.457694435119628906e+01
1.457182502746582031e+01
1.456682872772216797e+01
1.456047058105468750e+01
1.455274868011474609e+01
1.454366493225097656e+01
1.453321552276611328e+01
1.452065944671630859e+01
1.450822448730468750e+01
1.449368095397949219e+01
1.447851181030273438e+01
1.446123123168945312e+01
1.444406414031982422e+01
1.442329502105712891e+01
1.440338134765625000e+01
1.438134765625000000e+01
1.435867595672607422e+01
1.433462333679199219e+01
1.430918502807617188e+01
1.428310012817382812e+01
1.425413894653320312e+01
1.422601127624511719e+01
1.419574165344238281e+01
1.416481304168701172e+01
1.413247776031494141e+01
1.409798812866210938e+01
1.406356906890869141e+01
1.402847576141357422e+01
1.399047756195068359e+01
1.395255088806152344e+01
1.391321277618408203e+01
1.387320613861083984e+01
1.383179283142089844e+01
1.378897094726562500e+01
1.374548816680908203e+01
1.370060062408447266e+01
1.365579605102539062e+01
1.360959053039550781e+01
1.356272697448730469e+01
1.351446247100830078e+01
1.346554088592529297e+01
1.341521930694580078e+01
1.336349868774414062e+01
1.331186199188232422e+01
1.325882625579833984e+01
1.320513153076171875e+01
1.315226554870605469e+01
1.309725284576416016e+01
1.304083538055419922e+01
1.298524379730224609e+01
1.292750263214111328e+01
1.286983966827392578e+01
1.281076812744140625e+01
1.275177001953125000e+01
1.269210338592529297e+01
1.263176441192626953e+01
1.257075214385986328e+01
1.250906372070312500e+01
1.244669628143310547e+01
1.238364887237548828e+01
1.232066059112548828e+01
1.225624370574951172e+01
1.219188117980957031e+01
1.212757110595703125e+01
1.206256675720214844e+01
1.199760913848876953e+01
1.193195152282714844e+01
1.186484813690185547e+01
1.179852581024169922e+01
1.173223781585693359e+01
1.166449642181396484e+01
1.159678268432617188e+01
1.152835178375244141e+01
1.145994377136230469e+01
1.139229774475097656e+01
1.132318210601806641e+01
1.125482463836669922e+01
1.118647575378417969e+01
1.111739253997802734e+01
1.104831600189208984e+01
1.097924232482910156e+01
1.090942668914794922e+01
1.084109592437744141e+01
1.077127647399902344e+01
1.070145034790039062e+01
1.063235855102539062e+01
1.056325912475585938e+01
1.049340248107910156e+01
1.042427539825439453e+01
1.035438919067382812e+01
1.028597068786621094e+01
1.021678924560546875e+01
1.014832782745361328e+01
1.007984352111816406e+01
1.001148128509521484e+01
9.943240165710449219e+00
9.875118255615234375e+00
9.807708740234375000e+00
9.740413665771484375e+00
9.673382759094238281e+00
9.606614112854003906e+00
9.540178298950195312e+00
9.474075317382812500e+00
9.408451080322265625e+00
9.343158721923828125e+00
9.278267860412597656e+00
9.213779449462890625e+00
9.149765968322753906e+00
9.086151123046875000e+00
9.023158073425292969e+00
8.960636138916015625e+00
8.898585319519042969e+00
8.837077140808105469e+00
8.776186943054199219e+00
8.715765953063964844e+00
8.656035423278808594e+00
8.596844673156738281e+00
8.538196563720703125e+00
8.480310440063476562e+00
8.423039436340332031e+00
8.366383552551269531e+00
8.310415267944335938e+00
8.255134582519531250e+00
8.200544357299804688e+00
8.146716117858886719e+00
8.093652725219726562e+00
8.041279792785644531e+00
7.989669799804687500e+00
7.938894748687744141e+00
7.888874053955078125e+00
7.839604377746582031e+00
7.791080474853515625e+00
7.743446350097656250e+00
7.696623325347900391e+00
7.650532722473144531e+00
7.605320453643798828e+00
7.560759067535400391e+00
7.517142295837402344e+00
7.474392890930175781e+00
7.432433128356933594e+00
7.391334533691406250e+00
7.351094722747802734e+00
7.311711311340332031e+00
7.273107051849365234e+00
7.235355377197265625e+00
7.198527812957763672e+00
7.162548542022705078e+00
7.127417564392089844e+00
7.093205928802490234e+00
7.059840202331542969e+00
7.027318954467773438e+00
6.995641708374023438e+00
6.964883327484130859e+00
6.935043334960937500e+00
6.906047821044921875e+00
6.877971172332763672e+00
6.850739955902099609e+00
6.824502944946289062e+00
6.799040317535400391e+00
6.774498939514160156e+00
6.750957489013671875e+00
6.728193283081054688e+00
6.706356525421142578e+00
6.685450077056884766e+00
6.665400981903076172e+00
6.646286487579345703e+00
6.628034591674804688e+00
6.610722541809082031e+00
6.594203948974609375e+00
6.578631401062011719e+00
6.564007282257080078e+00
6.550186157226562500e+00
6.537394523620605469e+00
6.525339126586914062e+00
6.514245510101318359e+00
6.503969669342041016e+00
6.494738578796386719e+00
6.486257553100585938e+00
6.478674411773681641e+00
6.471912384033203125e+00
6.466043949127197266e+00
6.460919857025146484e+00
6.456760406494140625e+00
6.453341484069824219e+00
6.450735569000244141e+00
6.448941707611083984e+00
6.447958946228027344e+00
6.447637081146240234e+00
6.448197841644287109e+00
6.449343681335449219e+00
6.451295852661132812e+00
6.454054832458496094e+00
6.457619190216064453e+00
6.462062358856201172e+00
6.466864585876464844e+00
6.472470760345458984e+00
6.478659152984619141e+00
6.485650539398193359e+00
6.493149757385253906e+00
6.501304149627685547e+00
6.510041236877441406e+00
6.519508838653564453e+00
6.529335975646972656e+00
6.539969921112060547e+00
6.551040172576904297e+00
6.562622070312500000e+00
6.574790000915527344e+00
6.587620735168457031e+00
6.600818157196044922e+00
6.614606857299804688e+00
6.628839492797851562e+00
6.643593311309814453e+00
6.658647060394287109e+00
6.674299240112304688e+00
6.690330982208251953e+00
6.706817626953125000e+00
6.723688602447509766e+00
6.740797042846679688e+00
6.758443832397460938e+00
6.776408672332763672e+00
6.794695377349853516e+00
6.813380718231201172e+00
6.832320690155029297e+00
6.851591587066650391e+00
6.871272087097167969e+00
6.891217231750488281e+00
6.911356925964355469e+00
6.931768417358398438e+00
6.952455043792724609e+00
6.973344802856445312e+00
6.994440555572509766e+00
7.015746116638183594e+00
7.037262439727783203e+00
7.058919429779052734e+00
7.080793380737304688e+00
7.102813720703125000e+00
7.124908447265625000e+00
7.147154808044433594e+00
7.169555187225341797e+00
7.191964626312255859e+00
7.214459419250488281e+00
7.237190723419189453e+00
7.259789943695068359e+00
7.282408714294433594e+00
7.305196762084960938e+00
7.327859878540039062e+00
7.350622653961181641e+00
7.373265743255615234e+00
7.395938396453857422e+00
7.418494224548339844e+00
7.441158771514892578e+00
7.463634967803955078e+00
7.485925674438476562e+00
7.508254051208496094e+00
7.530399799346923828e+00
7.552437782287597656e+00
7.574294090270996094e+00
7.596045970916748047e+00
7.617618083953857422e+00
7.639011383056640625e+00
7.660153388977050781e+00
7.681043148040771484e+00
7.701829433441162109e+00
7.722291469573974609e+00
7.742576122283935547e+00
7.762536048889160156e+00
7.782171249389648438e+00
7.801629543304443359e+00
7.820612907409667969e+00
7.839345932006835938e+00
7.857827186584472656e+00
7.875907421112060547e+00
7.893586635589599609e+00
7.910938739776611328e+00
7.927888393402099609e+00
7.944435596466064453e+00
7.960578918457031250e+00
7.976393699645996094e+00
7.991659164428710938e+00
8.006600379943847656e+00
8.021073341369628906e+00
8.035005569458007812e+00
8.048549652099609375e+00
8.061634063720703125e+00
8.074336051940917969e+00
8.086434364318847656e+00
8.098082542419433594e+00
8.109356880187988281e+00
8.119962692260742188e+00
8.130200386047363281e+00
8.139925003051757812e+00
8.149212837219238281e+00
8.157844543457031250e+00
8.166044235229492188e+00
8.173666000366210938e+00
8.180788040161132812e+00
8.187485694885253906e+00
8.193614006042480469e+00
8.199174880981445312e+00
8.204169273376464844e+00
8.208748817443847656e+00
8.212766647338867188e+00
8.216151237487792969e+00
8.219051361083984375e+00
8.221320152282714844e+00
8.223108291625976562e+00
8.224341392517089844e+00
8.225022315979003906e+00
8.225149154663085938e+00
8.224724769592285156e+00
8.223748207092285156e+00
8.222294807434082031e+00
8.220214843750000000e+00
8.217508316040039062e+00
8.214323997497558594e+00
8.210585594177246094e+00
8.206292152404785156e+00
8.201368331909179688e+00
8.195887565612792969e+00
8.189846038818359375e+00
8.183243751525878906e+00
8.176003456115722656e+00
8.168270111083984375e+00
8.159968376159667969e+00
8.151019096374511719e+00
8.141568183898925781e+00
8.131464004516601562e+00
8.120851516723632812e+00
8.109582901000976562e+00
8.097805976867675781e+00
8.085448265075683594e+00
8.072585105895996094e+00
8.059066772460937500e+00
8.045041084289550781e+00
8.030434608459472656e+00
8.015247344970703125e+00
7.999553203582763672e+00
7.983275890350341797e+00
7.966565132141113281e+00
7.949269771575927734e+00
7.931390285491943359e+00
7.913073539733886719e+00
7.894244194030761719e+00
7.874901294708251953e+00
7.854970455169677734e+00
7.834597110748291016e+00
7.813781738281250000e+00
7.792448520660400391e+00
7.770670413970947266e+00
7.748223304748535156e+00
7.725403308868408203e+00
7.702208995819091797e+00
7.678491592407226562e+00
7.654323577880859375e+00
7.629778385162353516e+00
7.604706287384033203e+00
7.579329967498779297e+00
7.553349971771240234e+00
7.527138710021972656e+00
7.500395774841308594e+00
7.473419666290283203e+00
7.445985317230224609e+00
7.418092727661132812e+00
7.389964103698730469e+00
7.361374378204345703e+00
7.332548141479492188e+00
7.303258895874023438e+00
7.273656845092773438e+00
7.243813514709472656e+00
7.213580131530761719e+00
7.183104515075683594e+00
7.152163028717041016e+00
7.121200084686279297e+00
7.089842319488525391e+00
7.058312416076660156e+00
7.026459217071533203e+00
6.994282722473144531e+00
6.961928844451904297e+00
6.929471969604492188e+00
6.896615505218505859e+00
6.863655090332031250e+00
6.830516815185546875e+00
6.797125339508056641e+00
6.763627529144287109e+00
6.729949951171875000e+00
6.696090221405029297e+00
6.662195682525634766e+00
6.627967834472656250e+00
6.593776226043701172e+00
6.559470653533935547e+00
6.525048732757568359e+00
6.490508079528808594e+00
6.455921649932861328e+00
6.421285152435302734e+00
6.386522769927978516e+00
6.351706027984619141e+00
6.316905975341796875e+00
6.281970977783203125e+00
6.247120380401611328e+00
6.212128162384033203e+00
6.177289009094238281e+00
6.142301082611083984e+00
6.107384681701660156e+00
6.072313308715820312e+00
6.037455558776855469e+00
6.002509593963623047e+00
5.967621803283691406e+00
5.932862758636474609e+00
5.898079872131347656e+00
5.863345146179199219e+00
5.828506469726562500e+00
5.793932914733886719e+00
5.759324073791503906e+00
5.724900245666503906e+00
5.690584182739257812e+00
5.656225681304931641e+00
5.622045516967773438e+00
5.588041305541992188e+00
5.554062843322753906e+00
5.520257949829101562e+00
5.486550331115722656e+00
5.453087329864501953e+00
5.419794559478759766e+00
5.386597156524658203e+00
5.353643417358398438e+00
5.320784091949462891e+00
5.288168907165527344e+00
5.255722999572753906e+00
5.223519325256347656e+00
5.191482543945312500e+00
5.159759998321533203e+00
5.128202438354492188e+00
5.096956253051757812e+00
5.065873622894287109e+00
5.034953594207763672e+00
5.004344463348388672e+00
4.974120616912841797e+00
4.944132804870605469e+00
4.914381504058837891e+00
4.884941577911376953e+00
4.855738639831542969e+00
4.826995849609375000e+00
4.798416137695312500e+00
4.770149230957031250e+00
4.742194652557373047e+00
4.714702606201171875e+00
4.687375068664550781e+00
4.660510063171386719e+00
4.633884906768798828e+00
4.607723236083984375e+00
4.581876277923583984e+00
4.556418418884277344e+00
4.531274795532226562e+00
4.506520748138427734e+00
4.482154846191406250e+00
4.458178520202636719e+00
4.434514522552490234e+00
4.411238670349121094e+00
4.388423919677734375e+00
4.365921020507812500e+00
4.343877315521240234e+00
4.322144031524658203e+00
4.300867557525634766e+00
4.279899120330810547e+00
4.259534358978271484e+00
4.239326000213623047e+00
4.219644546508789062e+00
4.200414180755615234e+00
4.181485652923583984e+00
4.162930488586425781e+00
4.144823074340820312e+00
4.127161026000976562e+00
4.109869956970214844e+00
4.092948436737060547e+00
4.076469421386718750e+00
4.060283184051513672e+00
4.044612884521484375e+00
4.029307842254638672e+00
4.014365673065185547e+00
3.999781370162963867e+00
3.985700607299804688e+00
3.971897602081298828e+00
3.958516836166381836e+00
3.945556640625000000e+00
3.932939767837524414e+00
3.920589447021484375e+00
3.908727407455444336e+00
3.897129058837890625e+00
3.885941743850708008e+00
3.875090599060058594e+00
3.864574670791625977e+00
3.854394674301147461e+00
3.844624757766723633e+00
3.835117101669311523e+00
3.825946807861328125e+00
3.817040681838989258e+00
3.808624267578125000e+00
3.800475597381591797e+00
3.792671203613281250e+00
3.785214662551879883e+00
3.778033733367919922e+00
3.771354675292968750e+00
3.764883279800415039e+00
3.758697748184204102e+00
3.752950429916381836e+00
3.747347593307495117e+00
3.742264986038208008e+00
3.737483739852905273e+00
3.732933998107910156e+00
3.728768348693847656e+00
3.724842548370361328e+00
3.721309661865234375e+00
3.718099355697631836e+00
3.715216398239135742e+00
3.712589740753173828e+00
3.710372447967529297e+00
3.708420038223266602e+00
3.706736564636230469e+00
3.705473184585571289e+00
3.704485416412353516e+00
3.703776836395263672e+00
3.703423976898193359e+00
3.703281402587890625e+00
3.703425884246826172e+00
3.703859806060791016e+00
3.704734086990356445e+00
3.705826997756958008e+00
3.707066059112548828e+00
3.708673715591430664e+00
3.710501432418823242e+00
3.712622404098510742e+00
3.714961767196655273e+00
3.717592239379882812e+00
3.720438718795776367e+00
3.723424911499023438e+00
3.726698160171508789e+00
3.730107307434082031e+00
3.733725309371948242e+00
3.737624406814575195e+00
3.741579055786132812e+00
3.745661735534667969e+00
3.749944925308227539e+00
3.754499673843383789e+00
3.759101867675781250e+00
3.763748884201049805e+00
3.768587589263916016e+00
3.773541688919067383e+00
3.778534889221191406e+00
3.783640384674072266e+00
3.788856506347656250e+00
3.794182062149047852e+00
3.799541711807250977e+00
3.804935455322265625e+00
3.810362100601196289e+00
3.815822124481201172e+00
3.821315288543701172e+00
3.826842784881591797e+00
3.832405090332031250e+00
3.837928771972656250e+00
3.843565464019775391e+00
3.849092483520507812e+00
3.854736089706420898e+00
3.860275745391845703e+00
3.865788459777832031e+00
3.871278524398803711e+00
3.876822233200073242e+00
3.882276058197021484e+00
3.887718439102172852e+00
3.893079042434692383e+00
3.898585319519042969e+00
3.903871059417724609e+00
3.909163951873779297e+00
3.914469480514526367e+00
3.919718503952026367e+00
3.924841403961181641e+00
3.930067777633666992e+00
3.935104846954345703e+00
0.000000000000000000e+00
0.000000000000000000e+00
0.000000000000000000e+00
0.000000000000000000e+00
0.000000000000000000e+00
0.000000000000000000e+00
0.000000000000000000e+00
0.000000000000000000e+00
0.000000000000000000e+00
0.000000000000000000e+00
0.000000000000000000e+00
0.000000000000000000e+00
0.000000000000000000e+00
0.000000000000000000e+00
0.000000000000000000e+00
0.000000000000000000e+00
0.000000000000000000e+00
0.000000000000000000e+00
0.000000000000000000e+00
0.000000000000000000e+00
0.000000000000000000e+00
0.000000000000000000e+00
0.000000000000000000e+00
0.000000000000000000e+00
0.000000000000000000e+00
0.000000000000000000e+00
0.000000000000000000e+00
0.000000000000000000e+00
0.000000000000000000e+00
0.000000000000000000e+00
0.000000000000000000e+00
0.000000000000000000e+00
0.000000000000000000e+00
0.000000000000000000e+00
0.000000000000000000e+00
0.000000000000000000e+00
0.000000000000000000e+00
0.000000000000000000e+00
0.000000000000000000e+00
0.000000000000000000e+00
0.000000000000000000e+00
0.000000000000000000e+00
0.000000000000000000e+00
0.000000000000000000e+00
0.000000000000000000e+00
0.000000000000000000e+00
0.000000000000000000e+00
0.000000000000000000e+00
0.000000000000000000e+00
0.000000000000000000e+00
0.000000000000000000e+00
0.000000000000000000e+00
0.000000000000000000e+00
0.000000000000000000e+00
0.000000000000000000e+00
0.000000000000000000e+00
0.000000000000000000e+00
0.000000000000000000e+00
0.000000000000000000e+00
0.000000000000000000e+00
0.000000000000000000e+00
0.000000000000000000e+00
0.000000000000000000e+00
0.000000000000000000e+00
0.000000000000000000e+00
0.000000000000000000e+00
0.000000000000000000e+00
0.000000000000000000e+00
0.000000000000000000e+00
0.000000000000000000e+00
0.000000000000000000e+00
0.000000000000000000e+00
0.000000000000000000e+00
0.000000000000000000e+00
0.000000000000000000e+00
0.000000000000000000e+00
0.000000000000000000e+00
0.000000000000000000e+00
0.000000000000000000e+00
0.000000000000000000e+00
0.000000000000000000e+00
0.000000000000000000e+00
0.000000000000000000e+00
0.000000000000000000e+00
0.000000000000000000e+00
0.000000000000000000e+00
0.000000000000000000e+00
0.000000000000000000e+00
0.000000000000000000e+00
0.000000000000000000e+00
0.000000000000000000e+00
0.000000000000000000e+00
0.000000000000000000e+00
0.000000000000000000e+00
0.000000000000000000e+00
0.000000000000000000e+00
0.000000000000000000e+00
0.000000000000000000e+00
0.000000000000000000e+00
0.000000000000000000e+00
