# tt
3.593218688964843750e+02
3.557008972167968750e+02
3.492902526855468750e+02
3.453382263183593750e+02
3.444736022949218750e+02
3.464442749023437500e+02
3.505930175781250000e+02
3.565419311523437500e+02
3.639335937500000000e+02
3.722669982910156250e+02
3.818887939453125000e+02
3.918895568847656250e+02
4.021918029785156250e+02
4.129552612304687500e+02
4.243099975585937500e+02
4.363270568847656250e+02
4.483258666992187500e+02
4.614335327148437500e+02
4.742192077636718750e+02
4.870340576171875000e+02
5.001091918945312500e+02
5.132702026367187500e+02
5.266065063476562500e+02
5.401077270507812500e+02
5.536257324218750000e+02
5.673784790039062500e+02
5.812022705078125000e+02
5.951962890625000000e+02
6.093143310546875000e+02
6.234087524414062500e+02
6.377006835937500000e+02
6.522037963867187500e+02
6.667715454101562500e+02
6.814171142578125000e+02
6.961004638671875000e+02
7.107804565429687500e+02
7.257066650390625000e+02
7.408807373046875000e+02
7.560753784179687500e+02
7.714345092773437500e+02
7.867300415039062500e+02
8.021052856445312500e+02
8.174061889648437500e+02
8.329989624023437500e+02
8.488059082031250000e+02
8.646833496093750000e+02
8.805637817382812500e+02
8.965286254882812500e+02
9.128075561523437500e+02
9.291818847656250000e+02
9.458679809570312500e+02
9.624848632812500000e+02
9.789492187500000000e+02
9.954743041992187500e+02
1.012278686523437500e+03
1.029301147460937500e+03
1.046559814453125000e+03
1.063923828125000000e+03
1.081411376953125000e+03
1.099332397460937500e+03
1.117085327148437500e+03
1.134880981445312500e+03
1.153004516601562500e+03
1.171072143554687500e+03
1.189369995117187500e+03
1.207741455078125000e+03
1.226477294921875000e+03
1.245347290039062500e+03
1.264493408203125000e+03
1.283766235351562500e+03
1.303189086914062500e+03
1.322716796875000000e+03
1.342379028320312500e+03
1.362279296875000000e+03
1.382362915039062500e+03
1.402684326171875000e+03
1.423288330078125000e+03
1.443996826171875000e+03
1.464928588867187500e+03
1.485987670898437500e+03
1.507256103515625000e+03
1.528675048828125000e+03
1.550334838867187500e+03
1.572101806640625000e+03
1.594062500000000000e+03
1.616436767578125000e+03
1.638772094726562500e+03
1.661433349609375000e+03
1.684265258789062500e+03
1.707188476562500000e+03
1.730353393554687500e+03
1.753763061523437500e+03
1.777198120117187500e+03
1.800884521484375000e+03
1.824528320312500000e+03
1.848578857421875000e+03
1.872816406250000000e+03
1.897095703125000000e+03
1.921642822265625000e+03
1.946312500000000000e+03
1.971479492187500000e+03
1.996552734375000000e+03
2.021832763671875000e+03
2.047248535156250000e+03
2.072877685546875000e+03
2.098426025390625000e+03
2.124343017578125000e+03
2.150408935546875000e+03
2.176552734375000000e+03
2.202851562500000000e+03
2.229307617187500000e+03
2.255996582031250000e+03
2.282771240234375000e+03
2.309781738281250000e+03
2.336807128906250000e+03
2.364145507812500000e+03
2.391650390625000000e+03
2.419174072265625000e+03
2.446867431640625000e+03
2.474583007812500000e+03
2.502396484375000000e+03
2.530309814453125000e+03
2.558324218750000000e+03
2.586367187500000000e+03
2.614514160156250000e+03
2.642692871093750000e+03
2.670904296875000000e+03
2.699225097656250000e+03
2.727581787109375000e+03
2.755976074218750000e+03
2.784485595703125000e+03
2.812964355468750000e+03
2.841489746093750000e+03
2.870064941406250000e+03
2.898544433593750000e+03
2.927079345703125000e+03
2.955598632812500000e+03
2.983956787109375000e+03
3.012453857421875000e+03
3.040795898437500000e+03
3.069208740234375000e+03
3.097621093750000000e+03
3.125887207031250000e+03
3.154084472656250000e+03
3.182439208984375000e+03
3.210507812500000000e+03
3.238516845703125000e+03
3.266543212890625000e+03
3.294367431640625000e+03
3.322140380859375000e+03
3.349714599609375000e+03
3.377238769531250000e+03
3.404638427734375000e+03
3.431915039062500000e+03
3.458919433593750000e+03
3.485949707031250000e+03
3.512783447265625000e+03
3.539420410156250000e+03
3.565935791015625000e+03
3.592329345703125000e+03
3.618527587890625000e+03
3.644679931640625000e+03
3.670488525390625000e+03
3.696251708984375000e+03
3.721820800781250000e+03
3.747270996093750000e+03
3.772379394531250000e+03
3.797294921875000000e+03
3.822017822265625000e+03
3.846400878906250000e+03
3.870517333984375000e+03
3.894294433593750000e+03
3.917880371093750000e+03
3.941202148437500000e+03
3.964110839843750000e+03
3.986756347656250000e+03
4.009065917968750000e+03
4.031040771484375000e+03
4.052830566406250000e+03
4.074213867187500000e+03
4.095266601562500000e+03
4.115915039062500000e+03
4.136310058593750000e+03
4.156377929687500000e+03
4.175748046875000000e+03
4.195091308593750000e+03
4.214037109375000000e+03
4.232513183593750000e+03
4.250964843750000000e+03
4.268651855468750000e+03
4.286095703125000000e+03
4.303074218750000000e+03
4.319812011718750000e+03
4.336086425781250000e+03
4.351899902343750000e+03
4.367402343750000000e+03
4.382520507812500000e+03
4.397255371093750000e+03
4.411608886718750000e+03
4.425506347656250000e+03
4.439022460937500000e+03
4.452080566406250000e+03
4.464605468750000000e+03
4.476743164062500000e+03
4.488344726562500000e+03
4.499556640625000000e+03
4.510154785156250000e+03
4.520285156250000000e+03
4.529947753906250000e+03
4.539140625000000000e+03
4.547712890625000000e+03
4.555886718750000000e+03
4.563511718750000000e+03
4.570660644531250000e+03
4.577257812500000000e+03
4.583450195312500000e+03
4.589087402343750000e+03
4.594242187500000000e+03
4.598914062500000000e+03
4.603100585937500000e+03
4.606800292968750000e+03
4.609863281250000000e+03
4.612584960937500000e+03
4.614741699218750000e+03
4.616404785156250000e+03
4.617500000000000000e+03
4.618173828125000000e+03
4.618350097656250000e+03
4.617953125000000000e+03
4.616981445312500000e+03
4.615582519531250000e+03
4.613679687500000000e+03
4.611124023437500000e+03
4.608136230468750000e+03
4.604565917968750000e+03
4.600486328125000000e+03
4.595895996093750000e+03
4.590867187500000000e+03
4.585175781250000000e+03
4.579118164062500000e+03
4.572542968750000000e+03
4.565449218750000000e+03
4.557835937500000000e+03
4.549701171875000000e+03
4.541117187500000000e+03
4.532082519531250000e+03
4.522522949218750000e+03
4.512583496093750000e+03
4.502115234375000000e+03
4.491264648437500000e+03
4.479807128906250000e+03
4.468112304687500000e+03
4.455881347656250000e+03
4.443186035156250000e+03
4.430099609375000000e+03
4.416619628906250000e+03
4.402668945312500000e+03
4.388321289062500000e+03
4.373648925781250000e+03
4.358500488281250000e+03
4.342875000000000000e+03
4.327140625000000000e+03
4.310851074218750000e+03
4.294078125000000000e+03
4.277042968750000000e+03
4.259520507812500000e+03
4.241657226562500000e+03
4.223302734375000000e+03
4.204752441406250000e+03
4.185781250000000000e+03
4.166610351562500000e+03
4.147014648437500000e+03
4.127141113281250000e+03
4.106913085937500000e+03
4.086477294921875000e+03
4.065608886718750000e+03
4.044529052734375000e+03
4.023160888671875000e+03
4.001503417968750000e+03
3.979702392578125000e+03
3.957458496093750000e+03
3.935068115234375000e+03
3.912453369140625000e+03
3.889613769531250000e+03
3.866471923828125000e+03
3.843100830078125000e+03
3.819572509765625000e+03
3.795810791015625000e+03
3.771887695312500000e+03
3.747801269531250000e+03
3.723252929687500000e+03
3.698833984375000000e+03
3.674097900390625000e+03
3.649413574218750000e+03
3.624406738281250000e+03
3.599299316406250000e+03
3.573940917968750000e+03
3.548551269531250000e+03
3.522980712890625000e+03
3.497301269531250000e+03
3.471586181640625000e+03
3.445760986328125000e+03
3.419823730468750000e+03
3.393848632812500000e+03
3.367760498046875000e+03
3.341632324218750000e+03
3.315463623046875000e+03
3.289327392578125000e+03
3.263074707031250000e+03
3.236853027343750000e+03
3.210661376953125000e+03
3.184424804687500000e+03
3.158216308593750000e+03
3.132035644531250000e+03
3.105881347656250000e+03
3.079753173828125000e+03
3.053649658203125000e+03
3.027644042968750000e+03
3.001736328125000000e+03
2.975850585937500000e+03
2.950060302734375000e+03
2.924364746093750000e+03
2.898762939453125000e+03
2.873328613281250000e+03
2.847911621093750000e+03
2.822659912109375000e+03
2.797572998046875000e+03
2.772575195312500000e+03
2.747739990234375000e+03
2.723140869140625000e+03
2.698628417968750000e+03
2.674275390625000000e+03
2.650156005859375000e+03
2.626120117187500000e+03
2.602315673828125000e+03
2.578741943359375000e+03
2.555322998046875000e+03
2.532207275390625000e+03
2.509245117187500000e+03
2.486435058593750000e+03
2.463925048828125000e+03
2.441640380859375000e+03
2.419653564453125000e+03
2.397815429687500000e+03
2.376273925781250000e+03
2.354953369140625000e+03
2.333927246093750000e+03
2.313120361328125000e+03
2.292606201171875000e+03
2.272532470703125000e+03
2.252527832031250000e+03
2.232890380859375000e+03
2.213471679687500000e+03
2.194420898437500000e+03
2.175664794921875000e+03
2.157203125000000000e+03
2.139111328125000000e+03
2.121240722656250000e+03
2.103741210937500000e+03
2.086538330078125000e+03
2.069707275390625000e+03
2.053174072265625000e+03
2.037013671875000000e+03
2.021152587890625000e+03
2.005665161132812500e+03
1.990552001953125000e+03
1.975665405273437500e+03
1.961302856445312500e+03
1.947241943359375000e+03
1.933483276367187500e+03
1.920101928710937500e+03
1.907098144531250000e+03
1.894472534179687500e+03
1.882151245117187500e+03
1.870283813476562500e+03
1.858796264648437500e+03
1.847614746093750000e+03
1.836814453125000000e+03
1.826469848632812500e+03
1.816432983398437500e+03
1.806704589843750000e+03
1.797433715820312500e+03
1.788621093750000000e+03
1.780044189453125000e+03
1.771926391601562500e+03
1.764120117187500000e+03
1.756699707031250000e+03
1.749666259765625000e+03
1.743019653320312500e+03
1.736761230468750000e+03
1.730816772460937500e+03
1.725335693359375000e+03
1.720169921875000000e+03
1.715319946289062500e+03
1.710934936523437500e+03
1.706792724609375000e+03
1.703116699218750000e+03
1.699759033203125000e+03
1.696720092773437500e+03
1.694074951171875000e+03
1.691824462890625000e+03
1.689895141601562500e+03
1.688287963867187500e+03
1.687078247070312500e+03
1.686118408203125000e+03
1.685557739257812500e+03
1.685323120117187500e+03
1.685489624023437500e+03
1.685909667968750000e+03
1.686732788085937500e+03
1.687811279296875000e+03
1.689220581054687500e+03
1.690886962890625000e+03
1.692960449218750000e+03
1.695293090820312500e+03
1.697885864257812500e+03
1.700814208984375000e+03
1.704078979492187500e+03
1.707606811523437500e+03
1.711472900390625000e+03
1.715604248046875000e+03
1.719927246093750000e+03
1.724517333984375000e+03
1.729449584960937500e+03
1.734650878906250000e+03
1.740047973632812500e+03
1.745715820312500000e+03
1.751581665039062500e+03
1.757794677734375000e+03
1.764207397460937500e+03
1.770746459960937500e+03
1.777635986328125000e+03
1.784653808593750000e+03
1.791875610351562500e+03
1.799376464843750000e+03
1.807083129882812500e+03
1.814922485351562500e+03
1.823043945312500000e+03
1.831300048828125000e+03
1.839766357421875000e+03
1.848295043945312500e+03
1.857110107421875000e+03
1.866064208984375000e+03
1.875158203125000000e+03
1.884318847656250000e+03
1.893695922851562500e+03
1.903141845703125000e+03
1.912806274414062500e+03
1.922615966796875000e+03
1.932497802734375000e+03
1.942451782226562500e+03
1.952627441406250000e+03
1.962801513671875000e+03
1.973049316406250000e+03
1.983519165039062500e+03
1.993914550781250000e+03
2.004458496093750000e+03
2.015077270507812500e+03
2.025771240234375000e+03
2.036466064453125000e+03
2.047236694335937500e+03
2.058009277343750000e+03
2.068783691406250000e+03
2.079560791015625000e+03
2.090414794921875000e+03
2.101346435546875000e+03
2.112207275390625000e+03
2.123071777343750000e+03
2.134014892578125000e+03
2.144739501953125000e+03
2.155617919921875000e+03
2.166427001953125000e+03
2.177241699218750000e+03
2.188062255859375000e+03
2.198740722656250000e+03
2.209351562500000000e+03
2.219969238281250000e+03
2.230520019531250000e+03
2.241004150390625000e+03
2.251422119140625000e+03
2.261848388671875000e+03
2.272060791015625000e+03
2.282133300781250000e+03
2.292289794921875000e+03
2.302307373046875000e+03
2.312186767578125000e+03
2.321927978515625000e+03
2.331605712890625000e+03
2.341220703125000000e+03
2.350549804687500000e+03
2.359890869140625000e+03
2.369095703125000000e+03
2.378164794921875000e+03
2.387023925781250000e+03
2.395747558593750000e+03
2.404336669921875000e+03
2.412791259765625000e+03
2.421185791015625000e+03
2.429372314453125000e+03
2.437276855468750000e+03
2.445196533203125000e+03
2.452833984375000000e+03
2.460263671875000000e+03
2.467708496093750000e+03
2.474796630859375000e+03
2.481825439453125000e+03
2.488571777343750000e+03
2.495184326171875000e+03
2.501514404296875000e+03
2.507784912109375000e+03
2.513772949218750000e+03
2.519626953125000000e+03
2.525272705078125000e+03
2.530709960937500000e+03
2.535938964843750000e+03
2.540885009765625000e+03
2.545696533203125000e+03
2.550373779296875000e+03
2.554768310546875000e+03
2.558879638671875000e+03
2.562781982421875000e+03
2.566549560546875000e+03
2.570108154296875000e+03
2.573309326171875000e+03
2.576375488281250000e+03
2.579381103515625000e+03
2.582028564453125000e+03
2.584466552734375000e+03
2.586620849609375000e+03
2.588788330078125000e+03
2.590523193359375000e+03
2.592047851562500000e+03
2.593363037109375000e+03
2.594467773437500000e+03
2.595362548828125000e+03
2.596121093750000000e+03
2.596520507812500000e+03
2.596783691406250000e+03
2.596836425781250000e+03
2.596603759765625000e+03
2.596234375000000000e+03
2.595579345703125000e+03
2.594787353515625000e+03
2.593709716796875000e+03
2.592494628906250000e+03
2.590993652343750000e+03
2.589354980468750000e+03
2.587503906250000000e+03
2.585440917968750000e+03
2.583239257812500000e+03
2.580750732421875000e+03
2.578123535156250000e+03
2.575283203125000000e+03
2.572229003906250000e+03
2.568961181640625000e+03
2.565553222656250000e+03
2.561931396484375000e+03
2.558094482421875000e+03
2.554191406250000000e+03
2.549924316406250000e+03
2.545664794921875000e+03
2.541189208984375000e+03
2.536572021484375000e+03
2.531738281250000000e+03
2.526761962890625000e+03
2.521643066406250000e+03
2.516380859375000000e+03
2.510901123046875000e+03
2.505352050781250000e+03
2.499584472656250000e+03
2.493672607421875000e+03
2.487690185546875000e+03
2.481562988281250000e+03
2.475290527343750000e+03
2.468946533203125000e+03
2.462382080078125000e+03
2.455745849609375000e+03
2.449036865234375000e+03
2.442255371093750000e+03
2.435177734375000000e+03
2.428101318359375000e+03
2.420950683593750000e+03
2.413725830078125000e+03
2.406426757812500000e+03
2.398978271484375000e+03
2.391528808593750000e+03
2.383929443359375000e+03
2.376254150390625000e+03
2.368502197265625000e+03
2.360747802734375000e+03
2.352916259765625000e+03
2.345007324218750000e+03
2.336945800781250000e+03
2.328880371093750000e+03
2.320885009765625000e+03
2.312810302734375000e+03
2.304878906250000000e+03
2.296793212890625000e+03
2.288627197265625000e+03
2.280454589843750000e+03
2.272275634765625000e+03
2.264015625000000000e+03
2.255897705078125000e+03
2.247699218750000000e+03
2.239567871093750000e+03
2.231207519531250000e+03
2.223062988281250000e+03
2.214986083984375000e+03
2.206828369140625000e+03
2.198738037109375000e+03
2.190715087890625000e+03
2.182611328125000000e+03
2.174648925781250000e+03
2.166679687500000000e+03
2.158777587890625000e+03
2.151017089843750000e+03
2.143249511718750000e+03
2.135474853515625000e+03
2.127915771484375000e+03
2.120275390625000000e+03
2.112775878906250000e+03
2.105417724609375000e+03
2.098052490234375000e+03
2.090753662109375000e+03
2.083596191406250000e+03
2.076579345703125000e+03
2.069629394531250000e+03
2.062820312500000000e+03
2.056003417968750000e+03
2.049327392578125000e+03
2.042866210937500000e+03
2.036397216796875000e+03
2.030143188476562500e+03
2.024029785156250000e+03
2.017908325195312500e+03
2.012001708984375000e+03
2.006235351562500000e+03
2.000609375000000000e+03
1.995124023437500000e+03
1.989778808593750000e+03
1.984499633789062500e+03
1.979435058593750000e+03
1.974585083007812500e+03
1.969800781250000000e+03
1.965156738281250000e+03
1.960801635742187500e+03
1.956437744140625000e+03
1.952362792968750000e+03
1.948427856445312500e+03
1.944632934570312500e+03
1.940978393554687500e+03
1.937612426757812500e+03
1.934312377929687500e+03
1.931152832031250000e+03
1.928282104492187500e+03
1.925552124023437500e+03
1.922888183593750000e+03
1.920588012695312500e+03
1.918428344726562500e+03
1.916409790039062500e+03
1.914606079101562500e+03
1.912943603515625000e+03
1.911496337890625000e+03
1.910190551757812500e+03
1.909100097656250000e+03
1.908225341796875000e+03
1.907417846679687500e+03
1.906974975585937500e+03
1.906599487304687500e+03
1.906514282226562500e+03
1.906496948242187500e+03
1.906770263671875000e+03
1.907185668945312500e+03
1.907817749023437500e+03
1.908592285156250000e+03
1.909583740234375000e+03
1.910792358398437500e+03
1.912143798828125000e+03
1.913786743164062500e+03
1.915573120117187500e+03
1.917502685546875000e+03
1.919724487304687500e+03
1.922015502929687500e+03
1.924450317382812500e+03
1.927103637695312500e+03
1.930049560546875000e+03
1.933065551757812500e+03
1.936300537109375000e+03
1.939680175781250000e+03
1.943278930664062500e+03
1.947022827148437500e+03
1.950986450195312500e+03
1.955021240234375000e+03
1.959350463867187500e+03
1.963825561523437500e+03
1.968446655273437500e+03
1.973214477539062500e+03
1.978128662109375000e+03
1.983264282226562500e+03
1.988546875000000000e+03
1.993976440429687500e+03
1.999553222656250000e+03
2.005276977539062500e+03
2.011073364257812500e+03
2.017091186523437500e+03
2.023181518554687500e+03
2.029567504882812500e+03
2.035951904296875000e+03
2.042557373046875000e+03
2.049235839843750000e+03
2.056061035156250000e+03
2.063107910156250000e+03
2.070078613281250000e+03
2.077270751953125000e+03
2.084610107421875000e+03
2.092022216796875000e+03
2.099507080078125000e+03
2.107139648437500000e+03
2.114770507812500000e+03
2.122697509765625000e+03
2.130549316406250000e+03
2.138548339843750000e+03
2.146620605468750000e+03
2.154766357421875000e+03
2.163060058593750000e+03
2.171352539062500000e+03
2.179718994140625000e+03
2.188158935546875000e+03
2.196598632812500000e+03
2.205260742187500000e+03
2.213848144531250000e+03
2.222584228515625000e+03
2.231320312500000000e+03
2.240130615234375000e+03
2.248866699218750000e+03
2.257751953125000000e+03
2.266563232421875000e+03
2.275449462890625000e+03
2.284336425781250000e+03
2.293298339843750000e+03
2.302261230468750000e+03
2.311225585937500000e+03
2.320265136718750000e+03
2.329231933593750000e+03
2.338125976562500000e+03
2.347021728515625000e+03
2.355993896484375000e+03
2.364967773437500000e+03
2.373869628906250000e+03
2.382773925781250000e+03
2.391680175781250000e+03
2.400514404296875000e+03
2.409276367187500000e+03
2.418114501953125000e+03
2.426731689453125000e+03
2.435499267578125000e+03
2.444045166015625000e+03
2.452667236328125000e+03
2.461141845703125000e+03
2.469543457031250000e+03
2.478020751953125000e+03
2.486276367187500000e+03
2.494532714843750000e+03
2.502641601562500000e+03
2.510751220703125000e+03
2.518713378906250000e+03
2.526601562500000000e+03
2.534416015625000000e+03
2.542082519531250000e+03
2.549675048828125000e+03
2.557119384765625000e+03
2.564489746093750000e+03
2.571711425781250000e+03
2.578933593750000000e+03
2.585858154296875000e+03
2.592708496093750000e+03
2.599633056640625000e+03
2.606185546875000000e+03
2.612663574218750000e+03
2.619066894531250000e+03
2.625246582031250000e+03
2.631351562500000000e+03
2.637307373046875000e+03
2.643039306640625000e+03
2.648696044921875000e+03
2.654128906250000000e+03
2.659412353515625000e+03
2.664545898437500000e+03
2.669603515625000000e+03
2.674437255859375000e+03
2.679120849609375000e+03
2.683580078125000000e+03
2.687814697265625000e+03
2.691898681640625000e+03
2.695980712890625000e+03
2.699689697265625000e+03
2.703247558593750000e+03
2.706654785156250000e+03
2.709910888671875000e+03
2.712941650390625000e+03
2.715672851562500000e+03
2.718401367187500000e+03
2.720830322265625000e+03
2.723182373046875000e+03
2.725234863281250000e+03
2.727062011718750000e+03
2.728663574218750000e+03
2.730188476562500000e+03
2.731413574218750000e+03
2.732413330078125000e+03
2.733261962890625000e+03
2.733885009765625000e+03
2.734431152343750000e+03
2.734677490234375000e+03
2.734623779296875000e+03
2.734418701171875000e+03
2.734136718750000000e+03
2.733554443359375000e+03
2.732820556640625000e+03
2.731786621093750000e+03
2.730600830078125000e+03
2.729188964843750000e+03
2.727476806640625000e+03
2.725686767578125000e+03
2.723596191406250000e+03
2.721279052734375000e+03
2.718884033203125000e+03
2.716188232421875000e+03
2.713339843750000000e+03
2.710264404296875000e+03
2.706961914062500000e+03
2.703506591796875000e+03
2.699749755859375000e+03
2.695914062500000000e+03
2.691702148437500000e+03
2.687410888671875000e+03
2.682891845703125000e+03
2.678070556640625000e+03
2.673169433593750000e+03
2.668040039062500000e+03
2.662681884765625000e+03
2.657169189453125000e+03
2.651353271484375000e+03
2.645456787109375000e+03
2.639405029296875000e+03
2.633198242187500000e+03
2.626761474609375000e+03
2.620020263671875000e+03
2.613271728515625000e+03
2.606218261718750000e+03
2.599009033203125000e+03
2.591643798828125000e+03
2.584049072265625000e+03
2.576224365234375000e+03
2.568393066406250000e+03
2.560258056640625000e+03
2.551968505859375000e+03
2.543524414062500000e+03
2.534999755859375000e+03
2.526246826171875000e+03
2.517339599609375000e+03
2.508278076171875000e+03
2.499062988281250000e+03
2.489545654296875000e+03
2.480246337890625000e+03
2.470570556640625000e+03
2.460815673828125000e+03
2.450907714843750000e+03
2.440846435546875000e+03
2.430706787109375000e+03
2.420414306640625000e+03
2.409968750000000000e+03
2.399445068359375000e+03
2.388768798828125000e+03
2.377939941406250000e+03
2.367181396484375000e+03
2.356122070312500000e+03
2.345059082031250000e+03
2.333918212890625000e+03
2.322625244140625000e+03
2.311254150390625000e+03
2.299879882812500000e+03
2.288279052734375000e+03
2.276600585937500000e+03
2.264918945312500000e+03
2.253085205078125000e+03
2.241322509765625000e+03
2.229259277343750000e+03
2.217267333984375000e+03
2.205272216796875000e+03
2.193199218750000000e+03
2.180974853515625000e+03
2.168821289062500000e+03
2.156516113281250000e+03
2.144207763671875000e+03
2.131821777343750000e+03
2.119506835937500000e+03
2.107114746093750000e+03
2.094644775390625000e+03
2.082246093750000000e+03
2.069770019531250000e+03
2.057142333984375000e+03
2.044734619140625000e+03
2.032175415039062500e+03
2.019613525390625000e+03
2.007123291015625000e+03
1.994704711914062500e+03
1.982209228515625000e+03
1.969637207031250000e+03
1.957137207031250000e+03
1.944634887695312500e+03
1.931907226562500000e+03
1.919549316406250000e+03
1.907040649414062500e+03
1.894678710937500000e+03
1.882240600585937500e+03
1.869949462890625000e+03
1.857656494140625000e+03
1.845361938476562500e+03
1.833214477539062500e+03
1.820991210937500000e+03
1.808841064453125000e+03
1.796763793945312500e+03
1.784833984375000000e+03
1.772828735351562500e+03
1.760971069335937500e+03
1.749186645507812500e+03
1.737401489257812500e+03
1.725764160156250000e+03
1.714126220703125000e+03
1.702636230468750000e+03
1.691219970703125000e+03
1.679877685546875000e+03
1.668609375000000000e+03
1.657489379882812500e+03
1.646369384765625000e+03
1.635397827148437500e+03
1.624575073242187500e+03
1.613752319335937500e+03
1.603078613281250000e+03
1.592479614257812500e+03
1.582104003906250000e+03
1.571803344726562500e+03
1.561577636718750000e+03
1.551501342773437500e+03
1.541500366210937500e+03
1.531500610351562500e+03
1.521799194335937500e+03
1.512173339843750000e+03
1.502697753906250000e+03
1.493371948242187500e+03
1.484121826171875000e+03
1.475021606445312500e+03
1.465996582031250000e+03
1.457121337890625000e+03
1.448469970703125000e+03
1.439819458007812500e+03
1.431466918945312500e+03
1.423189453125000000e+03
1.414986938476562500e+03
1.407007812500000000e+03
1.399177978515625000e+03
1.391497314453125000e+03
1.383891357421875000e+03
1.376508666992187500e+03
1.369200805664062500e+03
1.362041870117187500e+03
1.355106201171875000e+03
1.348319335937500000e+03
1.341607299804687500e+03
1.335044067382812500e+03
1.328629638671875000e+03
1.322438598632812500e+03
1.316396362304687500e+03
1.310503173828125000e+03
1.304758911132812500e+03
1.299089233398437500e+03
1.293717285156250000e+03
1.288420043945312500e+03
1.283271972656250000e+03
1.278272949218750000e+03
1.273497558593750000e+03
1.268797119140625000e+03
1.264320434570312500e+03
1.259918701171875000e+03
1.255666625976562500e+03
1.251638427734375000e+03
1.247759765625000000e+03
1.244031127929687500e+03
1.240452270507812500e+03
1.237023437500000000e+03
1.233670410156250000e+03
1.230541870117187500e+03
1.227638183593750000e+03
1.224810668945312500e+03
1.222133666992187500e+03
1.219607543945312500e+03
1.217232299804687500e+03
1.215008300781250000e+03
1.212935546875000000e+03
1.210939453125000000e+03
1.209168823242187500e+03
1.207549072265625000e+03
1.206154541015625000e+03
1.204836303710937500e+03
1.203594482421875000e+03
1.202280151367187500e+03
1.201339233398437500e+03
1.200548828125000000e+03
1.199834228515625000e+03
1.199269897460937500e+03
1.198855834960937500e+03
1.198591796875000000e+03
1.198329223632812500e+03
1.198290893554687500e+03
1.198402465820312500e+03
1.198589843750000000e+03
1.198852661132812500e+03
1.199339599609375000e+03
1.199902221679687500e+03
1.200540161132812500e+03
1.201327880859375000e+03
1.202191162109375000e+03
1.203129882812500000e+03
1.204441284179687500e+03
1.205605224609375000e+03
1.206844726562500000e+03
1.208233886718750000e+03
1.209698608398437500e+03
1.211090209960937500e+03
1.212780151367187500e+03
1.214471435546875000e+03
1.216387084960937500e+03
1.218303955078125000e+03
1.220296386718750000e+03
1.222364746093750000e+03
1.224583129882812500e+03
1.226877319335937500e+03
1.229098754882812500e+03
1.231544677734375000e+03
1.233992553710937500e+03
1.236516357421875000e+03
1.239190673828125000e+03
1.241792602539062500e+03
1.244545166015625000e+03
1.247374145507812500e+03
1.250130981445312500e+03
1.253038818359375000e+03
1.255948974609375000e+03
1.258935791015625000e+03
1.261999267578125000e+03
1.264990844726562500e+03
1.268058837890625000e+03
1.271128906250000000e+03
1.274275024414062500e+03
1.277497436523437500e+03
1.280870239257812500e+03
1.284170410156250000e+03
1.287472045898437500e+03
1.290775268554687500e+03
1.294154052734375000e+03
1.297385620117187500e+03
1.300766845703125000e+03
1.304149291992187500e+03
1.307458374023437500e+03
1.310917114257812500e+03
1.314302490234375000e+03
1.317688476562500000e+03
1.321149536132812500e+03
1.324462646484375000e+03
1.327850585937500000e+03
1.331313232421875000e+03
1.334627685546875000e+03
1.338016723632812500e+03
1.341331787109375000e+03
1.344721191406250000e+03
1.347962036132812500e+03
1.351202880859375000e+03
1.354517822265625000e+03
1.357684082031250000e+03
1.360849853515625000e+03
1.364015380859375000e+03
1.367180297851562500e+03
1.370270385742187500e+03
1.373359863281250000e+03
1.376374267578125000e+03
1.379313354492187500e+03
1.382251586914062500e+03
1.385114257812500000e+03
1.387975830078125000e+03
1.390836059570312500e+03
1.393546264648437500e+03
1.396106323242187500e+03
1.398813232421875000e+03
1.401369750976562500e+03
1.403850219726562500e+03
1.406328491210937500e+03
1.408730224609375000e+03
1.411055297851562500e+03
1.413303710937500000e+03
1.415624023437500000e+03
1.417719116210937500e+03
1.419812011718750000e+03
1.421754150390625000e+03
1.423694213867187500e+03
1.425558227539062500e+03
1.427345825195312500e+03
1.428982910156250000e+03
1.430618408203125000e+03
1.432103515625000000e+03
1.433661254882812500e+03
1.434994506835937500e+03
1.436251953125000000e+03
1.437507812500000000e+03
1.438687866210937500e+03
1.439717895507812500e+03
1.440672241210937500e+03
1.441625122070312500e+03
1.442427978515625000e+03
1.443155151367187500e+03
1.443806640625000000e+03
1.444308227539062500e+03
1.444808471679687500e+03
1.445158691406250000e+03
1.445433227539062500e+03
1.445632080078125000e+03
1.445755249023437500e+03
1.445802612304687500e+03
1.445625488281250000e+03
1.445521362304687500e+03
1.445266967773437500e+03
1.444862304687500000e+03
1.444456054687500000e+03
1.443899291992187500e+03
1.443266601562500000e+03
1.442557861328125000e+03
1.441772705078125000e+03
1.440911376953125000e+03
1.439899291992187500e+03
1.438810668945312500e+03
1.437645507812500000e+03
1.436403686523437500e+03
1.434936401367187500e+03
1.433540771484375000e+03
1.431993774414062500e+03
1.430369750976562500e+03
1.428594116210937500e+03
1.426815307617187500e+03
1.424884643554687500e+03
1.422950561523437500e+03
1.420790405273437500e+03
1.418701293945312500e+03
1.416460815429687500e+03
1.414143066406250000e+03
1.411674194335937500e+03
1.409128417968750000e+03
1.406580444335937500e+03
1.403955688476562500e+03
1.401105834960937500e+03
1.398328491210937500e+03
1.395400512695312500e+03
1.392396240234375000e+03
1.389390380859375000e+03
1.386234375000000000e+03
1.382928100585937500e+03
1.379694702148437500e+03
1.376311279296875000e+03
1.372926513671875000e+03
1.369466308593750000e+03
1.365856201171875000e+03
1.362244995117187500e+03
1.358558349609375000e+03
1.354796386718750000e+03
1.350958984375000000e+03
1.346972290039062500e+03
1.343058715820312500e+03
1.338995605468750000e+03
1.335006103515625000e+03
1.330866943359375000e+03
1.326727050781250000e+03
1.322437622070312500e+03
1.318147460937500000e+03
1.313782104492187500e+03
1.309415893554687500e+03
1.304974487304687500e+03
1.300532348632812500e+03
1.296014892578125000e+03
1.291422363281250000e+03
1.286828857421875000e+03
1.282160156250000000e+03
1.277490600585937500e+03
1.272745605468750000e+03
1.267999633789062500e+03
1.263252685546875000e+03
1.258356079101562500e+03
1.253532592773437500e+03
1.248633666992187500e+03
1.243733520507812500e+03
1.238757812500000000e+03
1.233855224609375000e+03
1.228802612304687500e+03
1.223823242187500000e+03
1.218768432617187500e+03
1.213712646484375000e+03
1.208655883789062500e+03
1.203672485351562500e+03
1.198613891601562500e+03
1.193480346679687500e+03
1.188420288085937500e+03
1.183285156250000000e+03
1.178223754882812500e+03
1.173087524414062500e+03
1.168025024414062500e+03
1.162962158203125000e+03
1.157898803710937500e+03
1.152686401367187500e+03
1.147622314453125000e+03
1.142483642578125000e+03
1.137419067382812500e+03
1.132354248046875000e+03
1.127289428710937500e+03
1.122224365234375000e+03
1.117159301757812500e+03
1.112168579101562500e+03
1.107177856445312500e+03
1.102261474609375000e+03
1.097271118164062500e+03
1.092355102539062500e+03
1.087290771484375000e+03
1.082375366210937500e+03
1.077460205078125000e+03
1.072694091796875000e+03
1.067854125976562500e+03
1.063312011718750000e+03
1.058621826171875000e+03
1.053932128906250000e+03
1.049317504882812500e+03
1.044703491210937500e+03
1.040090454101562500e+03
1.035626953125000000e+03
1.031089843750000000e+03
1.026628173828125000e+03
1.022241943359375000e+03
1.017931213378906250e+03
1.013621643066406250e+03
1.009313354492187500e+03
1.005080932617187500e+03
1.000924194335937500e+03
9.968434448242187500e+02
9.927643432617187500e+02
9.888353881835937500e+02
9.848335571289062500e+02
9.809074707031250000e+02
9.770570678710937500e+02
9.733564453125000000e+02
9.696568603515625000e+02
9.659583740234375000e+02
9.623350830078125000e+02
9.587871093750000000e+02
9.553140869140625000e+02
9.519162597656250000e+02
9.485933837890625000e+02
9.452711791992187500e+02
9.420981445312500000e+02
9.389255371093750000e+02
9.358278808593750000e+02
9.328123779296875000e+02
9.298790283203125000e+02
9.269905395507812500e+02
9.241843261718750000e+02
9.214302978515625000e+02
9.187288208007812500e+02
9.161092529296875000e+02
9.135569458007812500e+02
9.110644531250000000e+02
9.086465454101562500e+02
9.062958984375000000e+02
9.040198364257812500e+02
9.018184814453125000e+02
8.996845092773437500e+02
8.976251220703125000e+02
8.956332397460937500e+02
8.937161254882812500e+02
8.918588867187500000e+02
8.900766601562500000e+02
8.883693847656250000e+02
8.867371826171875000e+02
8.851725463867187500e+02
8.836757202148437500e+02
8.822541503906250000e+02
8.809003906250000000e+02
8.796146240234375000e+02
8.784118041992187500e+02
8.772697143554687500e+02
8.761959228515625000e+02
8.751978759765625000e+02
8.742682495117187500e+02
8.733998413085937500e+02
8.726150512695312500e+02
8.718990478515625000e+02
8.712442626953125000e+02
8.706580200195312500e+02
8.701401977539062500e+02
8.696905517578125000e+02
8.692942504882812500e+02
8.689808349609375000e+02
8.687278442382812500e+02
8.685278930664062500e+02
8.684028930664062500e+02
8.683306274414062500e+02
8.683481445312500000e+02
8.684033203125000000e+02
8.685257568359375000e+02
8.687005615234375000e+02
8.689425048828125000e+02
8.692438964843750000e+02
8.695900878906250000e+02
8.699957885742187500e+02
8.704533691406250000e+02
8.709629516601562500e+02
8.715317993164062500e+02
8.721525268554687500e+02
8.728250122070312500e+02
8.735418701171875000e+02
8.743178710937500000e+02
8.751232299804687500e+02
8.759951171875000000e+02
8.769038696289062500e+02
8.778568115234375000e+02
8.788613281250000000e+02
8.798952026367187500e+02
8.809807128906250000e+02
8.821029663085937500e+02
8.832620239257812500e+02
8.844652709960937500e+02
8.857053833007812500e+02
8.869747924804687500e+02
8.882885131835937500e+02
8.896316528320312500e+02
8.910042724609375000e+02
8.924063720703125000e+02
8.938454589843750000e+02
8.953139648437500000e+02
8.967973632812500000e+02
8.983177490234375000e+02
8.998679809570312500e+02
9.014329223632812500e+02
9.030352172851562500e+02
9.046448974609375000e+02
9.062846679687500000e+02
9.079318847656250000e+02
9.096089477539062500e+02
9.112933959960937500e+02
9.130076904296875000e+02
9.147367553710937500e+02
9.164732055664062500e+02
9.182095336914062500e+02
9.199605712890625000e+02
9.217040405273437500e+02
9.234768676757812500e+02
9.252348022460937500e+02
9.270071411132812500e+02
9.287570190429687500e+02
9.305956420898437500e+02
9.323596191406250000e+02
9.341232299804687500e+02
9.359607543945312500e+02
9.377233886718750000e+02
9.394855957031250000e+02
9.412473754882812500e+02
9.430085449218750000e+02
9.447691650390625000e+02
9.465291137695312500e+02
9.482884521484375000e+02
9.500471801757812500e+02
9.518051757812500000e+02
9.535625000000000000e+02
9.552448120117187500e+02
9.569262084960937500e+02
9.586068725585937500e+02
9.601380004882812500e+02
9.618168945312500000e+02
9.633462524414062500e+02
9.648746337890625000e+02
9.664020385742187500e+02
9.678540649414062500e+02
9.694535522460937500e+02
9.709034423828125000e+02
9.722777099609375000e+02
9.737250976562500000e+02
9.750969238281250000e+02
9.764674682617187500e+02
9.777622070312500000e+02
9.790556640625000000e+02
9.803475341796875000e+02
9.815635986328125000e+02
9.827036743164062500e+02
9.838421020507812500e+02
9.849788818359375000e+02
9.860395507812500000e+02
9.870984497070312500e+02
9.880814208984375000e+02
9.889886474609375000e+02
9.899686889648437500e+02
9.907987670898437500e+02
9.915532226562500000e+02
9.924552001953125000e+02
9.931329345703125000e+02
9.938839721679687500e+02
9.945598144531250000e+02
9.951604003906250000e+02
9.956115112304687500e+02
9.961359863281250000e+02
9.965855102539062500e+02
9.970342407226562500e+02
9.973336791992187500e+02
9.976325683593750000e+02
9.978565673828125000e+02
9.980799560546875000e+02
9.982285156250000000e+02
9.983766479492187500e+02
9.983756103515625000e+02
9.984484252929687500e+02
9.983720703125000000e+02
9.982211303710937500e+02
9.981438598632812500e+02
9.979176025390625000e+02
9.976165771484375000e+02
9.973151245117187500e+02
9.969388427734375000e+02
9.964877319335937500e+02
9.961104125976562500e+02
9.955838623046875000e+02
9.949824218750000000e+02
9.943803710937500000e+02
9.936288452148437500e+02
9.928767700195312500e+02
9.920494384765625000e+02
9.912212524414062500e+02
9.903178710937500000e+02
9.893391723632812500e+02
9.882850341796875000e+02
9.872297363281250000e+02
9.860245971679687500e+02
9.848923339843750000e+02
9.835358276367187500e+02
9.822519531250000000e+02
9.808921508789062500e+02
9.794562988281250000e+02
9.780186157226562500e+02
9.764304199218750000e+02
9.748407592773437500e+02
9.732494506835937500e+02
9.715823974609375000e+02
9.698399047851562500e+02
9.679475097656250000e+02
9.661283569335937500e+02
9.642337646484375000e+02
9.622641601562500000e+02
9.602935791015625000e+02
9.582479858398437500e+02
9.560531005859375000e+02
9.539320068359375000e+02
9.516616210937500000e+02
9.494652709960937500e+02
9.471198120117187500e+02
9.447739868164062500e+02
9.424278564453125000e+02
9.398585205078125000e+02
9.374376220703125000e+02
9.349422607421875000e+02
9.323724365234375000e+02
9.296538696289062500e+02
9.270095825195312500e+02
9.242908325195312500e+02
9.215721435546875000e+02
9.187789916992187500e+02
9.159860229492187500e+02
9.131185913085937500e+02
9.101842651367187500e+02
9.072574462890625000e+02
9.042710571289062500e+02
9.012774047851562500e+02
8.982241210937500000e+02
8.951337280273437500e+02
8.920060424804687500e+02
8.888634643554687500e+02
8.856613769531250000e+02
8.824368896484375000e+02
8.791824951171875000e+02
8.759056396484375000e+02
8.725913085937500000e+02
8.692471313476562500e+02
8.658803100585937500e+02
8.624834594726562500e+02
8.590565185546875000e+02
8.556141967773437500e+02
8.521417846679687500e+02
8.486464233398437500e+02
8.451282958984375000e+02
8.415872802734375000e+02
8.380308837890625000e+02
8.344517211914062500e+02
8.308498535156250000e+02
8.272326660156250000e+02
8.236003417968750000e+02
8.199526977539062500e+02
8.162825317382812500e+02
8.126120605468750000e+02
8.089116210937500000e+02
8.052034301757812500e+02
8.014802246093750000e+02
7.977567749023437500e+02
7.940406494140625000e+02
7.902945556640625000e+02
7.865483398437500000e+02
7.827946166992187500e+02
7.790333251953125000e+02
7.752793579101562500e+02
7.715104370117187500e+02
7.677340087890625000e+02
7.639649658203125000e+02
7.601884765625000000e+02
7.564119262695312500e+02
7.526427612304687500e+02
7.488735351562500000e+02
7.451044311523437500e+02
7.413427124023437500e+02
7.375884399414062500e+02
7.338342285156250000e+02
7.300949096679687500e+02
7.263556518554687500e+02
7.226314086914062500e+02
7.189146118164062500e+02
7.152053833007812500e+02
7.115185546875000000e+02
7.078467407226562500e+02
7.041527709960937500e+02
7.004962158203125000e+02
6.968546752929687500e+02
6.932282104492187500e+02
6.896094970703125000e+02
6.860133056640625000e+02
6.824396972656250000e+02
6.788739624023437500e+02
6.753308105468750000e+02
6.718177490234375000e+02
6.683200683593750000e+02
6.648525390625000000e+02
6.613930053710937500e+02
6.579710083007812500e+02
6.545642089843750000e+02
6.511875610351562500e+02
6.478258666992187500e+02
6.445015258789062500e+02
6.411995849609375000e+02
6.379273681640625000e+02
6.346923217773437500e+02
6.314794311523437500e+02
6.282739257812500000e+02
6.250978393554687500e+02
6.219587402343750000e+02
6.188565063476562500e+02
6.157911376953125000e+02
6.127476196289062500e+02
6.097261352539062500e+02
6.067412719726562500e+02
6.038005981445312500e+02
6.008891601562500000e+02
5.980142822265625000e+02
5.951613159179687500e+02
5.923449707031250000e+02
5.895800170898437500e+02
5.868368530273437500e+02
5.841303100585937500e+02
5.814603271484375000e+02
5.788270263671875000e+02
5.762377319335937500e+02
5.736702270507812500e+02
5.711392822265625000e+02
5.686599731445312500e+02
5.662024536132812500e+02
5.637965087890625000e+02
5.614124755859375000e+02
5.590800170898437500e+02
5.567844848632812500e+02
5.545331420898437500e+02
5.523113403320312500e+02
5.501264038085937500e+02
5.479934082031250000e+02
5.458900756835937500e+02
5.438312988281250000e+02
5.418023071289062500e+02
5.398253784179687500e+02
5.378933105468750000e+02
5.359911499023437500e+02
5.341340332031250000e+02
5.323144531250000000e+02
5.305399780273437500e+02
5.288032836914062500e+02
5.270968017578125000e+02
5.254502563476562500e+02
5.238337402343750000e+02
5.222620239257812500e+02
5.207277221679687500e+02
5.192306518554687500e+02
5.177707519531250000e+02
5.163627929687500000e+02
5.149919433593750000e+02
5.136506347656250000e+02
5.123610839843750000e+02
5.110935363769531250e+02
5.098777160644531250e+02
5.086986694335937500e+02
5.075488891601562500e+02
5.064432678222656250e+02
5.053742980957031250e+02
5.043270874023437500e+02
5.033387756347656250e+02
5.023796386718750000e+02
5.014570617675781250e+02
5.005635681152343750e+02
4.997141113281250000e+02
4.989011535644531250e+02
4.981172790527343750e+02
4.973624877929687500e+02
4.966442565917968750e+02
4.959625549316406250e+02
4.953173828125000000e+02
4.946864929199218750e+02
4.941070861816406250e+02
4.935567932128906250e+02
4.930505371093750000e+02
4.925586853027343750e+02
4.921034851074218750e+02
4.916775512695312500e+02
4.912734985351562500e+02
4.909137573242187500e+02
4.905758972167968750e+02
4.902600708007812500e+02
4.899811706542968750e+02
4.897243957519531250e+02
4.894897766113281250e+02
4.892847900390625000e+02
4.891021728515625000e+02
4.889566955566406250e+02
4.888336181640625000e+02
4.887330627441406250e+02
4.886550598144531250e+02
4.885996398925781250e+02
4.885742492675781250e+02
4.885639953613281250e+02
4.885763244628906250e+02
4.886185913085937500e+02
4.886760559082031250e+02
4.887410583496093750e+02
4.888434753417968750e+02
4.889609985351562500e+02
4.890860900878906250e+02
4.892410888671875000e+02
4.894037475585937500e+02
4.895888671875000000e+02
4.897815551757812500e+02
4.899967956542968750e+02
4.902270202636718750e+02
4.904648742675781250e+02
4.907252197265625000e+02
4.909931945800781250e+02
4.912687683105468750e+02
4.915668640136718750e+02
4.918725891113281250e+02
4.921784362792968750e+02
4.925068969726562500e+02
4.928280944824218750e+02
4.931718139648437500e+02
4.935232849121093750e+02
4.938674621582031250e+02
4.942268066406250000e+02
4.945938415527343750e+02
4.949685668945312500e+02
4.953361511230468750e+02
4.957188720703125000e+02
4.961018676757812500e+02
4.964926147460937500e+02
4.968836364746093750e+02
4.972675170898437500e+02
4.976666259765625000e+02
4.980511779785156250e+02
4.984360046386718750e+02
4.988286743164062500e+02
4.992215881347656250e+02
4.996074218750000000e+02
4.999861755371093750e+02
5.003726196289062500e+02
5.007520446777343750e+02
5.011168518066406250e+02
5.014894409179687500e+02
5.018548889160156250e+02
5.022132568359375000e+02
5.025570068359375000e+02
5.029085693359375000e+02
5.032456970214843750e+02
5.035758666992187500e+02
5.038991088867187500e+02
5.042080993652343750e+02
5.045177307128906250e+02
5.048131713867187500e+02
5.051019287109375000e+02
5.053766174316406250e+02
5.056373291015625000e+02
5.058988647460937500e+02
5.061390380859375000e+02
5.063652954101562500e+02
5.065776977539062500e+02
5.067911682128906250e+02
5.069833984375000000e+02
5.071543884277343750e+02
5.073191223144531250e+02
5.074775695800781250e+02
5.076148986816406250e+02
5.077460327148437500e+02
5.078560180664062500e+02
5.079450073242187500e+02
5.080203247070312500e+02
5.080820617675781250e+02
5.081302185058593750e+02
5.081573486328125000e+02
5.081783142089843750e+02
5.081634216308593750e+02
5.081423339843750000e+02
5.081002502441406250e+02
5.080445861816406250e+02
5.079678039550781250e+02
5.078699645996093750e+02
5.077584838867187500e+02
5.076259155273437500e+02
5.074722290039062500e+02
5.073122253417968750e+02
5.071161804199218750e+02
5.069211425781250000e+02
5.066900634765625000e+02
5.064450683593750000e+02
5.061787414550781250e+02
5.058909606933593750e+02
5.055817871093750000e+02
5.052585449218750000e+02
5.049063110351562500e+02
5.045324096679687500e+02
5.041368713378906250e+02
5.037195739746093750e+02
5.032880249023437500e+02
5.028348388671875000e+02
5.023601379394531250e+02
5.018640136718750000e+02
5.013538208007812500e+02
5.008149414062500000e+02
5.002472839355468750e+02
4.996732177734375000e+02
4.990705566406250000e+02
4.984467163085937500e+02
4.978018188476562500e+02
4.971432495117187500e+02
4.964711303710937500e+02
4.957630920410156250e+02
4.950415344238281250e+02
4.942990112304687500e+02
4.935355529785156250e+02
4.927586364746093750e+02
4.919534301757812500e+02
4.911347045898437500e+02
4.903026123046875000e+02
4.894347534179687500e+02
4.885609130859375000e+02
4.876661682128906250e+02
4.867580261230468750e+02
4.858141479492187500e+02
4.848642578125000000e+02
4.838934631347656250e+02
4.829092102050781250e+02
4.819114685058593750e+02
4.808778686523437500e+02
4.798382568359375000e+02
4.787924804687500000e+02
4.777182006835937500e+02
4.766303710937500000e+02
4.755289306640625000e+02
4.744136962890625000e+02
4.732774047851562500e+02
4.721199035644531250e+02
4.709559936523437500e+02
4.697782287597656250e+02
4.685717468261718750e+02
4.673661804199218750e+02
4.661466064453125000e+02
4.648833007812500000e+02
4.636430053710937500e+02
4.623736877441406250e+02
4.610901794433593750e+02
4.597998046875000000e+02
4.585025024414062500e+02
4.571983032226562500e+02
4.558724060058593750e+02
4.545247802734375000e+02
4.531702575683593750e+02
4.518163757324218750e+02
4.504407043457031250e+02
4.490582885742187500e+02
4.476690063476562500e+02
4.462728576660156250e+02
4.448550720214843750e+02
4.434378967285156250e+02
4.420138549804687500e+02
4.405755920410156250e+02
4.391379394531250000e+02
4.376933898925781250e+02
4.362346191406250000e+02
4.347690124511718750e+02
4.332816162109375000e+02
4.318096923828125000e+02
4.303383178710937500e+02
4.288526000976562500e+02
4.273897094726562500e+02
4.258976135253906250e+02
4.244060058593750000e+02
4.229074401855468750e+02
4.214167480468750000e+02
4.199116821289062500e+02
4.184070434570312500e+02
4.169028015136718750e+02
4.153989562988281250e+02
4.138880615234375000e+02
4.123849792480468750e+02
4.108822021484375000e+02
4.093723144531250000e+02
4.078627624511718750e+02
4.063609008789062500e+02
4.048593139648437500e+02
4.033505249023437500e+02
4.018568725585937500e+02
4.003634033203125000e+02
3.988701477050781250e+02
3.973770446777343750e+02
3.958915710449218750e+02
3.944284973144531250e+02
3.929433288574218750e+02
3.914730834960937500e+02
3.900029907226562500e+02
3.885404052734375000e+02
3.870853271484375000e+02
3.856154785156250000e+02
3.841828308105468750e+02
3.827352600097656250e+02
3.813024902343750000e+02
3.798769836425781250e+02
3.784661254882812500e+02
3.770550537109375000e+02
3.756510925292968750e+02
3.742616577148437500e+02
3.728718872070312500e+02
3.715039062500000000e+02
3.701429443359375000e+02
3.687740173339843750e+02
3.674342651367187500e+02
3.660939025878906250e+02
3.647752685546875000e+02
3.634484863281250000e+02
3.621433410644531250e+02
3.608523559570312500e+02
3.595680541992187500e+02
3.582904052734375000e+02
3.570343017578125000e+02
3.557847900390625000e+02
3.545493469238281250e+02
3.533279113769531250e+02
3.521130371093750000e+02
3.509121704101562500e+02
3.497178955078125000e+02
3.485449523925781250e+02
3.473860473632812500e+02
3.462410888671875000e+02
3.451026916503906250e+02
3.439856872558593750e+02
3.428826599121093750e+02
3.417935791015625000e+02
3.407110900878906250e+02
3.396425781250000000e+02
3.386029663085937500e+02
3.375624694824218750e+02
3.365434875488281250e+02
3.355459594726562500e+02
3.345550842285156250e+02
3.335783081054687500e+02
3.326231079101562500e+02
3.316746215820312500e+02
3.307477111816406250e+02
3.298424682617187500e+02
3.289440307617187500e+02
3.280672912597656250e+02
3.271974792480468750e+02
3.263493957519531250e+02
3.255230712890625000e+02
3.247035522460937500e+02
3.239204711914062500e+02
3.231217956542968750e+02
3.223520812988281250e+02
3.216037902832031250e+02
3.208694458007812500e+02
3.201416015625000000e+02
3.194350891113281250e+02
3.187498474121093750e+02
3.180783691406250000e+02
3.174281005859375000e+02
3.167841186523437500e+02
3.161612854003906250e+02
3.155446777343750000e+02
3.149566040039062500e+02
3.143747253417968750e+02
3.138138427734375000e+02
3.132665710449218750e+02
3.127254638671875000e+02
3.122127380371093750e+02
3.117061767578125000e+02
3.112057495117187500e+02
3.107411499023437500e+02
3.102752380371093750e+02
3.098154602050781250e+02
3.093915405273437500e+02
3.089663085937500000e+02
3.085621032714843750e+02
3.081789245605468750e+02
3.078019104003906250e+02
3.074385681152343750e+02
3.070888977050781250e+02
3.067528991699218750e+02
3.064306030273437500e+02
3.061146240234375000e+02
3.058198852539062500e+02
3.055389404296875000e+02
3.052644348144531250e+02
3.050112609863281250e+02
3.047571411132812500e+02
3.045244445800781250e+02
3.043057861328125000e+02
3.040863647460937500e+02
3.038884887695312500e+02
3.036899719238281250e+02
3.035205078125000000e+02
3.033505249023437500e+02
3.031948852539062500e+02
3.030536499023437500e+02
3.029194335937500000e+02
3.027996215820312500e+02
3.026867675781250000e+02
3.025809020996093750e+02
3.024819946289062500e+02
3.024272460937500000e+02
3.023274536132812500e+02
3.022643432617187500e+02
3.022008361816406250e+02
3.021517028808593750e+02
3.021095886230468750e+02
3.020744628906250000e+02
3.020463562011718750e+02
3.020326843261718750e+02
3.020185852050781250e+02
3.020189819335937500e+02
3.020115661621093750e+02
3.020260620117187500e+02
3.020327148437500000e+02
3.020538940429687500e+02
3.020747375488281250e+02
3.021026611328125000e+02
3.021451110839843750e+02
3.021798095703125000e+02
3.022216186523437500e+02
3.022706298828125000e+02
3.023193054199218750e+02
3.023751220703125000e+02
3.024381713867187500e+02
3.024935302734375000e+02
3.025560607910156250e+02
3.026258239746093750e+02
3.026954345703125000e+02
3.027722167968750000e+02
3.028414306640625000e+02
3.029104919433593750e+02
3.029868469238281250e+02
3.030630493164062500e+02
3.031465759277343750e+02
3.032151184082031250e+02
3.032836303710937500e+02
3.033594970703125000e+02
3.034353027343750000e+02
3.035185241699218750e+02
3.035868835449218750e+02
3.036552429199218750e+02
3.037310485839843750e+02
3.037994689941406250e+02
3.038605041503906250e+02
3.039290771484375000e+02
3.039903259277343750e+02
3.040517578125000000e+02
3.041133728027343750e+02
3.041604309082031250e+02
3.042151794433593750e+02
3.042554626464843750e+02
3.043035583496093750e+02
3.043446655273437500e+02
3.043713989257812500e+02
3.044060668945312500e+02
3.044339294433593750e+02
3.044474792480468750e+02
3.044691467285156250e+02
3.044841003417968750e+02
3.044997558593750000e+02
3.044938964843750000e+02
3.044888610839843750e+02
3.044772033691406250e+02
3.044664611816406250e+02
3.044491882324218750e+02
3.044179687500000000e+02
3.043802795410156250e+02
3.043436279296875000e+02
3.042856750488281250e+02
3.042362060546875000e+02
3.041803588867187500e+02
3.041033020019531250e+02
3.040347595214843750e+02
3.039450378417968750e+02
3.038489990234375000e+02
3.037540893554687500e+02
3.036454772949218750e+02
3.035379943847656250e+02
3.034093627929687500e+02
3.032744140625000000e+02
3.031405944824218750e+02
3.029782104492187500e+02
3.028243408203125000e+02
3.026641540527343750e+02
3.024827880859375000e+02
3.023024597167968750e+02
3.021008911132812500e+02
3.019077758789062500e+02
3.016933898925781250e+02
3.014799804687500000e+02
3.012452087402343750e+02
3.010039062500000000e+02
3.007560424804687500e+02
3.004941711425781250e+02
3.002108459472656250e+02
2.999357299804687500e+02
2.996392211914062500e+02
2.993362121582031250e+02
2.990192871093750000e+02
2.986958923339843750e+02
2.983660583496093750e+02
2.980224609375000000e+02
2.976724243164062500e+02
2.973086853027343750e+02
2.969385681152343750e+02
2.965547790527343750e+02
2.961646728515625000e+02
2.957534790039062500e+02
2.953360900878906250e+02
2.949198608398437500e+02
2.944826049804687500e+02
2.940317077636718750e+02
2.935820617675781250e+02
2.931114501953125000e+02
2.926346435546875000e+02
2.921517333984375000e+02
2.916552429199218750e+02
2.911526489257812500e+02
2.906365356445312500e+02
2.901068725585937500e+02
2.895785522460937500e+02
2.890366821289062500e+02
2.884664306640625000e+02
2.879123840332031250e+02
2.873374023437500000e+02
2.867563476562500000e+02
2.861691589355468750e+02
2.855610351562500000e+02
2.849616699218750000e+02
2.843413085937500000e+02
2.837148437500000000e+02
2.830747985839843750e+02
2.824360351562500000e+02
2.817762451171875000e+02
2.811251525878906250e+02
2.804529724121093750e+02
2.797671508789062500e+02
2.790825195312500000e+02
2.783916015625000000e+02
2.776869506835937500e+02
2.769759521484375000e+02
2.762586059570312500e+02
2.755348205566406250e+02
2.748046264648437500e+02
2.740604858398437500e+02
2.733098754882812500e+02
2.725527954101562500e+02
2.717966613769531250e+02
2.710192260742187500e+02
2.702427673339843750e+02
2.694598083496093750e+02
2.686629638671875000e+02
2.678745117187500000e+02
2.670721435546875000e+02
2.662632446289062500e+02
2.654478454589843750e+02
2.646259460449218750e+02
2.638048706054687500e+02
2.629698486328125000e+02
2.621430664062500000e+02
2.613022460937500000e+02
2.604547729492187500e+02
2.596080627441406250e+02
2.587472534179687500e+02
2.578871459960937500e+02
2.570202941894531250e+02
2.561540832519531250e+02
2.552884826660156250e+02
2.544086303710937500e+02
2.535367431640625000e+02
2.526505432128906250e+02
2.517722625732421875e+02
2.508795623779296875e+02
2.499873046875000000e+02
2.490954589843750000e+02
2.482040100097656250e+02
2.473054351806640625e+02
2.464071960449218750e+02
2.455018157958984375e+02
2.445966949462890625e+02
2.436918334960937500e+02
2.427797241210937500e+02
2.418752441406250000e+02
2.409635162353515625e+02
2.400593719482421875e+02
2.391405181884765625e+02
2.382217559814453125e+02
2.373031005859375000e+02
2.363919677734375000e+02
2.354734954833984375e+02
2.345550689697265625e+02
2.336515350341796875e+02
2.327406463623046875e+02
2.318223419189453125e+02
2.309114990234375000e+02
2.300006866455078125e+02
2.290898284912109375e+02
2.281789855957031250e+02
2.272755126953125000e+02
2.263719940185546875e+02
2.254684143066406250e+02
2.245721893310546875e+02
2.236684417724609375e+02
2.227720031738281250e+02
2.218754425048828125e+02
2.209862060546875000e+02
2.200968017578125000e+02
2.192072296142578125e+02
2.183249206542968750e+02
2.174498443603515625e+02
2.165671539306640625e+02
2.156916351318359375e+02
2.148307495117187500e+02
2.139696197509765625e+02
2.131007690429687500e+02
2.122464904785156250e+02
2.113993225097656250e+02
2.105518341064453125e+02
2.097039642333984375e+02
2.088631591796875000e+02
2.080442352294921875e+02
2.072174682617187500e+02
2.063902435302734375e+02
2.055699768066406250e+02
2.047566375732421875e+02
2.039502105712890625e+02
2.031432342529296875e+02
2.023431243896484375e+02
2.015498199462890625e+02
2.007633514404296875e+02
1.999911041259765625e+02
1.992107391357421875e+02
1.984445495605468750e+02
1.976925201416015625e+02
1.969323120117187500e+02
1.961862335205078125e+02
1.954393768310546875e+02
1.947066192626953125e+02
1.939730682373046875e+02
1.932535705566406250e+02
1.925406951904296875e+02
1.918270111083984375e+02
1.911199188232421875e+02
1.904268951416015625e+02
1.897404785156250000e+02
1.890532073974609375e+02
1.883873138427734375e+02
1.877130279541015625e+02
1.870600585937500000e+02
1.864060516357421875e+02
1.857584381103515625e+02
1.851245727539062500e+02
1.844896240234375000e+02
1.838683776855468750e+02
1.832534332275390625e+02
1.826447448730468750e+02
1.820423126220703125e+02
1.814461364746093750e+02
1.808562011718750000e+02
1.802725219726562500e+02
1.797025146484375000e+02
1.791313476562500000e+02
1.785812988281250000e+02
1.780300903320312500e+02
1.774777526855468750e+02
1.769465789794921875e+02
1.764217376708984375e+02
1.758958282470703125e+02
1.753762817382812500e+02
1.748705596923828125e+02
1.743712615966796875e+02
1.738784179687500000e+02
1.733994750976562500e+02
1.729196014404296875e+02
1.724537200927734375e+02
1.719869537353515625e+02
1.715342102050781250e+02
1.710955352783203125e+02
1.706634979248046875e+02
1.702381439208984375e+02
1.698120727539062500e+02
1.693927307128906250e+02
1.689875793457031250e+02
1.685743865966796875e+02
1.681753997802734375e+02
1.677981262207031250e+02
1.674425811767578125e+02
1.670716094970703125e+02
1.667075653076171875e+02
1.663504180908203125e+02
1.660076446533203125e+02
1.656643981933593750e+02
1.653281250000000000e+02
1.650062866210937500e+02
1.646839904785156250e+02
1.643686828613281250e+02
1.640677337646484375e+02
1.637737121582031250e+02
1.634791259765625000e+02
1.631988220214843750e+02
1.629179077148437500e+02
1.626437683105468750e+02
1.623838195800781250e+02
1.621231842041015625e+02
1.618692321777343750e+02
1.616219482421875000e+02
1.613813323974609375e+02
1.611399078369140625e+02
1.608976745605468750e+02
1.606694488525390625e+02
1.604552307128906250e+02
1.602401580810546875e+02
1.600242004394531250e+02
1.598148040771484375e+02
1.596193847656250000e+02
1.594230651855468750e+02
1.592258911132812500e+02
1.590426788330078125e+02
1.588511962890625000e+02
1.586811523437500000e+02
1.585102691650390625e+02
1.583311614990234375e+02
1.581661376953125000e+02
1.580003662109375000e+02
1.578412780761718750e+02
1.576815338134765625e+02
1.575211334228515625e+02
1.573750152587890625e+02
1.572283172607421875e+02
1.570662536621093750e+02
1.569111480712890625e+02
1.567853851318359375e+02
1.566443939208984375e+02
1.565105285644531250e+02
1.563912963867187500e+02
1.562867279052734375e+02
1.561597442626953125e+02
1.560401306152343750e+02
1.559279327392578125e+02
1.558009185791015625e+02
1.556963348388671875e+02
1.555918884277343750e+02
1.554802398681640625e+02
1.553837432861328125e+02
1.552652740478515625e+02
1.551620330810546875e+02
1.550740966796875000e+02
1.549717712402343750e+02
1.548773803710937500e+02
1.547835540771484375e+02
1.546680145263671875e+02
1.545828399658203125e+02
1.545131683349609375e+02
1.544293060302734375e+02
1.543387298583984375e+02
1.542562713623046875e+02
1.541671295166015625e+02
1.540861816406250000e+02
1.540059509277343750e+02
1.539190673828125000e+02
1.538403320312500000e+02
1.537623596191406250e+02
1.536777038574218750e+02
1.536011962890625000e+02
1.535328369140625000e+02
1.534503021240234375e+02
1.533610229492187500e+02
1.532872619628906250e+02
1.532067108154296875e+02
1.531267700195312500e+02
1.530474090576171875e+02
1.529834594726562500e+02
1.529051971435546875e+02
1.528199920654296875e+02
1.527278442382812500e+02
1.526435546875000000e+02
1.525596923828125000e+02
1.524539337158203125e+02
1.523634033203125000e+02
1.522732238769531250e+02
1.521759338378906250e+02
1.520789642333984375e+02
1.519748229980468750e+02
1.518709869384765625e+02
1.517822570800781250e+02
1.516714935302734375e+02
1.515609741210937500e+02
1.514507141113281250e+02
1.513406829833984375e+02
1.512309112548828125e+02
1.511213836669921875e+02
1.509972534179687500e+02
1.508882751464843750e+02
1.507498626708984375e+02
1.506117553710937500e+02
1.504814453125000000e+02
1.503441467285156250e+02
1.502147369384765625e+02
1.500710296630859375e+02
1.499279632568359375e+02
1.497781219482421875e+02
1.496290435791015625e+02
1.494733428955078125e+02
1.493185272216796875e+02
1.491646728515625000e+02
1.490044097900390625e+02
1.488377990722656250e+02
1.486723327636718750e+02
1.485080718994140625e+02
1.483302459716796875e+02
1.481611633300781250e+02
1.479860382080078125e+02
1.478049011230468750e+02
1.476178131103515625e+02
1.474396972656250000e+02
1.472557067871093750e+02
1.470584259033203125e+02
1.468702087402343750e+02
1.466687774658203125e+02
1.464764251708984375e+02
1.462708892822265625e+02
1.460744476318359375e+02
1.458648223876953125e+02
1.456643066406250000e+02
1.454579925537109375e+02
1.452459106445312500e+02
1.450279846191406250e+02
1.448116455078125000e+02
1.445894317626953125e+02
1.443687133789062500e+02
1.441420288085937500e+02
1.439093322753906250e+02
1.436779785156250000e+02
1.434478912353515625e+02
1.432041931152343750e+02
1.429616546630859375e+02
1.427276306152343750e+02
1.424723358154296875e+02
1.422254180908203125e+02
1.419719238281250000e+02
1.417192077636718750e+02
1.414523620605468750e+02
1.412010040283203125e+02
1.409353332519531250e+02
1.406627044677734375e+02
1.403979339599609375e+02
1.401186981201171875e+02
1.398398284912109375e+02
1.395538177490234375e+02
1.392755432128906250e+02
1.389826507568359375e+02
1.386899871826171875e+02
1.383900909423828125e+02
1.380978393554687500e+02
1.377983093261718750e+02
1.374840850830078125e+02
1.371774597167968750e+02
1.368635559082031250e+02
1.365498352050781250e+02
1.362362670898437500e+02
1.359154815673828125e+02
1.355948944091796875e+02
1.352671203613281250e+02
1.349396057128906250e+02
1.346049499511718750e+02
1.342780609130859375e+02
1.339367065429687500e+02
1.335957336425781250e+02
1.332626647949218750e+02
1.329152374267578125e+02
1.325683593750000000e+02
1.322295227050781250e+02
1.318764953613281250e+02
1.315315856933593750e+02
1.311725921630859375e+02
1.308292541503906250e+02
1.304644775390625000e+02
1.301154632568359375e+02
1.297599792480468750e+02
1.294054870605468750e+02
1.290520172119140625e+02
1.286921844482421875e+02
1.283334350585937500e+02
1.279832305908203125e+02
1.276193084716796875e+02
1.272639694213867188e+02
1.269023437500000000e+02
1.265418853759765625e+02
1.261825790405273438e+02
1.258244094848632812e+02
1.254673690795898438e+02
1.251039962768554688e+02
1.247491226196289062e+02
1.243878555297851562e+02
1.240275726318359375e+02
1.236607971191406250e+02
1.233097686767578125e+02
1.229521179199218750e+02
1.225952377319335938e+02
1.222390365600585938e+02
1.218834381103515625e+02
1.215209350585937500e+02
1.211737442016601562e+02
1.208194656372070312e+02
1.204580154418945312e+02
1.201115951538085938e+02
1.197578353881835938e+02
1.194040298461914062e+02
1.190575561523437500e+02
1.187034454345703125e+02
1.183490219116210938e+02
1.179942169189453125e+02
1.176389160156250000e+02
1.172830505371093750e+02
1.169339599609375000e+02
1.165841445922851562e+02
1.162335357666015625e+02
1.158820495605468750e+02
1.155296554565429688e+02
1.151836853027343750e+02
1.148292770385742188e+02
1.144812240600585938e+02
1.141246337890625000e+02
1.137817916870117188e+02
1.134229354858398438e+02
1.130777893066406250e+02
1.127240676879882812e+02
1.123744125366210938e+02
1.120295639038085938e+02
1.116843643188476562e+02
1.113373489379882812e+02
1.109945068359375000e+02
1.106492004394531250e+02
1.103066635131835938e+02
1.099654922485351562e+02
1.096235046386718750e+02
1.092852478027343750e+02
1.089485549926757812e+02
1.086127548217773438e+02
1.082786865234375000e+02
1.079471817016601562e+02
1.076168212890625000e+02
1.072906646728515625e+02
1.069650955200195312e+02
0.000000000000000000e+00
0.000000000000000000e+00
0.000000000000000000e+00
0.000000000000000000e+00
0.000000000000000000e+00
0.000000000000000000e+00
0.000000000000000000e+00
0.000000000000000000e+00
0.000000000000000000e+00
0.000000000000000000e+00
0.000000000000000000e+00
0.000000000000000000e+00
0.000000000000000000e+00
0.000000000000000000e+00
0.000000000000000000e+00
0.000000000000000000e+00
0.000000000000000000e+00
0.000000000000000000e+00
0.000000000000000000e+00
0.000000000000000000e+00
0.000000000000000000e+00
0.000000000000000000e+00
0.000000000000000000e+00
0.000000000000000000e+00
0.000000000000000000e+00
0.000000000000000000e+00
0.000000000000000000e+00
0.000000000000000000e+00
0.000000000000000000e+00
0.000000000000000000e+00
0.000000000000000000e+00
0.000000000000000000e+00
0.000000000000000000e+00
0.000000000000000000e+00
0.000000000000000000e+00
0.000000000000000000e+00
0.000000000000000000e+00
0.000000000000000000e+00
0.000000000000000000e+00
0.000000000000000000e+00
0.000000000000000000e+00
0.000000000000000000e+00
0.000000000000000000e+00
0.000000000000000000e+00
0.000000000000000000e+00
0.000000000000000000e+00
0.000000000000000000e+00
0.000000000000000000e+00
0.000000000000000000e+00
0.000000000000000000e+00
0.000000000000000000e+00
0.000000000000000000e+00
0.000000000000000000e+00
0.000000000000000000e+00
0.000000000000000000e+00
0.000000000000000000e+00
0.000000000000000000e+00
0.000000000000000000e+00
0.000000000000000000e+00
0.000000000000000000e+00
0.000000000000000000e+00
0.000000000000000000e+00
0.000000000000000000e+00
0.000000000000000000e+00
0.000000000000000000e+00
0.000000000000000000e+00
0.000000000000000000e+00
0.000000000000000000e+00
0.000000000000000000e+00
0.000000000000000000e+00
0.000000000000000000e+00
0.000000000000000000e+00
0.000000000000000000e+00
0.000000000000000000e+00
0.000000000000000000e+00
0.000000000000000000e+00
0.000000000000000000e+00
0.000000000000000000e+00
0.000000000000000000e+00
0.000000000000000000e+00
0.000000000000000000e+00
0.000000000000000000e+00
0.000000000000000000e+00
0.000000000000000000e+00
0.000000000000000000e+00
0.000000000000000000e+00
0.000000000000000000e+00
0.000000000000000000e+00
0.000000000000000000e+00
0.000000000000000000e+00
0.000000000000000000e+00
0.000000000000000000e+00
0.000000000000000000e+00
0.000000000000000000e+00
0.000000000000000000e+00
0.000000000000000000e+00
0.000000000000000000e+00
0.000000000000000000e+00
0.000000000000000000e+00
0.000000000000000000e+00
