# bb
8.892925507097970694e-08
1.779177694061218062e-07
2.966603460663463920e-07
4.452347184269456193e-07
6.237355592020321637e-07
8.322746225530863740e-07
1.070978782991005573e-06
1.339989466941915452e-06
1.639460379010415636e-06
1.969556251424364746e-06
2.330450570298125967e-06
2.722324325077352114e-06
3.145363962175906636e-06
3.599758201744407415e-06
4.085698037670226768e-06
4.603371962730307132e-06
5.152966878085862845e-06
5.734662863687844947e-06
6.348634087771642953e-06
6.995044714130926877e-06
7.674047992622945458e-06
8.385784894926473498e-06
9.130380021815653890e-06
9.907944331644102931e-06
1.071856968337669969e-05
1.156233065557898954e-05
1.243928181793307886e-05
1.334945773123763502e-05
1.429287203791318461e-05
1.526951746200211346e-05
1.627936762815807015e-05
1.732236887619365007e-05
1.839845390350092202e-05
1.950753357959911227e-05
2.064949876512400806e-05
2.182422031182795763e-05
2.303155633853748441e-05
2.427134495519567281e-05
2.554341335780918598e-05
2.684757782844826579e-05
2.818363645928911865e-05
2.955139461846556515e-05
3.095063948421739042e-05
3.238115459680557251e-05
3.384272713446989655e-05
3.533514609443955123e-05
3.685820047394372523e-05
3.841168290819041431e-05
3.999541149823926389e-05
4.160918979323469102e-05
4.325285044615156949e-05
4.492624066188000143e-05
4.662922583520412445e-05
4.836168227484449744e-05
5.012351539335213602e-05
5.191465970710851252e-05
5.373505337047390640e-05
5.558468183153308928e-05
5.746354145230725408e-05
5.937167588854208589e-05
6.130913243396207690e-05
6.327600567601621151e-05
6.527240475406870246e-05
6.729848246322944760e-05
6.935440615052357316e-05
7.144037226680666208e-05
7.355661364272236824e-05
7.570337038487195969e-05
7.788091897964477539e-05
8.008955774130299687e-05
8.232959953602403402e-05
8.460137178190052509e-05
8.690522372489795089e-05
8.924151188693940639e-05
9.161062189377844334e-05
9.401291754329577088e-05
9.644879173720255494e-05
9.891862282529473305e-05
1.014228109852410853e-04
1.039617272908799350e-04
1.065357573679648340e-04
1.091452650143764913e-04
1.117905994760803878e-04
1.144721318269148469e-04
1.171901749330572784e-04
1.199450416606850922e-04
1.227370230481028557e-04
1.255663955816999078e-04
1.284333848161622882e-04
1.313382381340488791e-04
1.342811301583424211e-04
1.372622355120256543e-04
1.402817142661660910e-04
1.433396537322551012e-04
1.464361557736992836e-04
1.495712931500747800e-04
1.527450804132968187e-04
1.559575175633653998e-04
1.592086046002805233e-04
1.624983269721269608e-04
1.658265973674133420e-04
1.691933284746482968e-04
1.725984475342556834e-04
1.760418672347441316e-04
1.795234275050461292e-04
1.830430410336703062e-04
1.866005477495491505e-04
1.901958312373608351e-04
1.938287750817835331e-04
1.974992337636649609e-04
2.012070908676832914e-04
2.049522445304319263e-04
2.087346074404194951e-04
2.125541068380698562e-04
2.164106845157220960e-04
2.203043404733762145e-04
2.242350310552865267e-04
2.282028290210291743e-04
2.322078071301802993e-04
2.362500235904008150e-04
2.403296530246734619e-04
2.444468555040657520e-04
2.486018638592213392e-04
2.527949109207838774e-04
2.570262877270579338e-04
2.612964308355003595e-04
2.656056312844157219e-04
2.699543256312608719e-04
2.743430086411535740e-04
2.787722332868725061e-04
2.832424652297049761e-04
2.877543447539210320e-04
2.923084830399602652e-04
2.969055494759231806e-04
3.015462134499102831e-04
3.062311734538525343e-04
3.109611861873418093e-04
3.157369792461395264e-04
3.205593384336680174e-04
3.254290786571800709e-04
3.303469275124371052e-04
3.353136999066919088e-04
3.403301816433668137e-04
3.453971294220536947e-04
3.505153290461748838e-04
3.556855081114917994e-04
3.609084233175963163e-04
3.661848022602498531e-04
3.715152270160615444e-04
3.769004251807928085e-04
3.823409497272223234e-04
3.878373536281287670e-04
3.933901607524603605e-04
3.989998076576739550e-04
4.046667017973959446e-04
4.103912215214222670e-04
4.161735996603965759e-04
4.220141272526234388e-04
4.279129498172551394e-04
4.338701255619525909e-04
4.398858000058680773e-04
4.459598858375102282e-04
4.520922375377267599e-04
4.582828260026872158e-04
4.645313310902565718e-04
4.708375199697911739e-04
4.772010433953255415e-04
4.836214939132332802e-04
4.900985513813793659e-04
4.966314882040023804e-04
5.032200133427977562e-04
5.098633118905127048e-04
5.165608599781990051e-04
5.233119591139256954e-04
5.301159690134227276e-04
5.369720165617763996e-04
5.438794614747166634e-04
5.508375470526516438e-04
5.578453419730067253e-04
5.649021477438509464e-04
5.720071494579315186e-04
5.791595322079956532e-04
5.863584228791296482e-04
5.936031229794025421e-04
6.008928176015615463e-04
6.082266918383538723e-04
6.156040471978485584e-04
6.230241851881146431e-04
6.304862909018993378e-04
6.379897822625935078e-04
6.455340771935880184e-04
6.531183607876300812e-04
6.607422255910933018e-04
6.684050895273685455e-04
6.761064287275075912e-04
6.838457775302231312e-04
6.916226702742278576e-04
6.994367577135562897e-04
7.072876906022429466e-04
7.151751196943223476e-04
7.230986375361680984e-04
7.310580695047974586e-04
7.390531245619058609e-04
7.470835698768496513e-04
7.551491726189851761e-04
7.632496999576687813e-04
7.713850354775786400e-04
7.795550045557320118e-04
7.877592579461634159e-04
7.959977374412119389e-04
8.042702102102339268e-04
8.125763852149248123e-04
8.209161460399627686e-04
8.292891434393823147e-04
8.376949699595570564e-04
8.461336256004869938e-04
8.546044700779020786e-04
8.631072123534977436e-04
8.716413867659866810e-04
8.802064694464206696e-04
8.888018783181905746e-04
8.974270313046872616e-04
9.060813463293015957e-04
9.147639502771198750e-04
9.234742028638720512e-04
9.322111145593225956e-04
9.409736958332359791e-04
9.497611317783594131e-04
9.585723164491355419e-04
9.674060856923460960e-04
9.762612171471118927e-04
9.851366048678755760e-04
9.940307354554533958e-04
1.002942328341305256e-03
1.011869986541569233e-03
1.020812313072383404e-03
1.029767561703920364e-03
1.038734335452318192e-03
1.047711004503071308e-03
1.056695822626352310e-03
1.065687276422977448e-03
1.074683503247797489e-03
1.083683106116950512e-03
1.092683873139321804e-03
1.101684407331049442e-03
1.110682846046984196e-03
1.119677559472620487e-03
1.128666917793452740e-03
1.137648941949009895e-03
1.146622234955430031e-03
1.155585050582885742e-03
1.164535875432193279e-03
1.173472963273525238e-03
1.182394917123019695e-03
1.191300456412136555e-03
1.200187834911048412e-03
1.209056004881858826e-03
1.217903452925384045e-03
1.226729131303727627e-03
1.235531992278993130e-03
1.244310638867318630e-03
1.253064372576773167e-03
1.261792145669460297e-03
1.270493026822805405e-03
1.279166433960199356e-03
1.287811435759067535e-03
1.296427682973444462e-03
1.305014360696077347e-03
1.313571119681000710e-03
1.322097494266927242e-03
1.330593135207891464e-03
1.339057809673249722e-03
1.347491168417036533e-03
1.355893095023930073e-03
1.364263473078608513e-03
1.372602302581071854e-03
1.380909234285354614e-03
1.389184384606778622e-03
1.397427869960665703e-03
1.405639690347015858e-03
1.413819845765829086e-03
1.421968336217105389e-03
1.430085510946810246e-03
1.438171137124300003e-03
1.446225214749574661e-03
1.454248209483921528e-03
1.462239888496696949e-03
1.470200251787900925e-03
1.478129532188177109e-03
1.486027496866881847e-03
1.493894262239336967e-03
1.501729711890220642e-03
1.509533845819532871e-03
1.517306314781308174e-03
1.525047002360224724e-03
1.532755908556282520e-03
1.540432567708194256e-03
1.548076746985316277e-03
1.555688213557004929e-03
1.563266734592616558e-03
1.570811611600220203e-03
1.578322728164494038e-03
1.585799385793507099e-03
1.593241351656615734e-03
1.600648043677210808e-03
1.608019112609326839e-03
1.615353743545711040e-03
1.622651703655719757e-03
1.629912410862743855e-03
1.637135166674852371e-03
1.644319738261401653e-03
1.651465427130460739e-03
1.658572000451385975e-03
1.665638643316924572e-03
1.672665355727076530e-03
1.679651439189910889e-03
1.686596777290105820e-03
1.693500904366374016e-03
1.700363704003393650e-03
1.707184943370521069e-03
1.713964738883078098e-03
1.720702741295099258e-03
1.727399183437228203e-03
1.734054065309464931e-03
1.740667736157774925e-03
1.747240195982158184e-03
1.753772026859223843e-03
1.760263694450259209e-03
1.766715664416551590e-03
1.773128402419388294e-03
1.779502839781343937e-03
1.785839791409671307e-03
1.792139839380979538e-03
1.798404380679130554e-03
1.804634230211377144e-03
1.810830435715615749e-03
1.816994394175708294e-03
1.823127269744873047e-03
1.829230459406971931e-03
1.835305360145866871e-03
1.841353485360741615e-03
1.847376464866101742e-03
1.853375579230487347e-03
1.859352691099047661e-03
1.865309546701610088e-03
1.871247543022036552e-03
1.877168542705476284e-03
1.883074291981756687e-03
1.888966420665383339e-03
1.894846674986183643e-03
1.900717034004628658e-03
1.906578894704580307e-03
1.912434236146509647e-03
1.918284455314278603e-03
1.924131531268358231e-03
1.929977093823254108e-03
1.935822423547506332e-03
1.941669033840298653e-03
1.947518903762102127e-03
1.953373197466135025e-03
1.959233079105615616e-03
1.965100411325693130e-03
1.970975659787654877e-03
1.976860919967293739e-03
1.982756890356540680e-03
1.988664735108613968e-03
1.994585385546088219e-03
2.000520005822181702e-03
2.006469294428825378e-03
2.012434182688593864e-03
2.018415601924061775e-03
2.024414017796516418e-03
2.030429895967245102e-03
2.036464633420109749e-03
2.042518230155110359e-03
2.048591384664177895e-03
2.054684562608599663e-03
2.060798229649662971e-03
2.066932851448655128e-03
2.073088893666863441e-03
2.079266821965575218e-03
2.085467334836721420e-03
2.091690199449658394e-03
2.097935881465673447e-03
2.104205312207341194e-03
2.110498724505305290e-03
2.116816351190209389e-03
2.123158657923340797e-03
2.129526343196630478e-03
2.135919639840722084e-03
2.142339712008833885e-03
2.148786559700965881e-03
2.155261114239692688e-03
2.161763608455657959e-03
2.168295439332723618e-03
2.174856839701533318e-03
2.181448973715305328e-03
2.188072539865970612e-03
2.194728469476103783e-03
2.201417461037635803e-03
2.208141144365072250e-03
2.214899985119700432e-03
2.221695380285382271e-03
2.228528261184692383e-03
2.235400257632136345e-03
2.242311835289001465e-03
2.249264623969793320e-03
2.256260020658373833e-03
2.263298956677317619e-03
2.270383061841130257e-03
2.277513267472386360e-03
2.284690737724304199e-03
2.291917335242033005e-03
2.299193758517503738e-03
2.306521637365221977e-03
2.313901903107762337e-03
2.321335952728986740e-03
2.328824717551469803e-03
2.336369361728429794e-03
2.343971049413084984e-03
2.351630479097366333e-03
2.359349047765135765e-03
2.367126988247036934e-03
2.374965464696288109e-03
2.382864942774176598e-03
2.390826353803277016e-03
2.398849930614233017e-03
2.406936604529619217e-03
2.415085909888148308e-03
2.423298312351107597e-03
2.431574510410428047e-03
2.439914038404822350e-03
2.448317129164934158e-03
2.456783084198832512e-03
2.465312369167804718e-03
2.473903819918632507e-03
2.482557902112603188e-03
2.491273451596498489e-03
2.500050002709031105e-03
2.508886856958270073e-03
2.517783315852284431e-03
2.526738215237855911e-03
2.535750856623053551e-03
2.544820075854659081e-03
2.553944941610097885e-03
2.563124056905508041e-03
2.572356257587671280e-03
2.581640845164656639e-03
2.590975724160671234e-03
2.600360196083784103e-03
2.609792631119489670e-03
2.619271865114569664e-03
2.628796268254518509e-03
2.638364676386117935e-03
2.647975692525506020e-03
2.657627686858177185e-03
2.667319728061556816e-03
2.677050419151782990e-03
2.686817897483706474e-03
2.696621231734752655e-03
2.706459490582346916e-03
2.716330811381340027e-03
2.726234495639801025e-03
2.736168913543224335e-03
2.746133366599678993e-03
2.756126457825303078e-03
2.766147255897521973e-03
2.776195062324404716e-03
2.786268247291445732e-03
2.796366577968001366e-03
2.806488424539566040e-03
2.816633787006139755e-03
2.826801501214504242e-03
2.836990403011441231e-03
2.847200259566307068e-03
2.857430372387170792e-03
2.867679810151457787e-03
2.877947874367237091e-03
2.888233866542577744e-03
2.898537321016192436e-03
2.908857539296150208e-03
2.919193822890520096e-03
2.929545473307371140e-03
2.939912024885416031e-03
2.950292080640792847e-03
2.960685873404145241e-03
2.971092006191611290e-03
2.981510013341903687e-03
2.991938730701804161e-03
3.002377459779381752e-03
3.012825269252061844e-03
3.023280994966626167e-03
3.033744171261787415e-03
3.044213168323040009e-03
3.054686589166522026e-03
3.065163735300302505e-03
3.075643209740519524e-03
3.086123382672667503e-03
3.096603089943528175e-03
3.107080701738595963e-03
3.117554588243365288e-03
3.128023119643330574e-03
3.138484433293342590e-03
3.148937132209539413e-03
3.159379120916128159e-03
3.169808303937315941e-03
3.180223051458597183e-03
3.190621268004179001e-03
3.201000858098268509e-03
3.211359726265072823e-03
3.221695777028799057e-03
3.232006682083010674e-03
3.242290578782558441e-03
3.252544673159718513e-03
3.262767335399985313e-03
3.272956237196922302e-03
3.283108817413449287e-03
3.293223213404417038e-03
3.303296631202101707e-03
3.313327906653285027e-03
3.323314012959599495e-03
3.333253553137183189e-03
3.343143733218312263e-03
3.352982923388481140e-03
3.362769261002540588e-03
3.372500417754054070e-03
3.382175229489803314e-03
3.391791135072708130e-03
3.401346737518906593e-03
3.410840639844536781e-03
3.420271212235093117e-03
3.429637290537357330e-03
3.438936779275536537e-03
3.448168747127056122e-03
3.457332029938697815e-03
3.466425463557243347e-03
3.475448582321405411e-03
3.484399523586034775e-03
3.493277821689844131e-03
3.502083243802189827e-03
3.510814392939209938e-03
3.519470803439617157e-03
3.528052242472767830e-03
3.536558011546730995e-03
3.544988110661506653e-03
3.553342074155807495e-03
3.561619203537702560e-03
3.569819498807191849e-03
3.577943192794919014e-03
3.585989819839596748e-03
3.593959379941225052e-03
3.601851640269160271e-03
3.609666833654046059e-03
3.617405425757169724e-03
3.625066485255956650e-03
3.632650943472981453e-03
3.640158101916313171e-03
3.647588193416595459e-03
3.654941683635115623e-03
3.662217874079942703e-03
3.669417463243007660e-03
3.676540451124310493e-03
3.683586139231920242e-03
3.690555226057767868e-03
3.697446780279278755e-03
3.704261733219027519e-03
3.710999153554439545e-03
3.717659274116158485e-03
3.724241629242897034e-03
3.730746451765298843e-03
3.737173043191432953e-03
3.743521403521299362e-03
3.749791067093610764e-03
3.755981801077723503e-03
3.762093372642993927e-03
3.768125316128134727e-03
3.774077165871858597e-03
3.779948456212878227e-03
3.785739419981837273e-03
3.791449125856161118e-03
3.797077108174562454e-03
3.802623599767684937e-03
3.808087669312953949e-03
3.813469316810369492e-03
3.818768076598644257e-03
3.823983715847134590e-03
3.829116001725196838e-03
3.834164934232831001e-03
3.839130280539393425e-03
3.844012040644884109e-03
3.848809981718659401e-03
3.853524336591362953e-03
3.858155105262994766e-03
3.862702753394842148e-03
3.867167048156261444e-03
3.871549153700470924e-03
3.875848604366183281e-03
3.880066564306616783e-03
3.884203732013702393e-03
3.888260340318083763e-03
3.892237553372979164e-03
3.896136302500963211e-03
3.899956820532679558e-03
3.903701202943921089e-03
3.907370381057262421e-03
3.910965286195278168e-03
3.914488013833761215e-03
3.917939029633998871e-03
3.921320196241140366e-03
3.924632910639047623e-03
3.927879501134157181e-03
3.931061364710330963e-03
3.934180364012718201e-03
3.937238361686468124e-03
3.940236754715442657e-03
3.943178337067365646e-03
3.946064040064811707e-03
3.948897123336791992e-03
3.951678518205881119e-03
3.954411484301090240e-03
3.957097418606281281e-03
3.959738183766603470e-03
3.962336108088493347e-03
3.964893985539674759e-03
3.967412281781435013e-03
3.969894722104072571e-03
3.972342703491449356e-03
3.974757622927427292e-03
3.977143205702304840e-03
3.979499451816082001e-03
3.981829155236482620e-03
3.984134178608655930e-03
3.986416384577751160e-03
3.988677635788917542e-03
3.990918863564729691e-03
3.993142396211624146e-03
3.995350096374750137e-03
3.997543361037969589e-03
3.999723121523857117e-03
4.001890774816274643e-03
4.004048649221658707e-03
4.006197676062583923e-03
4.008338786661624908e-03
4.010472912341356277e-03
4.012601915746927261e-03
4.014727193862199783e-03
4.016848746687173843e-03
4.018968902528285980e-03
4.021087195724248886e-03
4.023205954581499100e-03
4.025325644761323929e-03
4.027447197586297989e-03
4.029571544378995895e-03
4.031699150800704956e-03
4.033831413835287094e-03
4.035969730466604233e-03
4.038114566355943680e-03
4.040266387164592743e-03
4.042426589876413345e-03
4.044596105813980103e-03
4.046776331961154938e-03
4.048967268317937851e-03
4.051170777529478073e-03
4.053388256579637527e-03
4.055619239807128906e-03
4.057866986840963364e-03
4.060131032019853592e-03
4.062413237988948822e-03
4.064715001732110977e-03
4.067037254571914673e-03
4.069381393492221832e-03
4.071748815476894379e-03
4.074140917509794235e-03
4.076559562236070633e-03
4.079006146639585495e-03
4.081482067704200745e-03
4.083988722413778305e-03
4.086527042090892792e-03
4.089100286364555359e-03
4.091708920896053314e-03
4.094354808330535889e-03
4.097039811313152313e-03
4.099764861166477203e-03
4.102532286196947098e-03
4.105343483388423920e-03
4.108200315386056900e-03
4.111104179173707962e-03
4.114056471735239029e-03
4.117059521377086639e-03
4.120113328099250793e-03
4.123220685869455338e-03
4.126382526010274887e-03
4.129600245505571365e-03
4.132875241339206696e-03
4.136208444833755493e-03
4.139601252973079681e-03
4.143054597079753876e-03
4.146569874137639999e-03
4.150147549808025360e-03
4.153789021074771881e-03
4.157494287937879562e-03
4.161264747381210327e-03
4.165100399404764175e-03
4.169002175331115723e-03
4.172970540821552277e-03
4.177005030214786530e-03
4.181107040494680405e-03
4.185275640338659286e-03
4.189511295408010483e-03
4.193814471364021301e-03
4.198183771222829819e-03
4.202619660645723343e-03
4.207122605293989182e-03
4.211690742522478104e-03
4.216324537992477417e-03
4.221023526042699814e-03
4.225787241011857986e-03
4.230613820254802704e-03
4.235504195094108582e-03
4.240456037223339081e-03
4.245469346642494202e-03
4.250544123351573944e-03
4.255678039044141769e-03
4.260870628058910370e-03
4.266121424734592438e-03
4.271429032087326050e-03
4.276792984455823898e-03
4.282211419194936752e-03
4.287684336304664612e-03
4.293210338801145554e-03
4.298788029700517654e-03
4.304417409002780914e-03
4.310096614062786102e-03
4.315824713557958603e-03
4.321601241827011108e-03
4.327425733208656311e-03
4.333296325057744980e-03
4.339212551712989807e-03
4.345173947513103485e-03
4.351179115474224091e-03
4.357227124273777008e-03
4.363317973911762238e-03
4.369450267404317856e-03
4.375623539090156555e-03
4.381836857646703720e-03
4.388090223073959351e-03
4.394381772726774216e-03
4.400711972266435623e-03
4.407079424709081650e-03
4.413484130054712296e-03
4.419924225658178329e-03
4.426400642842054367e-03
4.432911518961191177e-03
4.439456854015588760e-03
4.446035251021385193e-03
4.452646709978580475e-03
4.459290299564599991e-03
4.465964622795581818e-03
4.472670145332813263e-03
4.479404538869857788e-03
4.486168269068002701e-03
4.492959938943386078e-03
4.499778617173433304e-03
4.506622906774282455e-03
4.513491876423358917e-03
4.520384594798088074e-03
4.527300130575895309e-03
4.534236155450344086e-03
4.541193135082721710e-03
4.548168275505304337e-03
4.555160645395517349e-03
4.562168382108211517e-03
4.569190554320812225e-03
4.576224833726882935e-03
4.583270289003849030e-03
4.590325057506561279e-03
4.597386345267295837e-03
4.604453220963478088e-03
4.611523821949958801e-03
4.618595819920301437e-03
4.625666886568069458e-03
4.632736090570688248e-03
4.639800172299146652e-03
4.646857269108295441e-03
4.653905984014272690e-03
4.660943057388067245e-03
4.667967092245817184e-03
4.674974828958511353e-03
4.681965801864862442e-03
4.688935820013284683e-03
4.695883486419916153e-03
4.702807404100894928e-03
4.709704313427209854e-03
4.716571886092424393e-03
4.723408725112676620e-03
4.730212036520242691e-03
4.736979492008686066e-03
4.743710160255432129e-03
4.750401247292757034e-03
4.757050890475511551e-03
4.763656761497259140e-03
4.770216997712850571e-03
4.776730667799711227e-03
4.783194977790117264e-03
4.789608530700206757e-03
4.795969929546117783e-03
4.802276846021413803e-03
4.808528814464807510e-03
4.814723040908575058e-03
4.820859525352716446e-03
4.826935939490795135e-03
4.832950886338949203e-03
4.838904365897178650e-03
4.844794049859046936e-03
4.850618541240692139e-03
4.856377840042114258e-03
4.862070549279451370e-03
4.867695737630128860e-03
4.873252008110284805e-03
4.878739360719919205e-03
4.884156398475170135e-03
4.889502655714750290e-03
4.894776735454797745e-03
4.899978637695312500e-03
4.905107896775007248e-03
4.910162650048732758e-03
4.915143363177776337e-03
4.920049104839563370e-03
4.924878943711519241e-03
4.929632414132356644e-03
4.934309050440788269e-03
4.938908386975526810e-03
4.943429492413997650e-03
4.947871901094913483e-03
4.952234681695699692e-03
4.956517834216356277e-03
4.960719961673021317e-03
4.964840598404407501e-03
4.968879744410514832e-03
4.972836002707481384e-03
4.976708907634019852e-03
4.980497993528842926e-03
4.984201863408088684e-03
4.987820982933044434e-03
4.991353023797273636e-03
4.994798451662063599e-03
4.998156335204839706e-03
5.001425277441740036e-03
5.004605278372764587e-03
5.007694941014051437e-03
5.010693799704313278e-03
5.013601388782262802e-03
5.016416776925325394e-03
5.019138567149639130e-03
5.021766293793916702e-03
5.024300422519445419e-03
5.026739090681076050e-03
5.029081832617521286e-03
5.031328182667493820e-03
5.033477675169706345e-03
5.035529378801584244e-03
5.037483759224414825e-03
5.039338953793048859e-03
5.041095893830060959e-03
5.042753648012876511e-03
5.044311750680208206e-03
5.045770667493343353e-03
5.047129467129707336e-03
5.048389080911874771e-03
5.049548111855983734e-03
5.050607956945896149e-03
5.051568616181612015e-03
5.052430089563131332e-03
5.053191911429166794e-03
5.053855478763580322e-03
5.054421257227659225e-03
5.054889712482690811e-03
5.055260378867387772e-03
5.055535584688186646e-03
5.055714864283800125e-03
5.055799614638090134e-03
5.055790301412343979e-03
5.055688787251710892e-03
5.055495537817478180e-03
5.055211484432220459e-03
5.054838024079799652e-03
5.054376088082790375e-03
5.053827539086341858e-03
5.053193308413028717e-03
5.052474793046712875e-03
5.051672924309968948e-03
5.050790496170520782e-03
5.049827508628368378e-03
5.048786289989948273e-03
5.047667771577835083e-03
5.046474281698465347e-03
5.045206286013126373e-03
5.043866578489542007e-03
5.042455624788999557e-03
5.040975753217935562e-03
5.039427895098924637e-03
5.037814378738403320e-03
5.036136135458946228e-03
5.034395027905702591e-03
5.032592453062534332e-03
5.030729807913303375e-03
5.028808489441871643e-03
5.026829894632101059e-03
5.024796351790428162e-03
5.022708326578140259e-03
5.020567681640386581e-03
5.018375813961029053e-03
5.016133654862642288e-03
5.013843066990375519e-03
5.011504981666803360e-03
5.009121261537075043e-03
5.006692372262477875e-03
5.004220176488161087e-03
5.001705605536699295e-03
4.999150056391954422e-03
4.996554460376501083e-03
4.993920680135488510e-03
4.991249181330204010e-03
4.988541360944509506e-03
4.985798615962266922e-03
4.983022343367338181e-03
4.980213474482297897e-03
4.977372009307146072e-03
4.974501207470893860e-03
4.971601068973541260e-03
4.968673456460237503e-03
4.965718369930982590e-03
4.962738603353500366e-03
4.959734622389078140e-03
4.956708289682865143e-03
4.953659605234861374e-03
4.950591363012790680e-03
4.947504494339227676e-03
4.944400396198034286e-03
4.941279999911785126e-03
4.938146099448204041e-03
4.934998694807291031e-03
4.931840114295482635e-03
4.928672220557928085e-03
4.925495479255914688e-03
4.922312684357166290e-03
4.919125232845544815e-03
4.915934056043624878e-03
4.912741947919130325e-03
4.909549839794635773e-03
4.906360059976577759e-03
4.903174005448818207e-03
4.899993073195219040e-03
4.896820522844791412e-03
4.893656354397535324e-03
4.890503827482461929e-03
4.887363873422145844e-03
4.884238820523023605e-03
4.881130065768957138e-03
4.878039937466382980e-03
4.874969832599163055e-03
4.871921613812446594e-03
4.868897143751382828e-03
4.865897819399833679e-03
4.862925969064235687e-03
4.859982524067163467e-03
4.857069812715053558e-03
4.854189231991767883e-03
4.851342644542455673e-03
4.848530981689691544e-03
4.845755640417337418e-03
4.843018483370542526e-03
4.840320907533168793e-03
4.837664309889078140e-03
4.835049621760845184e-03
4.832478240132331848e-03
4.829951561987400055e-03
4.827470052987337112e-03
4.825035110116004944e-03
4.822647664695978165e-03
4.820309113711118698e-03
4.818019922822713852e-03
4.815780557692050934e-03
4.813592415302991867e-03
4.811455961316823959e-03
4.809371661394834518e-03
4.807340446859598160e-03
4.805361852049827576e-03
4.803437739610671997e-03
4.801568109542131424e-03
4.799752496182918549e-03
4.797992296516895294e-03
4.796287510544061661e-03
4.794638138264417648e-03
4.793044645339250565e-03
4.791507031768560410e-03
4.790026228874921799e-03
4.788601305335760117e-03
4.787232726812362671e-03
4.785921424627304077e-03
4.784666467458009720e-03
4.783467855304479599e-03
4.782326985150575638e-03
4.781242460012435913e-03
4.780215211212635040e-03
4.779244307428598404e-03
4.778330679982900620e-03
4.777474328875541687e-03
4.776674788445234299e-03
4.775932058691978455e-03
4.775246605277061462e-03
4.774618428200483322e-03
4.774047527462244034e-03
4.773533437401056290e-03
4.773076623678207397e-03
4.772677551954984665e-03
4.772335290908813477e-03
4.772050306200981140e-03
4.771822597831487656e-03
4.771652631461620331e-03
4.771539941430091858e-03
4.771484062075614929e-03
4.771485924720764160e-03
4.771545063704252243e-03
4.771661944687366486e-03
4.771835636347532272e-03
4.772066604346036911e-03
4.772354848682880402e-03
4.772700369358062744e-03
4.773102235049009323e-03
4.773561377078294754e-03
4.774077329784631729e-03
4.774649627506732941e-03
4.775278270244598389e-03
4.775962326675653458e-03
4.776702262461185455e-03
4.777498077601194382e-03
4.778347443789243698e-03
4.779252223670482635e-03
4.780210554599761963e-03
4.781221970915794373e-03
4.782286472618579865e-03
4.783403594046831131e-03
4.784571472555398941e-03
4.785790573805570602e-03
4.787059500813484192e-03
4.788377322256565094e-03
4.789743572473526001e-03
4.791156854480504990e-03
4.792616236954927444e-03
4.794121254235506058e-03
4.795670043677091599e-03
4.797262139618396759e-03
4.798895679414272308e-03
4.800569731742143631e-03
4.802283365279436111e-03
4.804035183042287827e-03
4.805823788046836853e-03
4.807647317647933960e-03
4.809504840523004532e-03
4.811394494026899338e-03
4.813315812498331070e-03
4.815266001969575882e-03
4.817244596779346466e-03
4.819249734282493591e-03
4.821279551833868027e-03
4.823333118110895157e-03
4.825408570468425751e-03
4.827503580600023270e-03
4.829618148505687714e-03
4.831749480217695236e-03
4.833896644413471222e-03
4.836058244109153748e-03
4.838231485337018967e-03
4.840416368097066879e-03
4.842611029744148254e-03
4.844813607633113861e-03
4.847022704780101776e-03
4.849236458539962769e-03
4.851453937590122223e-03
4.853674210608005524e-03
4.855894949287176132e-03
4.858115222305059433e-03
4.860333632677793503e-03
4.862548783421516418e-03
4.864759277552366257e-03
4.866964183747768402e-03
4.869162105023860931e-03
4.871351644396781921e-03
4.873531870543956757e-03
4.875700920820236206e-03
4.877858795225620270e-03
4.880003165453672409e-03
4.882133565843105316e-03
4.884248599410057068e-03
4.886347334831953049e-03
4.888428840786218643e-03
4.890491720288991928e-03
4.892535507678985596e-03
4.894558340311050415e-03
4.896559752523899078e-03
4.898538347333669662e-03
4.900493193417787552e-03
4.902423825114965439e-03
4.904328379780054092e-03
4.906206391751766205e-03
4.908055998384952545e-03
4.909877665340900421e-03
4.911669064313173294e-03
4.913429263979196548e-03
4.915158264338970184e-03
4.916854202747344971e-03
4.918516147881746292e-03
4.920142702758312225e-03
4.921733867377042770e-03
4.923287313431501389e-03
4.924802575260400772e-03
4.926278721541166306e-03
4.927714355289936066e-03
4.929108545184135437e-03
4.930459894239902496e-03
4.931767936795949936e-03
4.933030810207128525e-03
4.934248048812150955e-03
4.935418721288442612e-03
4.936540964990854263e-03
4.937613848596811295e-03
4.938636906445026398e-03
4.939608275890350342e-03
4.940527491271495819e-03
4.941393155604600906e-03
4.942204803228378296e-03
4.942960571497678757e-03
4.943659529089927673e-03
4.944301676005125046e-03
4.944884683936834335e-03
4.945409018546342850e-03
4.945872817188501358e-03
4.946275614202022552e-03
4.946616012603044510e-03
4.946894478052854538e-03
4.947108682245016098e-03
4.947259090840816498e-03
4.947344306856393814e-03
4.947363864630460739e-03
4.947317298501729965e-03
4.947204142808914185e-03
4.947023466229438782e-03
4.946774803102016449e-03
4.946458153426647186e-03
4.946073051542043686e-03
4.945619031786918640e-03
4.945095162838697433e-03
4.944502376019954681e-03
4.943839740008115768e-03
4.943107254803180695e-03
4.942304920405149460e-03
4.941432271152734756e-03
4.940489772707223892e-03
4.939477425068616867e-03
4.938394762575626373e-03
4.937242250889539719e-03
4.936020355671644211e-03
4.934728611260652542e-03
4.933367483317852020e-03
4.931937437504529953e-03
4.930438473820686340e-03
4.928871057927608490e-03
4.927235189825296402e-03
4.925531800836324692e-03
4.923761356621980667e-03
4.921923391520977020e-03
4.920018836855888367e-03
4.918048158288002014e-03
4.916012287139892578e-03
4.913910757750272751e-03
4.911744967103004456e-03
4.909514915198087692e-03
4.907221067696809769e-03
4.904864821583032608e-03
4.902445245534181595e-03
4.899964202195405960e-03
4.897422157227993011e-03
4.894818644970655441e-03
4.892155062407255173e-03
4.889431875199079514e-03
4.886649549007415771e-03
4.883809015154838562e-03
4.880910273641347885e-03
4.877954255789518356e-03
4.874941427260637283e-03
4.871873185038566589e-03
4.868749063462018967e-03
4.865569993853569031e-03
4.862336907535791397e-03
4.859049804508686066e-03
4.855710081756114960e-03
4.852318204939365387e-03
4.848874174058437347e-03
4.845379386097192764e-03
4.841833841055631638e-03
4.838238470256328583e-03
4.834594670683145523e-03
4.830901976674795151e-03
4.827162716537714005e-03
4.823375493288040161e-03
4.819542169570922852e-03
4.815663676708936691e-03
4.811740946024656296e-03
4.807774443179368973e-03
4.803764633834362030e-03
4.799712914973497391e-03
4.795619286596775055e-03
4.791486077010631561e-03
4.787312820553779602e-03
4.783101379871368408e-03
4.778852220624685287e-03
4.774566274136304855e-03
4.770244937390089035e-03
4.765889141708612442e-03
4.761499352753162384e-03
4.757077433168888092e-03
4.752623848617076874e-03
4.748140461742877960e-03
4.743627738207578659e-03
4.739087074995040894e-03
4.734519869089126587e-03
4.729926586151123047e-03
4.725309088826179504e-03
4.720668774098157883e-03
4.716006573289632797e-03
4.711323883384466171e-03
4.706621635705232620e-03
4.701901692897081375e-03
4.697164520621299744e-03
4.692412447184324265e-03
4.687645938247442245e-03
4.682866856455802917e-03
4.678076598793268204e-03
4.673275630921125412e-03
4.668466281145811081e-03
4.663649480789899826e-03
4.658826626837253571e-03
4.653998650610446930e-03
4.649167414754629135e-03
4.644334316253662109e-03
4.639499820768833160e-03
4.634665790945291519e-03
4.629833158105611801e-03
4.625003319233655930e-03
4.620178136974573135e-03
4.615357611328363419e-03
4.610543604940176010e-03
4.605737514793872833e-03
4.600939806550741196e-03
4.596152342855930328e-03
4.591375589370727539e-03
4.586610943078994751e-03
4.581860266625881195e-03
4.577122628688812256e-03
4.572400823235511780e-03
4.567694850265979767e-03
4.563006572425365448e-03
4.558335524052381516e-03
4.553684033453464508e-03
4.549052100628614426e-03
4.544441122561693192e-03
4.539851564913988113e-03
4.535284359008073807e-03
4.530740436166524887e-03
4.526220727711915970e-03
4.521725233644247055e-03
4.517255816608667374e-03
4.512812010943889618e-03
4.508395213633775711e-03
4.504005890339612961e-03
4.499644972383975983e-03
4.495312459766864777e-03
4.491010215133428574e-03
4.486737307161092758e-03
4.482495132833719254e-03
4.478284623473882675e-03
4.474106244742870331e-03
4.469959530979394913e-03
4.465846810489892960e-03
4.461766686290502548e-03
4.457721021026372910e-03
4.453710280358791351e-03
4.449733998626470566e-03
4.445794038474559784e-03
4.441890399903059006e-03
4.438022617250680923e-03
4.434192553162574768e-03
4.430399741977453232e-03
4.426645580679178238e-03
4.422930069267749786e-03
4.419252742081880569e-03
4.415615927428007126e-03
4.412018693983554840e-03
4.408461507409811020e-03
4.404945299029350281e-03
4.401470534503459930e-03
4.398037213832139969e-03
4.394646268337965012e-03
4.391297232359647751e-03
4.387991037219762802e-03
4.384728148579597473e-03
4.381508100777864456e-03
4.378332756459712982e-03
4.375200718641281128e-03
4.372112918645143509e-03
4.369070287793874741e-03
4.366071894764900208e-03
4.363119136542081833e-03
4.360211081802845001e-03
4.357348661869764328e-03
4.354531411081552505e-03
4.351760726422071457e-03
4.349034745246171951e-03
4.346355330199003220e-03
4.343721549957990646e-03
4.341133404523134232e-03
4.338590893894433975e-03
4.336094483733177185e-03
4.333644174039363861e-03
4.331239033490419388e-03
4.328879062086343765e-03
4.326564725488424301e-03
4.324295558035373688e-03
4.322071559727191925e-03
4.319891799241304398e-03
4.317756276577711105e-03
4.315664991736412048e-03
4.313617013394832611e-03
4.311612341552972794e-03
4.309650510549545288e-03
4.307731054723262787e-03
4.305853508412837982e-03
4.304017405956983566e-03
4.302222281694412231e-03
4.300467669963836670e-03
4.298752639442682266e-03
4.297076724469661713e-03
4.295439459383487701e-03
4.293840378522872925e-03
4.292278084903955460e-03
4.290752578526735306e-03
4.289262928068637848e-03
4.287808667868375778e-03
4.286388866603374481e-03
4.285002592951059341e-03
4.283649846911430359e-03
4.282328765839338303e-03
4.281039349734783173e-03
4.279780667275190353e-03
4.278552252799272537e-03
4.277352243661880493e-03
4.276180639863014221e-03
4.275036975741386414e-03
4.273919854313135147e-03
4.272828344255685806e-03
4.271762445569038391e-03
4.270720761269330978e-03
4.269702360033988953e-03
4.268706776201725006e-03
4.267732612788677216e-03
4.266780335456132889e-03
4.265847615897655487e-03
4.264934919774532318e-03
4.264040384441614151e-03
4.263164009898900986e-03
4.262304864823818207e-03
4.261461552232503891e-03
4.260634072124958038e-03
4.259820561856031418e-03
4.259021952748298645e-03
4.258236382156610489e-03
4.257462918758392334e-03
4.256700631231069565e-03
4.255949519574642181e-03
4.255209118127822876e-03
4.254477098584175110e-03
4.253754392266273499e-03
4.253038670867681503e-03
4.252329934388399124e-03
4.251627717167139053e-03
4.250930622220039368e-03
4.250238183885812759e-03
4.249549936503171921e-03
4.248864483088254929e-03
4.248181823641061783e-03
4.247500095516443253e-03
4.246818833053112030e-03
4.246138036251068115e-03
4.245455842465162277e-03
4.244772251695394516e-03
4.244085401296615601e-03
4.243395756930112839e-03
4.242701455950737000e-03
4.242002498358488083e-03
4.241297487169504166e-03
4.240585956722497940e-03
4.239866510033607483e-03
4.239138681441545486e-03
4.238401539623737335e-03
4.237653687596321106e-03
4.236895591020584106e-03
4.236124921590089798e-03
4.235341679304838181e-03
4.234544467180967331e-03
4.233732353895902634e-03
4.232905339449644089e-03
4.232061561197042465e-03
4.231200553476810455e-03
4.230321850627660751e-03
4.229423590004444122e-03
4.228505305945873260e-03
4.227566532790660858e-03
4.226605873554944992e-03
4.225622862577438354e-03
4.224616568535566330e-03
4.223586525768041611e-03
4.222530871629714966e-03
4.221449606120586395e-03
4.220341797918081284e-03
4.219206050038337708e-03
4.218042828142642975e-03
4.216850735247135162e-03
4.215628840029239655e-03
4.214376211166381836e-03
4.213092848658561707e-03
4.211777821183204651e-03
4.210430197417736053e-03
4.209049977362155914e-03
4.207635764032602310e-03
4.206187557429075241e-03
4.204704426229000092e-03
4.203186370432376862e-03
4.201631993055343628e-03
4.200041759759187698e-03
4.198414739221334457e-03
4.196750000119209290e-03
4.195048473775386810e-03
4.193308763206005096e-03
4.191530402749776840e-03
4.189713858067989349e-03
4.187857732176780701e-03
4.185963422060012817e-03
4.184028599411249161e-03
4.182054195553064346e-03
4.180040210485458374e-03
4.177985712885856628e-03
4.175891634076833725e-03
4.173756577074527740e-03
4.171580541878938675e-03
4.169363994151353836e-03
4.167107399553060532e-03
4.164808895438909531e-03
4.162470344454050064e-03
4.160090349614620209e-03
4.157669376581907272e-03
4.155207425355911255e-03
4.152704495936632156e-03
4.150160588324069977e-03
4.147575236856937408e-03
4.144949372857809067e-03
4.142282530665397644e-03
4.139575175940990448e-03
4.136826377362012863e-03
4.134037066251039505e-03
4.131207708269357681e-03
4.128336906433105469e-03
4.125426057726144791e-03
4.122474696487188339e-03
4.119483288377523422e-03
4.116451367735862732e-03
4.113379400223493576e-03
4.110267851501703262e-03
4.107116255909204483e-03
4.103925079107284546e-03
4.100693855434656143e-03
4.097423050552606583e-03
4.094113595783710480e-03
4.090764559805393219e-03
4.087376873940229416e-03
4.083950072526931763e-03
4.080484621226787567e-03
4.076980520039796829e-03
4.073438700288534164e-03
4.069858230650424957e-03
4.066240042448043823e-03
4.062584135681390762e-03
4.058890976011753082e-03
4.055160563439130783e-03
4.051392897963523865e-03
4.047588910907506943e-03
4.043748136609792709e-03
4.039871506392955780e-03
4.035959485918283463e-03
4.032011609524488449e-03
4.028028808534145355e-03
4.024011548608541489e-03
4.019959364086389542e-03
4.015873651951551437e-03
4.011754877865314484e-03
4.007602576166391373e-03
4.003417212516069412e-03
3.999200649559497833e-03
3.994952421635389328e-03
3.990672994405031204e-03
3.986363299190998077e-03
3.982023335993289948e-03
3.977654501795768738e-03
3.973256796598434448e-03
3.968830686062574387e-03
3.964377567172050476e-03
3.959897439926862717e-03
3.955391701310873032e-03
3.950860351324081421e-03
3.946304321289062500e-03
3.941724542528390884e-03
3.937121946364641190e-03
3.932496532797813416e-03
3.927849698811769485e-03
3.923181910067796707e-03
3.918494097888469696e-03
3.913787193596363068e-03
3.909062128514051437e-03
3.904318902641534805e-03
3.899559611454606056e-03
3.894784022122621536e-03
3.889993298798799515e-03
3.885188838467001915e-03
3.880370408296585083e-03
3.875539405271410942e-03
3.870696760714054108e-03
3.865843405947089195e-03
3.860979806631803513e-03
3.856106661260128021e-03
3.851224901154637337e-03
3.846335923299193382e-03
3.841439494863152504e-03
3.836537478491663933e-03
3.831629874184727669e-03
3.826717846095561981e-03
3.821801394224166870e-03
3.816882381215691566e-03
3.811960574239492416e-03
3.807037137448787689e-03
3.802112769335508347e-03
3.797188168391585350e-03
3.792263567447662354e-03
3.787340130656957626e-03
3.782418323680758476e-03
3.777498845010995865e-03
3.772581694647669792e-03
3.767668502405285835e-03
3.762759268283843994e-03
3.757854923605918884e-03
3.752955468371510506e-03
3.748062066733837128e-03
3.743174718692898750e-03
3.738294355571269989e-03
3.733421210199594498e-03
3.728555981069803238e-03
3.723699133843183517e-03
3.718851367011666298e-03
3.714012913405895233e-03
3.709184704348444939e-03
3.704366739839315414e-03
3.699559718370437622e-03
3.694764338433742523e-03
3.689980600029230118e-03
3.685209434479475021e-03
3.680451307445764542e-03
3.675706451758742332e-03
3.670975798740983009e-03
3.666259348392486572e-03
3.661558264866471291e-03
3.656872082501649857e-03
3.652202431112527847e-03
3.647548845037817955e-03
3.642912255600094795e-03
3.638293361291289330e-03
3.633692627772688866e-03
3.629109822213649750e-03
3.624546807259321213e-03
3.620003117248415947e-03
3.615479450672864914e-03
3.610976506024599075e-03
3.606494516134262085e-03
3.602034645155072212e-03
3.597596660256385803e-03
3.593181027099490166e-03
3.588789142668247223e-03
3.584421006962656975e-03
3.580077085644006729e-03
3.575757378712296486e-03
3.571463515982031822e-03
3.567195264622569084e-03
3.562952624633908272e-03
3.558736992999911308e-03
3.554548602551221848e-03
3.550387453287839890e-03
3.546254010871052742e-03
3.542148973792791367e-03
3.538072574883699417e-03
3.534025279805064201e-03
3.530007088556885719e-03
3.526018932461738586e-03
3.522060113027691841e-03
3.518132027238607407e-03
3.514233743771910667e-03
3.510366659611463547e-03
3.506530309095978737e-03
3.502724925056099892e-03
3.498950973153114319e-03
3.495208220556378365e-03
3.491496900096535683e-03
3.487817011773586273e-03
3.484168555587530136e-03
3.480551764369010925e-03
3.476966638118028641e-03
3.473413176834583282e-03
3.469890914857387543e-03
3.466400317847728729e-03
3.462941152974963188e-03
3.459513187408447266e-03
3.456116188317537308e-03
3.452750155702233315e-03
3.449415089562535286e-03
3.446110058575868607e-03
3.442836226895451546e-03
3.439591731876134872e-03
3.436377737671136856e-03
3.433193080127239227e-03
3.430038224905729294e-03
3.426912240684032440e-03
3.423815360292792320e-03
3.420746885240077972e-03
3.417706582695245743e-03
3.414694452658295631e-03
3.411709563806653023e-03
3.408752381801605225e-03
3.405822440981864929e-03
3.402918810024857521e-03
3.400041721761226654e-03
3.397190943360328674e-03
3.394365543499588966e-03
3.391565987840294838e-03
3.388791345059871674e-03
3.386041615158319473e-03
3.383316565304994583e-03
3.380615264177322388e-03
3.377938410267233849e-03
3.375285305082798004e-03
3.372655017301440239e-03
3.370048245415091515e-03
3.367464058101177216e-03
3.364902222529053688e-03
3.362362738698720932e-03
3.359845373779535294e-03
3.357349662110209465e-03
3.354875370860099792e-03
3.352422034367918968e-03
3.349989652633666992e-03
3.347577992826700211e-03
3.345186589285731316e-03
3.342815209180116653e-03
3.340463852509856224e-03
3.338131820783019066e-03
3.335819113999605179e-03
3.333525033667683601e-03
3.331249579787254333e-03
3.328992752358317375e-03
3.326753620058298111e-03
3.324532415717840195e-03
3.322328208014369011e-03
3.320141229778528214e-03
3.317970782518386841e-03
3.315816633403301239e-03
3.313678549602627754e-03
3.311555832624435425e-03
3.309447783976793289e-03
3.307354636490345001e-03
3.305275458842515945e-03
3.303210251033306122e-03
3.301158081740140915e-03
3.299118718132376671e-03
3.297091228887438774e-03
3.295075614005327225e-03
3.293071174994111061e-03
3.291077446192502975e-03
3.289093729108572006e-03
3.287119092419743538e-03
3.285153536126017570e-03
3.283196128904819489e-03
3.281246405094861984e-03
3.279303666204214096e-03
3.277367213740944862e-03
3.275436349213123322e-03
3.273510606959462166e-03
3.271589288488030434e-03
3.269671928137540817e-03
3.267757128924131393e-03
3.265845123678445816e-03
3.263934748247265816e-03
3.262025304138660431e-03
3.260116325691342354e-03
3.258207347244024277e-03
3.256297204643487930e-03
3.254385432228446007e-03
3.252471564337611198e-03
3.250554902479052544e-03
3.248634980991482735e-03
3.246710868552327156e-03
3.244781866669654846e-03
3.242848208174109459e-03
3.240908496081829071e-03
3.238962264731526375e-03
3.237009746953845024e-03
3.235049545764923096e-03
3.233081428334116936e-03
3.231105161830782890e-03
3.229120047762989998e-03
3.227126086130738258e-03
3.225122112780809402e-03
3.223107894882559776e-03
3.221083665266633034e-03
3.219048725441098213e-03
3.217002376914024353e-03
3.214944852516055107e-03
3.212875220924615860e-03
3.210793714970350266e-03
3.208700101822614670e-03
3.206593682989478111e-03
3.204474458470940590e-03
3.202342195436358452e-03
3.200196893885731697e-03
3.198037622496485710e-03
3.195864846929907799e-03
3.193678101524710655e-03
3.191477619111537933e-03
3.189262701198458672e-03
3.187033347785472870e-03
3.184789326041936874e-03
3.182530635967850685e-03
3.180257277563214302e-03
3.177968552336096764e-03
3.175664693117141724e-03
3.173345467075705528e-03
3.171010874211788177e-03
3.168660681694746017e-03
3.166294423863291740e-03
3.163912333548069000e-03
3.161513945087790489e-03
3.159099258482456207e-03
3.156668273732066154e-03
3.154220292344689369e-03
3.151755547150969505e-03
3.149273805320262909e-03
3.146774834021925926e-03
3.144258167594671249e-03
3.141724038869142532e-03
3.139172215014696121e-03
3.136601997539401054e-03
3.134013619273900986e-03
3.131406614556908607e-03
3.128780983388423920e-03
3.126136260107159615e-03
3.123472444713115692e-03
3.120789071545004845e-03
3.118086140602827072e-03
3.115363419055938721e-03
3.112620674073696136e-03
3.109857439994812012e-03
3.107073949649930000e-03
3.104269504547119141e-03
3.101444570347666740e-03
3.098598448559641838e-03
3.095731139183044434e-03
3.092842409387230873e-03
3.089932259172201157e-03
3.087000455707311630e-03
3.084046998992562294e-03
3.081071423366665840e-03
3.078074427321553230e-03
3.075055079534649849e-03
3.072014078497886658e-03
3.068950958549976349e-03
3.065865952521562576e-03
3.062758827582001686e-03
3.059630049392580986e-03
3.056479152292013168e-03
3.053306834772229195e-03
3.050112864002585411e-03
3.046897239983081818e-03
3.043660428375005722e-03
3.040402429178357124e-03
3.037123708054423332e-03
3.033824032172560692e-03
3.030503867194056511e-03
3.027163678780198097e-03
3.023803699761629105e-03
3.020423930138349533e-03
3.017025068402290344e-03
3.013607114553451538e-03
3.010170767083764076e-03
3.006716025993227959e-03
3.003243589773774147e-03
2.999753924086689949e-03
2.996246796101331711e-03
2.992723369970917702e-03
2.989183645695447922e-03
2.985628088936209679e-03
2.982057165354490280e-03
2.978471340611577034e-03
2.974871080368757248e-03
2.971256617456674576e-03
2.967628650367259979e-03
2.963987644761800766e-03
2.960333600640296936e-03
2.956667216494679451e-03
2.952988957986235619e-03
2.949299057945609093e-03
2.945597982034087181e-03
2.941886195912957191e-03
2.938164165243506432e-03
2.934431890025734901e-03
2.930689835920929909e-03
2.926938934251666069e-03
2.923178486526012421e-03
2.919409656897187233e-03
2.915632445365190506e-03
2.911847550421953201e-03
2.908054273575544357e-03
2.904253778979182243e-03
2.900446066632866859e-03
2.896631602197885513e-03
2.892810152843594551e-03
2.888982184231281281e-03
2.885147929191589355e-03
2.881307853385806084e-03
2.877461956813931465e-03
2.873610472306609154e-03
2.869753399863839149e-03
2.865891205146908760e-03
2.862023888155817986e-03
2.858151914551854134e-03
2.854275284335017204e-03
2.850394230335950851e-03
2.846508985385298729e-03
2.842619549483060837e-03
2.838726621121168137e-03
2.834829967468976974e-03
2.830930054187774658e-03
2.827027114108204842e-03
2.823120914399623871e-03
2.819212386384606361e-03
2.815301530063152313e-03
2.811388578265905380e-03
2.807473763823509216e-03
2.803557552397251129e-03
2.799640176817774773e-03
2.795721869915723801e-03
2.791803097352385521e-03
2.787884324789047241e-03
2.783965552225708961e-03
2.780047478154301643e-03
2.776130335405468941e-03
2.772214822471141815e-03
2.768300939351320267e-03
2.764389617368578911e-03
2.760480856522917747e-03
2.756575122475624084e-03
2.752673346549272537e-03
2.748775528743863106e-03
2.744882367551326752e-03
2.740994095802307129e-03
2.737111644819378853e-03
2.733235480263829231e-03
2.729365602135658264e-03
2.725503174588084221e-03
2.721647964790463448e-03
2.717800904065370560e-03
2.713962458074092865e-03
2.710133325308561325e-03
2.706313738599419594e-03
2.702503930777311325e-03
2.698704833164811134e-03
2.694916445761919022e-03
2.691139467060565948e-03
2.687374595552682877e-03
2.683621598407626152e-03
2.679881406947970390e-03
2.676154254004359245e-03
2.672440372407436371e-03
2.668739994987845421e-03
2.665053820237517357e-03
2.661381848156452179e-03
2.657724311575293541e-03
2.654081676155328751e-03
2.650454174727201462e-03
2.646841807290911674e-03
2.643245039507746696e-03
2.639663638547062874e-03
2.636097837239503860e-03
2.632548101246356964e-03
2.629014197736978531e-03
2.625496592372655869e-03
2.621994586661458015e-03
2.618509111925959587e-03
2.615039702504873276e-03
2.611586125567555428e-03
2.608148846775293350e-03
2.604727633297443390e-03
2.601322485134005547e-03
2.597933169454336166e-03
2.594559919089078903e-03
2.591202501207590103e-03
2.587860915809869766e-03
2.584534930065274239e-03
2.581224543973803520e-03
2.577929757535457611e-03
2.574650337919592857e-03
2.571386052295565605e-03
2.568137133494019508e-03
2.564903115853667259e-03
2.561684465035796165e-03
2.558480482548475266e-03
2.555291634052991867e-03
2.552117453888058662e-03
2.548958174884319305e-03
2.545813564211130142e-03
2.542683389037847519e-03
2.539568115025758743e-03
2.536467276513576508e-03
2.533381339162588120e-03
2.530309837311506271e-03
2.527253003790974617e-03
2.524210838600993156e-03
2.521183341741561890e-03
2.518170746043324471e-03
2.515172818675637245e-03
2.512190025299787521e-03
2.509222133085131645e-03
2.506269374862313271e-03
2.503331750631332397e-03
2.500409260392189026e-03
2.497502602636814117e-03
2.494611311703920364e-03
2.491735620424151421e-03
2.488875528797507286e-03
2.486031502485275269e-03
2.483203308656811714e-03
2.480391412973403931e-03
2.477595582604408264e-03
2.474816283211112022e-03
2.472053281962871552e-03
2.469306811690330505e-03
2.466576872393488884e-03
2.463863696902990341e-03
2.461167285218834877e-03
2.458487404510378838e-03
2.455824287608265877e-03
2.453177934512495995e-03
2.450548112392425537e-03
2.447935286909341812e-03
2.445338759571313858e-03
2.442758996039628983e-03
2.440195530652999878e-03
2.437648130580782890e-03
2.435117028653621674e-03
2.432601992040872574e-03
2.430102555081248283e-03
2.427618484944105148e-03
2.425150014460086823e-03
2.422696212306618690e-03
2.420257311314344406e-03
2.417832612991333008e-03
2.415421884506940842e-03
2.413024893030524254e-03
2.410641405731439590e-03
2.408270724117755890e-03
2.405912615358829498e-03
2.403566380962729454e-03
2.401231788098812103e-03
2.398908603936433792e-03
2.396596129983663559e-03
2.394293900579214096e-03
2.392001450061798096e-03
2.389718312770128250e-03
2.387444023042917252e-03
2.385178348049521446e-03
2.382920589298009872e-03
2.380670048296451569e-03
2.378426725044846535e-03
2.376190153881907463e-03
2.373959403485059738e-03
2.371734473854303360e-03
2.369514899328351021e-03
2.367299981415271759e-03
2.365089952945709229e-03
2.362883649766445160e-03
2.360681537538766861e-03
2.358482452109456062e-03
2.356286859139800072e-03
2.354093827307224274e-03
2.351903589442372322e-03
2.349715679883956909e-03
2.347529632970690727e-03
2.345345681533217430e-03
2.343163592740893364e-03
2.340982900932431221e-03
2.338803838938474655e-03
2.336625708267092705e-03
2.334448974579572678e-03
2.332273405045270920e-03
2.330098766833543777e-03
2.327925292775034904e-03
2.325752517208456993e-03
2.323580672964453697e-03
2.321409992873668671e-03
2.319240011274814606e-03
2.317070960998535156e-03
2.314902842044830322e-03
2.312735654413700104e-03
2.310569398105144501e-03
2.308403840288519859e-03
2.306239446625113487e-03
2.304075751453638077e-03
2.301913453266024590e-03
2.299751620739698410e-03
2.297590952366590500e-03
2.295431215316057205e-03
2.293271943926811218e-03
2.291113836690783501e-03
2.288956195116043091e-03
2.286799252033233643e-03
2.284642541781067848e-03
2.282486297190189362e-03
2.280330285429954529e-03
2.278174506500363350e-03
2.276018261909484863e-03
2.273861784487962723e-03
2.271704841405153275e-03
2.269546734169125557e-03
2.267387928441166878e-03
2.265227260068058968e-03
2.263065194711089134e-03
2.260900801047682762e-03
2.258734079077839851e-03
2.256564563140273094e-03
2.254392020404338837e-03
2.252215752378106117e-03
2.250035759061574936e-03
2.247851341962814331e-03
2.245662268251180649e-03
2.243467839434742928e-03
2.241267822682857513e-03
2.239061752334237099e-03
2.236849162727594376e-03
2.234629588201642036e-03
2.232402795925736427e-03
2.230168553069233894e-03
2.227925928309559822e-03
2.225674921646714211e-03
2.223415067419409752e-03
2.221145899966359138e-03
2.218867419287562370e-03
2.216578694060444832e-03
2.214280189946293831e-03
2.211971208453178406e-03
2.209651516750454903e-03
2.207321114838123322e-03
2.204979537054896355e-03
2.202626783400774002e-03
2.200262853875756264e-03
2.197887282818555832e-03
2.195500535890460014e-03
2.193102380260825157e-03
2.190692583099007607e-03
2.188271377235651016e-03
2.185838762670755386e-03
2.183394739404320717e-03
2.180939773097634315e-03
2.178473630920052528e-03
2.175996778532862663e-03
2.173508983105421066e-03
2.171010943129658699e-03
2.168502658605575562e-03
2.165984595194458961e-03
2.163456752896308899e-03
2.160919597372412682e-03
2.158373128622770309e-03
2.155818045139312744e-03
2.153254579752683640e-03
2.150682965293526649e-03
2.148103434592485428e-03
2.145516686141490936e-03
2.142922719940543175e-03
2.140322001650929451e-03
2.137714531272649765e-03
2.135101007297635078e-03
2.132481429725885391e-03
2.129856031388044357e-03
2.127225510776042938e-03
2.124589635059237480e-03
2.121948869898915291e-03
2.119303448125720024e-03
2.116653136909008026e-03
2.113998634740710258e-03
2.111339475959539413e-03
2.108676359057426453e-03
2.106008818373084068e-03
2.103337319567799568e-03
2.100661629810929298e-03
2.097981749102473259e-03
2.095297910273075104e-03
2.092609647661447525e-03
2.089917194098234177e-03
2.087220316752791405e-03
2.084519015625119209e-03
2.081812825053930283e-03
2.079102210700511932e-03
2.076386008411645889e-03
2.073665149509906769e-03
2.070938702672719955e-03
2.068206667900085449e-03
2.065468812361359596e-03
2.062725136056542397e-03
2.059974940493702888e-03
2.057218691334128380e-03
2.054455690085887909e-03
2.051685703918337822e-03
2.048908732831478119e-03
2.046124543994665146e-03
2.043333370238542557e-03
2.040534280240535736e-03
2.037727739661931992e-03
2.034913515672087669e-03
2.032091375440359116e-03
2.029261784628033638e-03
2.026424277573823929e-03
2.023578854277729988e-03
2.020725747570395470e-03
2.017864957451820374e-03
2.014996483922004700e-03
2.012121025472879410e-03
2.009237883612513542e-03
2.006347989663481712e-03
2.003451343625783920e-03
2.000548178330063820e-03
1.997638726606965065e-03
1.994723686948418617e-03
1.991803292185068130e-03
1.988877775147557259e-03
1.985947601497173309e-03
1.983013469725847244e-03
1.980075379833579063e-03
1.977134495973587036e-03
1.974190585315227509e-03
1.971244812011718750e-03
1.968297641724348068e-03
1.965349307283759117e-03
1.962400507181882858e-03
1.959451939910650253e-03
1.956503838300704956e-03
1.953557133674621582e-03
1.950612058863043785e-03
1.947669428773224354e-03
1.944729592651128769e-03
1.941793016158044338e-03
1.938860397785902023e-03
1.935932203195989132e-03
1.933008432388305664e-03
1.930090016685426235e-03
1.927177072502672672e-03
1.924270065501332283e-03
1.921369344927370548e-03
1.918474910780787468e-03
1.915587345138192177e-03
1.912706880830228329e-03
1.909833517856895924e-03
1.906967372633516788e-03
1.904108677990734577e-03
1.901257317513227463e-03
1.898413640446960926e-03
1.895577413961291313e-03
1.892748754471540451e-03
1.889927312731742859e-03
1.887113321572542191e-03
1.884306198917329311e-03
1.881506410427391529e-03
1.878713257610797882e-03
1.875926624052226543e-03
1.873146393336355686e-03
1.870372332632541656e-03
1.867604209110140800e-03
1.864841557107865810e-03
1.862084493041038513e-03
1.859332202002406120e-03
1.856584683991968632e-03
1.853841706179082394e-03
1.851103152148425579e-03
1.848368439823389053e-03
1.845637569203972816e-03
1.842909958213567734e-03
1.840185839682817459e-03
1.837464980781078339e-03
1.834746915847063065e-03
1.832031644880771637e-03
1.829319167882204056e-03
1.826609252020716667e-03
1.823902130126953125e-03
1.821197452954947948e-03
1.818495569750666618e-03
1.815796364098787308e-03
1.813099952414631844e-03
1.810406334698200226e-03
1.807716093026101589e-03
1.805029227398335934e-03
1.802345854230225086e-03
1.799666322767734528e-03
1.796991215087473392e-03
1.794320647604763508e-03
1.791654969565570354e-03
1.788994646631181240e-03
1.786340144462883472e-03
1.783692045137286186e-03
1.781050465069711208e-03
1.778416102752089500e-03
1.775789423845708370e-03
1.773171126842498779e-03
1.770561328157782555e-03
1.767960959114134312e-03
1.765370252542197704e-03
1.762789674103260040e-03
1.760219805873930454e-03
1.757661346346139908e-03
1.755114528350532055e-03
1.752579584717750549e-03
1.750057330355048180e-03
1.747547881677746773e-03
1.745051704347133636e-03
1.742569147609174252e-03
1.740100444294512272e-03
1.737645594403147697e-03
1.735205180011689663e-03
1.732779201120138168e-03
1.730367774143815041e-03
1.727970899082720280e-03
1.725588692352175713e-03
1.723221037536859512e-03
1.720867934636771679e-03
1.718529150821268559e-03
1.716204802505671978e-03
1.713894307613372803e-03
1.711597666144371033e-03
1.709314528852701187e-03
1.707044430077075958e-03
1.704787369817495346e-03
1.702542416751384735e-03
1.700309454463422298e-03
1.698088133707642555e-03
1.695877639576792717e-03
1.693677739240229130e-03
1.691487734206020832e-03
1.689307275228202343e-03
1.687135547399520874e-03
1.684972201474010944e-03
1.682816771790385246e-03
1.680668443441390991e-03
1.678526983596384525e-03
1.676391577348113060e-03
1.674261875450611115e-03
1.672137412242591381e-03
1.670017722062766552e-03
1.667902222834527493e-03
1.665790681727230549e-03
1.663682633079588413e-03
1.661577494814991951e-03
1.659475616179406643e-03
1.657376298680901527e-03
1.655279193073511124e-03
1.653184532187879086e-03
1.651091850362718105e-03
1.649001496843993664e-03
1.646912889555096626e-03
1.644826377741992474e-03
1.642741844989359379e-03
1.640659640543162823e-03
1.638579764403402805e-03
1.636502332985401154e-03
1.634427695535123348e-03
1.632356084883213043e-03
1.630287617444992065e-03
1.628222991712391376e-03
1.626162207685410976e-03
1.624105847440660000e-03
1.622054260224103928e-03
1.620007795281708241e-03
1.617966918274760246e-03
1.615932094864547253e-03
1.613903790712356567e-03
1.611882238648831844e-03
1.609868137165904045e-03
1.607861835509538651e-03
1.605863566510379314e-03
1.603873912245035172e-03
1.601893105544149876e-03
1.599921612069010735e-03
1.597959548234939575e-03
1.596007263287901878e-03
1.594064990058541298e-03
1.592132961377501488e-03
1.590211177244782448e-03
1.588299986906349659e-03
1.586399157531559467e-03
1.584508921951055527e-03
1.582629047334194183e-03
1.580759533680975437e-03
1.578900148160755634e-03
1.577050774358212948e-03
1.575210946612060070e-03
1.573380664922297001e-03
1.571559347212314606e-03
1.569746644236147404e-03
1.567942206747829914e-03
1.566145452670753002e-03
1.564355683512985706e-03
1.562572550028562546e-03
1.560795470140874386e-03
1.559023745357990265e-03
1.557256560772657394e-03
1.555493450723588467e-03
1.553733716718852520e-03
1.551976543851196766e-03
1.550221350044012070e-03
1.548467436805367470e-03
1.546713989228010178e-03
1.544960308820009232e-03
1.543205697089433670e-03
1.541449804790318012e-03
1.539691584184765816e-03
1.537930569611489773e-03
1.536166411824524403e-03
1.534398412331938744e-03
1.532625989057123661e-03
1.530848676338791847e-03
1.529066124930977821e-03
1.527278218418359756e-03
1.525484258309006691e-03
1.523684128187596798e-03
1.521877828054130077e-03
1.520065125077962875e-03
1.518245670013129711e-03
1.516419812105596066e-03
1.514587551355361938e-03
1.512748771347105503e-03
1.510903588496148586e-03
1.509052468463778496e-03
1.507195527665317059e-03
1.505333115346729755e-03
1.503465347923338413e-03
1.501592807471752167e-03
1.499716076068580151e-03
1.497835270129144192e-03
1.495951088145375252e-03
1.494063995778560638e-03
1.492174458689987659e-03
1.490283058956265450e-03
1.488390495069324970e-03
1.486497116275131702e-03
1.484603737480938435e-03
1.482710591517388821e-03
1.480818376876413822e-03
1.478927792049944401e-03
1.477039069868624210e-03
1.475152792409062386e-03
1.473269425332546234e-03
1.471389434300363064e-03
1.469513052143156528e-03
1.467640744522213936e-03
1.465772627852857113e-03
1.463909284211695194e-03
1.462050364352762699e-03
1.460196566767990589e-03
1.458347425796091557e-03
1.456503407098352909e-03
1.454664161428809166e-03
1.452829688787460327e-03
1.450999872758984566e-03
1.449174364097416401e-03
1.447353046387434006e-03
1.445535453967750072e-03
1.443721237592399120e-03
1.441910048015415668e-03
1.440101419575512409e-03
1.438294653780758381e-03
1.436489284969866276e-03
1.434684847481548786e-03
1.432880409993231297e-03
1.431075739674270153e-03
1.429269905202090740e-03
1.427462208084762096e-03
1.425652066245675087e-03
1.423838664777576923e-03
1.422021421603858471e-03
1.420199638232588768e-03
1.418372732587158680e-03
1.416539889760315418e-03
1.414700527675449848e-03
1.412854064255952835e-03
1.411000150255858898e-03
1.409137970767915249e-03
1.407267176546156406e-03
1.405387418344616890e-03
1.403498114086687565e-03
1.401599380187690258e-03
1.399690518155694008e-03
1.397771527990698814e-03
1.395842176862061024e-03
1.393902697600424290e-03
1.391952740959823132e-03
1.389992656186223030e-03
1.388022443279623985e-03
1.386042335070669651e-03
1.384052564390003681e-03
1.382053480483591557e-03
1.380045432597398758e-03
1.378029119223356247e-03
1.376004656776785851e-03
1.373972860164940357e-03
1.371934311464428902e-03
1.369889476336538792e-03
1.367839169688522816e-03
1.365784090012311935e-03
1.363725052215158939e-03
1.361662521958351135e-03
1.359597546979784966e-03
1.357530825771391392e-03
1.355463173240423203e-03
1.353395287878811359e-03
1.351327868178486824e-03
1.349261729046702385e-03
1.347197685390710831e-03
1.345136319287121296e-03
1.343078212812542915e-03
1.341024180874228477e-03
1.338974805548787117e-03
1.336930436082184315e-03
1.334891654551029205e-03
1.332858810201287270e-03
1.330832368694245815e-03
1.328812562860548496e-03
1.326799625530838966e-03
1.324793673120439053e-03
1.322794938459992409e-03
1.320803305134177208e-03
1.318818773142993450e-03
1.316841342486441135e-03
1.314870780333876610e-03
1.312906853854656219e-03
1.310949097387492657e-03
1.308997510932385921e-03
1.307051395997405052e-03
1.305110286921262741e-03
1.303173834457993507e-03
1.301241340115666389e-03
1.299312338232994080e-03
1.297386130318045616e-03
1.295462017878890038e-03
1.293539418838918209e-03
1.291617634706199169e-03
1.289695850573480129e-03
1.287773600779473782e-03
1.285849954001605511e-03
1.283924444578588009e-03
1.281996141187846661e-03
1.280064578168094158e-03
1.278129173442721367e-03
1.276189344935119152e-03
1.274244394153356552e-03
1.272294088266789913e-03
1.270337728783488274e-03
1.268375199288129807e-03
1.266406034119427204e-03
1.264430000446736813e-03
1.262446865439414978e-03
1.260456512682139874e-03
1.258459058590233326e-03
1.256454386748373508e-03
1.254442613571882248e-03
1.252423739060759544e-03
1.250398345291614532e-03
1.248366432264447212e-03
1.246328582055866718e-03
1.244285143911838531e-03
0.000000000000000000e+00
0.000000000000000000e+00
0.000000000000000000e+00
0.000000000000000000e+00
0.000000000000000000e+00
0.000000000000000000e+00
0.000000000000000000e+00
0.000000000000000000e+00
0.000000000000000000e+00
0.000000000000000000e+00
0.000000000000000000e+00
0.000000000000000000e+00
0.000000000000000000e+00
0.000000000000000000e+00
0.000000000000000000e+00
0.000000000000000000e+00
0.000000000000000000e+00
0.000000000000000000e+00
0.000000000000000000e+00
0.000000000000000000e+00
0.000000000000000000e+00
0.000000000000000000e+00
0.000000000000000000e+00
0.000000000000000000e+00
0.000000000000000000e+00
0.000000000000000000e+00
0.000000000000000000e+00
0.000000000000000000e+00
0.000000000000000000e+00
0.000000000000000000e+00
0.000000000000000000e+00
0.000000000000000000e+00
0.000000000000000000e+00
0.000000000000000000e+00
0.000000000000000000e+00
0.000000000000000000e+00
0.000000000000000000e+00
0.000000000000000000e+00
0.000000000000000000e+00
0.000000000000000000e+00
0.000000000000000000e+00
0.000000000000000000e+00
0.000000000000000000e+00
0.000000000000000000e+00
0.000000000000000000e+00
0.000000000000000000e+00
0.000000000000000000e+00
0.000000000000000000e+00
0.000000000000000000e+00
0.000000000000000000e+00
0.000000000000000000e+00
0.000000000000000000e+00
0.000000000000000000e+00
0.000000000000000000e+00
0.000000000000000000e+00
0.000000000000000000e+00
0.000000000000000000e+00
0.000000000000000000e+00
0.000000000000000000e+00
0.000000000000000000e+00
0.000000000000000000e+00
0.000000000000000000e+00
0.000000000000000000e+00
0.000000000000000000e+00
0.000000000000000000e+00
0.000000000000000000e+00
0.000000000000000000e+00
0.000000000000000000e+00
0.000000000000000000e+00
0.000000000000000000e+00
0.000000000000000000e+00
0.000000000000000000e+00
0.000000000000000000e+00
0.000000000000000000e+00
0.000000000000000000e+00
0.000000000000000000e+00
0.000000000000000000e+00
0.000000000000000000e+00
0.000000000000000000e+00
0.000000000000000000e+00
0.000000000000000000e+00
0.000000000000000000e+00
0.000000000000000000e+00
0.000000000000000000e+00
0.000000000000000000e+00
0.000000000000000000e+00
0.000000000000000000e+00
0.000000000000000000e+00
0.000000000000000000e+00
0.000000000000000000e+00
0.000000000000000000e+00
0.000000000000000000e+00
0.000000000000000000e+00
0.000000000000000000e+00
0.000000000000000000e+00
0.000000000000000000e+00
0.000000000000000000e+00
0.000000000000000000e+00
0.000000000000000000e+00
0.000000000000000000e+00
