# pp
8.749809641574108627e-09
5.321725408469507015e-09
3.677857662548458964e-09
2.732410873846394838e-09
2.126512294760322679e-09
1.710201714102332884e-09
1.409503230362422628e-09
1.184091066524953244e-09
1.009942694316924631e-09
8.724202184285920865e-10
7.614812288734968864e-10
6.705306461473756500e-10
5.950031620074658382e-10
5.315204474098764170e-10
4.775984455580056865e-10
4.313935057975360588e-10
3.914939377110547956e-10
3.567665374718142673e-10
3.263284494997658036e-10
2.995093215774716884e-10
2.757698686131649185e-10
2.546483595222959883e-10
2.357660347769329337e-10
2.188189634104404568e-10
2.035557331423423561e-10
1.897626082576005918e-10
1.772570579461515099e-10
1.658768055775627172e-10
1.554859185050443835e-10
1.459794919765652886e-10
1.372673788613643748e-10
1.292639124275533325e-10
1.218936674104417554e-10
1.150924742801829597e-10
1.088045475060839197e-10
1.029805952664739115e-10
9.757701345087219130e-11
9.255461745586206848e-11
8.787864161357819779e-11
8.351834654718599929e-11
7.944656218846878596e-11
7.563910532161222013e-11
7.207435854587618177e-11
6.873294451988005325e-11
6.559737341819696611e-11
6.265160651170985779e-11
5.988111421480688950e-11
5.727277017255615973e-11
5.481468928459650613e-11
5.249604191739362356e-11
5.030680961604082736e-11
4.823783670925244942e-11
4.628078103282365681e-11
4.442802770070801890e-11
4.267258615200963674e-11
4.100794939647146846e-11
3.942812917421666306e-11
3.792763062898764707e-11
3.650140391904038198e-11
3.514482029884753855e-11
3.385368606926266948e-11
3.262414383075717358e-11
3.145262350110684938e-11
3.033581666373735917e-11
2.927063059769515977e-11
2.825410419059126658e-11
2.728346705668846104e-11
2.635614552503301975e-11
2.546974601218883824e-11
2.462202490442539420e-11
2.381083301526026975e-11
2.303415406089026803e-11
2.229010856381791097e-11
2.157694287978588768e-11
2.089303028228911600e-11
2.023689274983489082e-11
1.960715587277813903e-11
1.900253031920534293e-11
1.842180555056627268e-11
1.786384010565100431e-11
1.732754520651851732e-11
1.681189310174502347e-11
1.631591661390803374e-11
1.583870489265946268e-11
1.537939628070079383e-11
1.493716562423992780e-11
1.451123163118441533e-11
1.410085706607264646e-11
1.370534580603813126e-11
1.332403818466673919e-11
1.295630300224205341e-11
1.260154157495717335e-11
1.225918753656858149e-11
1.192870477760723834e-11
1.160958553586462461e-11
1.130134862561625412e-11
1.100353779420094139e-11
1.071572019561261224e-11
1.043748497169589623e-11
1.016844193237840112e-11
9.908220327131396191e-12
9.656467700535638458e-12
9.412848825447978434e-12
9.177044707824181183e-12
8.948751657760143577e-12
8.727680421773106704e-12
8.513555371760944576e-12
8.306113746455942020e-12
8.105104941533347500e-12
7.910288859059400365e-12
7.721432468064173728e-12
7.538312411740692016e-12
7.360715455031496077e-12
7.188437945259138357e-12
7.021285305788587285e-12
6.859071560438284905e-12
6.701618886532208011e-12
6.548757194646063848e-12
6.400323733247964568e-12
6.256162716568918217e-12
6.116124974162450992e-12
5.980067620726225383e-12
5.847853744863178216e-12
5.719352115555687040e-12
5.594436905214682258e-12
5.472987428247022183e-12
5.354887894159448558e-12
5.240027174286492728e-12
5.128298581293602332e-12
5.019599352821064508e-12
4.913829568001154188e-12
4.810892946750063917e-12
4.710696984373112274e-12
4.613152778361278282e-12
4.518174864300990603e-12
4.425681060356322252e-12
4.335592319818494433e-12
4.247832591250704645e-12
4.162328685786983820e-12
4.079010151172356549e-12
3.997809152158048202e-12
3.918660356890106719e-12
3.841500828952723160e-12
3.766269924748811565e-12
3.692909195920257781e-12
3.621362296528703788e-12
3.551574894734921067e-12
3.483494588730899637e-12
3.417070826693706195e-12
3.352254842354953584e-12
3.288999616549577798e-12
3.227259770458541344e-12
3.166991487652934779e-12
3.108152451318833706e-12
3.050701784372426205e-12
2.994599992315378395e-12
2.939808908688985400e-12
2.886291642993867409e-12
2.834012530949507260e-12
2.782937086975084622e-12
2.733031958779757659e-12
2.684264883956788516e-12
2.636604648481798593e-12
2.590021047020974157e-12
2.544484844960215569e-12
2.499967742071087918e-12
2.456442337734034476e-12
2.413882097643587618e-12
2.372261321924371421e-12
2.331555114590514234e-12
2.291739354284635343e-12
2.252790666235981144e-12
2.214686395380439495e-12
2.177404580588167067e-12
2.140923892032907299e-12
2.105223497166946581e-12
2.070283157519389373e-12
2.036083245235634958e-12
2.002604721717579581e-12
1.969829117117641451e-12
1.937738510648186290e-12
1.906315511669810896e-12
1.875543241523795204e-12
1.845405316075745510e-12
1.815885828939062414e-12
1.786969335348430555e-12
1.758640836654962046e-12
1.730885765416002184e-12
1.703689971053925163e-12
1.677039706059466663e-12
1.650921612716308052e-12
1.625322710324749386e-12
1.600230382903333263e-12
1.575632367348306077e-12
1.551516742031714410e-12
1.527871915819854779e-12
1.504686617494625173e-12
1.481949885561145692e-12
1.459651058425769505e-12
1.437779803840693737e-12
1.416326223430057975e-12
1.395280721917073929e-12
1.374633959274333305e-12
1.354376842861648337e-12
1.334500519840551926e-12
1.314996369854481275e-12
1.295855997964168771e-12
1.277071227828216171e-12
1.258634095119264218e-12
1.240536841166593655e-12
1.222771906816382782e-12
1.205331926501233630e-12
1.188209722510926987e-12
1.171398299456724157e-12
1.154890838921844530e-12
1.138680694291078253e-12
1.122761385752766493e-12
1.107126595466694617e-12
1.091770162891678295e-12
1.076686080266922387e-12
1.061868488241434066e-12
1.047311671646045619e-12
1.033010055402797911e-12
1.018958200566666483e-12
1.005150800494808972e-12
9.915826771387112498e-13
9.782487774547906395e-13
9.651441699292021538e-13
9.522640412127585092e-13
9.396036928620277382e-13
9.271585381828561985e-13
9.149240991726748399e-13
9.028960035581288484e-13
8.910699819246708512e-13
8.794418649349199326e-13
8.680075806326859447e-13
8.567631518297018837e-13
8.457046935722014094e-13
8.348284106846051077e-13
8.241305953876686584e-13
8.136076249885601748e-13
8.032559596404192994e-13
7.930721401690505097e-13
7.830527859644884066e-13
7.731945929352545479e-13
7.634943315232149566e-13
7.539488447770140719e-13
7.445550464821481561e-13
7.353099193458011484e-13
7.262105342215485027e-13
7.172541100266202594e-13
7.084379468412345164e-13
6.997594030856672164e-13
6.912158940661212373e-13
6.828048905619502728e-13
6.745239571901757858e-13
6.663705523851431172e-13
6.583423865822868976e-13
6.504372130474730120e-13
6.426526825595563848e-13
6.349865006788457853e-13
6.274365640917653370e-13
6.200008083756436881e-13
6.126770756466698487e-13
6.054632576439519936e-13
5.983574200299365994e-13
5.913576638275143974e-13
5.844620047191394683e-13
5.776685033995359598e-13
5.709753790405360775e-13
5.643808830056167029e-13
5.578831886347480779e-13
5.514805101526585048e-13
5.451712063712507010e-13
5.389536654455878737e-13
5.328262041093406798e-13
5.267871762802288123e-13
5.208350679543533369e-13
5.149683919066803677e-13
5.091855954562489919e-13
5.034851597831335001e-13
4.978656868646540145e-13
4.923258031452561144e-13
4.868640750110782195e-13
4.814790997210793520e-13
4.761695851432587785e-13
4.709342615258110865e-13
4.657718039490464486e-13
4.606809156751465477e-13
4.556604013615870772e-13
4.507090861595367359e-13
4.458257444890505832e-13
4.410091765254646695e-13
4.362582754957787224e-13
4.315719534131460888e-13
4.269490755900674366e-13
4.223885309031952798e-13
4.178892937152772922e-13
4.134503556277099895e-13
4.090706735833878996e-13
4.047492591688147245e-13
4.004852097583037568e-13
3.962776372750470642e-13
3.921256126925513372e-13
3.880282255507042763e-13
3.839846365695818013e-13
3.799940198644689888e-13
3.760555117638870045e-13
3.721682656523743336e-13
3.683315005246604215e-13
3.645444477204181396e-13
3.608063036781170973e-13
3.571162805206317490e-13
3.534736509049860208e-13
3.498776988759248630e-13
3.463276762123402914e-13
3.428228491304633645e-13
3.393625397496706826e-13
3.359460807036678617e-13
3.325727747696858887e-13
3.292419380271731765e-13
3.259529382291662923e-13
3.227051528452651007e-13
3.194979316936664490e-13
3.163306368604087341e-13
3.132026782381147267e-13
3.101134747065125069e-13
3.070624195140801099e-13
3.040489172335457811e-13
3.010724167050188171e-13
2.981323750880314453e-13
2.952282257634718326e-13
2.923594125747908724e-13
2.895254203903346069e-13
2.867257417861198942e-13
2.839598472601605632e-13
2.812272169853290746e-13
2.785273691857807705e-13
2.758598292322872724e-13
2.732241019802864565e-13
2.706197012392759863e-13
2.680461761403292277e-13
2.655030824460886165e-13
2.629899568411379788e-13
2.605063443038966549e-13
2.580518226261404672e-13
2.556259757579623380e-13
2.532283698945985910e-13
2.508585789197993396e-13
2.485162112030824502e-13
2.462008965733308695e-13
2.439122518109722070e-13
2.416499003028086666e-13
2.394134933029656103e-13
2.372026868834441137e-13
2.350171212113877366e-13
2.328564425930825430e-13
2.307203232875605239e-13
2.286084400438911105e-13
2.265204547846321661e-13
2.244560351416200438e-13
2.224148729335720889e-13
2.203966641666695927e-13
2.184010910163448901e-13
2.164278409714785978e-13
2.144766240778039883e-13
2.125471542890269560e-13
2.106391326483217922e-13
2.087522651475055883e-13
2.068862788294072613e-13
2.050409043864470455e-13
2.032158604515638787e-13
2.014108702698470049e-13
1.996256767451896408e-13
1.978600261920213509e-13
1.961136536529630438e-13
1.943862984721537397e-13
1.926777183643961701e-13
1.909876742336822382e-13
1.893159164417487513e-13
1.876621993648617691e-13
1.860262945571971600e-13
1.844079765570117617e-13
1.828070100365240844e-13
1.812231634171280145e-13
1.796562211928747812e-13
1.781059706516942925e-13
1.765721898427087297e-13
1.750546603186762943e-13
1.735531786800936961e-13
1.720675441448281028e-13
1.705975472741444810e-13
1.691429819055693158e-13
1.677036559732590344e-13
1.662793798648229762e-13
1.648699558520604500e-13
1.634751892723232943e-13
1.620948986763542780e-13
1.607289049160182232e-13
1.593770223990638221e-13
1.580390730329439523e-13
1.567148921599574125e-13
1.554043171458915806e-13
1.541071780775018376e-13
1.528233075993575485e-13
1.515525498568155896e-13
1.502947508966982155e-13
1.490497499315685133e-13
1.478173885727857801e-13
1.465975276776938424e-13
1.453899961066300132e-13
1.441946587893521411e-13
1.430113818723739727e-13
1.418400009695592062e-13
1.406803861271413619e-13
1.395323931694599233e-13
1.383958800342822093e-13
1.372707216625927944e-13
1.361567647206251431e-13
1.350538877468798769e-13
1.339619703664061025e-13
1.328808652021784865e-13
1.318104553266025218e-13
1.307506112334064688e-13
1.297012052824538777e-13
1.286621248867146706e-13
1.276332324220053252e-13
1.266144184860683244e-13
1.256055746485587581e-13
1.246065685506779466e-13
1.236172948159638711e-13
1.226376369200163306e-13
1.216674799897280716e-13
1.207067225054371110e-13
1.197552407329652107e-13
1.188129359778099634e-13
1.178797104162468493e-13
1.169554449781058604e-13
1.160400445504567348e-13
1.151334041210419875e-13
1.142354201417884127e-13
1.133460009332813490e-13
1.124650350680609155e-13
1.115924333778032509e-13
1.107281074755613308e-13
1.098719500735165152e-13
1.090238751956561739e-13
1.081837880587580196e-13
1.073515951804443730e-13
1.065272142290136648e-13
1.057105475921557068e-13
1.049015180075427514e-13
1.041000488546646625e-13
1.033060466086088476e-13
1.025194366793352445e-13
1.017401365694829960e-13
1.009680648831153498e-13
1.002031495967600466e-13
9.944530293999709544e-14
9.869445477590885663e-14
9.795053554667809560e-14
9.721346060312675280e-14
9.648316220191892753e-14
9.575956554042970805e-14
9.504259679911071159e-14
9.433219053489920063e-14
9.362826723158722491e-14
9.293076313400562864e-14
9.223961501023340018e-14
9.155474613242016301e-14
9.087609489296002167e-14
9.020359337123418067e-14
8.953717452563034660e-14
8.887677881358660341e-14
8.822233409404199982e-14
8.757378233717335050e-14
8.693106598658081875e-14
8.629411539653556405e-14
8.566287446717973346e-14
8.503728144361040191e-14
8.441727535822884300e-14
8.380280196802387713e-14
8.319379573309667016e-14
8.259020376843680366e-14
8.199197361793541291e-14
8.139904197856699738e-14
8.081135770245551905e-14
8.022886456785675663e-14
7.965150705936653540e-14
7.907923570133319810e-14
7.851199087219266832e-14
7.794972431732936905e-14
7.739238817118257473e-14
7.683992482064752381e-14
7.629228757704291140e-14
7.574942519209144383e-14
7.521128705223552055e-14
7.467782797700104746e-14
7.414899365958787347e-14
7.362474018059060566e-14
7.310502461475870085e-14
7.258979541125957140e-14
7.207901083749103302e-14
7.157262504223060725e-14
7.107059273082772899e-14
7.057287348889066697e-14
7.007941866622623633e-14
6.959018881184236797e-14
6.910514478219932067e-14
6.862423951244525809e-14
6.814743478873066107e-14
6.767468868505399698e-14
6.720596373648816410e-14
6.674120713562248639e-14
6.628039803619186582e-14
6.582348460180692180e-14
6.537043110880731460e-14
6.492120953973067279e-14
6.447576243191416888e-14
6.403406269071078750e-14
6.359608311781655924e-14
6.316176816709067582e-14
6.273109153061228112e-14
6.230401991531494153e-14
6.188050668098058645e-14
6.146053299778221171e-14
6.104405307213878675e-14
6.063103513285341492e-14
6.022144765296487774e-14
5.981524656524161001e-14
5.941241393010677574e-14
5.901290647400986966e-14
5.861669409768008550e-14
5.822375301544968598e-14
5.783403533721265838e-14
5.744751803262524495e-14
5.706417799867047656e-14
5.668396890242278724e-14
5.630686837030661062e-14
5.593284830966125800e-14
5.556186967734932302e-14
5.519391625013024687e-14
5.482894967940836507e-14
5.446694312471345193e-14
5.410786994970618026e-14
5.375169321248797991e-14
5.339839744592952325e-14
5.304794636038577424e-14
5.270031449626027769e-14
5.235548178770411636e-14
5.201340909980294158e-14
5.167407793546989693e-14
5.133746973078562816e-14
5.100354676872874201e-14
5.067229105376339296e-14
5.034367986697812479e-14
5.001768144263351944e-14
4.969428282233304317e-14
4.937345278241673725e-14
4.905516957814412899e-14
4.873941162123758807e-14
4.842614879611568759e-14
4.811536871396117684e-14
4.780704176929650763e-14
4.750114729122007088e-14
4.719766889953940958e-14
4.689657379082330023e-14
4.659784607174240085e-14
4.630146980153220395e-14
4.600741318205933687e-14
4.571566074370661924e-14
4.542619310955589745e-14
4.513898340465892166e-14
4.485402034466413520e-14
4.457127750450805609e-14
4.429073631819954786e-14
4.401237835206572634e-14
4.373617809430507606e-14
4.346212475018385136e-14
4.319019323191793705e-14
4.292036587067214151e-14
4.265262856686001656e-14
4.238695357014669102e-14
4.212332718611491388e-14
4.186173568718293915e-14
4.160215215362239225e-14
4.134456325024119665e-14
4.108895239390222273e-14
4.083529675732196290e-14
4.058358649900588091e-14
4.033379916677837344e-14
4.008591885558643898e-14
3.983992977266864282e-14
3.959581022223451788e-14
3.935355078451331831e-14
3.911313011778280365e-14
3.887453306976391175e-14
3.863774747103587220e-14
3.840274975282680843e-14
3.816952799785987043e-14
3.793806992224197504e-14
3.770835213599770580e-14
3.748036261000166392e-14
3.725408660934007692e-14
3.702950418183377851e-14
3.680660624764748448e-14
3.658537318172296229e-14
3.636579084453377399e-14
3.614784519845390751e-14
3.593151726669263228e-14
3.571679836481622971e-14
3.550366982517336771e-14
3.529211817312871306e-14
3.508213244382332632e-14
3.487369211629971076e-14
3.466678652165800581e-14
3.446140498164923218e-14
3.425752756750224469e-14
3.405514388792449188e-14
3.385424128164961132e-14
3.365480270330992509e-14
3.345682024463520306e-14
3.326027713508552819e-14
3.306516121478209693e-14
3.287146041065278892e-14
3.267915849374072573e-14
3.248824789615931916e-14
3.229871264901785724e-14
3.211054115396152726e-14
3.192372392809090107e-14
3.173824343855535563e-14
3.155409045167809870e-14
3.137125572893351297e-14
3.118972223327812598e-14
3.100948096798497371e-14
3.083052102387959635e-14
3.065282779252915548e-14
3.047639437599763748e-14
3.030120639765375554e-14
3.012725337213975759e-14
2.995452488825419931e-14
2.978300702376819143e-14
2.961269317427382022e-14
2.944356963716954161e-14
2.927562640301515363e-14
2.910885353284621471e-14
2.894324115796945104e-14
2.877877611084806898e-14
2.861545210069238361e-14
2.845325329703727749e-14
2.829217898531358793e-14
2.813221571764235133e-14
2.797335994799235121e-14
2.781560486572039421e-14
2.765893742536886210e-14
2.750335418235323041e-14
2.734885159769394498e-14
2.719541691940680048e-14
2.704304369788657720e-14
2.689172849519494165e-14
2.674145893658701604e-14
2.659223459891095718e-14
2.644404329243432838e-14
2.629688167871713423e-14
2.615074066966906505e-14
2.600561412789773953e-14
2.586149594697080273e-14
2.571838005154271178e-14
2.557625767625850058e-14
2.543512558369549189e-14
2.529497512417807475e-14
2.515580042632127080e-14
2.501759564852546681e-14
2.488035239030476068e-14
2.474406750990626304e-14
2.460873271693891965e-14
2.447434236412053881e-14
2.434089083272351944e-14
2.420837253267579065e-14
2.407677946311852101e-14
2.394610857888989440e-14
2.381634959157632615e-14
2.368750190323835891e-14
2.355955537483790942e-14
2.343250704731018543e-14
2.330635159722735691e-14
2.318107917325075867e-14
2.305668689563292452e-14
2.293317182218548859e-14
2.281052431383332260e-14
2.268873931216526589e-14
2.256781395380080389e-14
2.244773887001474854e-14
2.232851339744819965e-14
2.221012830148709409e-14
2.209258079920932748e-14
2.197586391625235355e-14
2.185997283086944264e-14
2.174490274559369424e-14
2.163064825486561841e-14
2.151719947186100211e-14
2.140454995957901047e-14
2.129268936664093264e-14
2.118160941652502193e-14
2.107130189778347549e-14
2.096175676555149408e-14
2.085296787114176385e-14
2.074492533278345161e-14
2.063762124719577781e-14
2.053104777307777337e-14
2.042519713073623401e-14
2.032005980777847848e-14
2.021562997395367373e-14
2.011189651020753345e-14
2.000885546579216299e-14
1.990649590549949990e-14
1.980481221802323098e-14
1.970379708933610427e-14
1.960343990167027937e-14
1.950373521403160633e-14
1.940467757902455302e-14
1.930625664010852249e-14
1.920846545636106623e-14
1.911129874561750984e-14
1.901474645017351926e-14
1.891880498519990955e-14
1.882346445802951379e-14
1.872871978430499973e-14
1.863456280900305879e-14
1.854098700377947175e-14
1.844798589107895758e-14
1.835555304382398361e-14
1.826368060718547769e-14
1.817236375878847712e-14
1.808159476941635215e-14
1.799136744970736651e-14
1.790167565841827336e-14
1.781251188977771089e-14
1.772387153566823808e-14
1.763574720998545496e-14
1.754813299798445416e-14
1.746102303079965186e-14
1.737441148515987960e-14
1.728829124517337793e-14
1.720265793977769243e-14
1.711750325221301712e-14
1.703282421353007897e-14
1.694861264162140915e-14
1.686486432803415871e-14
1.678157443051502308e-14
1.669873817227000956e-14
1.661635524467324607e-14
1.653442529553020526e-14
1.645294426024329289e-14
1.637191058829177428e-14
1.629132393203605859e-14
1.621118032916810043e-14
1.613148062603275527e-14
1.605222090579585197e-14
1.597340081601346009e-14
1.589501766530190703e-14
1.581706994416950822e-14
1.573955614455673395e-14
1.566247475996243347e-14
1.558582317589795240e-14
1.550960101849426099e-14
1.543380569608293623e-14
1.535843573796857384e-14
1.528348967504383487e-14
1.520896497799934700e-14
1.513486126170923729e-14
1.506117601880249716e-14
1.498790781468348358e-14
1.491505521637267073e-14
1.484261679261790154e-14
1.477059010641064112e-14
1.469897475536166337e-14
1.462776733341809282e-14
1.455696843171907764e-14
1.448657468224834014e-14
1.441658568072944018e-14
1.434700003465432886e-14
1.427781445732350772e-14
1.420902854938905241e-14
1.414064188042964975e-14
1.407265121829057726e-14
1.400505522854345719e-14
1.393785348640680329e-14
1.387104283682130722e-14
1.380462375890134473e-14
1.373859313236020013e-14
1.367295053193647105e-14
1.360769376423349793e-14
1.354282153013076470e-14
1.347833253229911636e-14
1.341422547528944281e-14
1.335049822492346218e-14
1.328715034471822727e-14
1.322417971865571426e-14
1.316158482854381434e-14
1.309936315562922637e-14
1.303751113926776719e-14
1.297602686080944793e-14
1.291490680671505109e-14
1.285414829245903045e-14
1.279374864987271919e-14
1.273370522708696077e-14
1.267401462249163549e-14
1.261467499543569362e-14
1.255568223595031482e-14
1.249703528818979229e-14
1.243873009890954343e-14
1.238076488379846737e-14
1.232313712084621882e-14
1.226584285871808685e-14
1.220888107505534441e-14
1.215224787280572560e-14
1.209594082643385698e-14
1.203995892251393829e-14
1.198429834399257079e-14
1.192895670922632415e-14
1.187393028773884381e-14
1.181921946437785981e-14
1.176481918509782771e-14
1.171072848853692133e-14
1.165694506429112439e-14
1.160346530789962633e-14
1.155028696931054260e-14
1.149740909881616370e-14
1.144482816528988959e-14
1.139254195915618150e-14
1.134054828413511377e-14
1.128884495719365231e-14
1.123742980849630815e-14
1.118629945604047958e-14
1.113545300142197876e-14
1.108488831382164658e-14
1.103460207963938594e-14
1.098459222299551398e-14
1.093485785690851717e-14
1.088539456761810621e-14
1.083620265995330571e-14
1.078727893093788287e-14
1.073862136630996181e-14
1.069022683399868696e-14
1.064209449203452209e-14
1.059422236216470767e-14
1.054660737514429931e-14
1.049924869729063573e-14
1.045214338001824286e-14
1.040528991447150730e-14
1.035868687853013369e-14
1.031233391659333747e-14
1.026622749253273658e-14
1.022036727298044248e-14
1.017475186325894886e-14
1.012937884917539259e-14
1.008424789237789825e-14
1.003935761849263150e-14
9.994705657805636908e-15
9.950290673355059442e-15
9.906112320960747318e-15
9.862167295859710444e-15
9.818455274485573414e-15
9.774975908657028284e-15
9.731725959216219366e-15
9.688705098358467731e-15
9.645912033735236878e-15
9.603344545997116573e-15
9.561001377423430698e-15
9.518882195030368158e-15
9.476984819829028146e-15
9.435308012118608471e-15
9.393851435559658875e-15
9.352612060462380523e-15
9.311589569397464479e-15
9.270782746367498112e-15
9.230190381286372738e-15
9.189810406917146626e-15
9.149642501419875925e-15
9.109684622499122495e-15
9.069935603201153398e-15
9.030395118724355376e-15
8.991061163616262629e-15
8.951932587665618415e-15
8.913007428776127782e-15
8.874286188848921757e-15
8.835766105585801316e-15
8.797446868024826373e-15
8.759327353295040416e-15
8.721405657554918371e-15
8.683680686975402176e-15
8.646152127323355406e-15
8.608818108772297820e-15
8.571677553087760273e-15
8.534729387170758110e-15
8.497972543052174481e-15
8.461405957886630892e-15
8.425027834300117824e-15
8.388837864317844803e-15
8.352834969111658587e-15
8.317017346088021501e-15
8.281383937431002439e-15
8.245934402439908384e-15
8.210666264170457185e-15
8.175579898841431774e-15
8.140673557236928651e-15
8.105946207222637491e-15
8.071396136251246274e-15
8.037023018168150630e-15
8.002825835926064997e-15
7.968802907399979838e-15
7.934953905843124453e-15
7.901277169106826629e-15
7.867771715021698542e-15
7.834436566180267048e-15
7.801271395311792144e-15
7.768273938917990090e-15
7.735443884077380843e-15
7.702780272347826024e-15
7.670281523683188600e-15
7.637947324723899356e-15
7.605776731039201282e-15
7.573768190444909204e-15
7.541920781528937022e-15
7.510234190705544371e-15
7.478706294196018476e-15
7.447336791785868110e-15
7.416125369859503987e-15
7.385069944619842334e-15
7.354170215660834408e-15
7.323425292493107350e-15
7.292833716166871949e-15
7.262394617606371995e-15
7.232107696328747361e-15
7.201971518819484131e-15
7.171985228545252220e-15
7.142148525196142941e-15
7.112459452259054377e-15
7.082917721743001524e-15
7.053522493589315370e-15
7.024272931837343344e-15
6.995167672431210200e-15
6.966206427532000440e-15
6.937387848875431545e-15
6.908711128169717266e-15
6.880175977826179828e-15
6.851781072921066031e-15
6.823525616828098241e-15
6.795408320264504293e-15
6.767429454884243833e-15
6.739587282223636409e-15
6.711881580447465007e-15
6.684311625422817264e-15
6.656876208753820751e-15
6.629574623567148670e-15
6.602406646760957383e-15
6.575371090267699153e-15
6.548467256795890159e-15
6.521694452211623280e-15
6.495051985534491265e-15
6.468539168933301634e-15
6.442154857486096605e-15
6.415898836480167523e-15
6.389770427424169972e-15
6.363768504540305446e-15
6.337892405254042880e-15
6.312141913957889208e-15
6.286515482829197836e-15
6.261013343063358051e-15
6.235634399995258073e-15
6.210378005910599612e-15
6.185243087628806922e-15
6.160229437817376115e-15
6.135336417507265678e-15
6.110562971309232899e-15
6.085908891404759842e-15
6.061373134099207177e-15
6.036955080818411126e-15
6.012654115758593535e-15
5.988470030608796358e-15
5.964401402786252172e-15
5.940448032379221925e-15
5.916609314625279866e-15
5.892884254072712586e-15
5.869272650424667030e-15
5.845773907087279034e-15
5.822387044997042631e-15
5.799111481130014262e-15
5.775947014883401680e-15
5.752892306117601200e-15
5.729947162093153735e-15
5.707111382061852363e-15
5.684383649532072577e-15
5.661763771531627913e-15
5.639251183134303788e-15
5.616844960338338369e-15
5.594544550898147680e-15
5.572349761638865590e-15
5.550259685672265334e-15
5.528273788413619164e-15
5.506391888938223573e-15
5.484612758459826480e-15
5.462936223143608606e-15
5.441361759780150195e-15
5.419888847477008264e-15
5.398516630311116313e-15
5.377244934011135724e-15
5.356072911851253559e-15
5.335000058989020421e-15
5.314026200915487265e-15
5.293150504513441187e-15
5.272372471557735693e-15
5.251691284578801636e-15
5.231107094767787400e-15
5.210618769752654712e-15
5.190226141389950665e-15
5.169928722278417461e-15
5.149725716608309247e-15
5.129616647665768203e-15
5.109601347143220492e-15
5.089679031917274840e-15
5.069849231489987339e-15
5.050111477412927569e-15
5.030465303284010527e-15
5.010910244744208660e-15
4.991445839474142404e-15
4.972071043071725917e-15
4.952785989322337415e-15
4.933590221913507284e-15
4.914483286558696395e-15
4.895464162529399776e-15
4.876532975722041860e-15
4.857689277816177016e-15
4.838931508437557287e-15
4.820260905637345763e-15
4.801675916659927727e-15
4.783176112205085990e-15
4.764761064798400627e-15
4.746430887337450808e-15
4.728184075281343596e-15
4.710021280156404030e-15
4.691942071088429153e-15
4.673944970661427791e-15
4.656030093729358104e-15
4.638197025602887790e-15
4.620445353395364245e-15
4.602774666019588121e-15
4.585184554184502475e-15
4.567674108625515163e-15
4.550243443154567719e-15
4.532892164748594553e-15
4.515619882083946299e-15
4.498425715175354306e-15
4.481309772950662708e-15
4.464271185214759540e-15
4.447310057622844250e-15
4.430425529663037775e-15
4.413617703804398998e-15
4.396885257908181094e-15
4.380228768765174733e-15
4.363647859850881040e-15
4.347141232421870473e-15
4.330709449337675361e-15
4.314351227164004183e-15
4.298067119643799099e-15
4.281855858462354374e-15
4.265717988415870853e-15
4.249652700151613787e-15
4.233659197596214205e-15
4.217737574203500774e-15
4.201887477975381178e-15
4.186108125898058225e-15
4.170400036849100293e-15
4.154762001078998547e-15
4.139193680944483680e-15
4.123695161521136440e-15
4.108265681074761439e-15
4.092905322014473600e-15
4.077613330945780131e-15
4.062389787682075968e-15
4.047233539245061148e-15
4.032145076042529339e-15
4.017124063597292645e-15
4.002169368984035727e-15
3.987281470928675564e-15
3.972459249632378199e-15
3.957702783918257020e-15
3.943012143721963054e-15
3.928386228635447151e-15
3.913825498530165133e-15
3.899328865728458226e-15
3.884896023231631418e-15
3.870527419956731645e-15
3.856221986978631781e-15
3.841979793597560125e-15
3.827800160527622880e-15
3.813683154804839264e-15
3.799628104461570997e-15
3.785635075001524689e-15
3.771703765793198305e-15
3.757833161275740324e-15
3.744023690091375111e-15
3.730274702141041575e-15
3.716585909250805247e-15
3.702957373817373853e-15
3.689388456179428370e-15
3.675878526768090075e-15
3.662427994273651786e-15
3.649035888658797403e-15
3.635702612187075657e-15
3.622427205851418054e-15
3.609210065604868681e-15
3.596050243338489017e-15
3.582947468893928693e-15
3.569902128926441066e-15
3.556913291385741314e-15
3.543981013146817297e-15
3.531104700565018537e-15
3.518284408615488018e-15
3.505519549937385642e-15
3.492810177656209072e-15
3.480155710629425131e-15
3.467555888453749239e-15
3.455010451777242509e-15
3.442519450130254225e-15
3.430082314571618446e-15
3.417698788934053398e-15
3.405368618094367847e-15
3.393091547971633703e-15
3.380867325525318391e-15
3.368695995224256612e-15
3.356576711313789467e-15
3.344509229405126429e-15
3.332493887999376496e-15
3.320529855446505495e-15
3.308617177657786603e-15
3.296755608782013309e-15
3.284944903992344571e-15
3.273184255387389961e-15
3.261474271567266784e-15
3.249814148353916578e-15
3.238203650126626548e-15
3.226642817340189198e-15
3.215131137723862194e-15
3.203668378512027828e-15
3.192254307875557910e-15
3.180888963329986288e-15
3.169571843200339285e-15
3.158302719686385161e-15
3.147081370680773158e-15
3.135907576153373564e-15
3.124781116950653103e-15
3.113701774794165054e-15
3.102669332279013346e-15
3.091683317364027964e-15
3.080743773021100367e-15
3.069850484424147207e-15
3.059003237614459001e-15
3.048201570179047192e-15
3.037445522249939870e-15
3.026734882428868104e-15
3.016068950599724316e-15
3.005448255920189556e-15
2.994872101428607088e-15
2.984340283535896881e-15
2.973852599446242049e-15
2.963409084598154979e-15
2.953009061454700932e-15
2.942652803057201734e-15
2.932340105510726909e-15
2.922070302279268549e-15
2.911843429901959354e-15
2.901659291128674602e-15
2.891517689491777268e-15
2.881418429304668886e-15
2.871361315660320695e-15
2.861345930949616346e-15
2.851372307989601791e-15
2.841440254175511999e-15
2.831549577676238338e-15
2.821699869277014209e-15
2.811891159462294077e-15
2.802123043138587743e-15
2.792395549656142028e-15
2.782708278001891969e-15
2.773061256421477171e-15
2.763453877507348299e-15
2.753886381377317345e-15
2.744358582961767370e-15
2.734869884570273767e-15
2.725420520951904575e-15
2.716009900786728367e-15
2.706638255304923195e-15
2.697304999485743701e-15
2.688010361100952032e-15
2.678753960780098701e-15
2.669535424630888060e-15
2.660354778285027689e-15
2.651211847441637709e-15
2.642106263697150988e-15
2.633038244686523051e-15
2.624007229775729527e-15
2.615013050766660889e-15
2.606055730278615385e-15
2.597134908981178610e-15
2.588250608563282432e-15
2.579402473263224912e-15
2.570590523864113789e-15
2.561814223498217626e-15
2.553073778876583973e-15
2.544369023725542102e-15
2.535699429636054948e-15
2.527065198753018318e-15
2.518465808214459928e-15
2.509901278935877310e-15
2.501371628248573345e-15
2.492876341496810576e-15
2.484415613436427444e-15
2.475988934807141674e-15
2.467596151317631221e-15
2.459237453419399405e-15
2.450912339814228577e-15
2.442620828076142283e-15
2.434362594215927782e-15
2.426137655012027017e-15
2.417945689648242349e-15
2.409786714128568093e-15
2.401660575977781215e-15
2.393566794850390701e-15
2.385505551780326926e-15
2.377476533741239860e-15
2.369479593475750408e-15
2.361514744767973449e-15
2.353581679171973304e-15
2.345680092528696264e-15
2.337810158032681077e-15
2.329971414934106463e-15
2.322164033895630146e-15
2.314387558929612160e-15
2.306642158209227322e-15
2.298927380457327658e-15
2.291243086714935063e-15
2.283589441481686475e-15
2.275966000433651151e-15
2.268372775948191985e-15
2.260809479736409075e-15
2.253276123522002545e-15
2.245772421802148955e-15
2.238298386932067873e-15
2.230853742490351115e-15
2.223438361819579065e-15
2.216052118728261361e-15
2.208695030515957516e-15
2.201366827265463265e-15
2.194067384194250225e-15
2.186796576982580394e-15
2.179554281772716497e-15
2.172340375168120503e-15
2.165154872447154207e-15
2.157997373920058927e-15
2.150867759921298297e-15
2.143766182967493588e-15
2.136692249417384023e-15
2.129645975260562472e-15
2.122627240290686610e-15
2.115635924755825603e-15
2.108671645199335000e-15
2.101734681248283124e-15
2.094824651071857201e-15
2.087941438919951109e-15
2.081085058590654398e-15
2.074255264597590584e-15
2.067451942468171971e-15
2.060674978149583870e-15
2.053924384255266054e-15
2.047199919905663901e-15
2.040501472316349687e-15
2.033828929119650510e-15
2.027182178363887040e-15
2.020561108512616211e-15
2.013965608443838811e-15
2.007395567449219297e-15
2.000850754531040754e-15
1.994331181855562162e-15
1.987836739937921940e-15
1.981367319703757662e-15
1.974922694455928215e-15
1.968502875285070482e-15
1.962107754330888828e-15
1.955736991993333823e-15
1.949390715951943086e-15
1.943068819541127552e-15
1.936771196499986565e-15
1.930497513935633532e-15
1.924247895945518863e-15
1.918022012926330397e-15
1.911819987215827428e-15
1.905641714516457873e-15
1.899486870138003523e-15
1.893355354393788115e-15
1.887247286370711442e-15
1.881162563501277003e-15
1.875100867623090188e-15
1.869062100526523693e-15
1.863046377968297053e-15
1.857053386468114177e-15
1.851083240157415916e-15
1.845135628644338826e-15
1.839210455500855755e-15
1.833307624644729232e-15
1.827427247012947316e-15
1.821568812732563642e-15
1.815732843400479107e-15
1.809918627707997263e-15
1.804126276855008265e-15
1.798355897922195840e-15
1.792606993992665943e-15
1.786879872824630049e-15
1.781174240380678374e-15
1.775490004042945058e-15
1.769826875877098722e-15
1.764185156317478631e-15
1.758564557033331475e-15
1.752964986757469961e-15
1.747386163125959434e-15
1.741828379447826595e-15
1.736291163623285318e-15
1.730774805471256868e-15
1.725278837692482963e-15
1.719803360366056552e-15
1.714348099254624349e-15
1.708913337319952148e-15
1.703498616687891190e-15
1.698104034671044003e-15
1.692729503622430628e-15
1.687374755886927533e-15
1.682039886754677940e-15
1.676724631146420702e-15
1.671429083024626219e-15
1.666153156340793443e-15
1.660896589839679850e-15
1.655659475539869447e-15
1.650441554697679677e-15
1.645242918055456049e-15
1.640063309355864962e-15
1.634902818085007500e-15
1.629761190446932758e-15
1.624638345648842641e-15
1.619534372218808077e-15
1.614449024476909896e-15
1.609382227849231016e-15
1.604334073468943883e-15
1.599304320045028955e-15
1.594292893775877586e-15
1.589299883930675013e-15
1.584324890703314642e-15
1.579368165826385046e-15
1.574429473697419189e-15
1.569508741783129128e-15
1.564605897799579145e-15
1.559720869711791119e-15
1.554853742584006516e-15
1.550004130343995211e-15
1.545172119389417748e-15
1.540357793044550141e-15
1.535560770959946403e-15
1.530781137775995205e-15
1.526018823188725377e-15
1.521273757139721190e-15
1.516545869815672902e-15
1.511835091647917637e-15
1.507141353311972779e-15
1.502464437769865522e-15
1.497804425701740284e-15
1.493161248499073563e-15
1.488534692165582234e-15
1.483924980603916166e-15
1.479331755428563280e-15
1.474754951270567623e-15
1.470194788155848957e-15
1.465650912966454534e-15
1.461123261000391167e-15
1.456611908125697914e-15
1.452116787858514803e-15
1.447637695063256007e-15
1.443174565913497089e-15
1.438727474234016329e-15
1.434296354464955408e-15
1.429881005276494654e-15
1.425481363711980645e-15
1.421097501614348637e-15
1.416729220453445127e-15
1.412376457914838613e-15
1.408039284388078258e-15
1.403717504102057692e-15
1.399411055381247208e-15
1.395119876758353308e-15
1.390844036732019452e-15
1.386583343348877178e-15
1.382337736799224396e-15
1.378107157678836683e-15
1.373891546782951118e-15
1.369690971531124388e-15
1.365505119611101501e-15
1.361334184617377228e-15
1.357177857254682686e-15
1.353036205080732898e-15
1.348909293267763601e-15
1.344796816987246981e-15
1.340698964363280448e-15
1.336615433506456400e-15
1.332546289738877975e-15
1.328491476027697368e-15
1.324450935535395838e-15
1.320424611619409584e-15
1.316412329635628699e-15
1.312414152742249720e-15
1.308430024868880903e-15
1.304459890138644592e-15
1.300503577082662681e-15
1.296561147183378942e-15
1.292632545131921602e-15
1.288717601798740326e-15
1.284816377439439643e-15
1.280928817309962132e-15
1.277054754586802986e-15
1.273194136629826992e-15
1.269347022094486792e-15
1.265513356978198207e-15
1.261692977474817049e-15
1.257885831643909583e-15
1.254091976587873535e-15
1.250311359039897064e-15
1.246543710387700937e-15
1.242789195467629618e-15
1.239047761556159577e-15
1.235319143857000581e-15
1.231603504436625809e-15
1.227900686057896759e-15
1.224210638323051430e-15
1.220533414990978105e-15
1.216868860952687001e-15
1.213216926319113269e-15
1.209577561367165832e-15
1.205950716539439251e-15
1.202336342443926383e-15
1.198734389853723351e-15
1.195144910065776242e-15
1.191567653374421925e-15
1.188002673996351290e-15
1.184450024693827447e-15
1.180909461341833460e-15
1.177381037503639828e-15
1.173864707544287290e-15
1.170360425977978349e-15
1.166868147467824834e-15
1.163387730930011365e-15
1.159919323598074901e-15
1.156462689266008680e-15
1.153017879077552537e-15
1.149584848428534991e-15
1.146163459351044996e-15
1.142753761984502467e-15
1.139355712158286777e-15
1.135969173736410439e-15
1.132594195875652924e-15
1.129230734836761088e-15
1.125878656290331412e-15
1.122538008431676735e-15
1.119208658119359292e-15
1.115890652916732098e-15
1.112583860859386767e-15
1.109288328887824483e-15
1.106003926203825120e-15
1.102730611521124159e-15
1.099468430859067339e-15
1.096217255145010180e-15
1.092977129797637641e-15
1.089747926883877729e-15
1.086529605775475315e-15
1.083322211002708294e-15
1.080125531710485008e-15
1.076939697297673900e-15
1.073764582624033667e-15
1.070600231062579902e-15
1.067446435633924947e-15
1.064303322912264775e-15
1.061170687823897531e-15
1.058048655553332234e-15
1.054937104226745198e-15
1.051835994628210526e-15
1.048745207156150724e-15
1.045664864266777284e-15
1.042594846210053624e-15
1.039535114272384104e-15
1.036485550930543103e-15
1.033446275978998215e-15
1.030417093593911858e-15
1.027398044702970447e-15
1.024389169669318993e-15
1.021390199620577016e-15
1.018401330152293640e-15
1.015422371152867367e-15
1.012453363280831189e-15
1.009494270299748193e-15
1.006545056089352677e-15
1.003605609873966606e-15
1.000675971268973148e-15
9.977560304546286164e-16
9.948458265327793656e-16
9.919453239490959988e-16
9.890544143046068475e-16
9.861730633442176906e-16
9.833013091643527252e-16
9.804391166577751923e-16
9.775863792863307884e-16
9.747430632175312930e-16
9.719092055705168236e-16
9.690847011780822165e-16
9.662695866810123945e-16
9.634637578177014969e-16
9.606671812775787778e-16
9.578798238517915829e-16
9.551017212390131049e-16
9.523327709591116130e-16
9.495729401129286226e-16
9.468221959024251926e-16
9.440805731104833271e-16
9.413479038539000662e-16
9.386242902734320798e-16
9.359096324993282098e-16
9.332038982421182799e-16
9.305070553125160684e-16
9.278190716212635079e-16
9.251399151789687717e-16
9.224695540959500794e-16
9.198079565820704306e-16
9.171550909465741132e-16
9.145109255979210429e-16
9.118753653754502472e-16
9.092485065286416522e-16
9.066301907297575406e-16
9.040204504457262937e-16
9.014192545737040025e-16
8.988265721090650684e-16
8.962423102933936638e-16
8.936665007640530280e-16
8.910991128052714074e-16
8.885401159112051626e-16
8.859894194490755497e-16
8.834470549196766305e-16
8.809129325657654748e-16
8.783870834840409626e-16
8.758694781917402620e-16
8.733600280656577913e-16
8.708587046588854524e-16
8.683655382766609371e-16
8.658804997985114051e-16
8.634035020871585676e-16
8.609345170389230719e-16
8.584735741893350502e-16
8.560205874963435774e-16
8.535755861185824429e-16
8.511384847376231258e-16
8.487092556737610462e-16
8.462878713299967875e-16
8.438743601224498966e-16
8.414685824921855471e-16
8.390706780875510187e-16
8.366804526516375420e-16
8.342979346679504445e-16
8.319231516520230827e-16
8.295559670982949191e-16
8.271964630441602531e-16
8.248445580251362995e-16
8.225002252728210485e-16
8.201633847673916232e-16
8.178341168208480192e-16
8.155123413219404514e-16
8.131980318268055684e-16
8.108911096412937503e-16
8.085916533923551063e-16
8.062995324605516223e-16
8.040148246451115377e-16
8.017374004708166059e-16
7.994672858108375327e-16
7.972044039130902009e-16
7.949488309465682453e-16
7.927004396886369581e-16
7.904592553570943226e-16
7.882252523819768021e-16
7.859983555909035114e-16
7.837785897209610097e-16
7.815658802199715457e-16
7.793602515088255204e-16
7.771616784054493054e-16
7.749700872798149512e-16
7.727855020884011749e-16
7.706078499795574637e-16
7.684371554594865675e-16
7.662733471288560449e-16
7.641164493541385024e-16
7.619663913224626853e-16
7.598231501342890874e-16
7.576867496949475720e-16
7.555571200601786689e-16
7.534342385303450570e-16
7.513181285589662784e-16
7.492087210593150960e-16
7.471059935308219562e-16
7.450099689843264545e-16
7.429205339449841827e-16
7.408377567903875028e-16
7.387615698366182401e-16
7.366919509108017319e-16
7.346288779046756582e-16
7.325723287745000127e-16
7.305223255283772215e-16
7.284787580723354322e-16
7.264416487482849433e-16
7.244110191476374536e-16
7.223867605908144973e-16
7.203688949993380575e-16
7.183574007784965316e-16
7.163522563973380979e-16
7.143534403885714185e-16
7.123609313484645659e-16
7.103747079367415837e-16
7.083946652808865546e-16
7.064209497444689960e-16
7.044533733679203703e-16
7.024920810967565927e-16
7.005368866338479906e-16
6.985878518371023038e-16
6.966449558017543546e-16
6.947080967517478293e-16
6.927774161479278675e-16
6.908527317740567428e-16
6.889341039035796668e-16
6.870215119382422818e-16
6.851148562520730447e-16
6.832142749138564206e-16
6.813195896912545048e-16
6.794307813125690308e-16
6.775479858524901331e-16
6.756710274213312452e-16
6.737999638480646106e-16
6.719346984321832222e-16
6.700753646046429123e-16
6.682217134827110745e-16
6.663739536173187205e-16
6.645319134894663830e-16
6.626956489505263664e-16
6.608650655200221667e-16
6.590402184750651287e-16
6.572210141318129903e-16
6.554075071996569772e-16
6.535996779414761147e-16
6.517974338574492938e-16
6.500008288199865167e-16
6.482097711080232573e-16
6.464243140422236346e-16
6.446443666732651545e-16
6.428699817763264529e-16
6.411010691668761185e-16
6.393376810807889167e-16
6.375797280914401297e-16
6.358272619015054500e-16
6.340801938354436994e-16
6.323385058042445894e-16
6.306022487196992816e-16
6.288713350179095656e-16
6.271458150924228537e-16
6.254256021136910590e-16
6.237106782526765539e-16
6.220010931341898846e-16
6.202967610155774915e-16
6.185976642219037528e-16
6.169038516222150671e-16
6.152152385462038351e-16
6.135318074723107872e-16
6.118535409284601234e-16
6.101804867942977526e-16
6.085125618055714976e-16
6.068497486426153587e-16
6.051920944586747685e-16
6.035395170287136197e-16
6.018919991847046018e-16
6.002495238075674483e-16
5.986120738270998134e-16
5.969796952100195681e-16
5.953522447245319321e-16
5.937298311427620679e-16
5.921123746053270098e-16
5.904998582894421545e-16
5.888922654207296717e-16
5.872896405846712508e-16
5.856918442057709166e-16
5.840989213871178918e-16
5.825109167633659323e-16
5.809276934130937541e-16
5.793493564279594812e-16
5.777758297404428264e-16
5.762070384012761383e-16
5.746430860215041135e-16
5.730838974724601007e-16
5.715293987278256622e-16
5.699796919410242073e-16
5.684346448065859995e-16
5.668943585187630092e-16
5.653587018995134754e-16
5.638277751938528442e-16
5.623014483407443084e-16
5.607797638245818249e-16
5.592627065861011364e-16
5.577502616089812063e-16
5.562424139197739123e-16
5.547391485878311746e-16
5.532404507252340574e-16
5.517462501631806379e-16
5.502565879132801012e-16
5.487714492117777529e-16
5.472908193373796327e-16
5.458146836111770794e-16
5.443429732880568029e-16
5.428757283611160658e-16
5.414129342746574056e-16
5.399545231215319721e-16
5.385005874532951613e-16
5.370510062869421947e-16
5.356058186248711826e-16
5.341649576613848496e-16
5.327284620081758546e-16
5.312963173959336149e-16
5.298684578316662643e-16
5.284449728878792154e-16
5.270256938050640621e-16
5.256107610879917704e-16
5.242000582747909869e-16
5.227935720125758714e-16
5.213913393960162735e-16
5.199933464766895190e-16
5.185995293764451654e-16
5.172099246384995506e-16
5.158244689012065432e-16
5.144431983441156315e-16
5.130660992167547834e-16
5.116931089254351420e-16
5.103242143922864155e-16
5.089594508252248207e-16
5.075987560792344237e-16
5.062421649617185750e-16
5.048896158293406875e-16
5.035411431442608131e-16
5.021966857604902731e-16
5.008562777987179563e-16
4.995198586060111963e-16
4.981874151783627203e-16
4.968589811297498278e-16
4.955344965374031957e-16
4.942139485058251432e-16
4.928973701505580112e-16
4.915847022696158686e-16
4.902759320754984595e-16
4.889710921934404049e-16
4.876701241329841515e-16
4.863730152141012893e-16
4.850797975797040629e-16
4.837904134417279915e-16
4.825048502270804801e-16
4.812230953972716267e-16
4.799451364483649191e-16
4.786710047349213995e-16
4.774006436177650307e-16
4.761340406990128730e-16
4.748711836151108468e-16
4.736121031057892002e-16
4.723567005514554349e-16
4.711050496444933063e-16
4.698570950917573789e-16
4.686128247031547183e-16
4.673722263225815469e-16
4.661352878278677281e-16
4.649019971307223342e-16
4.636723837780345029e-16
4.624463523668065718e-16
4.612239739348829665e-16
4.600051538649263244e-16
4.587899625470847538e-16
4.575783061426951378e-16
4.563702138641873393e-16
4.551657142541945718e-16
4.539647146291190411e-16
4.527672837881101218e-16
4.515733298090644529e-16
4.503829208658475179e-16
4.491959657910922170e-16
4.480124928079361946e-16
4.468324904258056701e-16
4.456559475720935720e-16
4.444828533011934199e-16
4.433131966977620998e-16
4.421469283816118248e-16
4.409841146528707985e-16
4.398246678600036885e-16
4.386686157009614770e-16
4.375159474086571526e-16
4.363666522459707057e-16
4.352206819890372152e-16
4.340780637979917323e-16
4.329387870230469676e-16
4.318028410441851217e-16
4.306702152711015319e-16
4.295408624210984940e-16
4.284148089985944921e-16
4.272920444999041573e-16
4.261725221967327494e-16
4.250562682075264665e-16
4.239432721147965522e-16
4.228334877377271514e-16
4.217269408149285282e-16
4.206236210146781654e-16
4.195234826968039096e-16
4.184265512261102911e-16
4.173328163562031159e-16
4.162422329808044873e-16
4.151548260968409986e-16
4.140705509495729647e-16
4.129894322932309633e-16
4.119114257216961652e-16
4.108365557490754600e-16
4.097647783149802910e-16
4.086961176959343368e-16
4.076305638968257266e-16
4.065680733714854763e-16
4.055086366082747932e-16
4.044522774160628617e-16
4.033989527545387889e-16
4.023486862024399311e-16
4.013014350538637884e-16
4.002571899232771957e-16
3.992159740477979912e-16
3.981777776776962923e-16
3.971425264438898513e-16
3.961103080329495813e-16
3.950810162133468273e-16
3.940547059891182301e-16
3.930313359626825648e-16
3.920108969431774222e-16
3.909934112598319149e-16
3.899788379661253765e-16
3.889671991719615002e-16
3.879584231290863340e-16
3.869525631155601832e-16
3.859495788146643256e-16
3.849494611839070856e-16
3.839522318038438091e-16
3.829578508237824535e-16
3.819663092746632494e-16
3.809775982112361725e-16
3.799917087120255434e-16
3.790086618420217329e-16
3.780284185133794855e-16
3.770509698774469639e-16
3.760763071091914184e-16
3.751044214071624546e-16
3.741353039934554017e-16
3.731689461136736434e-16
3.722053681327530071e-16
3.712445030298831668e-16
3.702864001922023162e-16
3.693309931320230283e-16
3.683783307989778860e-16
3.674283472339400330e-16
3.664810909532691244e-16
3.655365247780912128e-16
3.645946120270422228e-16
3.636554005744144093e-16
3.627188536672520552e-16
3.617849350435700526e-16
3.608536919448674997e-16
3.599250604814488266e-16
3.589990600351789932e-16
3.580757095512771580e-16
3.571549458979734759e-16
3.562367881802298607e-16
3.553212280829169321e-16
3.544082573136231234e-16
3.534978408366940972e-16
3.525900240479135890e-16
3.516847453009836276e-16
3.507820231583706238e-16
3.498818494391400516e-16
3.489842159848330181e-16
3.480891146594236158e-16
3.471965113502708164e-16
3.463064241802834449e-16
3.454188450790246451e-16
3.445337403749465907e-16
3.436511282029976034e-16
3.427710008819343770e-16
3.418933507513004847e-16
3.410181449155063965e-16
3.401454012199624003e-16
3.392751120649374968e-16
3.384072449268580629e-16
3.375418173974599413e-16
3.366788219374350819e-16
3.358182263907599773e-16
3.349600480993916669e-16
3.341042551494339397e-16
3.332508647180037067e-16
3.323998693653625469e-16
3.315512375378550264e-16
3.307049861691740701e-16
3.298610839429794395e-16
3.290195476323124866e-16
3.281803461562552477e-16
3.273434961288428194e-16
3.265089667027018261e-16
3.256767743344882334e-16
3.248468884085115915e-16
3.240193252256567293e-16
3.231940544000702870e-16
3.223710690119989541e-16
3.215503851310138204e-16
3.207319727119612820e-16
3.199158476725901325e-16
3.191019801930442099e-16
3.182903860407973129e-16
3.174810131138144441e-16
3.166739221342033840e-16
3.158690388071772978e-16
3.150664011086924968e-16
3.142659798828746766e-16
3.134677904542725999e-16
3.126717819255991015e-16
3.118779916160034734e-16
3.110864125839750790e-16
3.102969945233620882e-16
3.095097742690996789e-16
3.087247234198065923e-16
3.079418353718643917e-16
3.071611248792174479e-16
3.063825426038632476e-16
3.056061245880346068e-16
3.048318429560943575e-16
3.040596911898604601e-16
3.032896837270264492e-16
3.025217723226244870e-16
3.017559924178587029e-16
3.009922961687593241e-16
3.002307187100455936e-16
2.994712330554946862e-16
2.987138329752914827e-16
2.979585122555098539e-16
2.972052646980884522e-16
2.964540841208068488e-16
2.957049643572607333e-16
2.949578992568378544e-16
2.942128826846934655e-16
2.934699283556698580e-16
2.927289904182279310e-16
2.919900826992362609e-16
2.912531991266686729e-16
2.905183336441410686e-16
2.897854802108862318e-16
2.890546328017279932e-16
2.883257854070556911e-16
2.875989128312396647e-16
2.868740475763436177e-16
2.861511453530101436e-16
2.854302383842371392e-16
2.847112827202396716e-16
2.839942914901432345e-16
2.832792587915738330e-16
2.825661787375196013e-16
2.818550268654128420e-16
2.811458160594693413e-16
2.804385589191448835e-16
2.797331942930745057e-16
2.790297716942480658e-16
2.783282486648904362e-16
2.776286377901762577e-16
2.769309333031147099e-16
2.762351294518438947e-16
2.755412025707638475e-16
2.748491650109775632e-16
2.741590110649068860e-16
2.734707173261535488e-16
2.727842959730923516e-16
2.720997413422078027e-16
2.714170302833030972e-16
2.707361748046048098e-16
2.700571519247660932e-16
2.693799735396914634e-16
2.687046340585018180e-16
2.680311107511391408e-16
2.673594153648403556e-16
2.666895254213733928e-16
2.660214526442628557e-16
2.653551747360962652e-16
2.646907033111212184e-16
2.640280329808039495e-16
2.633671416910822074e-16
2.627080242815944254e-16
2.620506921512796605e-16
2.613951234857617291e-16
2.607413295779240943e-16
2.600892887719350977e-16
2.594390122556737160e-16
2.587904785306343712e-16
2.581436825257545015e-16
2.574986352729352655e-16
2.568553155069853752e-16
2.562137341573829514e-16
2.555738701132662491e-16
2.549357183666631886e-16
2.542992739218374163e-16
2.536645475056352611e-16
2.530315339594398208e-16
2.524001969668893121e-16
2.517705628160460226e-16
2.511426109257515416e-16
2.505163363749053221e-16
2.498917495942565763e-16
2.492688149465722969e-16
2.486475581661758801e-16
2.480279741992963983e-16
2.474100278099724955e-16
2.467937444066251173e-16
2.461790890176156930e-16
2.455660868360559380e-16
2.449547180126436309e-16
2.443449925493981059e-16
2.437368759977581884e-16
2.431303784423826047e-16
2.425255097460734039e-16
2.419222504151073684e-16
2.413205811993699097e-16
2.407205264508799277e-16
2.401220668855906228e-16
2.395251977998101330e-16
2.389299145016189150e-16
2.383362123108506645e-16
2.377440865590738267e-16
2.371535325895720723e-16
2.365645457573255618e-16
2.359771214733142124e-16
2.353912553371193487e-16
2.348069430033349406e-16
2.342241801371425064e-16
2.336429624142956813e-16
2.330632855211042426e-16
2.324851178022175418e-16
2.319085097770032489e-16
2.313334297030976318e-16
2.307598462780980961e-16
2.301878094086520166e-16
2.296172608878584347e-16
2.290482502183175651e-16
2.284807196371721885e-16
2.279146917424416210e-16
2.273501623237958934e-16
2.267871271812899960e-16
2.262255821253470659e-16
2.256655229767413278e-16
2.251069455665813309e-16
2.245498198498477254e-16
2.239941677675601780e-16
2.234400108644653701e-16
2.228872935429554219e-16
2.223360374693055241e-16
2.217862385350116513e-16
2.212378673575474348e-16
2.206909705162177235e-16
2.201454934627133855e-16
2.196014574123144300e-16
2.190588583062156602e-16
2.185176920957524399e-16
2.179779300453542482e-16
2.174395930164928860e-16
2.169027014941548572e-16
2.163671779552074708e-16
2.158330919138701193e-16
2.153004148762067621e-16
2.147691187384517400e-16
2.142392238437351873e-16
2.137107022948070208e-16
2.131835981077346086e-16
2.126578595609914408e-16
2.121335066594174465e-16
2.116105354810849775e-16
2.110889186397305988e-16
2.105686758901378806e-16
2.100498033389012292e-16
2.095322739011058229e-16
2.090161301959783900e-16
2.085013220361518283e-16
2.079878457850008085e-16
2.074757434890828486e-16
2.069649427225724817e-16
2.064555081264672333e-16
2.059473904027359010e-16
2.054406084368721459e-16
2.049351583702117841e-16
2.044310140379725549e-16
2.039281940903828283e-16
2.034266946973877184e-16
2.029264899812593933e-16
2.024275983600867436e-16
2.019299941452958682e-16
2.014336956015766505e-16
2.009386989458779639e-16
2.004449787711341013e-16
1.999525531150083211e-16
1.994613967559370370e-16
1.989715489652835913e-16
1.984829418554337701e-16
1.979956146320691241e-16
1.975095635770709250e-16
1.970247639268738068e-16
1.965412332003552079e-16
1.960589677072772343e-16
1.955779429548246482e-16
1.950981555128526906e-16
1.946196226106657604e-16
1.941423405942995381e-16
1.936662853264022956e-16
1.931914534090204935e-16
1.927178617869756651e-16
1.922455068423295607e-16
1.917743647877248384e-16
1.913044322572193426e-16
1.908357459399269922e-16
1.903682421823414374e-16
1.899019576130625593e-16
1.894368886677200285e-16
1.889729923564799181e-16
1.885103245132796955e-16
1.880488422411688503e-16
1.875885422376719218e-16
1.871294406237510092e-16
1.866715145465880766e-16
1.862147607268565894e-16
1.857591950858222556e-16
1.853048141379364457e-16
1.848515953606590903e-16
1.843995355479608631e-16
1.839486505691358858e-16
1.834989183963182524e-16
1.830503360542147320e-16
1.826029192577517427e-16
1.821566462174182925e-16
1.817115139779590803e-16
1.812675380604381292e-16
1.808246969109665748e-16
1.803830059230659267e-16
1.799424436987124301e-16
1.795030073161712343e-16
1.790647119793011027e-16
1.786275365212097190e-16
1.781914780400000378e-16
1.777565336400908560e-16
1.773227182760188353e-16
1.768900110846788874e-16
1.764584268979920897e-16
1.760279450034235557e-16
1.755985625385235501e-16
1.751702766471133381e-16
1.747431019182473656e-16
1.743170179362643481e-16
1.738920218645687516e-16
1.734681108728064603e-16
1.730452993113722838e-16
1.726235499479008001e-16
1.722029112987268151e-16
1.717833292319775899e-16
1.713648349725877541e-16
1.709473918352554849e-16
1.705310307986895639e-16
1.701157488913925371e-16
1.697015098329440855e-16
1.692883442373504655e-16
1.688762160909558407e-16
1.684651557666562100e-16
1.680551439219245183e-16
1.676461941594489765e-16
1.672382709936297437e-16
1.668314043219297373e-16
1.664255750779216415e-16
1.660207805453882721e-16
1.656170180142050150e-16
1.652142847803324553e-16
1.648125940605710983e-16
1.644119112731538508e-16
1.640122655019143909e-16
1.636136224185982554e-16
1.632160108637198077e-16
1.628194123011636235e-16
1.624238239804578853e-16
1.620292586548669764e-16
1.616356825331481206e-16
1.612431084401327153e-16
1.608515489727691751e-16
1.604609707100624484e-16
1.600714015261700956e-16
1.596828082445340228e-16
1.592952185209591597e-16
1.589085994214286634e-16
1.585229783852088920e-16
1.581383376401604132e-16
1.577546745120237055e-16
1.573719863327694739e-16
1.569902556877502033e-16
1.566095094827233785e-16
1.562297302595551080e-16
1.558509153750432997e-16
1.554730621921683860e-16
1.550961536034083920e-16
1.547202159920015994e-16
1.543452322079540086e-16
1.539711996388808963e-16
1.535981014188327927e-16
1.532259635207824509e-16
1.528547690371024388e-16
1.524845012806529583e-16
1.521151859211486378e-16
1.517467922370353238e-16
1.513793317572599743e-16
1.510128158058560738e-16
1.506472139959414400e-16
1.502825377160848878e-16
1.499187844202127004e-16
1.495559515682787244e-16
1.491940366262550505e-16
1.488330234880838246e-16
1.484729368387999998e-16
1.481137470568719759e-16
1.477554786353641477e-16
1.473981021678178075e-16
1.470416286317686797e-16
1.466860555344299116e-16
1.463313803889538364e-16
1.459775875386226527e-16
1.456247009094171970e-16
1.452726917296402992e-16
1.449215707113090097e-16
1.445713354203867193e-16
1.442219705931411076e-16
1.438734998359870366e-16
1.435258950370079171e-16
1.431791668335033216e-16
1.428333129372855341e-16
1.424883310654965067e-16
1.421442062973886350e-16
1.418009490984917378e-16
1.414585572013191653e-16
1.411170283436812222e-16
1.407763478134421057e-16
1.404365383159737612e-16
1.400975603782596365e-16
1.397594489847647123e-16
1.394221894903964278e-16
1.390857674395940913e-16
1.387501929220991092e-16
1.384154515833283383e-16
1.380815534311550525e-16
1.377484962542503771e-16
1.374162778464911803e-16
1.370848840535557808e-16
1.367543247221930069e-16
1.364245976613109288e-16
1.360956888647140278e-16
1.357676080599637403e-16
1.354403530709312008e-16
1.351139217266334562e-16
1.347883002160050081e-16
1.344634865083276231e-16
1.341394901356964407e-16
1.338163089465957951e-16
1.334939407946144685e-16
1.331723721081919619e-16
1.328516122663168777e-16
1.325316477918979903e-16
1.322124879880894708e-16
1.318941307328635945e-16
1.315765626897820492e-16
1.312597818718945522e-16
1.309438085689096264e-16
1.306286183640316996e-16
1.303142092834293691e-16
1.300005903700960999e-16
1.296877485637873660e-16
1.293757037657493156e-16
1.290644211034322702e-16
1.287539204463964241e-16
1.284441997252976596e-16
1.281352461002675349e-16
1.278270683347331510e-16
1.275196536509811809e-16
1.272130107363828710e-16
1.269071269018601960e-16
1.266020107647433903e-16
1.262976497239414102e-16
1.259940523273337674e-16
1.256912060611728865e-16
1.253891194044729656e-16
1.250877799301911669e-16
1.247871960490561874e-16
1.244873554200964468e-16
1.241882561229486470e-16
1.238899064667651418e-16
1.235922942382835605e-16
1.232954276797986435e-16
1.229992946625600941e-16
1.227039033625671520e-16
1.224092417349645326e-16
1.221153078889844598e-16
1.218221099020081324e-16
1.215296457810398320e-16
1.212378937564164550e-16
1.209468717722741821e-16
1.206565778493381991e-16
1.203669904496002497e-16
1.200781273112115709e-16
1.197899864685504601e-16
1.195025562867381423e-16
1.192158349166516961e-16
1.189298301160931074e-16
1.186445208025953096e-16
1.183599338421566060e-16
1.180760386990667628e-16
1.177928525743778897e-16
1.175103641111020842e-16
1.172285808814856918e-16
1.169474822484518476e-16
1.166670851507344697e-16
1.163873876766367847e-16
1.161083694080465913e-16
1.158300470898161599e-16
1.155524188235565783e-16
1.152754644076709700e-16
1.149992003954589459e-16
1.147236158149149431e-16
1.144487088855975986e-16
1.141744778309377963e-16
1.139009298654176841e-16
1.136280541795841799e-16
1.133558490712704224e-16
1.130843128544301442e-16
1.128134527026862455e-16
1.125432580161694946e-16
1.122737271199683716e-16
1.120048583427471394e-16
1.117366500167415059e-16
1.114691091727753122e-16
1.112022167283307972e-16
1.109359883847784823e-16
1.106704137939399283e-16
1.104054998745997616e-16
1.101412278125470869e-16
1.098776130709310629e-16
1.096146369680203072e-16
1.093523148490954761e-16
1.090906365767581776e-16
1.088296005229382073e-16
1.085692050630781337e-16
1.083094568970544091e-16
1.080503377350676212e-16
1.077918543145142959e-16
1.075340132549121764e-16
1.072768046590192230e-16
1.070202269236001625e-16
1.067642703086355342e-16
1.065089495280712563e-16
1.062542548190069946e-16
1.060001845920890243e-16
1.057467372614217404e-16
1.054939192374204629e-16
1.052417129262322806e-16
1.049901247744186379e-16
1.047391532098664146e-16
1.044888045408514269e-16
1.042390614195123814e-16
1.039899301897858106e-16
1.037414170844492774e-16
1.034935049377595317e-16
1.032462000177953785e-16
1.029995007763710811e-16
1.027534133470521988e-16
1.025079208037974989e-16
1.022630293149999727e-16
1.020187449408896868e-16
1.017750509328891848e-16
1.015319533857048360e-16
1.012894507748287614e-16
1.010475415791149727e-16
1.008062242678561793e-16
1.005654972621092786e-16
1.003253589735956399e-16
1.000858004408169970e-16
9.984683486310918976e-17
9.960845325926102031e-17
9.937064675859428695e-17
9.913342841075662388e-17
9.889678208173824652e-17
9.866071350477486366e-17
9.842522111990314411e-17
9.819030337071086333e-17
9.795595870433046933e-17
9.772217845796617337e-17
9.748897533854289394e-17
9.725633360244862982e-17
9.702425882410755987e-17
9.679274946799258898e-17
9.656180400208580820e-17
9.633142089787252888e-17
9.610159169533931560e-17
9.587232185817563697e-17
9.564361675292203859e-17
9.541545421012252202e-17
9.518785337300910889e-17
9.496080584880470434e-17
9.473430334731128526e-17
9.450835120237826176e-17
9.428294791618274969e-17
9.405809199434564951e-17
9.383377525780136982e-17
9.361000295551576726e-17
9.338677360312844835e-17
9.316407910383215699e-17
9.294193123573682530e-17
9.272031531671293468e-17
9.249923649163849959e-17
9.227868677213001845e-17
9.205867775911136314e-17
9.183919497354890358e-17
9.162023702810459415e-17
9.140181539256412828e-17
9.118391573822034399e-17
9.096653668677827798e-17
9.074968957842226954e-17
9.053336023314148069e-17
9.031755359369018515e-17
9.010226193602932341e-17
8.988749016337272425e-17
8.967323684736676421e-17
8.945949441079056554e-17
8.924626804449617971e-17
8.903355674412146987e-17
8.882135335274112061e-17
8.860966306873856172e-17
8.839847878308405671e-17
8.818781174147287589e-17
8.797764268399954531e-17
8.776798888224671199e-17
8.755883723395723818e-17
8.735018681483448625e-17
8.714204268150963336e-17
8.693440384804612706e-17
8.672726339389797489e-17
8.652062631623029336e-17
8.631448574073189486e-17
8.610884662524173763e-17
8.590370214135876102e-17
8.569905720791241872e-17
8.549491085173086449e-17
8.529125631279221587e-17
8.508809845211778030e-17
8.488543055479191604e-17
8.468325171698567188e-17
8.448156674237493761e-17
8.428037466857072044e-17
8.407966886992219159e-17
8.387944844884287806e-17
8.367971813377714984e-17
8.348047696949550616e-17
8.328171841836114295e-17
8.308344158901985954e-17
8.288565113589183305e-17
8.268834611088289589e-17
8.249151455848175830e-17
8.229517210751865764e-17
8.209930136033887016e-17
8.190391238504484228e-17
8.170900424231490946e-17
8.151457058794926928e-17
8.132061054446378164e-17
8.112712860393138219e-17
8.093411848520578508e-17
8.074158464510358737e-17
8.054952084421752813e-17
8.035792621269536375e-17
8.016680515489416990e-17
7.997615149335824985e-17
7.978596436276291618e-17
7.959624811564023857e-17
7.940699270024984277e-17
7.921818278223516918e-17
7.902978360608901847e-17
7.884178635213000188e-17
7.865415131290952294e-17
7.846686460550092240e-17
7.827989701461911682e-17
7.809322454297113108e-17
