# tt
3.989656250000000000e+03
3.533413818359375000e+03
3.157741210937500000e+03
2.873461669921875000e+03
2.660781738281250000e+03
2.501128173828125000e+03
2.379405517578125000e+03
2.285786376953125000e+03
2.213335205078125000e+03
2.155916503906250000e+03
2.112609863281250000e+03
2.078471679687500000e+03
2.049426025390625000e+03
2.025965332031250000e+03
2.009192626953125000e+03
1.998387451171875000e+03
1.991613403320312500e+03
1.988656372070312500e+03
1.986980712890625000e+03
1.986869750976562500e+03
1.988683715820312500e+03
1.992131713867187500e+03
1.997123535156250000e+03
2.003462280273437500e+03
2.010853271484375000e+03
2.019528930664062500e+03
2.029330932617187500e+03
2.040161010742187500e+03
2.051786621093750000e+03
2.064121826171875000e+03
2.077471679687500000e+03
2.091777587890625000e+03
2.106765625000000000e+03
2.122255126953125000e+03
2.138080566406250000e+03
2.154411376953125000e+03
2.171711914062500000e+03
2.189874023437500000e+03
2.208479736328125000e+03
2.227518798828125000e+03
2.246757080078125000e+03
2.266368164062500000e+03
2.286228515625000000e+03
2.306735107421875000e+03
2.327831542968750000e+03
2.349357666015625000e+03
2.371220703125000000e+03
2.393476806640625000e+03
2.416329833984375000e+03
2.439540771484375000e+03
2.463323730468750000e+03
2.487300292968750000e+03
2.511389892578125000e+03
2.535808593750000000e+03
2.560774658203125000e+03
2.586216064453125000e+03
2.612137207031250000e+03
2.638393310546875000e+03
2.664988769531250000e+03
2.692224121093750000e+03
2.719503417968750000e+03
2.747046630859375000e+03
2.775148925781250000e+03
2.803436035156250000e+03
2.832197753906250000e+03
2.861259765625000000e+03
2.890888427734375000e+03
2.920830322265625000e+03
2.951203613281250000e+03
2.981842773437500000e+03
3.012789794921875000e+03
3.044025390625000000e+03
3.075605224609375000e+03
3.107659423828125000e+03
3.140150878906250000e+03
3.173117187500000000e+03
3.206578857421875000e+03
3.240332763671875000e+03
3.274472656250000000e+03
3.308880371093750000e+03
3.343629882812500000e+03
3.378656494140625000e+03
3.414044433593750000e+03
3.449654541015625000e+03
3.485568603515625000e+03
3.522005126953125000e+03
3.558510009765625000e+03
3.595447753906250000e+03
3.632662353515625000e+03
3.670072753906250000e+03
3.707824707031250000e+03
3.745916992187500000e+03
3.784124755859375000e+03
3.822669189453125000e+03
3.861251953125000000e+03
3.900317138671875000e+03
3.939639404296875000e+03
3.979069091796875000e+03
4.018827636718750000e+03
4.058764648437500000e+03
4.099250000000000000e+03
4.139687500000000000e+03
4.180372070312500000e+03
4.221229492187500000e+03
4.262331054687500000e+03
4.303378417968750000e+03
4.344815429687500000e+03
4.386418457031250000e+03
4.428110839843750000e+03
4.469964355468750000e+03
4.511973632812500000e+03
4.554208007812500000e+03
4.596511718750000000e+03
4.639027832031250000e+03
4.681527343750000000e+03
4.724301269531250000e+03
4.767194824218750000e+03
4.810053710937500000e+03
4.853020019531250000e+03
4.895939453125000000e+03
4.938880371093750000e+03
4.981836425781250000e+03
5.024802246093750000e+03
5.067696777343750000e+03
5.110587890625000000e+03
5.153396484375000000e+03
5.196115722656250000e+03
5.238813964843750000e+03
5.281411132812500000e+03
5.323900878906250000e+03
5.366355957031250000e+03
5.408625488281250000e+03
5.450781250000000000e+03
5.492821777343750000e+03
5.534595703125000000e+03
5.576250000000000000e+03
5.617708496093750000e+03
5.658820312500000000e+03
5.699880371093750000e+03
5.740589355468750000e+03
5.781168457031250000e+03
5.821541503906250000e+03
5.861557128906250000e+03
5.901288574218750000e+03
5.940955566406250000e+03
5.980110839843750000e+03
6.018975585937500000e+03
6.057621582031250000e+03
6.095823730468750000e+03
6.133729003906250000e+03
6.171185546875000000e+03
6.208338867187500000e+03
6.245112304687500000e+03
6.281502929687500000e+03
6.317358886718750000e+03
6.352974121093750000e+03
6.388123535156250000e+03
6.422804199218750000e+03
6.457086425781250000e+03
6.490968750000000000e+03
6.524373046875000000e+03
6.557444824218750000e+03
6.589885253906250000e+03
6.621986816406250000e+03
6.653600097656250000e+03
6.684794433593750000e+03
6.715345703125000000e+03
6.745398925781250000e+03
6.774951171875000000e+03
6.803851074218750000e+03
6.832169921875000000e+03
6.859831054687500000e+03
6.886979980468750000e+03
6.913539550781250000e+03
6.939358398437500000e+03
6.964584960937500000e+03
6.989146484375000000e+03
7.013041503906250000e+03
7.036419433593750000e+03
7.059057617187500000e+03
7.081030273437500000e+03
7.102264648437500000e+03
7.122908203125000000e+03
7.142887695312500000e+03
7.161831054687500000e+03
7.180408691406250000e+03
7.198247558593750000e+03
7.215274902343750000e+03
7.231936035156250000e+03
7.247488769531250000e+03
7.262452636718750000e+03
7.276605957031250000e+03
7.290171875000000000e+03
7.302927246093750000e+03
7.314872070312500000e+03
7.326155761718750000e+03
7.336704101562500000e+03
7.346518066406250000e+03
7.355596191406250000e+03
7.363866210937500000e+03
7.371403808593750000e+03
7.378137695312500000e+03
7.383994140625000000e+03
7.389125976562500000e+03
7.393386230468750000e+03
7.396925781250000000e+03
7.399522949218750000e+03
7.401329589843750000e+03
7.402348632812500000e+03
7.402581054687500000e+03
7.401881347656250000e+03
7.400474121093750000e+03
7.398213378906250000e+03
7.395175781250000000e+03
7.391289062500000000e+03
7.386704589843750000e+03
7.381275878906250000e+03
7.375079101562500000e+03
7.368116210937500000e+03
7.360390625000000000e+03
7.351903808593750000e+03
7.342509277343750000e+03
7.332507324218750000e+03
7.321676757812500000e+03
7.310094238281250000e+03
7.297687500000000000e+03
7.284608398437500000e+03
7.270783691406250000e+03
7.256142089843750000e+03
7.240685546875000000e+03
7.224564453125000000e+03
7.207708007812500000e+03
7.189969238281250000e+03
7.171572753906250000e+03
7.152374023437500000e+03
7.132447265625000000e+03
7.111796386718750000e+03
7.090497558593750000e+03
7.068330078125000000e+03
7.045593261718750000e+03
7.022140625000000000e+03
6.997976074218750000e+03
6.973099121093750000e+03
6.947514648437500000e+03
6.921297363281250000e+03
6.894450683593750000e+03
6.866901855468750000e+03
6.838801757812500000e+03
6.810004882812500000e+03
6.780661621093750000e+03
6.750552246093750000e+03
6.720053222656250000e+03
6.688869140625000000e+03
6.657079589843750000e+03
6.624761230468750000e+03
6.591918457031250000e+03
6.558480957031250000e+03
6.524525878906250000e+03
6.490131835937500000e+03
6.455152832031250000e+03
6.419593750000000000e+03
6.383829101562500000e+03
6.347416503906250000e+03
6.310433593750000000e+03
6.273107910156250000e+03
6.235219238281250000e+03
6.196920410156250000e+03
6.158065917968750000e+03
6.118956054687500000e+03
6.079373046875000000e+03
6.039541503906250000e+03
5.999243652343750000e+03
5.958630859375000000e+03
5.917632324218750000e+03
5.876400390625000000e+03
5.834715820312500000e+03
5.792804199218750000e+03
5.750596191406250000e+03
5.708093750000000000e+03
5.665450195312500000e+03
5.622371093750000000e+03
5.579157714843750000e+03
5.535738769531250000e+03
5.492118164062500000e+03
5.448224609375000000e+03
5.404136230468750000e+03
5.359930175781250000e+03
5.315537109375000000e+03
5.271033203125000000e+03
5.226422851562500000e+03
5.181412109375000000e+03
5.136598632812500000e+03
5.091541015625000000e+03
5.046612792968750000e+03
5.001446777343750000e+03
4.956269531250000000e+03
4.910935058593750000e+03
4.865670410156250000e+03
4.820330078125000000e+03
4.774991699218750000e+03
4.729731445312500000e+03
4.684475585937500000e+03
4.639225097656250000e+03
4.594055664062500000e+03
4.548893554687500000e+03
4.503814453125000000e+03
4.458820312500000000e+03
4.413985351562500000e+03
4.369162109375000000e+03
4.324500976562500000e+03
4.280002929687500000e+03
4.235594238281250000e+03
4.191350097656250000e+03
4.147272949218750000e+03
4.103362304687500000e+03
4.059619628906250000e+03
4.016046386718750000e+03
3.972717773437500000e+03
3.929635009765625000e+03
3.886724365234375000e+03
3.844061523437500000e+03
3.801647460937500000e+03
3.759483154296875000e+03
3.717644531250000000e+03
3.675983154296875000e+03
3.634648925781250000e+03
3.593643066406250000e+03
3.552892578125000000e+03
3.512472167968750000e+03
3.472457519531250000e+03
3.432700927734375000e+03
3.393277587890625000e+03
3.354262939453125000e+03
3.315509521484375000e+03
3.277166748046875000e+03
3.239235595703125000e+03
3.201642822265625000e+03
3.164538085937500000e+03
3.127773925781250000e+03
3.091350830078125000e+03
3.055418701171875000e+03
3.019904296875000000e+03
2.984882568359375000e+03
2.950206298828125000e+03
2.916024902343750000e+03
2.882264892578125000e+03
2.849001708984375000e+03
2.816162109375000000e+03
2.783821044921875000e+03
2.752128173828125000e+03
2.720710937500000000e+03
2.689865478515625000e+03
2.659441894531250000e+03
2.629587890625000000e+03
2.600228027343750000e+03
2.571361083984375000e+03
2.543060058593750000e+03
2.515175781250000000e+03
2.487854980468750000e+03
2.461022949218750000e+03
2.434752441406250000e+03
2.408968261718750000e+03
2.383743652343750000e+03
2.359002929687500000e+03
2.334819580078125000e+03
2.311192626953125000e+03
2.287971679687500000e+03
2.265453613281250000e+03
2.243414306640625000e+03
2.221852783203125000e+03
2.200841796875000000e+03
2.180380859375000000e+03
2.160468261718750000e+03
2.141029541015625000e+03
2.122211425781250000e+03
2.103939208984375000e+03
2.086137207031250000e+03
2.068878662109375000e+03
2.052237060546875000e+03
2.036062744140625000e+03
2.020354492187500000e+03
2.005260253906250000e+03
1.990778686523437500e+03
1.976686157226562500e+03
1.963204345703125000e+03
1.950183837890625000e+03
1.937697875976562500e+03
1.925745483398437500e+03
1.914325683593750000e+03
1.903437622070312500e+03
1.893005615234375000e+03
1.883177856445312500e+03
1.873804321289062500e+03
1.864884277343750000e+03
1.856565185546875000e+03
1.848623535156250000e+03
1.841280883789062500e+03
1.834387695312500000e+03
1.827943237304687500e+03
1.822020874023437500e+03
1.816618652343750000e+03
1.811661132812500000e+03
1.807146484375000000e+03
1.803147827148437500e+03
1.799514404296875000e+03
1.796393920898437500e+03
1.793710205078125000e+03
1.791536010742187500e+03
1.789721191406250000e+03
1.788412963867187500e+03
1.787461059570312500e+03
1.786938476562500000e+03
1.786768920898437500e+03
1.787099975585937500e+03
1.787781250000000000e+03
1.788811279296875000e+03
1.790262817382812500e+03
1.792134643554687500e+03
1.794350463867187500e+03
1.796983398437500000e+03
1.799957885742187500e+03
1.803197753906250000e+03
1.806775756835937500e+03
1.810765380859375000e+03
1.815090087890625000e+03
1.819674560546875000e+03
1.824591674804687500e+03
1.829765380859375000e+03
1.835343017578125000e+03
1.841174926757812500e+03
1.847184814453125000e+03
1.853594360351562500e+03
1.860179443359375000e+03
1.867012573242187500e+03
1.874167114257812500e+03
1.881567138671875000e+03
1.889137084960937500e+03
1.897024047851562500e+03
1.905078125000000000e+03
1.913372436523437500e+03
1.921756713867187500e+03
1.930452758789062500e+03
1.939310424804687500e+03
1.948328613281250000e+03
1.957431518554687500e+03
1.966766601562500000e+03
1.976183715820312500e+03
1.985830200195312500e+03
1.995630615234375000e+03
2.005509643554687500e+03
2.015466064453125000e+03
2.025648315429687500e+03
2.035832885742187500e+03
2.046093627929687500e+03
2.056578369140625000e+03
2.066989746093750000e+03
2.077550048828125000e+03
2.088184326171875000e+03
2.098891601562500000e+03
2.109598144531250000e+03
2.120376708984375000e+03
2.131153320312500000e+03
2.141927001953125000e+03
2.152696777343750000e+03
2.163537353515625000e+03
2.174447753906250000e+03
2.185279052734375000e+03
2.196104736328125000e+03
2.206998779296875000e+03
2.217663330078125000e+03
2.228469482421875000e+03
2.239193847656250000e+03
2.249909912109375000e+03
2.260617675781250000e+03
2.271167480468750000e+03
2.281633544921875000e+03
2.292089111328125000e+03
2.302460205078125000e+03
2.312745117187500000e+03
2.322944580078125000e+03
2.333131103515625000e+03
2.343082275390625000e+03
2.352871337890625000e+03
2.362720947265625000e+03
2.372407470703125000e+03
2.381930419921875000e+03
2.391289062500000000e+03
2.400557373046875000e+03
2.409734863281250000e+03
2.418597900390625000e+03
2.427443359375000000e+03
2.436121826171875000e+03
2.444633056640625000e+03
2.452902099609375000e+03
2.461002441406250000e+03
2.468934082031250000e+03
2.476696044921875000e+03
2.484362060546875000e+03
2.491783447265625000e+03
2.498885009765625000e+03
2.505964599609375000e+03
2.512725585937500000e+03
2.519242675781250000e+03
2.525739257812500000e+03
2.531844238281250000e+03
2.537855957031250000e+03
2.543551269531250000e+03
2.549080078125000000e+03
2.554293701171875000e+03
2.559415771484375000e+03
2.564224121093750000e+03
2.568867431640625000e+03
2.573272460937500000e+03
2.577439208984375000e+03
2.581368408203125000e+03
2.584986328125000000e+03
2.588442138671875000e+03
2.591736083984375000e+03
2.594720458984375000e+03
2.597395263671875000e+03
2.599835693359375000e+03
2.602116210937500000e+03
2.604163330078125000e+03
2.605828857421875000e+03
2.607335937500000000e+03
2.608759521484375000e+03
2.609802734375000000e+03
2.610614501953125000e+03
2.611121582031250000e+03
2.611620849609375000e+03
2.611667480468750000e+03
2.611484619140625000e+03
2.611072509765625000e+03
2.610431640625000000e+03
2.609562500000000000e+03
2.608539794921875000e+03
2.607141113281250000e+03
2.605589355468750000e+03
2.603810791015625000e+03
2.601731933593750000e+03
2.599500732421875000e+03
2.596969726562500000e+03
2.594287841796875000e+03
2.591306396484375000e+03
2.588174804687500000e+03
2.584744140625000000e+03
2.581163818359375000e+03
2.577359863281250000e+03
2.573332275390625000e+03
2.569155761718750000e+03
2.564682128906250000e+03
2.560060058593750000e+03
2.555216064453125000e+03
2.550150146484375000e+03
2.544863037109375000e+03
2.539428710937500000e+03
2.533773437500000000e+03
2.527897949218750000e+03
2.521950439453125000e+03
2.515634277343750000e+03
2.509321777343750000e+03
2.502789794921875000e+03
2.496113037109375000e+03
2.489217529296875000e+03
2.482177734375000000e+03
2.474994140625000000e+03
2.467666503906250000e+03
2.460121582031250000e+03
2.452508056640625000e+03
2.444677001953125000e+03
2.436703613281250000e+03
2.428662109375000000e+03
2.420478515625000000e+03
2.412153076171875000e+03
2.403760498046875000e+03
2.395152343750000000e+03
2.386477539062500000e+03
2.377736083984375000e+03
2.368928466796875000e+03
2.359831787109375000e+03
2.350743896484375000e+03
2.341590087890625000e+03
2.332371093750000000e+03
2.323086914062500000e+03
2.313663574218750000e+03
2.304250000000000000e+03
2.294697509765625000e+03
2.285080810546875000e+03
2.275400146484375000e+03
2.265729736328125000e+03
2.255995605468750000e+03
2.246197998046875000e+03
2.236262939453125000e+03
2.226339111328125000e+03
2.216500732421875000e+03
2.206599365234375000e+03
2.196858642578125000e+03
2.186981201171875000e+03
2.177041259765625000e+03
2.167113525390625000e+03
2.157197509765625000e+03
2.147219238281250000e+03
2.137401123046875000e+03
2.127520019531250000e+03
2.117724365234375000e+03
2.107716796875000000e+03
2.097942626953125000e+03
2.088253662109375000e+03
2.078500488281250000e+03
2.068831787109375000e+03
2.059247070312500000e+03
2.049597900390625000e+03
2.040106567382812500e+03
2.030624389648437500e+03
2.021225585937500000e+03
2.011983764648437500e+03
2.002750488281250000e+03
1.993525390625000000e+03
1.984531250000000000e+03
1.975470458984375000e+03
1.966565673828125000e+03
1.957816772460937500e+03
1.949074707031250000e+03
1.940413574218750000e+03
1.931907714843750000e+03
1.923556640625000000e+03
1.915286010742187500e+03
1.907169555664062500e+03
1.899058837890625000e+03
1.891101684570312500e+03
1.883372680664062500e+03
1.875648437500000000e+03
1.868151977539062500e+03
1.860808227539062500e+03
1.853468872070312500e+03
1.846356201171875000e+03
1.839395996093750000e+03
1.832587890625000000e+03
1.825931884765625000e+03
1.819427612304687500e+03
1.813000732421875000e+03
1.806799560546875000e+03
1.800823730468750000e+03
1.794924682617187500e+03
1.789176513671875000e+03
1.783727905273437500e+03
1.778281127929687500e+03
1.773133422851562500e+03
1.768135864257812500e+03
1.763288452148437500e+03
1.758590820312500000e+03
1.754191284179687500e+03
1.749866088867187500e+03
1.745689575195312500e+03
1.741809936523437500e+03
1.738078247070312500e+03
1.734419433593750000e+03
1.731130737304687500e+03
1.727988891601562500e+03
1.724993286132812500e+03
1.722218017578125000e+03
1.719588500976562500e+03
1.717178710937500000e+03
1.714913696289062500e+03
1.712867797851562500e+03
1.711040527343750000e+03
1.709283081054687500e+03
1.707892089843750000e+03
1.706570190429687500e+03
1.705540039062500000e+03
1.704578247070312500e+03
1.703907470703125000e+03
1.703379028320312500e+03
1.703066772460937500e+03
1.702895874023437500e+03
1.702940673828125000e+03
1.703200683593750000e+03
1.703601562500000000e+03
1.704291381835937500e+03
1.705121337890625000e+03
1.706091186523437500e+03
1.707349365234375000e+03
1.708672607421875000e+03
1.710135009765625000e+03
1.711810546875000000e+03
1.713773437500000000e+03
1.715800415039062500e+03
1.718039794921875000e+03
1.720417114257812500e+03
1.723006591796875000e+03
1.725733520507812500e+03
1.728672241210937500e+03
1.731673583984375000e+03
1.734960693359375000e+03
1.738384521484375000e+03
1.741944824218750000e+03
1.745641723632812500e+03
1.749474853515625000e+03
1.753518188476562500e+03
1.757697753906250000e+03
1.762013183593750000e+03
1.766464599609375000e+03
1.771051879882812500e+03
1.775700927734375000e+03
1.780560058593750000e+03
1.785480834960937500e+03
1.790686035156250000e+03
1.795878906250000000e+03
1.801282226562500000e+03
1.806747070312500000e+03
1.812348144531250000e+03
1.818159790039062500e+03
1.823884765625000000e+03
1.829820556640625000e+03
1.835892700195312500e+03
1.842027099609375000e+03
1.848223876953125000e+03
1.854557373046875000e+03
1.860879028320312500e+03
1.867486328125000000e+03
1.874007934570312500e+03
1.880666625976562500e+03
1.887388549804687500e+03
1.894173706054687500e+03
1.901096313476562500e+03
1.908008422851562500e+03
1.914984130859375000e+03
1.922023559570312500e+03
1.929052734375000000e+03
1.936294677734375000e+03
1.943452636718750000e+03
1.950749267578125000e+03
1.958036254882812500e+03
1.965388183593750000e+03
1.972656616210937500e+03
1.980064575195312500e+03
1.987389526367187500e+03
1.994780273437500000e+03
2.002162475585937500e+03
2.009610717773437500e+03
2.017051025390625000e+03
2.024483398437500000e+03
2.031982543945312500e+03
2.039400146484375000e+03
2.046735961914062500e+03
2.054064941406250000e+03
2.061461425781250000e+03
2.068851562500000000e+03
2.076161132812500000e+03
2.083464355468750000e+03
2.090761962890625000e+03
2.097979980468750000e+03
2.105118896484375000e+03
2.112327636718750000e+03
2.119309570312500000e+03
2.126436523437500000e+03
2.133337646484375000e+03
2.140310058593750000e+03
2.147131835937500000e+03
2.153877441406250000e+03
2.160695800781250000e+03
2.167290527343750000e+03
2.173884521484375000e+03
2.180329833984375000e+03
2.186775390625000000e+03
2.193073486328125000e+03
2.199298339843750000e+03
2.205450195312500000e+03
2.211455810546875000e+03
2.217389648437500000e+03
2.223177734375000000e+03
2.228895019531250000e+03
2.234467285156250000e+03
2.240043945312500000e+03
2.245328125000000000e+03
2.250543212890625000e+03
2.255838134765625000e+03
2.260767333984375000e+03
2.265629150390625000e+03
2.270423095703125000e+03
2.275001464843750000e+03
2.279513427734375000e+03
2.283885009765625000e+03
2.288041992187500000e+03
2.292134033203125000e+03
2.296012451171875000e+03
2.299752197265625000e+03
2.303353515625000000e+03
2.306891357421875000e+03
2.310217285156250000e+03
2.313406250000000000e+03
2.316384033203125000e+03
2.319151367187500000e+03
2.321782958984375000e+03
2.324427490234375000e+03
2.326714111328125000e+03
2.328865966796875000e+03
2.330883544921875000e+03
2.332767089843750000e+03
2.334442871093750000e+03
2.335836914062500000e+03
2.337246582031250000e+03
2.338375244140625000e+03
2.339446044921875000e+03
2.340236328125000000e+03
2.340821044921875000e+03
2.341200195312500000e+03
2.341522949218750000e+03
2.341566650390625000e+03
2.341406005859375000e+03
2.341115234375000000e+03
2.340620605468750000e+03
2.340071289062500000e+03
2.339244384765625000e+03
2.338139892578125000e+03
2.336906982421875000e+03
2.335620605468750000e+03
2.334057373046875000e+03
2.332366699218750000e+03
2.330399658203125000e+03
2.328305908203125000e+03
2.326010742187500000e+03
2.323439941406250000e+03
2.320817138671875000e+03
2.317919189453125000e+03
2.314821044921875000e+03
2.311671142578125000e+03
2.308247070312500000e+03
2.304697265625000000e+03
2.300947753906250000e+03
2.296998779296875000e+03
2.292924560546875000e+03
2.288576660156250000e+03
2.284178466796875000e+03
2.279432617187500000e+03
2.274636474609375000e+03
2.269641845703125000e+03
2.264374267578125000e+03
2.259056640625000000e+03
2.253540527343750000e+03
2.247826171875000000e+03
2.241988037109375000e+03
2.235877197265625000e+03
2.229717041015625000e+03
2.223433349609375000e+03
2.217025878906250000e+03
2.210420410156250000e+03
2.203543212890625000e+03
2.196690673828125000e+03
2.189566406250000000e+03
2.182318603515625000e+03
2.174947265625000000e+03
2.167377441406250000e+03
2.159609619140625000e+03
2.151866699218750000e+03
2.143850830078125000e+03
2.135710693359375000e+03
2.127446289062500000e+03
2.119131347656250000e+03
2.110617675781250000e+03
2.101979003906250000e+03
2.093215332031250000e+03
2.084326416015625000e+03
2.075163574218750000e+03
2.066246582031250000e+03
2.056980712890625000e+03
2.047663452148437500e+03
2.038219848632812500e+03
2.028649658203125000e+03
2.019027465820312500e+03
2.009278320312500000e+03
1.999401733398437500e+03
1.989472534179687500e+03
1.979415527343750000e+03
1.969230712890625000e+03
1.959140502929687500e+03
1.948773559570312500e+03
1.938426391601562500e+03
1.928024780273437500e+03
1.917493774414062500e+03
1.906907592773437500e+03
1.896340332031250000e+03
1.885568481445312500e+03
1.874740600585937500e+03
1.863930541992187500e+03
1.852989624023437500e+03
1.842140136718750000e+03
1.831010498046875000e+03
1.819971557617187500e+03
1.808949096679687500e+03
1.797868041992187500e+03
1.786654052734375000e+03
1.775529663085937500e+03
1.764271728515625000e+03
1.753028198242187500e+03
1.741724609375000000e+03
1.730509033203125000e+03
1.719232910156250000e+03
1.707895507812500000e+03
1.696645263671875000e+03
1.685333007812500000e+03
1.673883666992187500e+03
1.662668334960937500e+03
1.651314941406250000e+03
1.639971435546875000e+03
1.628711547851562500e+03
1.617534790039062500e+03
1.606291870117187500e+03
1.594982177734375000e+03
1.583753906250000000e+03
1.572531982421875000e+03
1.561093017578125000e+03
1.550031005859375000e+03
1.538824951171875000e+03
1.527771728515625000e+03
1.516647827148437500e+03
1.505675415039062500e+03
1.494705444335937500e+03
1.483737426757812500e+03
1.472919311523437500e+03
1.462027709960937500e+03
1.451210449218750000e+03
1.440467163085937500e+03
1.429871704101562500e+03
1.419200317382812500e+03
1.408675537109375000e+03
1.398222412109375000e+03
1.387766235351562500e+03
1.377454956054687500e+03
1.367139526367187500e+03
1.356967895507812500e+03
1.346865356445312500e+03
1.336831298828125000e+03
1.326865112304687500e+03
1.317040649414062500e+03
1.307208862304687500e+03
1.297517822265625000e+03
1.287966796875000000e+03
1.278406738281250000e+03
1.268985961914062500e+03
1.259629394531250000e+03
1.250485351562500000e+03
1.241404663085937500e+03
1.232386596679687500e+03
1.223505249023437500e+03
1.214685668945312500e+03
1.205853149414062500e+03
1.197304321289062500e+03
1.188815795898437500e+03
1.180461547851562500e+03
1.172241088867187500e+03
1.164079711914062500e+03
1.156051269531250000e+03
1.148081054687500000e+03
1.140243164062500000e+03
1.132611328125000000e+03
1.124962524414062500e+03
1.117593261718750000e+03
1.110280517578125000e+03
1.103023803710937500e+03
1.095971435546875000e+03
1.089048828125000000e+03
1.082255371093750000e+03
1.075516845703125000e+03
1.068981201171875000e+03
1.062499633789062500e+03
1.056145996093750000e+03
1.049994628906250000e+03
1.043970581054687500e+03
1.037999389648437500e+03
1.032155029296875000e+03
1.026437255859375000e+03
1.020920166015625000e+03
1.015528930664062500e+03
1.010263671875000000e+03
1.005123962402343750e+03
1.000035095214843750e+03
9.952200927734375000e+02
9.904555053710937500e+02
9.858155517578125000e+02
9.812999877929687500e+02
9.769829711914062500e+02
9.727155761718750000e+02
9.686464233398437500e+02
9.646265258789062500e+02
9.607300415039062500e+02
9.570311889648437500e+02
9.534555664062500000e+02
9.500028686523437500e+02
9.466729736328125000e+02
9.434658203125000000e+02
9.403069458007812500e+02
9.373447875976562500e+02
9.345793457031250000e+02
9.318618164062500000e+02
9.292664184570312500e+02
9.267930297851562500e+02
9.244416503906250000e+02
9.222120361328125000e+02
9.201044311523437500e+02
9.180443115234375000e+02
9.161809082031250000e+02
9.144400634765625000e+02
9.128961181640625000e+02
9.114008789062500000e+02
9.099545288085937500e+02
9.084087524414062500e+02
9.072097167968750000e+02
9.061347045898437500e+02
9.051096191406250000e+02
9.042091064453125000e+02
9.034334716796875000e+02
9.027829589843750000e+02
9.021093139648437500e+02
9.016356811523437500e+02
9.012880249023437500e+02
9.009925537109375000e+02
9.007492675781250000e+02
9.007073974609375000e+02
9.007184448242187500e+02
9.007827758789062500e+02
9.009751586914062500e+02
9.012213745117187500e+02
9.015220336914062500e+02
9.021744995117187500e+02
9.026589965820312500e+02
9.031988525390625000e+02
9.038686523437500000e+02
9.045946044921875000e+02
9.052283325195312500e+02
9.061417236328125000e+02
9.070379638671875000e+02
9.081403198242187500e+02
9.092262573242187500e+02
9.103704223632812500e+02
9.115733032226562500e+02
9.129096069335937500e+02
9.143052368164062500e+02
9.156121826171875000e+02
9.171279296875000000e+02
9.186301269531250000e+02
9.201931762695312500e+02
9.218922119140625000e+02
9.235043945312500000e+02
9.252532348632812500e+02
9.270648803710937500e+02
9.287910156250000000e+02
9.306550292968750000e+02
9.325088500976562500e+02
9.344271240234375000e+02
9.364104003906250000e+02
9.383103637695312500e+02
9.402764892578125000e+02
9.422346801757812500e+02
9.442598266601562500e+02
9.463523559570312500e+02
9.485873413085937500e+02
9.507420654296875000e+02
9.528915405273437500e+02
9.550361938476562500e+02
9.572508544921875000e+02
9.593130493164062500e+02
9.615206909179687500e+02
9.637257080078125000e+02
9.658540039062500000e+02
9.681293334960937500e+02
9.703292236328125000e+02
9.725284423828125000e+02
9.748017578125000000e+02
9.769268798828125000e+02
9.791271972656250000e+02
9.814033203125000000e+02
9.835327148437500000e+02
9.857388916015625000e+02
9.878737182617187500e+02
9.900863647460937500e+02
9.921543579101562500e+02
9.942268676757812500e+02
9.963786621093750000e+02
9.983874511718750000e+02
1.000402160644531250e+03
1.002423339843750000e+03
1.004451538085937500e+03
1.006413024902343750e+03
1.008382324218750000e+03
1.010285888671875000e+03
1.012124023437500000e+03
1.013971618652343750e+03
1.015754699707031250e+03
1.017548217773437500e+03
1.019352478027343750e+03
1.021019348144531250e+03
1.022549438476562500e+03
1.024240234375000000e+03
1.025794921875000000e+03
1.027288452148437500e+03
1.028795410156250000e+03
1.030241943359375000e+03
1.031628540039062500e+03
1.032955444335937500e+03
1.034371826171875000e+03
1.035580566406250000e+03
1.036805053710937500e+03
1.037896850585937500e+03
1.039004882812500000e+03
1.040055053710937500e+03
1.041047851562500000e+03
1.041909179687500000e+03
1.042787841796875000e+03
1.043535522460937500e+03
1.044375488281250000e+03
1.045010620117187500e+03
1.045589965820312500e+03
1.046187866210937500e+03
1.046730468750000000e+03
1.047143554687500000e+03
1.047501831054687500e+03
1.047879516601562500e+03
1.048128662109375000e+03
1.048323364257812500e+03
1.048464233398437500e+03
1.048476806640625000e+03
1.048510131835937500e+03
1.048415649414062500e+03
1.048267944335937500e+03
1.048067138671875000e+03
1.047813598632812500e+03
1.047507324218750000e+03
1.046999877929687500e+03
1.046588745117187500e+03
1.046051147460937500e+03
1.045387084960937500e+03
1.044745483398437500e+03
1.043977783203125000e+03
1.043158569335937500e+03
1.042287841796875000e+03
1.041365966796875000e+03
1.040392578125000000e+03
1.039294067382812500e+03
1.038144287109375000e+03
1.036943725585937500e+03
1.035692382812500000e+03
1.034241699218750000e+03
1.032889038085937500e+03
1.031411376953125000e+03
1.029883422851562500e+03
1.028230590820312500e+03
1.026601928710937500e+03
1.024848510742187500e+03
1.023119201660156250e+03
1.021190734863281250e+03
1.019360473632812500e+03
1.017404968261718750e+03
1.015398498535156250e+03
1.013266479492187500e+03
1.011083129882812500e+03
1.008922424316406250e+03
1.006709960937500000e+03
1.004296630859375000e+03
1.001979797363281250e+03
9.995360107421875000e+02
9.970394897460937500e+02
9.945641479492187500e+02
9.919613037109375000e+02
9.892304687500000000e+02
9.865945434570312500e+02
9.838301391601562500e+02
9.810855712890625000e+02
9.782864990234375000e+02
9.753580322265625000e+02
9.724486694335937500e+02
9.694837036132812500e+02
9.664628906250000000e+02
9.633858642578125000e+02
9.601781005859375000e+02
9.570620117187500000e+02
9.538146362304687500e+02
9.506583251953125000e+02
9.473699340820312500e+02
9.440976562500000000e+02
9.406926269531250000e+02
9.373030395507812500e+02
9.338543701171875000e+02
9.304204101562500000e+02
9.269266967773437500e+02
9.234470825195312500e+02
9.199067993164062500e+02
9.163056030273437500e+02
9.127174072265625000e+02
9.090675048828125000e+02
9.054299316406250000e+02
9.017299194335937500e+02
8.980415039062500000e+02
8.943641357421875000e+02
8.905489501953125000e+02
8.868185424804687500e+02
8.830238647460937500e+02
8.792387084960937500e+02
8.753885498046875000e+02
8.716216430664062500e+02
8.677144165039062500e+02
8.638895263671875000e+02
8.599978637695312500e+02
8.561132202148437500e+02
8.522351684570312500e+02
8.484376220703125000e+02
8.445714721679687500e+02
8.406361694335937500e+02
8.367799682617187500e+02
8.328538208007812500e+02
8.290057983398437500e+02
8.250868530273437500e+02
8.212451782226562500e+02
8.174059448242187500e+02
8.135687255859375000e+02
8.095844116210937500e+02
8.057498168945312500e+02
8.018414916992187500e+02
7.980076293945312500e+02
7.941735229492187500e+02
7.903386230468750000e+02
7.865024414062500000e+02
7.826645507812500000e+02
7.788988037109375000e+02
7.751304321289062500e+02
7.714332885742187500e+02
7.676582641601562500e+02
7.639536132812500000e+02
7.600957641601562500e+02
7.563817138671875000e+02
7.526621704101562500e+02
7.490855102539062500e+02
7.454281616210937500e+02
7.420614013671875000e+02
7.385387573242187500e+02
7.350085449218750000e+02
7.315444946289062500e+02
7.280718994140625000e+02
7.245903930664062500e+02
7.212480468750000000e+02
7.178215942382812500e+02
7.144591064453125000e+02
7.111602783203125000e+02
7.079246826171875000e+02
7.046774902343750000e+02
7.014182739257812500e+02
6.982210083007812500e+02
6.950852661132812500e+02
6.920106811523437500e+02
6.889224853515625000e+02
6.859689941406250000e+02
6.829270629882812500e+02
6.799450073242187500e+02
6.770225830078125000e+02
6.742338256835937500e+02
6.714298706054687500e+02
6.686104125976562500e+02
6.658496093750000000e+02
6.631471557617187500e+02
6.605028686523437500e+02
6.579164428710937500e+02
6.553877563476562500e+02
6.528421630859375000e+02
6.504281616210937500e+02
6.479968872070312500e+02
6.456224365234375000e+02
6.433120117187500000e+02
6.410655517578125000e+02
6.388455810546875000e+02
6.366891479492187500e+02
6.345662841796875000e+02
6.324769287109375000e+02
6.304505004882812500e+02
6.284721069335937500e+02
6.265341186523437500e+02
6.246511840820312500e+02
6.228157958984375000e+02
6.210352783203125000e+02
6.193093872070312500e+02
6.176306762695312500e+02
6.160063476562500000e+02
6.144288940429687500e+02
6.129057006835937500e+02
6.114217529296875000e+02
6.099918212890625000e+02
6.086157226562500000e+02
6.072935180664062500e+02
6.060175170898437500e+02
6.047877807617187500e+02
6.036115722656250000e+02
6.024813232421875000e+02
6.013971557617187500e+02
6.003737182617187500e+02
5.993886718750000000e+02
5.984494628906250000e+02
5.975634155273437500e+02
5.967230834960937500e+02
5.959208984375000000e+02
5.951792602539062500e+02
5.944831542968750000e+02
5.938253784179687500e+02
5.932135620117187500e+02
5.926477661132812500e+02
5.921282958984375000e+02
5.916403198242187500e+02
5.912138671875000000e+02
5.908268432617187500e+02
5.904719238281250000e+02
5.901717529296875000e+02
5.899040527343750000e+02
5.897062988281250000e+02
5.895266113281250000e+02
5.893950195312500000e+02
5.892968750000000000e+02
5.892472534179687500e+02
5.892389526367187500e+02
5.892573242187500000e+02
5.893175048828125000e+02
5.894122924804687500e+02
5.895419311523437500e+02
5.897141723632812500e+02
5.899217529296875000e+02
5.901649780273437500e+02
5.904367065429687500e+02
5.907520751953125000e+02
5.910816650390625000e+02
5.914627685546875000e+02
5.918661499023437500e+02
5.922994384765625000e+02
5.927703247070312500e+02
5.932568969726562500e+02
5.937816772460937500e+02
5.943301391601562500e+02
5.949026489257812500e+02
5.955068969726562500e+02
5.961358032226562500e+02
5.967822265625000000e+02
5.974613647460937500e+02
5.981586914062500000e+02
5.988745727539062500e+02
5.996092529296875000e+02
6.003706054687500000e+02
6.011515502929687500e+02
6.019375000000000000e+02
6.027510375976562500e+02
6.035852661132812500e+02
6.044255371093750000e+02
6.052945556640625000e+02
6.061629028320312500e+02
6.070532836914062500e+02
6.079437866210937500e+02
6.088571777343750000e+02
6.097714233398437500e+02
6.107094116210937500e+02
6.116566772460937500e+02
6.126060791015625000e+02
6.135507812500000000e+02
6.145059204101562500e+02
6.154496459960937500e+02
6.164196166992187500e+02
6.173716430664062500e+02
6.183358154296875000e+02
6.192754516601562500e+02
6.203023681640625000e+02
6.212536010742187500e+02
6.222038574218750000e+02
6.232277832031250000e+02
6.241772460937500000e+02
6.251269531250000000e+02
6.260773315429687500e+02
6.270288085937500000e+02
6.279817504882812500e+02
6.289365844726562500e+02
6.298937988281250000e+02
6.308537597656250000e+02
6.318168334960937500e+02
6.327834472656250000e+02
6.336797485351562500e+02
6.345803222656250000e+02
6.354857177734375000e+02
6.362476806640625000e+02
6.371638183593750000e+02
6.379372558593750000e+02
6.387171630859375000e+02
6.395037231445312500e+02
6.402232055664062500e+02
6.410988159179687500e+02
6.418337402343750000e+02
6.425026855468750000e+02
6.432546386718750000e+02
6.439413452148437500e+02
6.446375732421875000e+02
6.452693481445312500e+02
6.459113159179687500e+02
6.465639038085937500e+02
6.471531982421875000e+02
6.476795654296875000e+02
6.482176513671875000e+02
6.487677612304687500e+02
6.492560424804687500e+02
6.497570800781250000e+02
6.501967163085937500e+02
6.505752563476562500e+02
6.510415649414062500e+02
6.513729858398437500e+02
6.516439819335937500e+02
6.520777587890625000e+02
6.523030395507812500e+02
6.526173095703125000e+02
6.528721313476562500e+02
6.530676269531250000e+02
6.531299438476562500e+02
6.532819824218750000e+02
6.533755493164062500e+02
6.534849853515625000e+02
6.534620361328125000e+02
6.534553833007812500e+02
6.533909301757812500e+02
6.533433227539062500e+02
6.532382812500000000e+02
6.531503295898437500e+02
6.529311523437500000e+02
6.528037109375000000e+02
6.525452880859375000e+02
6.522303466796875000e+02
6.520077514648437500e+02
6.516546630859375000e+02
6.512455444335937500e+02
6.508548583984375000e+02
6.504083862304687500e+02
6.499064331054687500e+02
6.494975585937500000e+02
6.489590454101562500e+02
6.483653564453125000e+02
6.477908325195312500e+02
6.470870361328125000e+02
6.464027099609375000e+02
6.456635131835937500e+02
6.449440307617187500e+02
6.441699218750000000e+02
6.433413085937500000e+02
6.424582519531250000e+02
6.415952148437500000e+02
6.406035156250000000e+02
6.397062988281250000e+02
6.386062011718750000e+02
6.376007080078125000e+02
6.365411376953125000e+02
6.354275512695312500e+02
6.343342895507812500e+02
6.331126098632812500e+02
6.319110107421875000e+02
6.307293701171875000e+02
6.294932250976562500e+02
6.282024536132812500e+02
6.267825317382812500e+02
6.254562377929687500e+02
6.240749511718750000e+02
6.226383056640625000e+02
6.212205200195312500e+02
6.197471923828125000e+02
6.181437377929687500e+02
6.166328735351562500e+02
6.149916381835937500e+02
6.134426879882812500e+02
6.117628173828125000e+02
6.101006469726562500e+02
6.084558105468750000e+02
6.066052856445312500e+02
6.049203491210937500e+02
6.031779174804687500e+02
6.013776855468750000e+02
5.994453125000000000e+02
5.976033325195312500e+02
5.957030029296875000e+02
5.938184204101562500e+02
5.918750610351562500e+02
5.899468994140625000e+02
5.879594726562500000e+02
5.859199829101562500e+02
5.839025268554687500e+02
5.818399658203125000e+02
5.797840576171875000e+02
5.776824951171875000e+02
5.755574951171875000e+02
5.734086914062500000e+02
5.712581176757812500e+02
5.690609130859375000e+02
5.668541259765625000e+02
5.646299438476562500e+02
5.623955078125000000e+02
5.601358642578125000e+02
5.578579711914062500e+02
5.555691528320312500e+02
5.532616577148437500e+02
5.509351806640625000e+02
5.486044311523437500e+02
5.462540893554687500e+02
5.438914184570312500e+02
5.415161743164062500e+02
5.391279296875000000e+02
5.367338867187500000e+02
5.343261718750000000e+02
5.319044189453125000e+02
5.294758300781250000e+02
5.270399780273437500e+02
5.245965576171875000e+02
5.221377563476562500e+02
5.196854858398437500e+02
5.172096557617187500e+02
5.147322998046875000e+02
5.122454833984375000e+02
5.097639160156250000e+02
5.072944641113281250e+02
5.047997741699218750e+02
5.023091125488281250e+02
4.998146667480468750e+02
4.973161315917968750e+02
4.948280334472656250e+02
4.923276367187500000e+02
4.898220520019531250e+02
4.873257446289062500e+02
4.848235168457031250e+02
4.823224182128906250e+02
4.798295898437500000e+02
4.773370971679687500e+02
4.748447265625000000e+02
4.723594055175781250e+02
4.698808898925781250e+02
4.674013061523437500e+02
4.649351806640625000e+02
4.624673461914062500e+02
4.600121765136718750e+02
4.575619812011718750e+02
4.551164245605468750e+02
4.526899414062500000e+02
4.502748107910156250e+02
4.478334960937500000e+02
4.454250488281250000e+02
4.430268859863281250e+02
4.406386108398437500e+02
4.382525634765625000e+02
4.358830871582031250e+02
4.335300598144531250e+02
4.311780395507812500e+02
4.288417663574218750e+02
4.265281982421875000e+02
4.242221984863281250e+02
4.219382934570312500e+02
4.196538696289062500e+02
4.173984375000000000e+02
4.151494140625000000e+02
4.129214172363281250e+02
4.106994018554687500e+02
4.085054016113281250e+02
4.063243408203125000e+02
4.041634216308593750e+02
4.020298461914062500e+02
3.999085083007812500e+02
3.977843627929687500e+02
3.956795043945312500e+02
3.936011047363281250e+02
3.915490112304687500e+02
3.895229797363281250e+02
3.875079650878906250e+02
3.855038146972656250e+02
3.835250854492187500e+02
3.815791320800781250e+02
3.796508789062500000e+02
3.777474975585937500e+02
3.758540344238281250e+02
3.739851379394531250e+02
3.721554870605468750e+02
3.703352050781250000e+02
3.685390014648437500e+02
3.667666320800781250e+02
3.650180358886718750e+02
3.633004455566406250e+02
3.615913696289062500e+02
3.599056091308593750e+02
3.582577819824218750e+02
3.566181335449218750e+02
3.550161132812500000e+02
3.534219665527343750e+02
3.518652038574218750e+02
3.503308715820312500e+02
3.488262634277343750e+02
3.473364257812500000e+02
3.458685913085937500e+02
3.444375915527343750e+02
3.430209655761718750e+02
3.416334838867187500e+02
3.402601318359375000e+02
3.389231567382812500e+02
3.376149902343750000e+02
3.363207092285156250e+02
3.350550537109375000e+02
3.338104858398437500e+02
3.325943908691406250e+02
3.313992309570312500e+02
3.302176208496093750e+02
3.290793762207031250e+02
3.279547729492187500e+02
3.268587951660156250e+02
3.257840576171875000e+02
3.247306213378906250e+02
3.236985473632812500e+02
3.227027893066406250e+02
3.217286071777343750e+02
3.207685852050781250e+02
3.198451538085937500e+02
3.189286499023437500e+02
3.180489196777343750e+02
3.171911926269531250e+02
3.163481140136718750e+02
3.155346984863281250e+02
3.147436218261718750e+02
3.139601135253906250e+02
3.132214355468750000e+02
3.124980163574218750e+02
3.117973937988281250e+02
3.111122436523437500e+02
3.104576110839843750e+02
3.098261413574218750e+02
3.092106018066406250e+02
3.086111145019531250e+02
3.080352172851562500e+02
3.074830932617187500e+02
3.069549255371093750e+02
3.064284667968750000e+02
3.059411315917968750e+02
3.054707336425781250e+02
3.050323486328125000e+02
3.045963439941406250e+02
3.041852111816406250e+02
3.037917480468750000e+02
3.034085998535156250e+02
3.030582885742187500e+02
3.027187194824218750e+02
3.023900146484375000e+02
3.020872497558593750e+02
3.017957458496093750e+02
3.015156860351562500e+02
3.012546997070312500e+02
3.010054931640625000e+02
3.007832031250000000e+02
3.005731201171875000e+02
3.003754272460937500e+02
3.001903076171875000e+02
3.000180053710937500e+02
2.998662109375000000e+02
2.997202453613281250e+02
2.995878906250000000e+02
2.994767761230468750e+02
2.993723144531250000e+02
2.992673339843750000e+02
2.991918640136718750e+02
2.991238098144531250e+02
2.990560607910156250e+02
2.990111389160156250e+02
2.989670715332031250e+02
2.989389038085937500e+02
2.989121093750000000e+02
2.989017944335937500e+02
2.989007873535156250e+02
2.989019165039062500e+02
2.989203796386718750e+02
2.989415283203125000e+02
2.989656066894531250e+02
2.990078125000000000e+02
2.990535278320312500e+02
2.990956115722656250e+02
2.991565856933593750e+02
2.992070312500000000e+02
2.992769165039062500e+02
2.993516845703125000e+02
2.994166870117187500e+02
2.994945983886718750e+02
2.995781250000000000e+02
2.996676025390625000e+02
2.997484741210937500e+02
2.998432312011718750e+02
2.999373474121093750e+02
3.000384521484375000e+02
3.001394653320312500e+02
3.002331542968750000e+02
3.003421020507812500e+02
3.004368896484375000e+02
3.005326232910156250e+02
3.006369628906250000e+02
3.007427673339843750e+02
3.008428649902343750e+02
3.009375610351562500e+02
3.010419311523437500e+02
3.011413879394531250e+02
3.012287902832031250e+02
3.013266601562500000e+02
3.014204101562500000e+02
3.015102539062500000e+02
3.015890808105468750e+02
3.016793518066406250e+02
3.017589416503906250e+02
3.018355712890625000e+02
3.019093627929687500e+02
3.019730834960937500e+02
3.020418395996093750e+02
3.021008911132812500e+02
3.021578979492187500e+02
3.022056274414062500e+02
3.022442626953125000e+02
3.022888183593750000e+02
3.023172302246093750e+02
3.023370666503906250e+02
3.023485107421875000e+02
3.023666381835937500e+02
3.023692932128906250e+02
3.023566284179687500e+02
3.023437194824218750e+02
3.023307189941406250e+02
3.023029174804687500e+02
3.022753295898437500e+02
3.022332763671875000e+02
3.021769104003906250e+02
3.021137695312500000e+02
3.020440368652343750e+02
3.019678955078125000e+02
3.018779907226562500e+02
3.017893371582031250e+02
3.016723937988281250e+02
3.015570068359375000e+02
3.014284057617187500e+02
3.012941894531250000e+02
3.011470336914062500e+02
3.009870910644531250e+02
3.008218688964843750e+02
3.006441040039062500e+02
3.004538574218750000e+02
3.002661437988281250e+02
3.000513305664062500e+02
2.998466796875000000e+02
2.996151428222656250e+02
2.993791198730468750e+02
2.991312561035156250e+02
2.988717041015625000e+02
2.986004638671875000e+02
2.983251342773437500e+02
2.980308837890625000e+02
2.977252502441406250e+02
2.974083557128906250e+02
2.970802001953125000e+02
2.967482299804687500e+02
2.964049682617187500e+02
2.960504455566406250e+02
2.956846008300781250e+02
2.953148498535156250e+02
2.949262390136718750e+02
2.945187683105468750e+02
2.941147155761718750e+02
2.936917419433593750e+02
2.932572021484375000e+02
2.928110656738281250e+02
2.923607177734375000e+02
2.919060668945312500e+02
2.914248352050781250e+02
2.909392395019531250e+02
2.904417114257812500e+02
2.899322814941406250e+02
2.894183044433593750e+02
2.888848266601562500e+02
2.883466491699218750e+02
2.878037109375000000e+02
2.872336120605468750e+02
2.866660461425781250e+02
2.860860290527343750e+02
2.855009460449218750e+02
2.848883972167968750e+02
2.842780456542968750e+02
2.836548767089843750e+02
2.830263366699218750e+02
2.823922424316406250e+02
2.817302856445312500e+02
2.810700073242187500e+02
2.804113464355468750e+02
2.797319335937500000e+02
2.790465087890625000e+02
2.783549499511718750e+02
2.776571655273437500e+02
2.769456176757812500e+02
2.762201538085937500e+02
2.754956054687500000e+02
2.747643127441406250e+02
2.740114135742187500e+02
2.732664184570312500e+02
2.725144042968750000e+02
2.717254333496093750e+02
2.709663696289062500e+02
2.701850280761718750e+02
2.693961181640625000e+02
2.686069335937500000e+02
2.678173522949218750e+02
2.670272216796875000e+02
2.662214660644531250e+02
2.653999023437500000e+02
2.645772094726562500e+02
2.637606506347656250e+02
2.629277038574218750e+02
2.620931091308593750e+02
2.612566223144531250e+02
2.604180297851562500e+02
2.595623474121093750e+02
2.587116088867187500e+02
2.578582458496093750e+02
2.569945983886718750e+02
2.561353454589843750e+02
2.552728118896484375e+02
2.543994293212890625e+02
2.535223999023437500e+02
2.526266937255859375e+02
2.517492370605468750e+02
2.508749542236328125e+02
2.499888305664062500e+02
2.491277618408203125e+02
2.482395782470703125e+02
2.473537902832031250e+02
2.464627532958984375e+02
2.455811462402343750e+02
2.446864624023437500e+02
2.437933807373046875e+02
2.429016876220703125e+02
2.420111846923828125e+02
2.411142425537109375e+02
2.402255401611328125e+02
2.393374023437500000e+02
2.384422607421875000e+02
2.375473022460937500e+02
2.366597595214843750e+02
2.357720642089843750e+02
2.348765411376953125e+02
2.339952697753906250e+02
2.331132354736328125e+02
2.322302398681640625e+02
2.313460540771484375e+02
2.304679718017578125e+02
2.296106262207031250e+02
2.287292480468750000e+02
2.278608245849609375e+02
2.269902496337890625e+02
2.261248321533203125e+02
2.252643585205078125e+02
2.243863525390625000e+02
2.235426788330078125e+02
2.226811676025390625e+02
2.218313751220703125e+02
2.209857635498046875e+02
2.201515350341796875e+02
2.193137664794921875e+02
2.184796905517578125e+02
2.176566162109375000e+02
2.168294982910156250e+02
2.160205535888671875e+02
2.152147064208984375e+02
2.143969879150390625e+02
2.136044158935546875e+02
2.128071136474609375e+02
2.120272521972656250e+02
2.112349700927734375e+02
2.104598541259765625e+02
2.096943206787109375e+02
2.089308471679687500e+02
2.081692810058593750e+02
2.074243469238281250e+02
2.066810760498046875e+02
2.059467620849609375e+02
2.052212829589843750e+02
2.044971008300781250e+02
2.037814941406250000e+02
2.030669555664062500e+02
2.023682098388671875e+02
2.016777038574218750e+02
2.009953308105468750e+02
2.003135528564453125e+02
1.996471252441406250e+02
1.989884948730468750e+02
1.983375854492187500e+02
1.976868286132812500e+02
1.970435638427734375e+02
1.964225769042968750e+02
1.957940063476562500e+02
1.951800994873046875e+02
1.945807189941406250e+02
1.939809265136718750e+02
1.933880767822265625e+02
1.928095092773437500e+02
1.922302703857421875e+02
1.916651306152343750e+02
1.911140289306640625e+02
1.905620269775390625e+02
1.900238952636718750e+02
1.894846954345703125e+02
1.889592437744140625e+02
1.884475250244140625e+02
1.879346923828125000e+02
1.874504852294921875e+02
1.869428710937500000e+02
1.864564666748046875e+02
1.859838714599609375e+02
1.855176391601562500e+02
1.850503845214843750e+02
1.845969848632812500e+02
1.841574707031250000e+02
1.837244262695312500e+02
1.833053283691406250e+02
1.828853149414062500e+02
1.824793243408203125e+02
1.820724945068359375e+02
1.816871795654296875e+02
1.813011169433593750e+02
1.809291992187500000e+02
1.805640563964843750e+02
1.801983032226562500e+02
1.798542633056640625e+02
1.795097198486328125e+02
1.791646881103515625e+02
1.788489990234375000e+02
1.785254974365234375e+02
1.782017059326171875e+02
1.779073944091796875e+02
1.776054840087890625e+02
1.773183135986328125e+02
1.770459594726562500e+02
1.767736206054687500e+02
1.765088043212890625e+02
1.762515716552734375e+02
1.760019989013671875e+02
1.757601623535156250e+02
1.755186920166015625e+02
1.752925567626953125e+02
1.750743713378906250e+02
1.748567962646484375e+02
1.746547851562500000e+02
1.744461212158203125e+02
1.742531890869140625e+02
1.740686187744140625e+02
1.738776550292968750e+02
1.737026824951171875e+02
1.735214843750000000e+02
1.733638916015625000e+02
1.732002563476562500e+02
1.730455474853515625e+02
1.728998565673828125e+02
1.727558898925781250e+02
1.726212005615234375e+02
1.724884948730468750e+02
1.723579254150390625e+02
1.722296142578125000e+02
1.721408691406250000e+02
1.720026397705078125e+02
1.718968200683593750e+02
1.717863769531250000e+02
1.716863403320312500e+02
1.715894165039062500e+02
1.714957580566406250e+02
1.714054870605468750e+02
1.713261718750000000e+02
1.712431335449218750e+02
1.711713409423828125e+02
1.710886840820312500e+02
1.710250244140625000e+02
1.709507598876953125e+02
1.708883819580078125e+02
1.708231201171875000e+02
1.707625885009765625e+02
1.707143707275390625e+02
1.706563110351562500e+02
1.706034240722656250e+02
1.705558624267578125e+02
1.705063323974609375e+02
1.704624633789062500e+02
1.704243469238281250e+02
1.703773193359375000e+02
1.703363494873046875e+02
1.703016357421875000e+02
1.702658538818359375e+02
1.702366333007812500e+02
1.701992340087890625e+02
1.701612396240234375e+02
1.701302337646484375e+02
1.700989532470703125e+02
1.700749511718750000e+02
1.700361175537109375e+02
1.699974517822265625e+02
1.699665374755859375e+02
1.699360809326171875e+02
1.699136962890625000e+02
1.698772125244140625e+02
1.698416442871093750e+02
1.698145751953125000e+02
1.697813110351562500e+02
1.697419586181640625e+02
1.697115631103515625e+02
1.696753997802734375e+02
1.696409759521484375e+02
1.696084594726562500e+02
1.695631103515625000e+02
1.695273437500000000e+02
1.694789886474609375e+02
1.694404449462890625e+02
1.693970031738281250e+02
1.693413391113281250e+02
1.692958679199218750e+02
1.692458496093750000e+02
1.691839599609375000e+02
1.691326446533203125e+02
1.690771179199218750e+02
1.690249633789062500e+02
1.689539794921875000e+02
1.688865814208984375e+02
1.688154602050781250e+02
1.687481384277343750e+02
1.686773071289062500e+02
1.685956420898437500e+02
1.685106811523437500e+02
1.684299774169921875e+02
1.683313293457031250e+02
1.682445526123046875e+02
1.681548919677734375e+02
1.680476226806640625e+02
1.679525299072265625e+02
1.678399810791015625e+02
1.677249603271484375e+02
1.676149902343750000e+02
1.674952697753906250e+02
1.673807983398437500e+02
1.672493438720703125e+02
1.671158447265625000e+02
1.669878387451171875e+02
1.668356628417968750e+02
1.666965942382812500e+02
1.665558166503906250e+02
1.663985595703125000e+02
1.662471923828125000e+02
1.660794677734375000e+02
1.659252319335937500e+02
1.657548065185546875e+02
1.655905456542968750e+02
1.654102478027343750e+02
1.652288055419921875e+02
1.650463256835937500e+02
1.648554077148437500e+02
1.646486816406250000e+02
1.644558715820312500e+02
1.642472991943359375e+02
1.640378112792968750e+02
1.638199615478515625e+02
1.636011962890625000e+02
1.633815155029296875e+02
1.631534729003906250e+02
1.629245147705078125e+02
1.626871948242187500e+02
1.624489440917968750e+02
1.622023162841796875e+02
1.619547271728515625e+02
1.616913146972656250e+02
1.614269256591796875e+02
1.611689910888671875e+02
1.608951873779296875e+02
1.606129302978515625e+02
1.603370819091796875e+02
1.600453033447265625e+02
1.597524719238281250e+02
1.594585418701171875e+02
1.591560668945312500e+02
1.588524627685546875e+02
1.585402679443359375e+02
1.582194671630859375e+02
1.579048919677734375e+02
1.575816497802734375e+02
1.572348480224609375e+02
1.569090576171875000e+02
1.565670776367187500e+02
1.562237548828125000e+02
1.558790588378906250e+02
1.555180664062500000e+02
1.551705017089843750e+02
1.548065795898437500e+02
1.544411163330078125e+02
1.540666809082031250e+02
1.536980438232421875e+02
1.533129119873046875e+02
1.529409637451171875e+02
1.525523986816406250e+02
1.521546478271484375e+02
1.517624816894531250e+02
1.513684387207031250e+02
1.509650268554687500e+02
1.505596618652343750e+02
1.501522521972656250e+02
1.497427368164062500e+02
1.493311004638671875e+02
1.489098052978515625e+02
1.484862213134765625e+02
1.480602416992187500e+02
1.476392059326171875e+02
1.472007141113281250e+02
1.467669525146484375e+02
1.463304138183593750e+02
1.458835449218750000e+02
1.454485321044921875e+02
1.450029907226562500e+02
1.445542297363281250e+02
1.441021423339843750e+02
1.436466369628906250e+02
1.431950073242187500e+02
1.427322998046875000e+02
1.422806701660156250e+02
1.418177337646484375e+02
1.413507995605468750e+02
1.408871765136718750e+02
1.404119110107421875e+02
1.399397277832031250e+02
1.394630584716796875e+02
1.389892578125000000e+02
1.385181884765625000e+02
1.380348510742187500e+02
1.375614471435546875e+02
1.370755615234375000e+02
1.365993499755859375e+02
1.361104125976562500e+02
1.356235046386718750e+02
1.351384887695312500e+02
1.346552581787109375e+02
1.341662445068359375e+02
1.336788024902343750e+02
1.331853485107421875e+02
1.326931915283203125e+02
1.322022552490234375e+02
1.317049713134765625e+02
1.312160797119140625e+02
1.307206115722656250e+02
1.302333221435546875e+02
1.297318115234375000e+02
1.292308044433593750e+02
1.287302246093750000e+02
1.282373809814453125e+02
1.277372894287109375e+02
1.272372894287109375e+02
1.267521286010742188e+02
1.262594223022460938e+02
1.257590484619140625e+02
1.252657699584960938e+02
1.247720718383789062e+02
1.242778472900390625e+02
1.237830200195312500e+02
1.232948989868164062e+02
1.228059997558593750e+02
1.223162155151367188e+02
1.218328781127929688e+02
1.213410568237304688e+02
1.208555068969726562e+02
1.203687057495117188e+02
1.198880157470703125e+02
1.194058990478515625e+02
1.189222564697265625e+02
1.184444656372070312e+02
1.179724044799804688e+02
1.174911346435546875e+02
1.170154342651367188e+02
1.165526351928710938e+02
1.160877914428710938e+02
1.156133804321289062e+02
1.151516036987304688e+02
1.146949386596679688e+02
1.142358856201171875e+02
1.137743225097656250e+02
1.133176040649414062e+02
1.128805084228515625e+02
1.124332046508789062e+02
1.119830551147460938e+02
1.115373764038085938e+02
1.110960998535156250e+02
1.106591262817382812e+02
1.102189254760742188e+02
1.097828369140625000e+02
1.093507995605468750e+02
1.089226913452148438e+02
1.085058746337890625e+02
1.080779800415039062e+02
1.076611785888671875e+02
1.072554092407226562e+02
1.068382949829101562e+02
1.064320297241210938e+02
1.060216751098632812e+02
1.056220245361328125e+02
1.052181167602539062e+02
1.048247528076171875e+02
1.044344177246093750e+02
1.040396041870117188e+02
1.036476745605468750e+02
1.032659835815429688e+02
1.028870391845703125e+02
1.025033798217773438e+02
1.021372756958007812e+02
1.017589569091796875e+02
1.013981399536132812e+02
1.010325088500976562e+02
1.006694717407226562e+02
1.003164443969726562e+02
9.995854949951171875e+01
9.961064910888671875e+01
9.926528167724609375e+01
9.892245483398437500e+01
9.858217620849609375e+01
9.824442291259765625e+01
9.790920257568359375e+01
9.757651519775390625e+01
9.725379180908203125e+01
9.692620086669921875e+01
9.661601257324218750e+01
9.630096435546875000e+01
9.598106384277343750e+01
9.567861175537109375e+01
9.537876129150390625e+01
9.507411193847656250e+01
9.477209472656250000e+01
9.448017120361328125e+01
9.419092559814453125e+01
9.390438079833984375e+01
9.362798309326171875e+01
9.334690093994140625e+01
9.307601165771484375e+01
9.280047607421875000e+01
9.253518676757812500e+01
9.228016662597656250e+01
9.202799987792968750e+01
9.177870941162109375e+01
9.152489471435546875e+01
9.127400970458984375e+01
9.103350067138671875e+01
9.078109741210937500e+01
9.053911590576171875e+01
9.031501770019531250e+01
9.010880279541015625e+01
8.988335418701171875e+01
8.966097259521484375e+01
8.944168853759765625e+01
8.923294067382812500e+01
8.901988220214843750e+01
8.880997467041015625e+01
8.861066436767578125e+01
8.840710449218750000e+01
8.820675659179687500e+01
8.801712036132812500e+01
8.783078765869140625e+01
8.764038085937500000e+01
8.746080780029296875e+01
8.727724456787109375e+01
8.709717559814453125e+01
8.692806243896484375e+01
8.675511169433593750e+01
8.658579254150390625e+01
8.642014312744140625e+01
8.625823211669921875e+01
8.609265899658203125e+01
8.592348480224609375e+01
8.576562500000000000e+01
8.561913299560546875e+01
8.546921539306640625e+01
8.531591796875000000e+01
8.516673278808593750e+01
8.502915191650390625e+01
8.488838195800781250e+01
8.474449157714843750e+01
8.461241149902343750e+01
8.446990966796875000e+01
8.434679412841796875e+01
8.422085571289062500e+01
8.408470916748046875e+01
8.396076965332031250e+01
8.383421325683593750e+01
8.371259307861328125e+01
8.358853912353515625e+01
8.346214294433593750e+01
8.334837341308593750e+01
8.323244476318359375e+01
8.309958648681640625e+01
8.297219085693359375e+01
8.287264251708984375e+01
8.275646209716796875e+01
8.264602661132812500e+01
8.254888153076171875e+01
8.246511077880859375e+01
8.235766601562500000e+01
8.225637817382812500e+01
8.216132354736328125e+01
8.205033111572265625e+01
8.196064758300781250e+01
8.187007141113281250e+01
8.177127838134765625e+01
8.168665313720703125e+01
8.157913208007812500e+01
8.148596954345703125e+01
8.140724945068359375e+01
8.131333923339843750e+01
8.122661590576171875e+01
8.113972473144531250e+01
8.103044891357421875e+01
8.095090484619140625e+01
8.088629150390625000e+01
8.080696868896484375e+01
8.072042846679687500e+01
8.064162445068359375e+01
8.055573272705078125e+01
8.047769927978515625e+01
8.040014648437500000e+01
8.031571197509765625e+01
8.023929595947265625e+01
8.016355133056640625e+01
8.008108520507812500e+01
8.000680541992187500e+01
7.994077301025390625e+01
7.986073303222656250e+01
7.977416229248046875e+01
7.970340728759765625e+01
7.962621307373046875e+01
7.955004882812500000e+01
7.947496795654296875e+01
7.941585540771484375e+01
7.934304046630859375e+01
7.926398468017578125e+01
7.917874145507812500e+01
7.910218811035156250e+01
7.902696228027343750e+01
7.893079376220703125e+01
7.885087585449218750e+01
7.877240753173828125e+01
7.868797302246093750e+01
7.860507202148437500e+01
7.851629638671875000e+01
7.842915344238281250e+01
7.835852050781250000e+01
7.826731109619140625e+01
7.817787170410156250e+01
7.809023284912109375e+01
7.800447845458984375e+01
7.792064666748046875e+01
7.783881378173828125e+01
7.774415588378906250e+01
7.766646575927734375e+01
7.756122589111328125e+01
7.745821380615234375e+01
7.736491394042968750e+01
7.726651763916015625e+01
7.717791748046875000e+01
7.707686614990234375e+01
7.697828674316406250e+01
7.687478637695312500e+01
7.677384185791015625e+01
7.666808319091796875e+01
7.656497955322265625e+01
7.646458435058593750e+01
7.635951232910156250e+01
7.624980926513671875e+01
7.614295196533203125e+01
7.603897857666015625e+01
7.592308807373046875e+01
7.581759643554687500e+01
7.570768737792968750e+01
7.559340667724609375e+01
7.547476959228515625e+01
7.536667633056640625e+01
7.525431060791015625e+01
7.513024139404296875e+01
7.501679229736328125e+01
7.489170074462890625e+01
7.477725982666015625e+01
7.465119934082031250e+01
7.453581237792968750e+01
7.440882110595703125e+01
7.429249572753906250e+01
7.417200469970703125e+01
7.404731750488281250e+01
7.391841888427734375e+01
7.379273986816406250e+01
7.366282653808593750e+01
7.353610229492187500e+01
7.340508270263671875e+01
7.326976776123046875e+01
7.313753509521484375e+01
7.300837707519531250e+01
7.286737823486328125e+01
7.272937011718750000e+01
7.260173797607421875e+01
7.245472717285156250e+01
7.231801605224609375e+01
7.217668914794921875e+01
7.203814697265625000e+01
7.188746643066406250e+01
7.175434875488281250e+01
7.160900878906250000e+01
7.145884704589843750e+01
7.131864166259765625e+01
7.116605377197265625e+01
7.101588439941406250e+01
7.086063385009765625e+01
7.071510314941406250e+01
7.055696105957031250e+01
7.040100860595703125e+01
7.023974609375000000e+01
7.008801269531250000e+01
6.993088531494140625e+01
6.976090240478515625e+01
6.960030364990234375e+01
6.943418884277343750e+01
6.926996612548828125e+01
6.910759735107421875e+01
6.893961334228515625e+01
6.877344512939453125e+01
6.860161590576171875e+01
6.843154144287109375e+01
6.825578308105468750e+01
6.808917236328125000e+01
6.790940856933593750e+01
6.773134613037109375e+01
6.756239318847656250e+01
6.738027191162109375e+01
6.719981384277343750e+01
6.702845764160156250e+01
6.684389495849609375e+01
6.666841125488281250e+01
6.647971343994140625e+01
6.630751800537109375e+01
6.611465454101562500e+01
6.593827819824218750e+01
6.575608062744140625e+01
6.557547760009765625e+01
6.539646148681640625e+01
6.521157073974609375e+01
6.502822875976562500e+01
6.485385131835937500e+01
6.466609954833984375e+01
6.448724365234375000e+01
6.430239868164062500e+01
6.411894989013671875e+01
6.393685150146484375e+01
6.375606155395507812e+01
6.357654190063476562e+01
6.339079666137695312e+01
6.321363067626953125e+01
6.303012847900390625e+01
6.284765243530273438e+01
6.265869903564453125e+01
6.248548889160156250e+01
6.230565261840820312e+01
6.212654113769531250e+01
6.194807434082031250e+01
6.177015304565429688e+01
6.158526992797851562e+01
6.141562652587890625e+01
6.123883056640625000e+01
6.105478668212890625e+01
6.088569641113281250e+01
6.070916748046875000e+01
6.053252792358398438e+01
6.036311721801757812e+01
6.018597793579101562e+01
6.000843811035156250e+01
5.983040618896484375e+01
5.965179061889648438e+01
5.947249221801757812e+01
5.929985809326171875e+01
5.912636947631835938e+01
5.895194244384765625e+01
5.877649688720703125e+01
5.859996414184570312e+01
5.842969512939453125e+01
5.825076293945312500e+01
5.807796096801757812e+01
5.789637756347656250e+01
5.772824096679687500e+01
5.754379272460937500e+01
5.737271118164062500e+01
5.719264984130859375e+01
5.701622772216796875e+01
5.684415054321289062e+01
5.667119598388671875e+01
5.649585342407226562e+01
5.632406234741210938e+01
5.614912796020507812e+01
5.597623443603515625e+01
5.580390930175781250e+01
5.562991333007812500e+01
5.545872116088867188e+01
5.528810882568359375e+01
5.511735916137695312e+01
5.494720458984375000e+01
5.477842330932617188e+01
5.460953521728515625e+01
5.444353866577148438e+01
5.427673721313476562e+01
0.000000000000000000e+00
0.000000000000000000e+00
0.000000000000000000e+00
0.000000000000000000e+00
0.000000000000000000e+00
0.000000000000000000e+00
0.000000000000000000e+00
0.000000000000000000e+00
0.000000000000000000e+00
0.000000000000000000e+00
0.000000000000000000e+00
0.000000000000000000e+00
0.000000000000000000e+00
0.000000000000000000e+00
0.000000000000000000e+00
0.000000000000000000e+00
0.000000000000000000e+00
0.000000000000000000e+00
0.000000000000000000e+00
0.000000000000000000e+00
0.000000000000000000e+00
0.000000000000000000e+00
0.000000000000000000e+00
0.000000000000000000e+00
0.000000000000000000e+00
0.000000000000000000e+00
0.000000000000000000e+00
0.000000000000000000e+00
0.000000000000000000e+00
0.000000000000000000e+00
0.000000000000000000e+00
0.000000000000000000e+00
0.000000000000000000e+00
0.000000000000000000e+00
0.000000000000000000e+00
0.000000000000000000e+00
0.000000000000000000e+00
0.000000000000000000e+00
0.000000000000000000e+00
0.000000000000000000e+00
0.000000000000000000e+00
0.000000000000000000e+00
0.000000000000000000e+00
0.000000000000000000e+00
0.000000000000000000e+00
0.000000000000000000e+00
0.000000000000000000e+00
0.000000000000000000e+00
0.000000000000000000e+00
0.000000000000000000e+00
0.000000000000000000e+00
0.000000000000000000e+00
0.000000000000000000e+00
0.000000000000000000e+00
0.000000000000000000e+00
0.000000000000000000e+00
0.000000000000000000e+00
0.000000000000000000e+00
0.000000000000000000e+00
0.000000000000000000e+00
0.000000000000000000e+00
0.000000000000000000e+00
0.000000000000000000e+00
0.000000000000000000e+00
0.000000000000000000e+00
0.000000000000000000e+00
0.000000000000000000e+00
0.000000000000000000e+00
0.000000000000000000e+00
0.000000000000000000e+00
0.000000000000000000e+00
0.000000000000000000e+00
0.000000000000000000e+00
0.000000000000000000e+00
0.000000000000000000e+00
0.000000000000000000e+00
0.000000000000000000e+00
0.000000000000000000e+00
0.000000000000000000e+00
0.000000000000000000e+00
0.000000000000000000e+00
0.000000000000000000e+00
0.000000000000000000e+00
0.000000000000000000e+00
0.000000000000000000e+00
0.000000000000000000e+00
0.000000000000000000e+00
0.000000000000000000e+00
0.000000000000000000e+00
0.000000000000000000e+00
0.000000000000000000e+00
0.000000000000000000e+00
0.000000000000000000e+00
0.000000000000000000e+00
0.000000000000000000e+00
0.000000000000000000e+00
0.000000000000000000e+00
0.000000000000000000e+00
0.000000000000000000e+00
0.000000000000000000e+00
