# te
2.926081657409667969e+00
3.721704483032226562e+00
3.898964166641235352e+00
3.691596269607543945e+00
3.290465593338012695e+00
2.820331573486328125e+00
2.361241579055786133e+00
1.954036116600036621e+00
1.621182680130004883e+00
1.373572826385498047e+00
1.216438531875610352e+00
1.138974905014038086e+00
1.120903015136718750e+00
1.144791007041931152e+00
1.199981689453125000e+00
1.273020148277282715e+00
1.351680040359497070e+00
1.428697943687438965e+00
1.495255112648010254e+00
1.553122162818908691e+00
1.603019356727600098e+00
1.647971034049987793e+00
1.691866040229797363e+00
1.731497645378112793e+00
1.772579550743103027e+00
1.817078709602355957e+00
1.860357761383056641e+00
1.906614542007446289e+00
1.946830987930297852e+00
1.988091349601745605e+00
2.021459817886352539e+00
2.043122053146362305e+00
2.055056333541870117e+00
2.050614118576049805e+00
2.039629459381103516e+00
2.015613794326782227e+00
1.978506684303283691e+00
1.929337382316589355e+00
1.868237257003784180e+00
1.796063184738159180e+00
1.716347455978393555e+00
1.631935954093933105e+00
1.539729475975036621e+00
1.435960054397583008e+00
1.318948149681091309e+00
1.186896800994873047e+00
1.040215969085693359e+00
8.799105882644653320e-01
7.073863744735717773e-01
5.237918496131896973e-01
3.291395306587219238e-01
1.230983808636665344e-01
-9.484560042619705200e-02
-3.254858255386352539e-01
-5.705902576446533203e-01
-8.315424919128417969e-01
-1.107236862182617188e+00
-1.396121978759765625e+00
-1.697166800498962402e+00
-2.009915113449096680e+00
-2.334726572036743164e+00
-2.672238588333129883e+00
-3.023162603378295898e+00
-3.388135910034179688e+00
-3.767426967620849609e+00
-4.160201072692871094e+00
-4.565328121185302734e+00
-4.981753826141357422e+00
-5.408719062805175781e+00
-5.845931053161621094e+00
-6.293987751007080078e+00
-6.753430366516113281e+00
-7.223910808563232422e+00
-7.705821037292480469e+00
-8.198016166687011719e+00
-8.698921203613281250e+00
-9.210542678833007812e+00
-9.731178283691406250e+00
-1.026135349273681641e+01
-1.080163574218750000e+01
-1.135129165649414062e+01
-1.191037273406982422e+01
-1.247670364379882812e+01
-1.305033493041992188e+01
-1.363128566741943359e+01
-1.421794891357421875e+01
-1.480942726135253906e+01
-1.540630722045898438e+01
-1.600694656372070312e+01
-1.661196327209472656e+01
-1.722059440612792969e+01
-1.783285140991210938e+01
-1.844874763488769531e+01
-1.906681060791015625e+01
-1.968853569030761719e+01
-2.031096267700195312e+01
-2.093558692932128906e+01
-2.156168174743652344e+01
-2.218702507019042969e+01
-2.281311798095703125e+01
-2.343773841857910156e+01
-2.406164741516113281e+01
-2.468336486816406250e+01
-2.530290412902832031e+01
-2.591953468322753906e+01
-2.653252410888671875e+01
-2.714188385009765625e+01
-2.774613761901855469e+01
-2.834530448913574219e+01
-2.893863677978515625e+01
-2.952613449096679688e+01
-3.010702705383300781e+01
-3.068056488037109375e+01
-3.124598312377929688e+01
-3.180327033996582031e+01
-3.235166168212890625e+01
-3.289114761352539062e+01
-3.342021942138671875e+01
-3.393886184692382812e+01
-3.444631576538085938e+01
-3.494182968139648438e+01
-3.542612457275390625e+01
-3.589694976806640625e+01
-3.635429382324218750e+01
-3.679814529418945312e+01
-3.722848129272460938e+01
-3.764305877685546875e+01
-3.804260635375976562e+01
-3.842562103271484375e+01
-3.879283142089843750e+01
-3.914276885986328125e+01
-3.947619247436523438e+01
-3.979089736938476562e+01
-4.008764266967773438e+01
-4.036495208740234375e+01
-4.062360382080078125e+01
-4.086211776733398438e+01
-4.108051300048828125e+01
-4.127807617187500000e+01
-4.145481872558593750e+01
-4.161001586914062500e+01
-4.174294281005859375e+01
-4.185436248779296875e+01
-4.194281005859375000e+01
-4.200755691528320312e+01
-4.204937362670898438e+01
-4.206752395629882812e+01
-4.206203460693359375e+01
-4.203143310546875000e+01
-4.197649002075195312e+01
-4.189723205566406250e+01
-4.179220581054687500e+01
-4.166218566894531250e+01
-4.150720977783203125e+01
-4.132656478881835938e+01
-4.112102127075195312e+01
-4.088912963867187500e+01
-4.063166809082031250e+01
-4.034792327880859375e+01
-4.003867340087890625e+01
-3.970320510864257812e+01
-3.934080886840820312e+01
-3.895226287841796875e+01
-3.853685379028320312e+01
-3.809461212158203125e+01
-3.762632369995117188e+01
-3.713052368164062500e+01
-3.660799026489257812e+01
-3.605876159667968750e+01
-3.548212051391601562e+01
-3.487810516357421875e+01
-3.424748992919921875e+01
-3.359030532836914062e+01
-3.290584182739257812e+01
-3.219413757324218750e+01
-3.145600509643554688e+01
-3.069076538085937500e+01
-2.989923858642578125e+01
-2.908074569702148438e+01
-2.823684692382812500e+01
-2.736613082885742188e+01
-2.647014808654785156e+01
-2.554822921752929688e+01
-2.460119056701660156e+01
-2.362909889221191406e+01
-2.263202667236328125e+01
-2.161078643798828125e+01
-2.056545257568359375e+01
-1.949609184265136719e+01
-1.840277862548828125e+01
-1.728632545471191406e+01
-1.614754486083984375e+01
-1.498576641082763672e+01
-1.380254650115966797e+01
-1.259721183776855469e+01
-1.137132072448730469e+01
-1.012420082092285156e+01
-8.856665611267089844e+00
-7.569528579711914062e+00
-6.262858390808105469e+00
-4.937450885772705078e+00
-3.592612981796264648e+00
-2.230624437332153320e+00
-8.508661985397338867e-01
5.461657047271728516e-01
1.959826827049255371e+00
3.389546632766723633e+00
4.834829330444335938e+00
6.295016288757324219e+00
7.769505977630615234e+00
9.257684707641601562e+00
1.075907230377197266e+01
1.227294826507568359e+01
1.379829597473144531e+01
1.533543872833251953e+01
1.688313674926757812e+01
1.844059753417968750e+01
2.000776863098144531e+01
2.158311653137207031e+01
2.316658973693847656e+01
2.475739479064941406e+01
2.635474014282226562e+01
2.795783233642578125e+01
2.956661987304687500e+01
3.117956924438476562e+01
3.279662704467773438e+01
3.441625595092773438e+01
3.603766632080078125e+01
3.766155242919921875e+01
3.928562927246093750e+01
4.091059494018554688e+01
4.253416824340820312e+01
4.415629959106445312e+01
4.577619552612304688e+01
4.739306259155273438e+01
4.900611114501953125e+01
5.061454010009765625e+01
5.221830368041992188e+01
5.381512069702148438e+01
5.540569686889648438e+01
5.698773193359375000e+01
5.856192779541015625e+01
6.012675476074218750e+01
6.168141937255859375e+01
6.322511672973632812e+01
6.475779724121093750e+01
6.627794647216796875e+01
6.778474426269531250e+01
6.927741241455078125e+01
7.075592041015625000e+01
7.221879577636718750e+01
7.366535949707031250e+01
7.509490203857421875e+01
7.650672912597656250e+01
7.790312194824218750e+01
7.927594757080078125e+01
8.062971496582031250e+01
8.196447753906250000e+01
8.328026580810546875e+01
8.456970214843750000e+01
8.584026336669921875e+01
8.709200286865234375e+01
8.831752777099609375e+01
8.951689147949218750e+01
9.069755554199218750e+01
9.184472656250000000e+01
9.297329711914062500e+01
9.407588958740234375e+01
9.515254974365234375e+01
9.619589996337890625e+01
9.721340179443359375e+01
9.820510864257812500e+01
9.916364288330078125e+01
1.000964736938476562e+02
1.009962081909179688e+02
1.018703536987304688e+02
1.027040634155273438e+02
1.035122604370117188e+02
1.042949905395507812e+02
1.050374298095703125e+02
1.057470703125000000e+02
1.064239501953125000e+02
1.070681152343750000e+02
1.076796188354492188e+02
1.082510604858398438e+02
1.087899322509765625e+02
1.092962722778320312e+02
1.097701416015625000e+02
1.102041397094726562e+02
1.105983047485351562e+02
1.109601364135742188e+02
1.112822570800781250e+02
1.115721054077148438e+02
1.118149108886718750e+02
1.120255432128906250e+02
1.122040710449218750e+02
1.123356781005859375e+02
1.124278335571289062e+02
1.124805831909179688e+02
1.125014266967773438e+02
1.124756317138671875e+02
1.124181747436523438e+02
1.123143386840820312e+02
1.121791305541992188e+02
1.119978179931640625e+02
1.117779617309570312e+02
1.115271606445312500e+02
1.112306442260742188e+02
1.108960037231445312e+02
1.105233840942382812e+02
1.101128997802734375e+02
1.096572647094726562e+02
1.091714859008789062e+02
1.086408309936523438e+02
1.080728759765625000e+02
1.074677505493164062e+02
1.068255844116210938e+02
1.061465225219726562e+02
1.054306945800781250e+02
1.046708145141601562e+02
1.038818740844726562e+02
1.030565872192382812e+02
1.021876449584960938e+02
1.012900695800781250e+02
1.003491058349609375e+02
9.937234497070312500e+01
9.836734008789062500e+01
9.732681274414062500e+01
9.624344635009765625e+01
9.513225555419921875e+01
9.399337005615234375e+01
9.281206512451171875e+01
9.160334777832031250e+01
9.035991668701171875e+01
8.908190155029296875e+01
8.777687835693359375e+01
8.643755340576171875e+01
8.507149505615234375e+01
8.367883300781250000e+01
8.225227355957031250e+01
8.079938507080078125e+01
7.932031250000000000e+01
7.780774688720703125e+01
7.626926422119140625e+01
7.471244049072265625e+01
7.312253570556640625e+01
7.150712585449218750e+01
6.986633300781250000e+01
6.820774841308593750e+01
6.652404785156250000e+01
6.481532287597656250e+01
6.308906555175781250e+01
6.133792877197265625e+01
5.956939697265625000e+01
5.778356552124023438e+01
5.598048782348632812e+01
5.416023254394531250e+01
5.231545639038085938e+01
5.046107482910156250e+01
4.858676528930664062e+01
4.669779586791992188e+01
4.479424285888671875e+01
4.287765502929687500e+01
4.094810867309570312e+01
3.900642013549804688e+01
3.705339813232421875e+01
3.509060287475585938e+01
3.311735916137695312e+01
3.113671684265136719e+01
2.914725303649902344e+01
2.715127182006835938e+01
2.514884376525878906e+01
2.314078521728515625e+01
2.112864875793457031e+01
1.911250686645507812e+01
1.709391784667968750e+01
1.507221031188964844e+01
1.305042457580566406e+01
1.102714729309082031e+01
9.004679679870605469e+00
6.983833789825439453e+00
4.963938236236572266e+00
2.948036432266235352e+00
9.354559779167175293e-01
-1.072245717048645020e+00
-3.074254751205444336e+00
-5.069756984710693359e+00
-7.057938575744628906e+00
-9.037242889404296875e+00
-1.100759696960449219e+01
-1.296819019317626953e+01
-1.491746139526367188e+01
-1.685534286499023438e+01
-1.878027534484863281e+01
-2.069159507751464844e+01
-2.258848762512207031e+01
-2.447006416320800781e+01
-2.633560562133789062e+01
-2.818416213989257812e+01
-3.001500892639160156e+01
-3.182730484008789062e+01
-3.362055206298828125e+01
-3.539395904541015625e+01
-3.714710617065429688e+01
-3.887845611572265625e+01
-4.058884429931640625e+01
-4.227615356445312500e+01
-4.394046401977539062e+01
-4.558114624023437500e+01
-4.719680786132812500e+01
-4.878828811645507812e+01
-5.035420227050781250e+01
-5.189390182495117188e+01
-5.340674972534179688e+01
-5.489283752441406250e+01
-5.635152053833007812e+01
-5.778141021728515625e+01
-5.918261337280273438e+01
-6.055448150634765625e+01
-6.189636611938476562e+01
-6.320836639404296875e+01
-6.448835754394531250e+01
-6.573717498779296875e+01
-6.695417785644531250e+01
-6.813797760009765625e+01
-6.929015350341796875e+01
-7.040858459472656250e+01
-7.149410247802734375e+01
-7.254607391357421875e+01
-7.356384277343750000e+01
-7.454751586914062500e+01
-7.549569702148437500e+01
-7.640998077392578125e+01
-7.728823852539062500e+01
-7.813129425048828125e+01
-7.893777465820312500e+01
-7.970777130126953125e+01
-8.044139862060546875e+01
-8.113798522949218750e+01
-8.179765319824218750e+01
-8.241974639892578125e+01
-8.300436401367187500e+01
-8.355086517333984375e+01
-8.405934143066406250e+01
-8.452989959716796875e+01
-8.496263885498046875e+01
-8.535691070556640625e+01
-8.571280670166015625e+01
-8.602969360351562500e+01
-8.630842590332031250e+01
-8.654917907714843750e+01
-8.675140380859375000e+01
-8.691529846191406250e+01
-8.704253387451171875e+01
-8.712738037109375000e+01
-8.718041229248046875e+01
-8.718697357177734375e+01
-8.716211700439453125e+01
-8.709860992431640625e+01
-8.699663543701171875e+01
-8.685640716552734375e+01
-8.668553924560546875e+01
-8.646935272216796875e+01
-8.622292327880859375e+01
-8.593156433105468750e+01
-8.561035156250000000e+01
-8.525203704833984375e+01
-8.486424255371093750e+01
-8.443231964111328125e+01
-8.397129058837890625e+01
-8.347395324707031250e+01
-8.294790649414062500e+01
-8.238593292236328125e+01
-8.178821563720703125e+01
-8.116238403320312500e+01
-8.050863647460937500e+01
-7.981229400634765625e+01
-7.909584045410156250e+01
-7.834463500976562500e+01
-7.755883789062500000e+01
-7.674610137939453125e+01
-7.590808868408203125e+01
-7.503905487060546875e+01
-7.414217376708984375e+01
-7.321836853027343750e+01
-7.226784515380859375e+01
-7.129153442382812500e+01
-7.028963470458984375e+01
-6.926233673095703125e+01
-6.821206665039062500e+01
-6.713827514648437500e+01
-6.604188537597656250e+01
-6.492311859130859375e+01
-6.378364181518554688e+01
-6.262289810180664062e+01
-6.144332504272460938e+01
-6.024436569213867188e+01
-5.902621459960937500e+01
-5.779129028320312500e+01
-5.653903579711914062e+01
-5.527102279663085938e+01
-5.398731994628906250e+01
-5.268873214721679688e+01
-5.137682342529296875e+01
-5.005166244506835938e+01
-4.871331405639648438e+01
-4.736333847045898438e+01
-4.600328826904296875e+01
-4.463249588012695312e+01
-4.325176620483398438e+01
-4.186265563964843750e+01
-4.046598434448242188e+01
-3.906180953979492188e+01
-3.765095520019531250e+01
-3.623422622680664062e+01
-3.481317901611328125e+01
-3.338788604736328125e+01
-3.195915985107421875e+01
-3.052781105041503906e+01
-2.909539413452148438e+01
-2.766123962402343750e+01
-2.622764205932617188e+01
-2.479467010498046875e+01
-2.336239814758300781e+01
-2.193312072753906250e+01
-2.050690841674804688e+01
-1.908457374572753906e+01
-1.766692924499511719e+01
-1.625478935241699219e+01
-1.484896183013916016e+01
-1.345026302337646484e+01
-1.206024646759033203e+01
-1.067898273468017578e+01
-9.307284355163574219e+00
-7.946706295013427734e+00
-6.597317695617675781e+00
-5.260674953460693359e+00
-3.936846733093261719e+00
-2.627389192581176758e+00
-1.332371354103088379e+00
-5.334879085421562195e-02
1.209609031677246094e+00
2.455020666122436523e+00
3.682520151138305664e+00
4.891294002532958984e+00
6.080605030059814453e+00
7.249566078186035156e+00
8.397586822509765625e+00
9.523775100708007812e+00
1.062744903564453125e+01
1.170795536041259766e+01
1.276478004455566406e+01
1.379732704162597656e+01
1.480500221252441406e+01
1.578720855712890625e+01
1.674379539489746094e+01
1.767364692687988281e+01
1.857616996765136719e+01
1.945151138305664062e+01
2.029907226562500000e+01
2.111825752258300781e+01
2.190921974182128906e+01
2.266987037658691406e+01
2.340110397338867188e+01
2.410232353210449219e+01
2.477293395996093750e+01
2.541233634948730469e+01
2.602142715454101562e+01
2.659812164306640625e+01
2.714256286621093750e+01
2.765490722656250000e+01
2.813380622863769531e+01
2.858090209960937500e+01
2.899410629272460938e+01
2.937431144714355469e+01
2.972018051147460938e+01
3.003260040283203125e+01
3.031097984313964844e+01
3.055397987365722656e+01
3.076322937011718750e+01
3.093664932250976562e+01
3.107513046264648438e+01
3.117807769775390625e+01
3.124563789367675781e+01
3.127721214294433594e+01
3.127295494079589844e+01
3.123226165771484375e+01
3.115602684020996094e+01
3.104291534423828125e+01
3.089381408691406250e+01
3.070738601684570312e+01
3.048525810241699219e+01
3.022610282897949219e+01
2.993080139160156250e+01
2.959802055358886719e+01
2.922939109802246094e+01
2.882357215881347656e+01
2.838146018981933594e+01
2.790319824218750000e+01
2.738820266723632812e+01
2.683667564392089844e+01
2.624957656860351562e+01
2.562637519836425781e+01
2.496728706359863281e+01
2.427326583862304688e+01
2.354378700256347656e+01
2.277906036376953125e+01
2.198004722595214844e+01
2.114621543884277344e+01
2.027852439880371094e+01
1.937718772888183594e+01
1.844241905212402344e+01
1.747369003295898438e+01
1.647270011901855469e+01
1.543966388702392578e+01
1.437479591369628906e+01
1.327831077575683594e+01
1.215116500854492188e+01
1.099431514739990234e+01
9.806489944458007812e+00
8.589390754699707031e+00
7.343973159790039062e+00
6.069708824157714844e+00
4.766811370849609375e+00
3.436982393264770508e+00
2.080435276031494141e+00
6.973841786384582520e-01
-7.119566798210144043e-01
-2.146630048751831055e+00
-3.605678796768188477e+00
-5.088888168334960938e+00
-6.595301628112792969e+00
-8.124704360961914062e+00
-9.676139831542968750e+00
-1.124865150451660156e+01
-1.284276580810546875e+01
-1.445604133605957031e+01
-1.608945274353027344e+01
-1.774122238159179688e+01
-1.941099357604980469e+01
-2.109795379638671875e+01
-2.280129241943359375e+01
-2.452035331726074219e+01
-2.625424957275390625e+01
-2.800225257873535156e+01
-2.976354789733886719e+01
-3.153740501403808594e+01
-3.332294082641601562e+01
-3.511897277832031250e+01
-3.692546081542968750e+01
-3.874158859252929688e+01
-4.056581115722656250e+01
-4.239732742309570312e+01
-4.423683547973632812e+01
-4.608279037475585938e+01
-4.793439865112304688e+01
-4.979085922241210938e+01
-5.165138244628906250e+01
-5.351516342163085938e+01
-5.538214874267578125e+01
-5.725080871582031250e+01
-5.912108612060546875e+01
-6.099143218994140625e+01
-6.286180114746093750e+01
-6.473065185546875000e+01
-6.659718322753906250e+01
-6.846208953857421875e+01
-7.032309722900390625e+01
-7.217938995361328125e+01
-7.403092193603515625e+01
-7.587689971923828125e+01
-7.771578979492187500e+01
-7.954752349853515625e+01
-8.137131500244140625e+01
-8.318561553955078125e+01
-8.499037933349609375e+01
-8.678480529785156250e+01
-8.856735992431640625e+01
-9.033798980712890625e+01
-9.209439849853515625e+01
-9.383802795410156250e+01
-9.556585693359375000e+01
-9.727856445312500000e+01
-9.897462463378906250e+01
-1.006539611816406250e+02
-1.023158111572265625e+02
-1.039585952758789062e+02
-1.055822906494140625e+02
-1.071838607788085938e+02
-1.087692031860351562e+02
-1.103293228149414062e+02
-1.118716278076171875e+02
-1.133811798095703125e+02
-1.148727951049804688e+02
-1.163464355468750000e+02
-1.177871704101562500e+02
-1.192023773193359375e+02
-1.205919876098632812e+02
-1.219485473632812500e+02
-1.232868957519531250e+02
-1.245848541259765625e+02
-1.258649063110351562e+02
-1.271049346923828125e+02
-1.283199768066406250e+02
-1.295101928710937500e+02
-1.306609039306640625e+02
-1.317797241210937500e+02
-1.328742370605468750e+02
-1.339297637939453125e+02
-1.349539184570312500e+02
-1.359468536376953125e+02
-1.369013366699218750e+02
-1.378249664306640625e+02
-1.387179107666015625e+02
-1.395729217529296875e+02
-1.403901672363281250e+02
-1.411772308349609375e+02
-1.419268798828125000e+02
-1.426392974853515625e+02
-1.433146362304687500e+02
-1.439530792236328125e+02
-1.445547943115234375e+02
-1.451273956298828125e+02
-1.456562042236328125e+02
-1.461487884521484375e+02
-1.465979309082031250e+02
-1.470186309814453125e+02
-1.473962402343750000e+02
-1.477383422851562500e+02
-1.480376739501953125e+02
-1.483018493652343750e+02
-1.485310516357421875e+02
-1.487105712890625000e+02
-1.488628845214843750e+02
-1.489658660888671875e+02
-1.490345764160156250e+02
-1.490691680908203125e+02
-1.490549621582031250e+02
-1.490069885253906250e+02
-1.489179840087890625e+02
-1.487881317138671875e+02
-1.486176147460937500e+02
-1.484065704345703125e+02
-1.481626586914062500e+02
-1.478711547851562500e+02
-1.475470886230468750e+02
-1.471757965087890625e+02
-1.467723083496093750e+02
-1.463293457031250000e+02
-1.458471221923828125e+02
-1.453184051513671875e+02
-1.447582702636718750e+02
-1.441595306396484375e+02
-1.435223693847656250e+02
-1.428470458984375000e+02
-1.421337738037109375e+02
-1.413827667236328125e+02
-1.405942535400390625e+02
-1.397758636474609375e+02
-1.389129943847656250e+02
-1.380207061767578125e+02
-1.370917968750000000e+02
-1.361264801025390625e+02
-1.351249847412109375e+02
-1.340875396728515625e+02
-1.330143432617187500e+02
-1.319056549072265625e+02
-1.307690734863281250e+02
-1.295974426269531250e+02
-1.283909606933593750e+02
-1.271498336791992188e+02
-1.258817443847656250e+02
-1.245794677734375000e+02
-1.232506637573242188e+02
-1.218955459594726562e+02
-1.205069122314453125e+02
-1.190849761962890625e+02
-1.176448287963867188e+02
-1.161718292236328125e+02
-1.146736221313476562e+02
-1.131504287719726562e+02
-1.116024932861328125e+02
-1.100300064086914062e+02
-1.084332122802734375e+02
-1.068048934936523438e+02
-1.051601333618164062e+02
-1.034917221069335938e+02
-1.017998886108398438e+02
-1.000848464965820312e+02
-9.834681701660156250e+01
-9.659345245361328125e+01
-9.481755065917968750e+01
-9.302675628662109375e+01
-9.122130584716796875e+01
-8.940139770507812500e+01
-8.755984497070312500e+01
-8.571171569824218750e+01
-8.384980773925781250e+01
-8.196691131591796875e+01
-8.007808685302734375e+01
-7.817597198486328125e+01
-7.626064300537109375e+01
-7.433214569091796875e+01
-7.239796447753906250e+01
-7.045072937011718750e+01
-6.849793243408203125e+01
-6.653219604492187500e+01
-6.456843566894531250e+01
-6.259184646606445312e+01
-6.060992050170898438e+01
-5.862196731567382812e+01
-5.663176345825195312e+01
-5.463935852050781250e+01
-5.264406967163085938e+01
-5.064892578125000000e+01
-4.865250015258789062e+01
-4.665633010864257812e+01
-4.466047668457031250e+01
-4.266499710083007812e+01
-4.067142868041992188e+01
-3.867908859252929688e+01
-3.668877410888671875e+01
-3.470129013061523438e+01
-3.271891784667968750e+01
-3.074171638488769531e+01
-2.877122688293457031e+01
-2.680824851989746094e+01
-2.485507011413574219e+01
-2.291174507141113281e+01
-2.097907447814941406e+01
-1.905785751342773438e+01
-1.714740943908691406e+01
-1.524927330017089844e+01
-1.336275959014892578e+01
-1.148941230773925781e+01
-9.629288673400878906e+00
-7.783188343048095703e+00
-5.951910495758056641e+00
-4.136998176574707031e+00
-2.339251279830932617e+00
-5.594690442085266113e-01
1.200805306434631348e+00
2.941515207290649414e+00
4.661117553710937500e+00
6.358813762664794922e+00
8.035288810729980469e+00
9.688333511352539062e+00
1.131840801239013672e+01
1.292449188232421875e+01
1.450612545013427734e+01
1.606291389465332031e+01
1.759454917907714844e+01
1.910076904296875000e+01
2.058120536804199219e+01
2.203553962707519531e+01
2.346337127685546875e+01
2.486452865600585938e+01
2.623913574218750000e+01
2.758441543579101562e+01
2.890205574035644531e+01
3.019002532958984375e+01
3.144777679443359375e+01
3.267550659179687500e+01
3.387118530273437500e+01
3.503650283813476562e+01
3.617015838623046875e+01
3.727236175537109375e+01
3.834405136108398438e+01
3.938393020629882812e+01
4.039294815063476562e+01
4.137055969238281250e+01
4.231696319580078125e+01
4.323086547851562500e+01
4.411321258544921875e+01
4.496271133422851562e+01
4.577956390380859375e+01
4.656248092651367188e+01
4.731240081787109375e+01
4.802804565429687500e+01
4.870959854125976562e+01
4.935578155517578125e+01
4.996753311157226562e+01
5.054430389404296875e+01
5.108555221557617188e+01
5.159074020385742188e+01
5.206079483032226562e+01
5.249518203735351562e+01
5.289409255981445312e+01
5.325698852539062500e+01
5.358554840087890625e+01
5.387848281860351562e+01
5.413674163818359375e+01
5.435977172851562500e+01
5.454851531982421875e+01
5.470168304443359375e+01
5.482022094726562500e+01
5.490432739257812500e+01
5.495344924926757812e+01
5.496779251098632812e+01
5.494755172729492188e+01
5.489295196533203125e+01
5.480346298217773438e+01
5.467931365966796875e+01
5.452145004272460938e+01
5.432862091064453125e+01
5.410178756713867188e+01
5.384116363525390625e+01
5.354697418212890625e+01
5.321944046020507812e+01
5.285877990722656250e+01
5.246520996093750000e+01
5.203821182250976562e+01
5.157948684692382812e+01
5.108852005004882812e+01
5.056552505493164062e+01
5.001146697998046875e+01
4.942581939697265625e+01
4.880955123901367188e+01
4.816213989257812500e+01
4.748528289794921875e+01
4.677846527099609375e+01
4.604264450073242188e+01
4.527804565429687500e+01
4.448488616943359375e+01
4.366412734985351562e+01
4.281673812866210938e+01
4.194219207763671875e+01
4.104145050048828125e+01
4.011473083496093750e+01
3.916300582885742188e+01
3.818648910522460938e+01
3.718614196777343750e+01
3.616144943237304688e+01
3.511336517333984375e+01
3.404211425781250000e+01
3.294865798950195312e+01
3.183395957946777344e+01
3.069749832153320312e+01
2.954097747802734375e+01
2.836387634277343750e+01
2.716716003417968750e+01
2.595178413391113281e+01
2.471797561645507812e+01
2.346743583679199219e+01
2.219890213012695312e+01
2.091482353210449219e+01
1.961467552185058594e+01
1.830016517639160156e+01
1.697076797485351562e+01
1.562741756439208984e+01
1.427165794372558594e+01
1.290277194976806641e+01
1.152227497100830078e+01
1.012944984436035156e+01
8.725068092346191406e+00
7.310641288757324219e+00
5.886198043823242188e+00
4.451764583587646484e+00
3.009597778320312500e+00
1.558238744735717773e+00
1.006867438554763794e-01
-1.364517211914062500e+00
-2.835859775543212891e+00
-4.313313961029052734e+00
-5.795365810394287109e+00
-7.281989097595214844e+00
-8.773155212402343750e+00
-1.026735305786132812e+01
-1.176455307006835938e+01
-1.326398658752441406e+01
-1.476488304138183594e+01
-1.626647186279296875e+01
-1.776946830749511719e+01
-1.927161788940429688e+01
-2.077289199829101562e+01
-2.227252197265625000e+01
-2.376973533630371094e+01
-2.526450538635253906e+01
-2.675606155395507812e+01
-2.824400711059570312e+01
-2.972712516784667969e+01
-3.120516777038574219e+01
-3.267750930786132812e+01
-3.414354324340820312e+01
-3.560274887084960938e+01
-3.705470657348632812e+01
-3.849870681762695312e+01
-3.993426132202148438e+01
-4.136083602905273438e+01
-4.277766036987304688e+01
-4.418470001220703125e+01
-4.558074188232421875e+01
-4.696501922607421875e+01
-4.833750152587890625e+01
-4.969667434692382812e+01
-5.104325866699218750e+01
-5.237499237060546875e+01
-5.369184875488281250e+01
-5.499380493164062500e+01
-5.627863311767578125e+01
-5.754721069335937500e+01
-5.879820632934570312e+01
-6.003104019165039062e+01
-6.124514007568359375e+01
-6.244139480590820312e+01
-6.361849594116210938e+01
-6.477659606933593750e+01
-6.591512298583984375e+01
-6.703496551513671875e+01
-6.813481903076171875e+01
-6.921556854248046875e+01
-7.027590942382812500e+01
-7.131672668457031250e+01
-7.233670806884765625e+01
-7.333602142333984375e+01
-7.431407165527343750e+01
-7.527102661132812500e+01
-7.620630645751953125e+01
-7.711932373046875000e+01
-7.800951385498046875e+01
-7.887701416015625000e+01
-7.971977233886718750e+01
-8.053869628906250000e+01
-8.133245086669921875e+01
-8.210121154785156250e+01
-8.284364318847656250e+01
-8.356139373779296875e+01
-8.425463104248046875e+01
-8.492276000976562500e+01
-8.556671142578125000e+01
-8.618662261962890625e+01
-8.678192138671875000e+01
-8.735276794433593750e+01
-8.789933013916015625e+01
-8.842028808593750000e+01
-8.891503906250000000e+01
-8.938301849365234375e+01
-8.982512664794921875e+01
-9.023930358886718750e+01
-9.062569427490234375e+01
-9.098522186279296875e+01
-9.131803894042968750e+01
-9.162356567382812500e+01
-9.190196228027343750e+01
-9.215413665771484375e+01
-9.237653350830078125e+01
-9.258045959472656250e+01
-9.275196075439453125e+01
-9.289120483398437500e+01
-9.301320648193359375e+01
-9.310331726074218750e+01
-9.316915893554687500e+01
-9.321093750000000000e+01
-9.322142028808593750e+01
-9.320825195312500000e+01
-9.317162322998046875e+01
-9.310431671142578125e+01
-9.301395416259765625e+01
-9.289331817626953125e+01
-9.275003814697265625e+01
-9.258431243896484375e+01
-9.238891601562500000e+01
-9.217148590087890625e+01
-9.193222045898437500e+01
-9.166390228271484375e+01
-9.136671447753906250e+01
-9.104830169677734375e+01
-9.070886230468750000e+01
-9.034861755371093750e+01
-8.996031188964843750e+01
-8.955158996582031250e+01
-8.911522674560546875e+01
-8.865885925292968750e+01
-8.818267059326171875e+01
-8.767946624755859375e+01
-8.716426849365234375e+01
-8.661502838134765625e+01
-8.605421447753906250e+01
-8.547460937500000000e+01
-8.486898040771484375e+01
-8.424496459960937500e+01
-8.360276031494140625e+01
-8.294257354736328125e+01
-8.225717926025390625e+01
-8.156163787841796875e+01
-8.084128570556640625e+01
-8.011119079589843750e+01
-7.935669708251953125e+01
-7.859286499023437500e+01
-7.780503845214843750e+01
-7.700828552246093750e+01
-7.618794250488281250e+01
-7.535906982421875000e+01
-7.452186584472656250e+01
-7.366168975830078125e+01
-7.279359436035156250e+01
-7.191035461425781250e+01
-7.101959991455078125e+01
-7.011410522460937500e+01
-6.919405364990234375e+01
-6.826691436767578125e+01
-6.732976531982421875e+01
-6.638188934326171875e+01
-6.542555236816406250e+01
-6.445930480957031250e+01
-6.348465728759765625e+01
-6.250164794921875000e+01
-6.151104736328125000e+01
-6.051288223266601562e+01
-5.950720596313476562e+01
-5.849552154541015625e+01
-5.747786331176757812e+01
-5.645427322387695312e+01
-5.542551422119140625e+01
-5.439236831665039062e+01
-5.335486984252929688e+01
-5.231304550170898438e+01
-5.126768112182617188e+01
-5.021953964233398438e+01
-4.916866302490234375e+01
-4.811582946777343750e+01
-4.706180191040039062e+01
-4.600588226318359375e+01
-4.494958877563476562e+01
-4.389294052124023438e+01
-4.283598709106445312e+01
-4.178098297119140625e+01
-4.072647476196289062e+01
-3.967398071289062500e+01
-3.862427902221679688e+01
-3.757740020751953125e+01
-3.653338241577148438e+01
-3.549298858642578125e+01
-3.445700836181640625e+01
-3.342620849609375000e+01
-3.239988327026367188e+01
-3.137955284118652344e+01
-3.036524391174316406e+01
-2.935773658752441406e+01
-2.835706329345703125e+01
-2.736400032043457031e+01
-2.637932014465332031e+01
-2.540305900573730469e+01
-2.443599128723144531e+01
-2.347815132141113281e+01
-2.253031158447265625e+01
-2.159324836730957031e+01
-2.066699790954589844e+01
-1.975233268737792969e+01
-1.884925651550292969e+01
-1.795838928222656250e+01
-1.708032417297363281e+01
-1.621490859985351562e+01
-1.536198806762695312e+01
-1.452290153503417969e+01
-1.369675064086914062e+01
-1.288486957550048828e+01
-1.208710670471191406e+01
-1.130331230163574219e+01
-1.053481769561767578e+01
-9.780728340148925781e+00
-9.041636466979980469e+00
-8.318132400512695312e+00
-7.610064983367919922e+00
-6.917280197143554688e+00
-6.241114616394042969e+00
-5.580672264099121094e+00
-4.937286853790283203e+00
-4.310063362121582031e+00
-3.699593782424926758e+00
-3.106468439102172852e+00
-2.529792308807373047e+00
-1.970900297164916992e+00
-1.429639458656311035e+00
-9.063784480094909668e-01
-4.007424116134643555e-01
8.682631701231002808e-02
5.562567114830017090e-01
1.007329344749450684e+00
1.439898729324340820e+00
1.853894114494323730e+00
2.249095916748046875e+00
2.625432968139648438e+00
2.982789993286132812e+00
3.321022033691406250e+00
3.640027761459350586e+00
3.939677238464355469e+00
4.219958305358886719e+00
4.480801105499267578e+00
4.722208023071289062e+00
4.943960189819335938e+00
5.146135330200195312e+00
5.328587532043457031e+00
5.491394519805908203e+00
5.634411811828613281e+00
5.757716178894042969e+00
5.861311912536621094e+00
5.944755554199218750e+00
6.009165763854980469e+00
6.053211688995361328e+00
6.077803134918212891e+00
6.082367897033691406e+00
6.067820072174072266e+00
6.033586502075195312e+00
5.979838371276855469e+00
5.906745910644531250e+00
5.814479827880859375e+00
5.703210830688476562e+00
5.572366237640380859e+00
5.422859191894531250e+00
5.254861354827880859e+00
5.068543434143066406e+00
4.863331317901611328e+00
4.639397621154785156e+00
4.397654056549072266e+00
4.137529373168945312e+00
3.859937667846679688e+00
3.565048694610595703e+00
3.252289772033691406e+00
2.921831846237182617e+00
2.574588775634765625e+00
2.210731029510498047e+00
1.829686045646667480e+00
1.432367563247680664e+00
1.018946290016174316e+00
5.895925760269165039e-01
1.452202349901199341e-01
-3.154862523078918457e-01
-7.908701300621032715e-01
-1.280760884284973145e+00
-1.784987807273864746e+00
-2.304123401641845703e+00
-2.836511135101318359e+00
-3.382723331451416016e+00
-3.942588806152343750e+00
-4.515195369720458984e+00
-5.101113796234130859e+00
-5.699431419372558594e+00
-6.309233665466308594e+00
-6.931094646453857422e+00
-7.564099311828613281e+00
-8.208077430725097656e+00
-8.862857818603515625e+00
-9.528270721435546875e+00
-1.020265960693359375e+01
-1.088733959197998047e+01
-1.158139610290527344e+01
-1.228384208679199219e+01
-1.299487876892089844e+01
-1.371391296386718750e+01
-1.444067382812500000e+01
-1.517483615875244141e+01
-1.591600513458251953e+01
-1.666407775878906250e+01
-1.741851234436035156e+01
-1.817920684814453125e+01
-1.894576263427734375e+01
-1.971785926818847656e+01
-2.049517440795898438e+01
-2.127745819091796875e+01
-2.206439590454101562e+01
-2.285564231872558594e+01
-2.365089607238769531e+01
-2.444982910156250000e+01
-2.525211715698242188e+01
-2.605728912353515625e+01
-2.686516952514648438e+01
-2.767521667480468750e+01
-2.848724937438964844e+01
-2.930087852478027344e+01
-3.011570167541503906e+01
-3.093139648437500000e+01
-3.174771881103515625e+01
-3.256404113769531250e+01
-3.337968063354492188e+01
-3.419534301757812500e+01
-3.500952148437500000e+01
-3.582293319702148438e+01
-3.663481140136718750e+01
-3.744364166259765625e+01
-3.825088882446289062e+01
-3.905503082275390625e+01
-3.985605621337890625e+01
-4.065392684936523438e+01
-4.144788742065429688e+01
-4.223715591430664062e+01
-4.302171707153320312e+01
-4.380079650878906250e+01
-4.457510757446289062e+01
-4.534389495849609375e+01
-4.610563278198242188e+01
-4.686104965209960938e+01
-4.760937118530273438e+01
-4.835057067871093750e+01
-4.908388519287109375e+01
-4.980928421020507812e+01
-5.052599716186523438e+01
-5.123474884033203125e+01
-5.193328094482421875e+01
-5.262308120727539062e+01
-5.330201721191406250e+01
-5.397171020507812500e+01
-5.463153839111328125e+01
-5.528089141845703125e+01
-5.591915893554687500e+01
-5.654645538330078125e+01
-5.716365814208984375e+01
-5.776867675781250000e+01
-5.836310577392578125e+01
-5.894560241699218750e+01
-5.951628875732421875e+01
-6.007529067993164062e+01
-6.062125778198242188e+01
-6.115579986572265625e+01
-6.167755126953125000e+01
-6.218665313720703125e+01
-6.268247604370117188e+01
-6.316590118408203125e+01
-6.363557815551757812e+01
-6.409162139892578125e+01
-6.453415679931640625e+01
-6.496331787109375000e+01
-6.537924194335937500e+01
-6.578054809570312500e+01
-6.616738891601562500e+01
-6.654061889648437500e+01
-6.689888763427734375e+01
-6.724307250976562500e+01
-6.757328033447265625e+01
-6.788742828369140625e+01
-6.818786621093750000e+01
-6.847324371337890625e+01
-6.874293518066406250e+01
-6.899781036376953125e+01
-6.923727416992187500e+01
-6.946142578125000000e+01
-6.967041778564453125e+01
-6.986362457275390625e+01
-7.004191589355468750e+01
-7.020393371582031250e+01
-7.035055541992187500e+01
-7.048115539550781250e+01
-7.059661865234375000e+01
-7.069557952880859375e+01
-7.077890014648437500e+01
-7.084597778320312500e+01
-7.089768218994140625e+01
-7.093265533447265625e+01
-7.095175933837890625e+01
-7.095513153076171875e+01
-7.094291687011718750e+01
-7.091452026367187500e+01
-7.087081909179687500e+01
-7.081049346923828125e+01
-7.073515319824218750e+01
-7.064421081542968750e+01
-7.053781127929687500e+01
-7.041535949707031250e+01
-7.027774047851562500e+01
-7.012510681152343750e+01
-6.995610809326171875e+01
-6.977313232421875000e+01
-6.957482910156250000e+01
-6.936060333251953125e+01
-6.913282775878906250e+01
-6.888943481445312500e+01
-6.863202667236328125e+01
-6.835929107666015625e+01
-6.807284545898437500e+01
-6.777210235595703125e+01
-6.745719146728515625e+01
-6.712902069091796875e+01
-6.678623199462890625e+01
-6.643048095703125000e+01
-6.606114196777343750e+01
-6.567912292480468750e+01
-6.528382110595703125e+01
-6.487538146972656250e+01
-6.445469665527343750e+01
-6.402117156982421875e+01
-6.357493591308593750e+01
-6.311690521240234375e+01
-6.264719772338867188e+01
-6.216598129272460938e+01
-6.167338943481445312e+01
-6.116956710815429688e+01
-6.065466308593750000e+01
-6.012957382202148438e+01
-5.959444046020507812e+01
-5.904865646362304688e+01
-5.849312591552734375e+01
-5.792872238159179688e+01
-5.735486221313476562e+01
-5.677168655395507812e+01
-5.618007659912109375e+01
-5.558019256591796875e+01
-5.497142791748046875e+01
-5.435541534423828125e+01
-5.373156356811523438e+01
-5.310073089599609375e+01
-5.246297073364257812e+01
-5.181830215454101562e+01
-5.116675567626953125e+01
-5.050909423828125000e+01
-4.984534454345703125e+01
-4.917552947998046875e+01
-4.850041961669921875e+01
-4.781929397583007812e+01
-4.713292312622070312e+01
-4.644132614135742188e+01
-4.574453353881835938e+01
-4.504405212402343750e+01
-4.433842468261718750e+01
-4.362915420532226562e+01
-4.291627502441406250e+01
-4.219980621337890625e+01
-4.147977066040039062e+01
-4.075694274902343750e+01
-4.003134155273437500e+01
-3.930373382568359375e+01
-3.857340621948242188e+01
-3.784112167358398438e+01
-3.710765075683593750e+01
-3.637301635742187500e+01
-3.563650131225585938e+01
-3.489962005615234375e+01
-3.416238784790039062e+01
-3.342409515380859375e+01
-3.268698883056640625e+01
-3.194960975646972656e+01
-3.121273040771484375e+01
-3.047636985778808594e+01
-2.974204063415527344e+01
-2.900827980041503906e+01
-2.827734756469726562e+01
-2.754776954650878906e+01
-2.682107162475585938e+01
-2.609652328491210938e+01
-2.537489891052246094e+01
-2.465696334838867188e+01
-2.394274330139160156e+01
-2.323151779174804688e+01
-2.252480125427246094e+01
-2.182261276245117188e+01
-2.112498283386230469e+01
-2.043267440795898438e+01
-1.974571609497070312e+01
-1.906412887573242188e+01
-1.838794136047363281e+01
-1.771863746643066406e+01
-1.705613899230957031e+01
-1.639959907531738281e+01
-1.574965476989746094e+01
-1.510694503784179688e+01
-1.447210788726806641e+01
-1.384355735778808594e+01
-1.322267150878906250e+01
-1.260934829711914062e+01
-1.200348186492919922e+01
-1.140571403503417969e+01
-1.081593894958496094e+01
-1.023479557037353516e+01
-9.661437988281250000e+00
-9.096504211425781250e+00
-8.539889335632324219e+00
-7.992977142333984375e+00
-7.454176902770996094e+00
-6.924870967864990234e+00
-6.404211044311523438e+00
-5.893580913543701172e+00
-5.392132282257080078e+00
-4.900504589080810547e+00
-4.417850971221923828e+00
-3.945553302764892578e+00
-3.483507633209228516e+00
-3.030866384506225586e+00
-2.589012384414672852e+00
-2.157098054885864258e+00
-1.735762715339660645e+00
-1.324901938438415527e+00
-9.246349930763244629e-01
-5.352290868759155273e-01
-1.566547304391860962e-01
2.110436558723449707e-01
5.677471160888671875e-01
9.133368134498596191e-01
1.247768044471740723e+00
1.570922136306762695e+00
1.882754325866699219e+00
2.183145761489868164e+00
2.472126483917236328e+00
2.749577045440673828e+00
3.015386581420898438e+00
3.269554376602172852e+00
3.512006998062133789e+00
3.742743968963623047e+00
3.961653709411621094e+00
4.168766021728515625e+00
4.364037036895751953e+00
4.547498226165771484e+00
4.718969821929931641e+00
4.878572463989257812e+00
5.026351928710937500e+00
5.162204265594482422e+00
5.286251068115234375e+00
5.398388862609863281e+00
5.498662948608398438e+00
5.587193965911865234e+00
5.663878440856933594e+00
5.728911399841308594e+00
5.782189846038818359e+00
5.823611259460449219e+00
5.854260921478271484e+00
5.872995853424072266e+00
5.879937171936035156e+00
5.875946521759033203e+00
5.861145019531250000e+00
5.834165573120117188e+00
5.796615600585937500e+00
5.748614311218261719e+00
5.688796520233154297e+00
5.618767738342285156e+00
5.537161827087402344e+00
5.445585250854492188e+00
5.343415260314941406e+00
5.230028152465820312e+00
5.107030868530273438e+00
4.973800182342529297e+00
4.830456256866455078e+00
4.677118778228759766e+00
4.513907909393310547e+00
4.341687679290771484e+00
4.159090995788574219e+00
3.967724084854125977e+00
3.766964435577392578e+00
3.556932210922241211e+00
3.338490247726440430e+00
3.111015558242797852e+00
2.874628067016601562e+00
2.630191326141357422e+00
2.377825260162353516e+00
2.116906881332397461e+00
1.848299145698547363e+00
1.571379303932189941e+00
1.287010431289672852e+00
9.960558414459228516e-01
6.978921890258789062e-01
3.926398754119873047e-01
8.041878044605255127e-02
-2.379234731197357178e-01
-5.623451471328735352e-01
-8.928201198577880859e-01
-1.230065345764160156e+00
-1.572568655014038086e+00
-1.921046972274780273e+00
-2.274730682373046875e+00
-2.634337425231933594e+00
-2.999097585678100586e+00
-3.368985176086425781e+00
-3.743973970413208008e+00
-4.124038219451904297e+00
-4.508408069610595703e+00
-4.897057533264160156e+00
-5.290704250335693359e+00
-5.687835693359375000e+00
-6.089168071746826172e+00
-6.494676113128662109e+00
-6.903590202331542969e+00
-7.315884113311767578e+00
-7.730789184570312500e+00
-8.149616241455078125e+00
-8.571002006530761719e+00
-8.995142936706542969e+00
-9.421642303466796875e+00
-9.850398063659667969e+00
-1.028116226196289062e+01
-1.071376037597656250e+01
-1.114794254302978516e+01
-1.158346080780029297e+01
-1.202021408081054688e+01
-1.245795249938964844e+01
-1.289642810821533203e+01
-1.333554077148437500e+01
-1.377496623992919922e+01
-1.421452999114990234e+01
-1.465413093566894531e+01
-1.509344768524169922e+01
-1.553222846984863281e+01
-1.597031593322753906e+01
-1.640748405456542969e+01
-1.684350967407226562e+01
-1.727814483642578125e+01
-1.771126365661621094e+01
-1.814249992370605469e+01
-1.857168006896972656e+01
-1.899863433837890625e+01
-1.942303276062011719e+01
-1.984477996826171875e+01
-2.026354980468750000e+01
-2.067925834655761719e+01
-2.109159660339355469e+01
-2.150056648254394531e+01
-2.190602493286132812e+01
-2.230789756774902344e+01
-2.270611572265625000e+01
-2.310038375854492188e+01
-2.349070549011230469e+01
-2.387701034545898438e+01
-2.425915336608886719e+01
-2.463646697998046875e+01
-2.500977516174316406e+01
-2.537841033935546875e+01
-2.574244880676269531e+01
-2.610122680664062500e+01
-2.645482063293457031e+01
-2.680405426025390625e+01
-2.714751434326171875e+01
-2.748602485656738281e+01
-2.781891632080078125e+01
-2.814627456665039062e+01
-2.846816825866699219e+01
-2.878467750549316406e+01
-2.909514236450195312e+01
-2.939963150024414062e+01
-2.969822692871093750e+01
-2.999026679992675781e+01
-3.027656555175781250e+01
-3.055645751953125000e+01
-3.083002662658691406e+01
-3.109660339355468750e+01
-3.135700607299804688e+01
-3.161057281494140625e+01
-3.185737991333007812e+01
-3.209750366210937500e+01
-3.233028030395507812e+01
-3.255653381347656250e+01
-3.277559280395507812e+01
-3.298753738403320312e+01
-3.319244003295898438e+01
-3.338964843750000000e+01
-3.357922744750976562e+01
-3.376200103759765625e+01
-3.393730545043945312e+01
-3.410521316528320312e+01
-3.426506805419921875e+01
-3.441694259643554688e+01
-3.456165695190429688e+01
-3.469928359985351562e+01
-3.482842636108398438e+01
-3.494989776611328125e+01
-3.506305313110351562e+01
-3.516873168945312500e+01
-3.526702499389648438e+01
-3.535655212402343750e+01
-3.543888092041015625e+01
-3.551337814331054688e+01
-3.558013534545898438e+01
-3.563849639892578125e+01
-3.568931579589843750e+01
-3.573267745971679688e+01
-3.576794433593750000e+01
-3.579520416259765625e+01
-3.581455612182617188e+01
-3.582683563232421875e+01
-3.583140182495117188e+01
-3.582760238647460938e+01
-3.581702804565429688e+01
-3.579827499389648438e+01
-3.577145385742187500e+01
-3.573813247680664062e+01
-3.569693374633789062e+01
-3.564794540405273438e+01
-3.559201049804687500e+01
-3.552848052978515625e+01
-3.545819091796875000e+01
-3.538050079345703125e+01
-3.529550552368164062e+01
-3.520404052734375000e+01
-3.510545730590820312e+01
-3.499986267089843750e+01
-3.488808059692382812e+01
-3.476873016357421875e+01
-3.464339828491210938e+01
-3.451142120361328125e+01
-3.437291336059570312e+01
-3.422796249389648438e+01
-3.407666015625000000e+01
-3.391910934448242188e+01
-3.375614547729492188e+01
-3.358712387084960938e+01
-3.341213989257812500e+01
-3.323128890991210938e+01
-3.304541015625000000e+01
-3.285385513305664062e+01
-3.265672302246093750e+01
-3.245484924316406250e+01
-3.224759292602539062e+01
-3.203504180908203125e+01
-3.181804275512695312e+01
-3.159667396545410156e+01
-3.137023162841796875e+01
-3.113948440551757812e+01
-3.090445899963378906e+01
-3.066517448425292969e+01
-3.042166137695312500e+01
-3.017394065856933594e+01
-2.992204284667968750e+01
-2.966673088073730469e+01
-2.940729331970214844e+01
-2.914374351501464844e+01
-2.887686347961425781e+01
-2.860666656494140625e+01
-2.833244323730468750e+01
-2.805570030212402344e+01
-2.777497863769531250e+01
-2.749178504943847656e+01
-2.720540618896484375e+01
-2.691586685180664062e+01
-2.662393569946289062e+01
-2.632888984680175781e+01
-2.603224563598632812e+01
-2.573254013061523438e+01
-2.543128395080566406e+01
-2.512701606750488281e+01
-2.482199096679687500e+01
-2.451400756835937500e+01
-2.420531463623046875e+01
-2.389445495605468750e+01
-2.358219528198242188e+01
-2.326930427551269531e+01
-2.295431900024414062e+01
-2.263875198364257812e+01
-2.232262992858886719e+01
-2.200523185729980469e+01
-2.168807220458984375e+01
-2.136968803405761719e+01
-2.105159187316894531e+01
-2.073306083679199219e+01
-2.041486930847167969e+01
-2.009703826904296875e+01
-1.977959632873535156e+01
-1.946256446838378906e+01
-1.914597129821777344e+01
-1.883057975769042969e+01
-1.851642227172851562e+01
-1.820277595520019531e+01
-1.789115333557128906e+01
-1.758009338378906250e+01
-1.727110671997070312e+01
-1.696420478820800781e+01
-1.665860176086425781e+01
-1.635572814941406250e+01
-1.605404281616210938e+01
-1.575497531890869141e+01
-1.545846652984619141e+01
-1.516372299194335938e+01
-1.487142658233642578e+01
-1.458152294158935547e+01
-1.429395580291748047e+01
-1.400941181182861328e+01
-1.372709274291992188e+01
-1.344768524169921875e+01
-1.317113304138183594e+01
-1.289737987518310547e+01
-1.262711334228515625e+01
-1.235953330993652344e+01
-1.209532737731933594e+01
-1.183443927764892578e+01
-1.157681274414062500e+01
-1.132239151000976562e+01
-1.107186317443847656e+01
-1.082442760467529297e+01
-1.058151626586914062e+01
-1.034158515930175781e+01
-1.010532283782958984e+01
-9.873414993286132812e+00
-9.645064353942871094e+00
-9.420954704284667969e+00
-9.200288772583007812e+00
-8.984498023986816406e+00
-8.772780418395996094e+00
-8.565080642700195312e+00
-8.362087249755859375e+00
-8.163000106811523438e+00
-7.968505382537841797e+00
-7.778547286987304688e+00
-7.593813419342041016e+00
-7.412761688232421875e+00
-7.236821174621582031e+00
-7.065936088562011719e+00
-6.899307250976562500e+00
-6.737622261047363281e+00
-6.580824375152587891e+00
-6.428857326507568359e+00
-6.282408237457275391e+00
-6.140677928924560547e+00
-6.003610610961914062e+00
-5.871892929077148438e+00
-5.745468616485595703e+00
-5.624279022216796875e+00
-5.508253574371337891e+00
-5.398061275482177734e+00
-5.292143821716308594e+00
-5.191837787628173828e+00
-5.096774101257324219e+00
-5.007027149200439453e+00
-4.922449111938476562e+00
-4.843189716339111328e+00
-4.769175529479980469e+00
-4.700407505035400391e+00
-4.636960506439208984e+00
-4.578686714172363281e+00
-4.525661945343017578e+00
-4.477811813354492188e+00
-4.435286521911621094e+00
-4.397863388061523438e+00
-4.365618228912353516e+00
-4.338551521301269531e+00
-4.316589832305908203e+00
-4.299808502197265625e+00
-4.288059234619140625e+00
-4.281343460083007812e+00
-4.279661655426025391e+00
-4.283015727996826172e+00
-4.291255950927734375e+00
-4.304384708404541016e+00
-4.322476863861083984e+00
-4.345310211181640625e+00
-4.372885227203369141e+00
-4.405203342437744141e+00
-4.442265510559082031e+00
-4.483849048614501953e+00
-4.530103683471679688e+00
-4.580732822418212891e+00
-4.635886669158935547e+00
-4.695416927337646484e+00
-4.759249687194824219e+00
-4.827386856079101562e+00
-4.899680137634277344e+00
-4.976055622100830078e+00
-5.056514739990234375e+00
-5.140910148620605469e+00
-5.229241371154785156e+00
-5.321361541748046875e+00
-5.417197227478027344e+00
-5.516719341278076172e+00
-5.619780063629150391e+00
-5.726313591003417969e+00
-5.836224079132080078e+00
-5.949431419372558594e+00
-6.065896987915039062e+00
-6.185560703277587891e+00
-6.308384895324707031e+00
-6.434300899505615234e+00
-6.563279628753662109e+00
-6.695253372192382812e+00
-6.830183029174804688e+00
-6.968002319335937500e+00
-7.108650684356689453e+00
-7.252082347869873047e+00
-7.398111820220947266e+00
-7.546767234802246094e+00
-7.697951793670654297e+00
-7.851567745208740234e+00
-8.007593154907226562e+00
-8.165854454040527344e+00
-8.326405525207519531e+00
-8.488998413085937500e+00
-8.653685569763183594e+00
-8.820367813110351562e+00
-8.988949775695800781e+00
-9.159335136413574219e+00
-9.331423759460449219e+00
-9.505119323730468750e+00
-9.680400848388671875e+00
-9.857093811035156250e+00
-1.003510189056396484e+01
-1.021440315246582031e+01
-1.039489841461181641e+01
-1.057641792297363281e+01
-1.075886344909667969e+01
-1.094221210479736328e+01
-1.112629222869873047e+01
-1.131108093261718750e+01
-1.149640750885009766e+01
-1.168224716186523438e+01
-1.186835479736328125e+01
-1.205478191375732422e+01
-1.224135684967041016e+01
-1.242790794372558594e+01
-1.261441230773925781e+01
-1.280062389373779297e+01
-1.298659420013427734e+01
-1.317215061187744141e+01
-1.335712242126464844e+01
-1.354141330718994141e+01
-1.372499752044677734e+01
-1.390770721435546875e+01
-1.408936691284179688e+01
-1.427004146575927734e+01
-1.444953441619873047e+01
-1.462781429290771484e+01
-1.480477046966552734e+01
-1.498051548004150391e+01
-1.515487003326416016e+01
-1.532779502868652344e+01
-1.549918460845947266e+01
-1.566915225982666016e+01
-1.583751392364501953e+01
-1.600445938110351562e+01
-1.616928482055664062e+01
-1.633202743530273438e+01
-1.649347496032714844e+01
-1.665291786193847656e+01
-1.681040191650390625e+01
-1.696596336364746094e+01
-1.711964225769042969e+01
-1.727147865295410156e+01
-1.742077064514160156e+01
-1.756755447387695312e+01
-1.771261596679687500e+01
-1.785450935363769531e+01
-1.799475860595703125e+01
-1.813265800476074219e+01
-1.826751136779785156e+01
-1.840009307861328125e+01
-1.853044700622558594e+01
-1.865787315368652344e+01
-1.878240394592285156e+01
-1.890408325195312500e+01
-1.902295303344726562e+01
-1.913904762268066406e+01
-1.925241279602050781e+01
-1.936308288574218750e+01
-1.947035598754882812e+01
-1.957427215576171875e+01
-1.967561531066894531e+01
-1.977368164062500000e+01
-1.986851119995117188e+01
-1.996014213562011719e+01
-2.004861450195312500e+01
-2.013397026062011719e+01
-2.021550369262695312e+01
-2.029325294494628906e+01
-2.036874771118164062e+01
-2.043979835510253906e+01
-2.050792694091796875e+01
-2.057169151306152344e+01
-2.063261413574218750e+01
-2.068925285339355469e+01
-2.074314880371093750e+01
-2.079287147521972656e+01
-2.083847618103027344e+01
-2.088150596618652344e+01
-2.091979026794433594e+01
-2.095486831665039062e+01
-2.098605537414550781e+01
-2.101415061950683594e+01
-2.103846931457519531e+01
-2.105832290649414062e+01
-2.107525444030761719e+01
-2.108783340454101562e+01
-2.109686279296875000e+01
-2.110239410400390625e+01
-2.110448646545410156e+01
-2.110245513916015625e+01
-2.109709739685058594e+01
-2.108772659301757812e+01
-2.107514190673828125e+01
-2.105866050720214844e+01
-2.103833389282226562e+01
-2.101496505737304688e+01
-2.098786735534667969e+01
-2.095709419250488281e+01
-2.092270469665527344e+01
-2.088475418090820312e+01
-2.084330177307128906e+01
-2.079839897155761719e+01
-2.075010871887207031e+01
-2.069773864746093750e+01
-2.064283561706542969e+01
-2.058470916748046875e+01
-2.052267646789550781e+01
-2.045753479003906250e+01
-2.038934135437011719e+01
-2.031741142272949219e+01
-2.024254035949707031e+01
-2.016478919982910156e+01
-2.008421134948730469e+01
-2.000012016296386719e+01
-1.991331863403320312e+01
-1.982311630249023438e+01
-1.973031425476074219e+01
-1.963496971130371094e+01
-1.953639411926269531e+01
-1.943539047241210938e+01
-1.933127021789550781e+01
-1.922483062744140625e+01
-1.911539077758789062e+01
-1.900373840332031250e+01
-1.888990402221679688e+01
-1.877316284179687500e+01
-1.865428161621093750e+01
-1.853253364562988281e+01
-1.840943145751953125e+01
-1.828276443481445312e+01
-1.815477752685546875e+01
-1.802401161193847656e+01
-1.789122962951660156e+01
-1.775570869445800781e+01
-1.761820793151855469e+01
-1.747949981689453125e+01
-1.733736801147460938e+01
-1.719406700134277344e+01
-1.704887390136718750e+01
-1.690180778503417969e+01
-1.675289154052734375e+01
-1.660140228271484375e+01
-1.644884490966796875e+01
-1.629524040222167969e+01
-1.613912773132324219e+01
-1.598200798034667969e+01
-1.582316303253173828e+01
-1.566261196136474609e+01
-1.550111770629882812e+01
-1.533795928955078125e+01
-1.517390155792236328e+01
-1.500821971893310547e+01
-1.484167861938476562e+01
-1.467430019378662109e+01
-1.450610256195068359e+01
-1.433636665344238281e+01
-1.416585350036621094e+01
-1.399532794952392578e+01
-1.382332515716552734e+01
-1.365060806274414062e+01
-1.347794151306152344e+01
-1.330460166931152344e+01
-1.313061141967773438e+01
-1.295673179626464844e+01
-1.278224372863769531e+01
-1.260716533660888672e+01
-1.243226146697998047e+01
-1.225755405426025391e+01
-1.208306121826171875e+01
-1.190880489349365234e+01
-1.173406410217285156e+01
-1.156034374237060547e+01
-1.138692283630371094e+01
-1.121381282806396484e+01
-1.104099655151367188e+01
-1.086844730377197266e+01
-1.069688034057617188e+01
-1.052626991271972656e+01
-1.035584545135498047e+01
-1.018632602691650391e+01
-1.001768207550048828e+01
-9.849887847900390625e+00
-9.682174682617187500e+00
-9.516000747680664062e+00
-9.350597381591796875e+00
-9.185936927795410156e+00
-9.021993637084960938e+00
-8.859484672546386719e+00
-8.698381423950195312e+00
-8.537915229797363281e+00
-8.378803253173828125e+00
-8.220274925231933594e+00
-8.063790321350097656e+00
-7.908579826354980469e+00
-7.753872871398925781e+00
-7.601130008697509766e+00
-7.449580669403076172e+00
-7.299198627471923828e+00
-7.150701045989990234e+00
-7.004060268402099609e+00
-6.858507633209228516e+00
-6.714758872985839844e+00
-6.572043895721435547e+00
-6.431823730468750000e+00
-6.292583942413330078e+00
-6.155785083770751953e+00
-6.020657062530517578e+00
-5.887174129486083984e+00
-5.755309104919433594e+00
-5.625777721405029297e+00
-5.498554229736328125e+00
-5.372869014739990234e+00
-5.249437808990478516e+00
-5.127491950988769531e+00
-5.008490085601806641e+00
-4.890920162200927734e+00
-4.775497913360595703e+00
-4.662940502166748047e+00
-4.552477836608886719e+00
-4.444083690643310547e+00
-4.338474273681640625e+00
-4.234136581420898438e+00
-4.133273601531982422e+00
-4.034444332122802734e+00
-3.937979936599731445e+00
-3.843987464904785156e+00
-3.752498865127563477e+00
-3.663471460342407227e+00
-3.576862573623657227e+00
-3.492779254913330078e+00
-3.411179065704345703e+00
-3.332019090652465820e+00
-3.255480289459228516e+00
-3.181445837020874023e+00
-3.109873771667480469e+00
-3.040944576263427734e+00
-2.974466800689697266e+00
-2.910547256469726562e+00
-2.849143505096435547e+00
-2.790361642837524414e+00
-2.734010934829711914e+00
-2.680271863937377930e+00
-2.629027605056762695e+00
-2.580310583114624023e+00
-2.534152269363403320e+00
-2.490510702133178711e+00
-2.449343204498291016e+00
-2.410682201385498047e+00
-2.374559164047241211e+00
-2.340932130813598633e+00
-2.309758663177490234e+00
-2.280996084213256836e+00
-2.254751205444335938e+00
-2.230981588363647461e+00
-2.209570407867431641e+00
-2.190623760223388672e+00
-2.174025535583496094e+00
-2.159806966781616211e+00
-2.148000717163085938e+00
-2.138489961624145508e+00
-2.131306409835815430e+00
-2.126482486724853516e+00
-2.123900890350341797e+00
-2.123594284057617188e+00
-2.125445365905761719e+00
-2.129560947418212891e+00
-2.135824203491210938e+00
-2.144267082214355469e+00
-2.154772996902465820e+00
-2.167373657226562500e+00
-2.182027101516723633e+00
-2.198690891265869141e+00
-2.217322349548339844e+00
-2.237920522689819336e+00
-2.260455131530761719e+00
-2.284929275512695312e+00
-2.311309337615966797e+00
-2.339583635330200195e+00
-2.369725227355957031e+00
-2.401723623275756836e+00
-2.435551404953002930e+00
-2.471197366714477539e+00
-2.508627891540527344e+00
-2.547823667526245117e+00
-2.588766098022460938e+00
-2.631420850753784180e+00
-2.675763130187988281e+00
-2.721769571304321289e+00
-2.769414424896240234e+00
-2.818668603897094727e+00
-2.869497299194335938e+00
-2.921860933303833008e+00
-2.975722551345825195e+00
-3.031042814254760742e+00
-3.087784290313720703e+00
-3.145908594131469727e+00
-3.205376625061035156e+00
-3.266150236129760742e+00
-3.328190326690673828e+00
-3.391456842422485352e+00
-3.455910921096801758e+00
-3.521514415740966797e+00
-3.588227272033691406e+00
-3.656009197235107422e+00
-3.724813699722290039e+00
-3.794592380523681641e+00
-3.865298271179199219e+00
-3.936881780624389648e+00
-4.009297370910644531e+00
-4.082500934600830078e+00
-4.156430244445800781e+00
-4.231050014495849609e+00
-4.306304931640625000e+00
-4.382145881652832031e+00
-4.458523750305175781e+00
-4.535391330718994141e+00
-4.612690448760986328e+00
-4.690381526947021484e+00
-4.768393039703369141e+00
-4.846683025360107422e+00
-4.925180912017822266e+00
-5.003838539123535156e+00
-5.082584381103515625e+00
-5.161353111267089844e+00
-5.240184783935546875e+00
-5.318984508514404297e+00
-5.397768497467041016e+00
-5.476478576660156250e+00
-5.555130958557128906e+00
-5.633667469024658203e+00
-5.712104320526123047e+00
-5.790383338928222656e+00
-5.868521213531494141e+00
-5.946459770202636719e+00
-6.024140834808349609e+00
-6.101580142974853516e+00
-6.178719520568847656e+00
-6.255576133728027344e+00
-6.332017421722412109e+00
-6.408133029937744141e+00
-6.483865737915039062e+00
-6.559156894683837891e+00
-6.634023189544677734e+00
-6.708406925201416016e+00
-6.782174110412597656e+00
-6.855491161346435547e+00
-6.928225040435791016e+00
-7.000318050384521484e+00
-7.071785926818847656e+00
-7.142570018768310547e+00
-7.212688446044921875e+00
-7.282006740570068359e+00
-7.350691318511962891e+00
-7.418460369110107422e+00
-7.485552310943603516e+00
-7.551688671112060547e+00
-7.616956710815429688e+00
-7.681375026702880859e+00
-7.744810581207275391e+00
-7.807278633117675781e+00
-7.868797302246093750e+00
-7.929232597351074219e+00
-7.988601684570312500e+00
-8.046919822692871094e+00
-8.104129791259765625e+00
-8.160173416137695312e+00
-8.214991569519042969e+00
-8.268676757812500000e+00
-8.321168899536132812e+00
-8.372337341308593750e+00
-8.422270774841308594e+00
-8.470838546752929688e+00
-8.518129348754882812e+00
-8.564014434814453125e+00
-8.608596801757812500e+00
-8.651757240295410156e+00
-8.693526268005371094e+00
-8.733860015869140625e+00
-8.772864341735839844e+00
-8.810419082641601562e+00
-8.846482276916503906e+00
-8.881157875061035156e+00
-8.914402961730957031e+00
-8.946172714233398438e+00
-8.976497650146484375e+00
-9.005333900451660156e+00
-9.032711982727050781e+00
-9.058588981628417969e+00
-9.083068847656250000e+00
-9.106034278869628906e+00
-9.127439498901367188e+00
-9.147465705871582031e+00
-9.165919303894042969e+00
-9.182906150817871094e+00
-9.198380470275878906e+00
-9.212374687194824219e+00
-9.224918365478515625e+00
-9.236042022705078125e+00
-9.245107650756835938e+00
-9.253185272216796875e+00
-9.260306358337402344e+00
-9.265015602111816406e+00
-9.268828392028808594e+00
-9.271032333374023438e+00
-9.271657943725585938e+00
-9.270737648010253906e+00
-9.268298149108886719e+00
-9.264372825622558594e+00
-9.259735107421875000e+00
-9.252927780151367188e+00
-9.244725227355957031e+00
-9.235157966613769531e+00
-9.224257469177246094e+00
-9.212052345275878906e+00
-9.198574066162109375e+00
-9.183852195739746094e+00
-9.167176246643066406e+00
-9.149317741394042969e+00
-9.130308151245117188e+00
-9.110177993774414062e+00
-9.088956832885742188e+00
-9.065933227539062500e+00
-9.041880607604980469e+00
-9.016081809997558594e+00
-8.990044593811035156e+00
-8.962296485900878906e+00
-8.932853698730468750e+00
-8.902475357055664062e+00
-8.871177673339843750e+00
-8.838976860046386719e+00
-8.805144309997558594e+00
-8.769697189331054688e+00
-8.733393669128417969e+00
-8.696249008178710938e+00
-8.658280372619628906e+00
-8.618760108947753906e+00
-8.577704429626464844e+00
-8.535871505737304688e+00
-8.493277549743652344e+00
-8.449195861816406250e+00
-8.404384613037109375e+00
-8.358860015869140625e+00
-8.311894416809082031e+00
-8.263504981994628906e+00
-8.214448928833007812e+00
-8.164743423461914062e+00
-8.114403724670410156e+00
-8.062702178955078125e+00
-8.010398864746093750e+00
-7.956766605377197266e+00
-7.902562618255615234e+00
-7.847804546356201172e+00
-7.791763782501220703e+00
-7.735200881958007812e+00
-7.678129673004150391e+00
-7.620568752288818359e+00
-7.561787605285644531e+00
-7.503291130065917969e+00
-7.443607807159423828e+00
-7.382753372192382812e+00
-7.322229862213134766e+00
-7.260566711425781250e+00
-7.199267387390136719e+00
-7.136859893798828125e+00
-7.074104785919189453e+00
-7.011015892028808594e+00
-6.947611331939697266e+00
-6.883904933929443359e+00
-6.819913864135742188e+00
-6.755653381347656250e+00
-6.691883087158203125e+00
-6.627131938934326172e+00
-6.562159061431884766e+00
-6.497719764709472656e+00
-6.432322025299072266e+00
-6.367443561553955078e+00
-6.302331447601318359e+00
-6.237720489501953125e+00
-6.172113895416259766e+00
-6.106989860534667969e+00
-6.042338371276855469e+00
-5.977407455444335938e+00
-5.912188529968261719e+00
-5.847414016723632812e+00
-5.782332897186279297e+00
-5.716935634613037109e+00
-5.652698516845703125e+00
-5.588127136230468750e+00
-5.523211956024169922e+00
-5.458686828613281250e+00
-5.394542217254638672e+00
-5.330769062042236328e+00
-5.267358303070068359e+00
-5.203557491302490234e+00
-5.140100955963134766e+00
-5.076979160308837891e+00
-5.014182567596435547e+00
-4.951702594757080078e+00
-4.890272617340087891e+00
-4.828174114227294922e+00
-4.766810894012451172e+00
-4.705801010131835938e+00
-4.645284175872802734e+00
-4.585103034973144531e+00
-4.525396347045898438e+00
-4.466155052185058594e+00
-4.407370567321777344e+00
-4.349181175231933594e+00
-4.291429996490478516e+00
-4.234256267547607422e+00
-4.177650451660156250e+00
-4.121677875518798828e+00
-4.066329479217529297e+00
-4.011595726013183594e+00
-3.957541465759277344e+00
-3.904158353805541992e+00
-3.851436614990234375e+00
-3.799515485763549805e+00
-3.748311758041381836e+00
-3.697816371917724609e+00
-3.648168325424194336e+00
-3.599284410476684570e+00
-3.551229476928710938e+00
-3.503992319107055664e+00
-3.457628726959228516e+00
-3.412117719650268555e+00
-3.367438554763793945e+00
-3.323644161224365234e+00
-3.280714273452758789e+00
-3.238702058792114258e+00
-3.197512626647949219e+00
-3.157273530960083008e+00
-3.117889642715454102e+00
-3.079488515853881836e+00
-3.041901350021362305e+00
-3.005255222320556641e+00
-2.969603776931762695e+00
-2.934777975082397461e+00
-2.900905132293701172e+00
-2.867964744567871094e+00
-2.836009979248046875e+00
-2.805020093917846680e+00
-2.774899959564208984e+00
-2.745777368545532227e+00
-2.717557191848754883e+00
-2.690366983413696289e+00
-2.664111852645874023e+00
-2.638770818710327148e+00
-2.614397525787353516e+00
-2.590970754623413086e+00
-2.568544387817382812e+00
-2.547097444534301758e+00
-2.526534557342529297e+00
-2.506983995437622070e+00
-2.488424301147460938e+00
-2.470760822296142578e+00
-2.454046726226806641e+00
-2.438335657119750977e+00
-2.423532247543334961e+00
-2.409690380096435547e+00
-2.396714448928833008e+00
-2.384806632995605469e+00
-2.373723506927490234e+00
-2.363592147827148438e+00
-2.354392528533935547e+00
-2.346103429794311523e+00
-2.338703870773315430e+00
-2.332247495651245117e+00
-2.326638936996459961e+00
-2.321932315826416016e+00
-2.318105936050415039e+00
-2.315139293670654297e+00
-2.313011646270751953e+00
-2.311777591705322266e+00
-2.311347723007202148e+00
-2.311781883239746094e+00
-2.312992095947265625e+00
-2.315113067626953125e+00
-2.317981958389282227e+00
-2.321733474731445312e+00
-2.326279163360595703e+00
-2.331679105758666992e+00
-2.337771177291870117e+00
-2.344763994216918945e+00
-2.352494716644287109e+00
-2.360949754714965820e+00
-2.370263338088989258e+00
-2.380273103713989258e+00
-2.391038894653320312e+00
-2.402472734451293945e+00
-2.414709568023681641e+00
-2.427585840225219727e+00
-2.441236734390258789e+00
-2.455499649047851562e+00
-2.470434665679931641e+00
-2.486027717590332031e+00
-2.502264976501464844e+00
-2.519132137298583984e+00
-2.536615610122680664e+00
-2.554701089859008789e+00
-2.573300123214721680e+00
-2.592547655105590820e+00
-2.612206220626831055e+00
-2.632485151290893555e+00
-2.653221607208251953e+00
-2.674476146697998047e+00
-2.696160078048706055e+00
-2.718259334564208984e+00
-2.740834712982177734e+00
-2.763797283172607422e+00
-2.787133216857910156e+00
-2.810828924179077148e+00
-2.834869861602783203e+00
-2.859241962432861328e+00
-2.883931636810302734e+00
-2.908850193023681641e+00
-2.933983564376831055e+00
-2.959392547607421875e+00
-2.984988212585449219e+00
-3.010756969451904297e+00
-3.036684274673461914e+00
-3.062756538391113281e+00
-3.088885307312011719e+00
-3.115152359008789062e+00
-3.141577482223510742e+00
-3.168275833129882812e+00
-3.195363044738769531e+00
-3.222954511642456055e+00
-3.251091241836547852e+00
-3.279963254928588867e+00
-3.309611797332763672e+00
